-253.756, 352.083, 0.032972
-253.42, 548.896, 0.0134657
-253.42, 548.896, 0.0134792
-254.538, 352.083, 0.0578742
-253.504, 548.579, 0.023629
-253.504, 548.579, 0.0236526
-253.914, 352.083, 0.0392719
-253.437, 548.811, 0.0160374
-253.437, 548.811, 0.0160534
-254.344, 352.083, 0.0527859
-253.483, 548.641, 0.0215527
-253.483, 548.641, 0.0215743
-256.538, 352.083, 0.0956036
-253.719, 548.129, 0.0390174
-253.72, 548.129, 0.0390564
-253.887, 352.083, 0.0382628
-253.434, 548.825, 0.0156255
-253.434, 548.825, 0.0156411
-256.554, 352.083, 0.0958428
-253.721, 548.126, 0.0391149
-253.721, 548.126, 0.039154
-255.71, 352.083, 0.0821238
-253.63, 548.289, 0.0335209
-253.631, 548.289, 0.0335544
-253.619, 352.083, 0.026266
-253.405, 548.995, 0.010728
-253.405, 548.995, 0.0107387
-254.992, 352.083, 0.0682968
-253.553, 548.454, 0.0278812
-253.553, 548.454, 0.0279091
-253.703, 352.083, 0.0305365
-253.414, 548.931, 0.0124715
-253.415, 548.931, 0.0124839
-254.767, 352.083, 0.0633438
-253.529, 548.513, 0.0258606
-253.529, 548.513, 0.0258865
-254.94, 352.083, 0.0671733
-253.547, 548.467, 0.0274229
-253.548, 548.467, 0.0274503
-256.63, 352.083, 0.0969943
-253.729, 548.113, 0.0395844
-253.73, 548.113, 0.039624
-254.204, 352.083, 0.0488148
-253.468, 548.69, 0.0199322
-253.468, 548.69, 0.0199521
-253.574, 685.393, 0.032972
-253.401, 1069.6, 0.0134725
-253.401, 1069.6, 0.0134859
-253.977, 685.393, 0.0578742
-253.444, 1069.15, 0.0236426
-253.444, 1069.15, 0.0236663
-253.655, 685.393, 0.0392719
-253.409, 1069.46, 0.0160456
-253.409, 1069.46, 0.0160617
-253.877, 685.393, 0.0527859
-253.433, 1069.22, 0.0215647
-253.433, 1069.22, 0.0215863
-255.009, 685.393, 0.0956036
-253.554, 1068.65, 0.0390467
-253.555, 1068.65, 0.0390857
-253.641, 685.393, 0.0382628
-253.408, 1069.48, 0.0156334
-253.408, 1069.48, 0.0156491
-255.017, 685.393, 0.0958428
-253.555, 1068.64, 0.0391443
-253.556, 1068.64, 0.0391835
-254.582, 685.393, 0.0821238
-253.509, 1068.82, 0.0335439
-253.509, 1068.82, 0.0335774
-253.503, 685.393, 0.026266
-253.393, 1069.79, 0.0107334
-253.393, 1069.79, 0.0107441
-254.211, 685.393, 0.0682968
-253.469, 1069, 0.0278985
-253.469, 1069, 0.0279264
-253.546, 685.393, 0.0305365
-253.398, 1069.66, 0.0124777
-253.398, 1069.66, 0.0124902
-254.095, 685.393, 0.0633438
-253.456, 1069.07, 0.0258761
-253.457, 1069.07, 0.025902
-254.184, 685.393, 0.0671733
-253.466, 1069.01, 0.0274398
-253.466, 1069.01, 0.0274673
-255.056, 685.393, 0.0969943
-253.559, 1068.63, 0.0396144
-253.56, 1068.63, 0.039654
-253.805, 685.393, 0.0488148
-253.425, 1069.29, 0.019943
-253.425, 1069.29, 0.0199629
-253.991, 216.031, 0.032972
-253.446, 336.41, 0.0134582
-253.446, 336.41, 0.0134716
-255.259, 216.031, 0.0578742
-253.582, 336.113, 0.0236122
-253.583, 336.113, 0.0236358
-254.246, 216.031, 0.0392719
-253.473, 336.334, 0.0160278
-253.473, 336.334, 0.0160438
-254.943, 216.031, 0.0527859
-253.548, 336.173, 0.0215381
-253.549, 336.173, 0.0215596
-258.499, 216.031, 0.0956036
-253.931, 335.668, 0.03898
-253.932, 335.668, 0.039019
-254.203, 216.031, 0.0382628
-253.468, 336.346, 0.0156162
-253.468, 336.346, 0.0156319
-258.525, 216.031, 0.0958428
-253.934, 335.665, 0.0390773
-253.935, 335.665, 0.0391164
-257.158, 216.031, 0.0821238
-253.787, 335.827, 0.0334918
-253.788, 335.827, 0.0335253
-253.768, 216.031, 0.026266
-253.422, 336.494, 0.0107223
-253.422, 336.494, 0.010733
-255.995, 216.031, 0.0682968
-253.662, 335.99, 0.0278595
-253.662, 335.99, 0.0278874
-253.904, 216.031, 0.0305365
-253.436, 336.44, 0.0124646
-253.436, 336.44, 0.0124771
-255.63, 216.031, 0.0633438
-253.622, 336.049, 0.0258413
-253.623, 336.049, 0.0258671
-255.909, 216.031, 0.0671733
-253.652, 336.004, 0.0274017
-253.653, 336.004, 0.0274292
-258.649, 216.031, 0.0969943
-253.948, 335.652, 0.0395461
-253.949, 335.652, 0.0395856
-254.717, 216.031, 0.0488148
-253.524, 336.22, 0.0199191
-253.524, 336.22, 0.0199391
-253.816, 303.607, 0.032972
-253.427, 473.184, 0.0134638
-253.427, 473.184, 0.0134772
-254.721, 303.607, 0.0578742
-253.524, 472.876, 0.0236247
-253.524, 472.876, 0.0236483
-253.998, 303.607, 0.0392719
-253.446, 473.103, 0.0160349
-253.446, 473.103, 0.016051
-254.496, 303.607, 0.0527859
-253.5, 472.937, 0.021549
-253.5, 472.937, 0.0215706
-257.037, 303.607, 0.0956036
-253.773, 472.429, 0.0390079
-253.774, 472.429, 0.0390469
-253.967, 303.607, 0.0382628
-253.443, 473.116, 0.0156231
-253.443, 473.116, 0.0156387
-257.056, 303.607, 0.0958428
-253.775, 472.426, 0.0391054
-253.776, 472.426, 0.0391445
-256.079, 303.607, 0.0821238
-253.67, 472.588, 0.0335135
-253.671, 472.588, 0.033547
-253.657, 303.607, 0.026266
-253.41, 473.276, 0.0107265
-253.41, 473.276, 0.0107372
-255.247, 303.607, 0.0682968
-253.581, 472.752, 0.0278757
-253.581, 472.752, 0.0279036
-253.754, 303.607, 0.0305365
-253.42, 473.216, 0.0124697
-253.42, 473.216, 0.0124822
-254.987, 303.607, 0.0633438
-253.553, 472.811, 0.0258557
-253.553, 472.811, 0.0258815
-255.186, 303.607, 0.0671733
-253.574, 472.765, 0.0274175
-253.574, 472.765, 0.0274449
-257.144, 303.607, 0.0969943
-253.785, 472.412, 0.0395746
-253.785, 472.412, 0.0396142
-254.335, 303.607, 0.0488148
-253.482, 472.985, 0.0199289
-253.483, 472.985, 0.0199488
-253.965, 225.615, 0.032972
-253.443, 351.377, 0.013459
-253.443, 351.377, 0.0134725
-255.18, 225.615, 0.0578742
-253.574, 351.079, 0.023614
-253.574, 351.079, 0.0236376
-254.21, 225.615, 0.0392719
-253.469, 351.3, 0.0160289
-253.469, 351.3, 0.0160449
-254.878, 225.615, 0.0527859
-253.541, 351.139, 0.0215397
-253.541, 351.139, 0.0215612
-258.285, 225.615, 0.0956036
-253.908, 350.634, 0.0389841
-253.909, 350.634, 0.0390231
-254.168, 225.615, 0.0382628
-253.465, 351.313, 0.0156172
-253.465, 351.313, 0.0156329
-258.309, 225.615, 0.0958428
-253.911, 350.631, 0.0390815
-253.912, 350.631, 0.0391206
-257, 225.615, 0.0821238
-253.77, 350.793, 0.033495
-253.771, 350.793, 0.0335285
-253.752, 225.615, 0.026266
-253.42, 351.461, 0.0107229
-253.42, 351.461, 0.0107336
-255.885, 225.615, 0.0682968
-253.65, 350.956, 0.0278619
-253.65, 350.956, 0.0278897
-253.882, 225.615, 0.0305365
-253.434, 351.407, 0.0124653
-253.434, 351.407, 0.0124778
-255.535, 225.615, 0.0633438
-253.612, 351.015, 0.0258434
-253.612, 351.015, 0.0258692
-255.803, 225.615, 0.0671733
-253.641, 350.97, 0.0274041
-253.641, 350.97, 0.0274315
-258.428, 225.615, 0.0969943
-253.924, 350.618, 0.0395503
-253.925, 350.618, 0.0395898
-254.661, 225.615, 0.0488148
-253.518, 351.186, 0.0199206
-253.518, 351.186, 0.0199405
-253.517, 970.888, 0.032972
-253.394, 1515.8, 0.0134755
-253.394, 1515.8, 0.0134889
-253.802, 970.888, 0.0578742
-253.425, 1515.12, 0.0236475
-253.425, 1515.12, 0.0236712
-253.574, 970.888, 0.0392719
-253.401, 1515.57, 0.016049
-253.401, 1515.57, 0.016065
-253.731, 970.888, 0.0527859
-253.417, 1515.23, 0.0215692
-253.417, 1515.23, 0.0215907
-254.531, 970.888, 0.0956036
-253.503, 1514.53, 0.0390562
-253.503, 1514.53, 0.0390953
-253.564, 970.888, 0.0382628
-253.399, 1515.61, 0.0156367
-253.4, 1515.61, 0.0156524
-254.537, 970.888, 0.0958428
-253.504, 1514.53, 0.0391539
-253.504, 1514.53, 0.0391931
-254.229, 970.888, 0.0821238
-253.471, 1514.72, 0.0335516
-253.471, 1514.72, 0.0335851
-253.467, 970.888, 0.026266
-253.389, 1516.15, 0.010736
-253.389, 1516.15, 0.0107467
-253.967, 970.888, 0.0682968
-253.443, 1514.94, 0.0279045
-253.443, 1514.94, 0.0279324
-253.497, 970.888, 0.0305365
-253.392, 1515.91, 0.0124805
-253.392, 1515.91, 0.012493
-253.885, 970.888, 0.0633438
-253.434, 1515.02, 0.0258815
-253.434, 1515.02, 0.0259074
-253.948, 970.888, 0.0671733
-253.441, 1514.96, 0.0274457
-253.441, 1514.96, 0.0274731
-254.565, 970.888, 0.0969943
-253.507, 1514.51, 0.0396242
-253.507, 1514.51, 0.0396638
-253.68, 970.888, 0.0488148
-253.412, 1515.31, 0.0199471
-253.412, 1515.31, 0.019967
-253.642, 506.938, 0.032972
-253.408, 790.785, 0.0134697
-253.408, 790.785, 0.0134832
-254.186, 506.938, 0.0578742
-253.466, 790.422, 0.0236374
-253.466, 790.422, 0.023661
-253.751, 506.938, 0.0392719
-253.42, 790.681, 0.0160423
-253.42, 790.681, 0.0160584
-254.051, 506.938, 0.0527859
-253.452, 790.489, 0.0215601
-253.452, 790.489, 0.0215817
-255.579, 506.938, 0.0956036
-253.616, 789.956, 0.0390357
-253.616, 789.956, 0.0390747
-253.732, 506.938, 0.0382628
-253.418, 790.697, 0.0156303
-253.418, 790.697, 0.0156459
-255.59, 506.938, 0.0958428
-253.617, 789.953, 0.0391332
-253.617, 789.953, 0.0391724
-255.003, 506.938, 0.0821238
-253.554, 790.119, 0.0335352
-253.554, 790.119, 0.0335688
-253.546, 506.938, 0.026266
-253.398, 790.918, 0.0107311
-253.398, 790.918, 0.0107418
-254.502, 506.938, 0.0682968
-253.5, 790.289, 0.0278919
-253.5, 790.289, 0.0279198
-253.604, 506.938, 0.0305365
-253.404, 790.83, 0.0124751
-253.404, 790.83, 0.0124876
-254.346, 506.938, 0.0633438
-253.483, 790.352, 0.0258702
-253.484, 790.352, 0.025896
-254.466, 506.938, 0.0671733
-253.496, 790.303, 0.0274334
-253.496, 790.303, 0.0274608
-255.643, 506.938, 0.0969943
-253.623, 789.939, 0.0396031
-253.623, 789.939, 0.0396427
-253.954, 506.938, 0.0488148
-253.441, 790.542, 0.0199388
-253.441, 790.542, 0.0199587
-256.051, 47.7399, 0.032972
-253.673, 73.5877, 0.0133913
-253.673, 73.5877, 0.0134047
-261.514, 47.7399, 0.0578742
-254.278, 73.2923, 0.0234599
-254.28, 73.2923, 0.0234834
-257.157, 47.7399, 0.0392719
-253.795, 73.5132, 0.0159422
-253.796, 73.5132, 0.0159582
-260.16, 47.7399, 0.0527859
-254.128, 73.3529, 0.0214057
-254.129, 73.3529, 0.0214272
-275.349, 47.7399, 0.0956036
-255.817, 72.8367, 0.0386401
-255.822, 72.8367, 0.0386788
-256.967, 47.7399, 0.0382628
-253.774, 73.5251, 0.0155338
-253.775, 73.5251, 0.0155493
-275.458, 47.7399, 0.0958428
-255.829, 72.8338, 0.0387361
-255.834, 72.8338, 0.0387748
-269.635, 47.7399, 0.0821238
-255.182, 73.0008, 0.0332271
-255.185, 73.0008, 0.0332603
-255.082, 47.7399, 0.026266
-253.566, 73.6668, 0.0106733
-253.566, 73.6668, 0.0106839
-264.666, 47.7399, 0.0682968
-254.629, 73.1675, 0.0276625
-254.631, 73.1675, 0.0276901
-255.675, 47.7399, 0.0305365
-253.631, 73.6164, 0.0124045
-253.632, 73.6164, 0.0124169
-263.104, 47.7399, 0.0633438
-254.455, 73.2269, 0.0256662
-254.457, 73.2269, 0.0256919
-264.301, 47.7399, 0.0671733
-254.588, 73.181, 0.0272098
-254.591, 73.181, 0.027237
-275.987, 47.7399, 0.0969943
-255.888, 72.8197, 0.039198
-255.893, 72.8197, 0.0392372
-259.189, 47.7399, 0.0488148
-254.02, 73.4001, 0.0198015
-254.021, 73.4001, 0.0198213
-260.241, 17.1425, 0.032972
-254.166, 25.7675, 0.0132358
-254.168, 25.7675, 0.013249
-273.778, 17.1425, 0.0578742
-255.772, 25.4624, 0.0231107
-255.777, 25.4624, 0.0231339
-263.017, 17.1425, 0.0392719
-254.491, 25.6905, 0.0157437
-254.494, 25.6905, 0.0157595
-270.46, 17.1425, 0.0527859
-255.375, 25.5249, 0.0211013
-255.379, 25.5249, 0.0211224
-297.797, 17.1425, 0.0956036
-259.909, 23.1274, 0.0368338
-259.922, 23.1274, 0.0368706
-262.542, 17.1425, 0.0382628
-254.436, 25.7029, 0.0153424
-254.438, 25.7029, 0.0153578
-297.979, 17.1425, 0.0958428
-259.939, 23.1538, 0.0369392
-259.952, 23.1538, 0.0369762
-288.622, 17.1425, 0.0821238
-258.425, 20.9095, 0.030826
-258.435, 20.9095, 0.0308569
-257.783, 17.1425, 0.026266
-253.881, 25.8494, 0.0105589
-253.882, 25.8494, 0.0105694
-281.434, 17.1425, 0.0682968
-256.697, 25.3339, 0.0272136
-256.703, 25.3339, 0.0272409
-259.288, 17.1425, 0.0305365
-254.055, 25.7972, 0.0122644
-254.056, 25.7972, 0.0122767
-277.652, 17.1425, 0.0633438
-256.239, 25.395, 0.0252661
-256.245, 25.395, 0.0252913
-280.554, 17.1425, 0.0671733
-256.59, 25.3477, 0.0267722
-256.596, 25.3477, 0.026799
-298.867, 17.1425, 0.0969943
-260.084, 23.2761, 0.037446
-260.097, 23.2761, 0.0374834
-268.065, 17.1425, 0.0488148
-255.089, 25.5737, 0.0195301
-255.093, 25.5737, 0.0195496
-253.557, 748.34, 0.032972
-253.399, 1167.96, 0.0134732
-253.399, 1167.96, 0.0134867
-253.927, 748.34, 0.0578742
-253.438, 1167.47, 0.0236439
-253.438, 1167.47, 0.0236676
-253.632, 748.34, 0.0392719
-253.407, 1167.81, 0.0160465
-253.407, 1167.81, 0.0160625
-253.835, 748.34, 0.0527859
-253.428, 1167.55, 0.0215659
-253.429, 1167.55, 0.0215875
-254.872, 748.34, 0.0956036
-253.54, 1166.95, 0.0390493
-253.54, 1166.95, 0.0390884
-253.619, 748.34, 0.0382628
-253.405, 1167.83, 0.0156343
-253.405, 1167.83, 0.0156499
-254.88, 748.34, 0.0958428
-253.54, 1166.95, 0.039147
-253.541, 1166.95, 0.0391862
-254.481, 748.34, 0.0821238
-253.498, 1167.13, 0.033546
-253.498, 1167.13, 0.0335796
-253.493, 748.34, 0.026266
-253.392, 1168.19, 0.010734
-253.392, 1168.19, 0.0107447
-254.142, 748.34, 0.0682968
-253.461, 1167.32, 0.0279002
-253.461, 1167.32, 0.0279281
-253.532, 748.34, 0.0305365
-253.396, 1168.04, 0.0124784
-253.396, 1168.04, 0.0124909
-254.035, 748.34, 0.0633438
-253.45, 1167.39, 0.0258776
-253.45, 1167.39, 0.0259035
-254.117, 748.34, 0.0671733
-253.459, 1167.33, 0.0274414
-253.459, 1167.33, 0.0274689
-254.916, 748.34, 0.0969943
-253.544, 1166.94, 0.0396171
-253.545, 1166.94, 0.0396567
-253.769, 748.34, 0.0488148
-253.421, 1167.62, 0.0199441
-253.421, 1167.62, 0.019964
-253.595, 615.987, 0.032972
-253.403, 961.152, 0.0134715
-253.403, 961.152, 0.013485
-254.044, 615.987, 0.0578742
-253.451, 960.739, 0.0236409
-253.451, 960.739, 0.0236646
-253.686, 615.987, 0.0392719
-253.413, 961.028, 0.0160445
-253.413, 961.028, 0.0160605
-253.932, 615.987, 0.0527859
-253.439, 960.812, 0.0215632
-253.439, 960.812, 0.0215848
-255.191, 615.987, 0.0956036
-253.574, 960.255, 0.0390431
-253.574, 960.255, 0.0390822
-253.67, 615.987, 0.0382628
-253.411, 961.046, 0.0156324
-253.411, 961.046, 0.015648
-255.2, 615.987, 0.0958428
-253.575, 960.252, 0.0391407
-253.575, 960.252, 0.0391799
-254.717, 615.987, 0.0821238
-253.523, 960.422, 0.0335411
-253.523, 960.422, 0.0335746
-253.517, 615.987, 0.026266
-253.394, 961.321, 0.0107326
-253.394, 961.321, 0.0107433
-254.304, 615.987, 0.0682968
-253.479, 960.599, 0.0278964
-253.479, 960.599, 0.0279243
-253.565, 615.987, 0.0305365
-253.4, 961.208, 0.0124768
-253.4, 961.208, 0.0124893
-254.175, 615.987, 0.0633438
-253.465, 960.665, 0.0258742
-253.465, 960.665, 0.0259
-254.274, 615.987, 0.0671733
-253.476, 960.614, 0.0274377
-253.476, 960.614, 0.0274652
-255.244, 615.987, 0.0969943
-253.58, 960.238, 0.0396107
-253.58, 960.238, 0.0396504
-253.852, 615.987, 0.0488148
-253.43, 960.871, 0.0199416
-253.43, 960.871, 0.0199615
-255.389, 64.2264, 0.032972
-253.599, 99.338, 0.0134134
-253.599, 99.338, 0.0134268
-259.515, 64.2264, 0.0578742
-254.052, 99.0442, 0.0235101
-254.053, 99.0442, 0.0235337
-256.222, 64.2264, 0.0392719
-253.69, 99.2639, 0.0159705
-253.691, 99.2639, 0.0159864
-258.492, 64.2264, 0.0527859
-253.939, 99.1044, 0.0214494
-253.94, 99.1044, 0.0214709
-270.007, 64.2264, 0.0956036
-255.206, 98.5919, 0.0387519
-255.209, 98.5919, 0.0387906
-256.079, 64.2264, 0.0382628
-253.674, 99.2757, 0.015561
-253.675, 99.2757, 0.0155765
-270.09, 64.2264, 0.0958428
-255.215, 98.589, 0.0388483
-255.219, 98.589, 0.0388871
-265.67, 64.2264, 0.0821238
-254.729, 98.7547, 0.0333142
-254.732, 98.7547, 0.0333475
-254.658, 64.2264, 0.026266
-253.519, 99.4168, 0.0106894
-253.519, 99.4168, 0.0107001
-261.902, 64.2264, 0.0682968
-254.314, 98.9203, 0.0277274
-254.316, 98.9203, 0.0277551
-255.105, 64.2264, 0.0305365
-253.568, 99.3666, 0.0124243
-253.568, 99.3666, 0.0124367
-260.719, 64.2264, 0.0633438
-254.184, 98.9792, 0.0257239
-254.186, 98.9792, 0.0257496
-261.626, 64.2264, 0.0671733
-254.284, 98.9336, 0.027273
-254.286, 98.9336, 0.0273003
-270.492, 64.2264, 0.0969943
-255.259, 98.575, 0.0393124
-255.263, 98.575, 0.0393517
-257.757, 64.2264, 0.0488148
-253.858, 99.1514, 0.0198403
-253.859, 99.1514, 0.0198601
-253.633, 524.977, 0.032972
-253.407, 818.966, 0.0134701
-253.407, 818.966, 0.0134835
-254.159, 524.977, 0.0578742
-253.463, 818.596, 0.0236381
-253.463, 818.596, 0.0236617
-253.739, 524.977, 0.0392719
-253.418, 818.859, 0.0160427
-253.418, 818.859, 0.0160588
-254.028, 524.977, 0.0527859
-253.449, 818.664, 0.0215607
-253.449, 818.664, 0.0215822
-255.504, 524.977, 0.0956036
-253.608, 818.127, 0.0390371
-253.608, 818.127, 0.0390761
-253.72, 524.977, 0.0382628
-253.416, 818.876, 0.0156306
-253.416, 818.876, 0.0156463
-255.514, 524.977, 0.0958428
-253.609, 818.125, 0.0391347
-253.609, 818.125, 0.0391738
-254.947, 524.977, 0.0821238
-253.548, 818.291, 0.0335363
-253.548, 818.291, 0.0335699
-253.54, 524.977, 0.026266
-253.397, 819.105, 0.0107314
-253.397, 819.105, 0.0107421
-254.464, 524.977, 0.0682968
-253.496, 818.462, 0.0278928
-253.496, 818.462, 0.0279207
-253.597, 524.977, 0.0305365
-253.403, 819.013, 0.0124754
-253.403, 819.013, 0.0124879
-254.313, 524.977, 0.0633438
-253.48, 818.525, 0.0258709
-253.48, 818.525, 0.0258968
-254.429, 524.977, 0.0671733
-253.492, 818.477, 0.0274342
-253.492, 818.477, 0.0274616
-255.566, 524.977, 0.0969943
-253.614, 818.111, 0.0396046
-253.615, 818.111, 0.0396442
-253.934, 524.977, 0.0488148
-253.439, 818.718, 0.0199393
-253.439, 818.718, 0.0199593
-253.608, 581.105, 0.032972
-253.404, 906.654, 0.013471
-253.404, 906.654, 0.0134845
-254.084, 581.105, 0.0578742
-253.455, 906.259, 0.0236399
-253.455, 906.259, 0.0236636
-253.704, 581.105, 0.0392719
-253.414, 906.537, 0.0160439
-253.415, 906.537, 0.0160599
-253.965, 581.105, 0.0527859
-253.443, 906.329, 0.0215623
-253.443, 906.329, 0.0215839
-255.3, 581.105, 0.0956036
-253.586, 905.781, 0.039041
-253.586, 905.781, 0.0390801
-253.688, 581.105, 0.0382628
-253.413, 906.554, 0.0156318
-253.413, 906.554, 0.0156474
-255.309, 581.105, 0.0958428
-253.587, 905.778, 0.0391386
-253.587, 905.778, 0.0391778
-254.796, 581.105, 0.0821238
-253.532, 905.946, 0.0335394
-253.532, 905.946, 0.033573
-253.525, 581.105, 0.026266
-253.395, 906.81, 0.0107321
-253.395, 906.81, 0.0107429
-254.36, 581.105, 0.0682968
-253.485, 906.121, 0.0278951
-253.485, 906.121, 0.027923
-253.576, 581.105, 0.0305365
-253.401, 906.706, 0.0124763
-253.401, 906.706, 0.0124888
-254.223, 581.105, 0.0633438
-253.47, 906.185, 0.025873
-253.47, 906.185, 0.0258989
-254.328, 581.105, 0.0671733
-253.481, 906.135, 0.0274365
-253.482, 906.135, 0.0274639
-255.356, 581.105, 0.0969943
-253.592, 905.764, 0.0396086
-253.592, 905.764, 0.0396482
-253.881, 581.105, 0.0488148
-253.433, 906.386, 0.0199408
-253.434, 906.386, 0.0199607
-253.515, 983.995, 0.032972
-253.394, 1536.29, 0.0134756
-253.394, 1536.29, 0.013489
-253.796, 983.995, 0.0578742
-253.424, 1535.6, 0.0236477
-253.424, 1535.6, 0.0236714
-253.571, 983.995, 0.0392719
-253.4, 1536.06, 0.0160491
-253.4, 1536.06, 0.0160652
-253.726, 983.995, 0.0527859
-253.417, 1535.7, 0.0215693
-253.417, 1535.7, 0.0215909
-254.516, 983.995, 0.0956036
-253.501, 1535, 0.0390566
-253.502, 1535, 0.0390956
-253.562, 983.995, 0.0382628
-253.399, 1536.09, 0.0156369
-253.399, 1536.09, 0.0156525
-254.521, 983.995, 0.0958428
-253.502, 1535, 0.0391542
-253.502, 1535, 0.0391934
-254.218, 983.995, 0.0821238
-253.469, 1535.19, 0.0335518
-253.47, 1535.19, 0.0335854
-253.466, 983.995, 0.026266
-253.389, 1536.65, 0.0107361
-253.389, 1536.65, 0.0107468
-253.96, 983.995, 0.0682968
-253.442, 1535.41, 0.0279047
-253.442, 1535.41, 0.0279326
-253.496, 983.995, 0.0305365
-253.392, 1536.41, 0.0124806
-253.392, 1536.41, 0.0124931
-253.879, 983.995, 0.0633438
-253.433, 1535.5, 0.0258817
-253.433, 1535.5, 0.0259076
-253.941, 983.995, 0.0671733
-253.44, 1535.43, 0.0274459
-253.44, 1535.43, 0.0274733
-254.549, 983.995, 0.0969943
-253.505, 1534.98, 0.0396245
-253.505, 1534.98, 0.0396641
-253.676, 983.995, 0.0488148
-253.411, 1535.79, 0.0199472
-253.411, 1535.79, 0.0199672
-79.7048, 0.0305244, 0.00811715
-156.516, 0.0634502, 0.00411014
-156.408, 0.0634502, 0.00411425
-59.3468, 0.036374, 0.00689739
-64.1246, 0.0304939, 0.00474184
-64.0758, 0.0304939, 0.00474658
-242.755, 0.0149137, 0.00952836
-60.2526, 0.0288261, 0.00500896
-60.2334, 0.0288261, 0.00501397
-201.858, 0.0305244, 0.00117149
-62.9886, 0.0149348, 0.00235984
-62.9486, 0.0149348, 0.0023622
-70.971, 0.0305244, 0.00424799
-226.575, 0.014886, 0.00852848
-226.739, 0.014886, 0.00853701
-61.0868, 0.0277588, 0.00465878
-60.1512, 0.0304939, 0.00532366
-60.1326, 0.0304939, 0.00532899
-255.96, 0.0150348, 0.0107856
-59.6516, 0.0298971, 0.00542962
-59.6448, 0.0298971, 0.00543506
-60.8937, 0.0305244, 0.00516105
-253.025, 0.0149528, 0.0104091
-253.133, 0.0149528, 0.0104195
-59.7695, 0.0296334, 0.00531378
-82.6508, 0.0304939, 0.00370057
-82.5548, 0.0304939, 0.00370427
-201.669, 0.0149037, 0.00743088
-61.6938, 0.026136, 0.0042993
-61.6604, 0.026136, 0.0043036
-126.567, 0.0305244, 0.00250186
-122.749, 0.0149078, 0.0050304
-122.938, 0.0149078, 0.00503543
-69.7655, 0.0232223, 0.00326704
-59.5601, 0.0304939, 0.00573029
-59.5632, 0.0304939, 0.00573602
-189.888, 0.0659485, 0.00302872
-59.5411, 0.0307004, 0.00569838
-59.5404, 0.0307004, 0.00570408
-73.8332, 0.0305244, 0.00409268
-220.313, 0.0148861, 0.0082167
-220.487, 0.0148861, 0.00822492
-61.3524, 0.0273646, 0.00455128
-212.589, 0.0304939, 0.000992412
-212.531, 0.0304939, 0.000993405
-73.0118, 0.0149516, 0.00199936
-253.38, 0.000859841, 0.0329373
-253.38, 0.000859841, 0.0329702
-149.646, 0.00885299, 0.00334396
-60.5034, 0.0131246, 0.00226995
-60.4895, 0.0131246, 0.00227222
-105.835, 0.0305244, 0.0029836
-158.062, 0.0148989, 0.00599538
-158.269, 0.0148989, 0.00600138
-60.7438, 0.0230629, 0.00392059
-88.2557, 0.0304939, 0.00869405
-88.3888, 0.0304939, 0.00870275
-149.06, 0.0636005, 0.00440875
-59.3227, 0.0375485, 0.00717167
-59.327, 0.0375485, 0.00717884
-235.393, 0.0305244, 0.000579603
-130.709, 0.014947, 0.00116852
-130.59, 0.014947, 0.00116969
-253.38, 0.000863688, 0.0193045
-112.025, 0.00744442, 0.00231912
-112.204, 0.00744442, 0.00232144
-72.0063, 0.01135, 0.00153333
-60.3611, 0.00991509, 0.00174956
-60.3548, 0.00991509, 0.00175131
-64.8522, 0.0305244, 0.00467918
-241.119, 0.0148962, 0.00940072
-241.255, 0.0148962, 0.00941013
-60.3597, 0.0287234, 0.00496467
-64.8816, 0.0357898, 0.00811715
-64.9404, 0.0357898, 0.00812527
-173.962, 0.0747682, 0.00412351
-59.2236, 0.0394658, 0.00741849
-59.2225, 0.0394658, 0.00742591
-75.2677, 0.0358256, 0.00474184
-214.584, 0.0174436, 0.00950444
-214.755, 0.0174436, 0.00951395
-61.2335, 0.0318147, 0.00531908
-212.464, 0.0357898, 0.00117149
-212.406, 0.0357898, 0.00117266
-72.7316, 0.017526, 0.00235709
-253.38, 0.0010028, 0.0386301
-253.38, 0.0010028, 0.0386687
-148.624, 0.0103934, 0.00392898
-60.4243, 0.0154007, 0.0026721
-60.4104, 0.0154007, 0.00267477
-85.3695, 0.0358256, 0.00424799
-194.583, 0.017446, 0.00851576
-194.776, 0.017446, 0.00852428
-61.4772, 0.0302115, 0.00500986
-66.7863, 0.0357898, 0.00532366
-66.7253, 0.0357898, 0.00532899
-232.519, 0.0174675, 0.0106747
-60.435, 0.0332274, 0.00572081
-60.4114, 0.0332274, 0.00572653
-68.8472, 0.0358256, 0.00516105
-228.181, 0.0174465, 0.0103464
-228.331, 0.0174465, 0.0103568
-60.6726, 0.0328823, 0.00560758
-99.948, 0.0357898, 0.00370057
-99.8363, 0.0357898, 0.00370427
-166.926, 0.0174716, 0.00742194
-60.637, 0.0277429, 0.00473659
-60.6133, 0.0277429, 0.00474133
-145.751, 0.0358256, 0.00250186
-94.2714, 0.0174802, 0.00502549
-94.4182, 0.0174802, 0.00503052
-76.6271, 0.0262322, 0.00338853
-62.9296, 0.0357898, 0.00573029
-62.8859, 0.0357898, 0.00573602
-242.075, 0.0175114, 0.0115197
-59.9061, 0.0340486, 0.00601597
-59.8895, 0.0340486, 0.00602199
-89.1529, 0.0358256, 0.00409268
-187.362, 0.0174483, 0.00820555
-187.557, 0.0174483, 0.00821376
-61.3755, 0.0296018, 0.00492324
-221.309, 0.0357898, 0.000992412
-221.26, 0.0357898, 0.000993405
-87.8061, 0.0175339, 0.00199769
-253.38, 0.00100505, 0.0328001
-253.38, 0.00100505, 0.0328329
-149.853, 0.00955204, 0.0036208
-60.6813, 0.0142784, 0.00244028
-60.6633, 0.0142784, 0.00244272
-125.184, 0.0358256, 0.0029836
-124.214, 0.0174688, 0.00598916
-124.401, 0.0174688, 0.00599516
-68.7098, 0.0272006, 0.00389896
-69.6801, 0.0357898, 0.00869405
-69.7603, 0.0357898, 0.00870275
-167.142, 0.0747805, 0.00441737
-59.1763, 0.0407284, 0.00771914
-59.177, 0.0407284, 0.00772687
-239.437, 0.0358256, 0.000579603
-149.53, 0.017511, 0.00116636
-149.417, 0.017511, 0.00116753
-253.375, 0.00100452, 0.0191266
-92.1924, 0.00851952, 0.0023601
-92.3407, 0.00851952, 0.00236246
-79.9565, 0.012848, 0.00158056
-60.2694, 0.0106067, 0.00190473
-60.2679, 0.0106067, 0.00190664
-76.3901, 0.0358256, 0.00467918
-212.295, 0.0174423, 0.00937811
-212.468, 0.0174423, 0.00938749
-61.3499, 0.03166, 0.00527346
-68.4195, 0.0550859, 0.00811715
-68.3525, 0.0550859, 0.00812527
-217.308, 0.0267135, 0.0161678
-60.0547, 0.050431, 0.00882793
-60.029, 0.050431, 0.00883676
-123.278, 0.055141, 0.00474184
-124.409, 0.0267338, 0.00946223
-124.59, 0.0267338, 0.0094717
-59.5737, 0.0377864, 0.00680459
-232.444, 0.0550859, 0.00117149
-232.412, 0.0550859, 0.00117266
-118.638, 0.0268648, 0.00234716
-253.38, 0.00151212, 0.0378235
-253.38, 0.00151212, 0.0378613
-122.867, 0.0135382, 0.00455169
-60.2501, 0.0188584, 0.00330098
-60.2372, 0.0188584, 0.00330428
-136.2, 0.055141, 0.00424799
-105.495, 0.0267496, 0.008482
-105.658, 0.0267496, 0.00849048
-72.1836, 0.0409146, 0.0056525
-109.576, 0.0550859, 0.00532366
-109.46, 0.0550859, 0.00532899
-145.723, 0.0267455, 0.010617
-59.8511, 0.0404498, 0.00714783
-59.8318, 0.0404498, 0.00715498
-113.31, 0.055141, 0.00516105
-140.073, 0.026722, 0.010294
-140.262, 0.026722, 0.0103043
-59.7884, 0.039761, 0.00705147
-151.804, 0.0550859, 0.00370057
-151.693, 0.0550859, 0.00370427
-85.2846, 0.0267926, 0.00739365
-77.9498, 0.0395262, 0.00508752
-77.8609, 0.0395262, 0.00509261
-190.244, 0.055141, 0.00250186
-59.6944, 0.0268041, 0.0050061
-59.6973, 0.0268041, 0.00501111
-101.277, 0.055141, 0.00573029
-159.845, 0.0267873, 0.0114586
-160.034, 0.0267873, 0.01147
-60.0549, 0.0422784, 0.00739697
-140.396, 0.0550859, 0.00409268
-140.28, 0.0550859, 0.00409677
-99.4525, 0.0267804, 0.00817319
-73.7739, 0.0405492, 0.00548826
-73.6939, 0.0405492, 0.00549375
-237.283, 0.055141, 0.000992412
-138.121, 0.0268476, 0.00198911
-138.005, 0.0268476, 0.0019911
-253.38, 0.00151635, 0.0321012
-103.192, 0.0131705, 0.00396172
-103.359, 0.0131705, 0.00396568
-74.76, 0.0200748, 0.00263766
-60.0562, 0.0171022, 0.00307701
-60.0525, 0.0171022, 0.00308009
-174.375, 0.055141, 0.0029836
-65.1302, 0.0267895, 0.00596667
-65.1895, 0.0267895, 0.00597264
-64.3343, 0.055141, 0.00869405
-225.491, 0.0267205, 0.0173398
-225.599, 0.0267205, 0.0173571
-59.5283, 0.0516625, 0.00925181
-246.573, 0.0550859, 0.000579603
-246.561, 0.0550859, 0.000580183
-192.574, 0.026887, 0.00116227
-251.093, 0.00151837, 0.0187934
-251.121, 0.00151837, 0.0188122
-76.7728, 0.0110941, 0.00273986
-111.422, 0.0182879, 0.00168666
-111.304, 0.0182879, 0.00168835
-60.188, 0.0129495, 0.00235869
-124.726, 0.0550859, 0.00467918
-124.608, 0.0550859, 0.00468386
-121.822, 0.0267635, 0.00933827
-67.4739, 0.0415018, 0.00613372
-67.4108, 0.0415018, 0.00613986
-59.1988, 0.0419198, 0.00811715
-188.579, 0.0914594, 0.00434758
-188.494, 0.0914594, 0.00435193
-59.1157, 0.0425516, 0.00802068
-90.6339, 0.0418779, 0.00474184
-90.5287, 0.0418779, 0.00474658
-182.066, 0.0203999, 0.00948926
-61.0394, 0.0342145, 0.00576093
-61.0093, 0.0342145, 0.00576669
-221.119, 0.0419198, 0.00117149
-87.0682, 0.0204371, 0.00235121
-86.9671, 0.0204371, 0.00235356
-253.38, 0.00116036, 0.0381511
-149.459, 0.0111383, 0.00423904
-149.672, 0.0111383, 0.00424328
-60.5525, 0.0166773, 0.00286717
-102.698, 0.0418779, 0.00424799
-102.584, 0.0418779, 0.00425224
-160.411, 0.020409, 0.00850492
-60.3912, 0.031959, 0.00551319
-60.3687, 0.031959, 0.0055187
-79.3439, 0.0419198, 0.00532366
-203.623, 0.0203704, 0.0106486
-203.796, 0.0203704, 0.0106593
-61.3284, 0.0364618, 0.00608818
-82.1351, 0.0418779, 0.00516105
-82.0405, 0.0418779, 0.00516621
-197.914, 0.0203921, 0.0103241
-61.3473, 0.0358874, 0.00598748
-61.3144, 0.0358874, 0.00599347
-118.882, 0.0419198, 0.00370057
-133.417, 0.0204014, 0.00741376
-133.607, 0.0204014, 0.00742118
-60.0677, 0.0295569, 0.00518681
-163.373, 0.0418779, 0.00250186
-163.268, 0.0418779, 0.00250436
-73.8954, 0.0204507, 0.00501957
-80.388, 0.0288913, 0.00358647
-80.295, 0.0288913, 0.00359005
-73.0793, 0.0419198, 0.00573029
-215.875, 0.0203717, 0.0114628
-216.032, 0.0203717, 0.0114742
-60.9394, 0.0376123, 0.00636039
-106.965, 0.0418779, 0.00409268
-106.849, 0.0418779, 0.00409677
-152.991, 0.0204121, 0.00819525
-60.3242, 0.031311, 0.00541826
-60.3028, 0.031311, 0.00542368
-228.291, 0.0419198, 0.000992412
-105.198, 0.0204722, 0.00199531
-105.083, 0.0204722, 0.00199731
-253.38, 0.00117036, 0.0326053
-136.979, 0.010602, 0.00379221
-137.183, 0.010602, 0.003796
-60.6128, 0.0153895, 0.00263866
-144.007, 0.0418779, 0.0029836
-143.892, 0.0418779, 0.00298659
-95.7743, 0.020438, 0.00598228
-76.1105, 0.0307967, 0.00401796
-76.0257, 0.0307967, 0.00402198
-60.3375, 0.0419198, 0.00869405
-182.974, 0.0883202, 0.00446794
-182.884, 0.0883202, 0.00447241
-59.0645, 0.0440753, 0.00831372
-242.653, 0.0418779, 0.000579603
-242.636, 0.0418779, 0.000580183
-166.858, 0.0204936, 0.00116539
-253.32, 0.00116945, 0.019047
-253.321, 0.00116945, 0.019066
-76.2704, 0.00978505, 0.00239783
-85.2851, 0.014249, 0.00165993
-85.1854, 0.014249, 0.00166159
-60.2372, 0.0114153, 0.002063
-92.0434, 0.0418779, 0.00467918
-91.9377, 0.0418779, 0.00468386
-179.495, 0.0203986, 0.00936326
-61.0702, 0.0340015, 0.00571889
-61.0399, 0.0340015, 0.00572461
-197.078, 0.000844849, 0.00811715
-305.928, 0.00164812, 0.00386099
-305.885, 0.00164812, 0.00386486
-53.7376, 0.00100184, 0.00671767
-154.036, 0.000844005, 0.00474184
-153.462, 0.000844005, 0.00474658
-253.38, 0.000447992, 0.0102722
-83.5947, 0.000714304, 0.00581091
-84.1687, 0.000714304, 0.00581672
-62.8924, 0.000778006, 0.00524283
-319.897, 0.000844005, 0.00117149
-319.901, 0.000844005, 0.00117266
-141.931, 0.0020245, 0.000720507
-253.123, 0.0666857, 0.000103096
-253.122, 0.0666857, 0.000103199
-210.409, 0.000844849, 0.00424799
-253.378, 0.000452247, 0.00928059
-253.378, 0.000452247, 0.00928987
-52.8415, 0.000705702, 0.00532203
-87.0911, 0.000844005, 0.00532366
-86.5674, 0.000844005, 0.00532899
-253.38, 0.000443327, 0.0114326
-125.122, 0.000730295, 0.00631974
-125.802, 0.000730295, 0.00632606
-50.3654, 0.000799807, 0.00568084
-104.226, 0.000844005, 0.00516105
-103.652, 0.000844005, 0.00516621
-253.38, 0.000444594, 0.01111
-116.673, 0.000724248, 0.00619591
-117.35, 0.000724248, 0.00620211
-50.0842, 0.000786033, 0.00562554
-257.045, 0.000844005, 0.00370057
-256.787, 0.000844005, 0.00370427
-253.346, 0.000459387, 0.00817805
-306.845, 0.000844005, 0.00250186
-306.793, 0.000844005, 0.00250436
-241.385, 0.00048739, 0.00576691
-272.39, 0.000732474, 0.00310246
-272.19, 0.000732474, 0.00310557
-56.54, 0.000573072, 0.00450994
-50.9416, 0.000588006, 0.00433062
-50.8334, 0.000588006, 0.00433495
-56.9891, 0.000844849, 0.00573029
-253.38, 0.000438446, 0.0122003
-253.38, 0.000438446, 0.0122125
-113.444, 0.000762354, 0.00645157
-50.0783, 0.000826229, 0.00587278
-50.0426, 0.000826229, 0.00587866
-225.534, 0.000844849, 0.00409268
-253.375, 0.000453948, 0.008968
-253.375, 0.000453948, 0.00897697
-50.1026, 0.000701939, 0.00517377
-317.914, 0.000844005, 0.000992412
-317.935, 0.000844005, 0.000993405
-100.069, 0.0017913, 0.00051309
-253.263, 0.0361653, 3.66604e-05
-253.263, 0.0361653, 3.66971e-05
-293.632, 0.000844849, 0.0029836
-252.254, 0.000472131, 0.00673357
-252.27, 0.000472131, 0.00674031
-222.707, 0.000844849, 0.00869405
-302.532, 0.00165384, 0.0041484
-302.477, 0.00165384, 0.00415255
-53.1963, 0.00100118, 0.00721308
-278.478, 0.000844005, 0.000579603
-278.62, 0.000844005, 0.000580183
-61.2493, 0.00172472, 0.000287682
-161.595, 0.000844005, 0.00467918
-161.033, 0.000844005, 0.00468386
-253.38, 0.000448751, 0.0101505
-78.4605, 0.00071323, 0.00574991
-79.0014, 0.00071323, 0.00575567
-65.9049, 0.000776194, 0.00519066
-65.4171, 0.0526085, 0.00811715
-65.3601, 0.0526085, 0.00812527
-224.67, 0.0255513, 0.0161938
-59.7526, 0.0490041, 0.00868641
-59.7307, 0.0490041, 0.0086951
-117.605, 0.0526612, 0.00474184
-133.652, 0.025544, 0.00946709
-133.838, 0.025544, 0.00947656
-59.7793, 0.037209, 0.0066115
-230.843, 0.0526085, 0.00117149
-230.807, 0.0526085, 0.00117266
-113.083, 0.0256773, 0.00234911
-253.38, 0.00144993, 0.037981
-253.38, 0.00144993, 0.038019
-128.39, 0.0130748, 0.0045168
-60.3646, 0.0185316, 0.0032187
-60.3495, 0.0185316, 0.00322192
-130.577, 0.0526612, 0.00424799
-113.792, 0.0255593, 0.00848642
-113.967, 0.0255593, 0.00849491
-69.8957, 0.0394101, 0.00560867
-104.032, 0.0526085, 0.00532366
-103.918, 0.0526085, 0.00532899
-155.462, 0.0255551, 0.0106224
-60.0422, 0.0397446, 0.0069592
-60.0207, 0.0397446, 0.00696616
-107.71, 0.0526612, 0.00516105
-149.733, 0.0255327, 0.0102992
-149.923, 0.0255327, 0.0103096
-60.0296, 0.0391265, 0.00685565
-146.425, 0.0526085, 0.00370057
-146.312, 0.0526085, 0.00370427
-91.8821, 0.0256003, 0.00739747
-76.2249, 0.0382865, 0.00502114
-76.14, 0.0382865, 0.00502616
-186.165, 0.0526612, 0.00250186
-60.2318, 0.0256133, 0.00500906
-60.2494, 0.0256133, 0.00501407
-95.9243, 0.0526612, 0.00573029
-169.674, 0.0255204, 0.0114295
-169.863, 0.0255204, 0.0114409
-60.4704, 0.0416546, 0.00716741
-134.819, 0.0526085, 0.00409268
-134.702, 0.0526085, 0.00409677
-107.331, 0.0255887, 0.00817743
-71.497, 0.0390918, 0.00544124
-71.4224, 0.0390918, 0.00544669
-236.007, 0.0526612, 0.000992412
-132.61, 0.0256597, 0.00199067
-132.492, 0.0256597, 0.00199266
-253.38, 0.00145367, 0.0322275
-109.037, 0.0126811, 0.00394249
-109.21, 0.0126811, 0.00394643
-72.2059, 0.019333, 0.00262197
-60.1023, 0.0168027, 0.00300104
-60.0964, 0.0168027, 0.00300404
-169.649, 0.0526612, 0.0029836
-68.4359, 0.0255966, 0.00596954
-68.512, 0.0255966, 0.00597551
-62.07, 0.0526612, 0.00869405
-231.981, 0.0255889, 0.0173895
-232.076, 0.0255889, 0.0174069
-59.2857, 0.0501631, 0.00911011
-246.004, 0.0526085, 0.000579603
-245.991, 0.0526085, 0.000580183
-188.687, 0.025697, 0.00116316
-252.045, 0.00145551, 0.018866
-252.062, 0.00145551, 0.0188848
-70.055, 0.0112598, 0.00259136
-98.4317, 0.0169113, 0.00174429
-98.3204, 0.0169113, 0.00174604
-60.1944, 0.012693, 0.00230682
-119.051, 0.0526085, 0.00467918
-118.932, 0.0526085, 0.00468386
-130.967, 0.0255725, 0.0093431
-59.7191, 0.0368648, 0.00657687
-59.704, 0.0368648, 0.00658345
-117.838, 0.0240066, 0.00811715
-127.851, 0.0499308, 0.00411272
-127.733, 0.0499308, 0.00411684
-59.47, 0.0326317, 0.00610668
-60.5666, 0.0239826, 0.00474184
-60.5891, 0.0239826, 0.00474658
-184.975, 0.0497733, 0.00239186
-59.7575, 0.0249597, 0.0045674
-59.7551, 0.0249597, 0.00457197
-181.958, 0.0240066, 0.00117149
-62.0425, 0.0117597, 0.00236268
-62.0778, 0.0117597, 0.00236504
-60.0258, 0.0240066, 0.00424799
-263.615, 0.0118766, 0.00865273
-263.716, 0.0118766, 0.00866139
-59.83, 0.0237215, 0.00429968
-65.3416, 0.0239826, 0.00532366
-65.4022, 0.0239826, 0.00532899
-174.278, 0.0495941, 0.00267509
-59.6995, 0.0264233, 0.0048561
-59.6976, 0.0264233, 0.00486095
-63.5733, 0.0240066, 0.00516105
-177.146, 0.0495644, 0.00259448
-177.051, 0.0495644, 0.00259707
-59.7162, 0.0260448, 0.00477759
-64.2893, 0.0239826, 0.00370057
-64.2404, 0.0239826, 0.00370427
-247.021, 0.0117487, 0.00744865
-60.4643, 0.0226851, 0.00390765
-60.4452, 0.0226851, 0.00391156
-97.9477, 0.0240066, 0.00250186
-174.43, 0.0117383, 0.00503645
-174.643, 0.0117383, 0.00504149
-61.073, 0.0188767, 0.00316595
-70.6894, 0.0239826, 0.00573029
-70.7737, 0.0239826, 0.00573602
-166.937, 0.0496137, 0.00288062
-59.6621, 0.0273271, 0.00506362
-59.6625, 0.0273271, 0.00506869
-60.6763, 0.0240066, 0.00409268
-259.866, 0.0117831, 0.00827078
-259.977, 0.0117831, 0.00827905
-59.9319, 0.0234422, 0.00419021
-195.898, 0.0239826, 0.000992412
-195.821, 0.0239826, 0.000993405
-60.7983, 0.0117745, 0.00200204
-79.7969, 0.0239826, 0.0029836
-79.705, 0.0239826, 0.00298659
-210.41, 0.0117444, 0.00600328
-61.8394, 0.0208903, 0.00341483
-61.8064, 0.0208903, 0.00341825
-130.364, 0.0240066, 0.00869405
-119.734, 0.050062, 0.00441755
-119.616, 0.050062, 0.00442197
-227.052, 0.0240066, 0.000579603
-102.117, 0.0117675, 0.00116974
-102.004, 0.0117675, 0.00117091
-253.38, 0.000682757, 0.0194052
-140.757, 0.00616591, 0.00221265
-140.967, 0.00616591, 0.00221486
-60.9052, 0.0090053, 0.00152441
-60.2977, 0.0239826, 0.00467918
-60.3156, 0.0239826, 0.00468386
-186.14, 0.0498834, 0.00236583
-59.7613, 0.0247803, 0.00453855
-59.7592, 0.0247803, 0.00454309
-194.787, 0.0166879, 0.00811715
-85.2922, 0.0349908, 0.00414919
-85.1932, 0.0349908, 0.00415335
-92.8503, 0.0166879, 0.00474184
-146.703, 0.0343122, 0.00237343
-146.589, 0.0343122, 0.00237581
-59.9219, 0.0207499, 0.00384796
-143.351, 0.0166713, 0.00117149
-143.236, 0.0166713, 0.00117266
-98.6875, 0.0081928, 0.0023656
-77.4459, 0.0124044, 0.00156879
-77.3589, 0.0124044, 0.00157036
-78.6347, 0.0166879, 0.00424799
-158.889, 0.0342692, 0.00212347
-158.781, 0.0342692, 0.00212559
-59.942, 0.0196905, 0.00362276
-111.707, 0.0166713, 0.00532366
-111.881, 0.0166713, 0.00532899
-133.412, 0.0344315, 0.00267156
-59.8647, 0.0220382, 0.00408154
-59.8676, 0.0220382, 0.00408562
-106.193, 0.0166879, 0.00516105
-136.93, 0.0343683, 0.00258768
-136.813, 0.0343683, 0.00259027
-59.8864, 0.021671, 0.00402207
-66.4464, 0.0166713, 0.00370057
-66.5122, 0.0166713, 0.00370427
-173.208, 0.0342654, 0.0018477
-59.9883, 0.0184675, 0.0033525
-59.9866, 0.0184675, 0.00335585
-65.5166, 0.0166879, 0.00250186
-249.049, 0.00817262, 0.00504452
-249.207, 0.00817262, 0.00504957
-60.8567, 0.0156953, 0.00265743
-125.176, 0.0166713, 0.00573029
-125.365, 0.0166713, 0.00573602
-124.716, 0.0344284, 0.00287534
-74.7969, 0.0166713, 0.00409268
-74.8973, 0.0166713, 0.00409677
-162.959, 0.0342858, 0.00204474
-59.9511, 0.0193488, 0.00354543
-59.9517, 0.0193488, 0.00354898
-161.886, 0.0166879, 0.000992412
-76.5765, 0.00818697, 0.00200457
-76.6842, 0.00818697, 0.00200658
-82.1539, 0.0117217, 0.0014072
-60.0942, 0.0166713, 0.0029836
-60.0889, 0.0166713, 0.00298659
-271.713, 0.00832603, 0.00612177
-60.0572, 0.0165835, 0.00299994
-60.0555, 0.0165835, 0.00300294
-207.673, 0.0166879, 0.00869405
-78.7456, 0.0351709, 0.00446956
-78.6562, 0.0351709, 0.00447403
-208.016, 0.0166879, 0.000579603
-67.9107, 0.00819283, 0.00117159
-67.8485, 0.00819283, 0.00117276
-253.38, 0.000478331, 0.0195591
-141.568, 0.00515951, 0.00185233
-141.78, 0.00515951, 0.00185418
-60.5772, 0.00744256, 0.00128981
-91.0862, 0.0166713, 0.00467918
-91.2299, 0.0166713, 0.00468386
-148.326, 0.0343402, 0.00234162
-59.9301, 0.0205939, 0.0038206
-59.9342, 0.0205939, 0.00382442
-120.235, 0.0893001, 0.00811715
-123.784, 0.0428304, 0.0160129
-123.948, 0.0428304, 0.0160289
-58.6954, 0.061336, 0.0114937
-178.523, 0.0892109, 0.00474184
-178.431, 0.0892109, 0.00474658
-61.9925, 0.0430361, 0.00939248
-243.985, 0.0892109, 0.00117149
-243.97, 0.0892109, 0.00117266
-173.837, 0.043146, 0.00232675
-253.308, 0.00234887, 0.0362076
-253.309, 0.00234887, 0.0362438
-70.3007, 0.0201985, 0.00476097
-84.2421, 0.0286741, 0.00341772
-84.1445, 0.0286741, 0.00342114
-59.8203, 0.0229351, 0.00422318
-188.289, 0.0892109, 0.00424799
-188.204, 0.0892109, 0.00425224
-59.214, 0.0430665, 0.00842062
-167.259, 0.0892109, 0.00532366
-167.157, 0.0892109, 0.00532899
-68.9305, 0.04301, 0.0105381
-170.375, 0.0892109, 0.00516105
-170.276, 0.0892109, 0.00516621
-66.6692, 0.0430173, 0.0102181
-199.23, 0.0892109, 0.00370057
-199.156, 0.0892109, 0.00370427
-60.7714, 0.0430855, 0.00733895
-222.474, 0.0892109, 0.00250186
-222.43, 0.0892109, 0.00250436
-88.9842, 0.0431115, 0.00496485
-253.38, 0.00233949, 0.0769981
-253.38, 0.00233949, 0.0770751
-143.692, 0.0230873, 0.00893635
-59.9108, 0.0345739, 0.00610519
-59.8938, 0.0345739, 0.0061113
-159.735, 0.0893001, 0.00573029
-75.5462, 0.0429457, 0.011337
-75.6469, 0.0429457, 0.0113484
-77.3294, 0.0614417, 0.00812335
-191.398, 0.0892109, 0.00409268
-191.317, 0.0892109, 0.00409677
-59.1, 0.0430692, 0.0081133
-246.167, 0.0892109, 0.000992412
-246.155, 0.0892109, 0.000993405
-188.945, 0.0432247, 0.00197488
-252.64, 0.00237038, 0.0309699
-252.65, 0.00237038, 0.0310009
-65.0615, 0.0193612, 0.00422991
-87.5935, 0.0268901, 0.00309476
-87.4919, 0.0268901, 0.00309785
-59.8849, 0.0211615, 0.00388786
-213.381, 0.0892109, 0.0029836
-213.323, 0.0892109, 0.00298659
-72.7913, 0.0431164, 0.00592158
-253.38, 0.00234082, 0.0918802
-253.38, 0.00234082, 0.0919721
-144.141, 0.0251488, 0.0098368
-59.6851, 0.0376318, 0.00672445
-59.6701, 0.0376318, 0.00673118
-112.24, 0.0893001, 0.00869405
-135.215, 0.0428096, 0.017142
-135.384, 0.0428096, 0.0171591
-58.7996, 0.0638732, 0.0118518
-250.367, 0.0892109, 0.000579603
-250.362, 0.0892109, 0.000580183
-223.365, 0.0432145, 0.00115311
-137.295, 0.00236757, 0.0180649
-137.879, 0.00236757, 0.0180829
-195.92, 0.0343759, 0.00143235
-298.983, 0.00593456, 0.00756163
-298.97, 0.00593456, 0.00756919
-102.397, 0.00298379, 0.0145222
-179.75, 0.0892109, 0.00467918
-179.658, 0.0892109, 0.00468386
-61.458, 0.0430367, 0.0092685
-108.669, 0.0814116, 0.00811715
-108.554, 0.0814116, 0.00812527
-141.649, 0.0391888, 0.016041
-59.0834, 0.0594591, 0.0108736
-59.0656, 0.0594591, 0.0108845
-169.196, 0.0814931, 0.00474184
-67.8886, 0.0393004, 0.00940933
-67.9613, 0.0393004, 0.00941874
-242.438, 0.0814931, 0.00117149
-164.204, 0.03945, 0.00233396
-164.099, 0.03945, 0.00233629
-253.362, 0.00217733, 0.0367719
-77.6086, 0.0187187, 0.00474393
-77.7177, 0.0187187, 0.00474867
-83.4102, 0.02746, 0.00329769
-59.8513, 0.0220771, 0.00405464
-59.8513, 0.0220771, 0.0040587
-179.772, 0.0814931, 0.00424799
-61.6981, 0.039318, 0.00843337
-61.7371, 0.039318, 0.00844181
-157.154, 0.0814931, 0.00532366
-78.4032, 0.039274, 0.0105563
-78.5119, 0.039274, 0.0105669
-77.6229, 0.056874, 0.00746284
-160.351, 0.0814116, 0.00516105
-160.245, 0.0814116, 0.00516621
-75.0882, 0.0393203, 0.0102358
-78.0795, 0.0561189, 0.00732071
-77.9908, 0.0561189, 0.00732803
-191.762, 0.0814931, 0.00370057
-59.2413, 0.0393452, 0.00735199
-59.2383, 0.0393452, 0.00735934
-217.793, 0.0814931, 0.00250186
-79.6111, 0.0394043, 0.00497838
-79.52, 0.0394043, 0.00498336
-253.38, 0.00216474, 0.0780529
-147.384, 0.0220131, 0.00864683
-147.581, 0.0220131, 0.00865548
-59.8916, 0.0331633, 0.00586823
-148.964, 0.0814116, 0.00573029
-148.852, 0.0814116, 0.00573602
-86.9202, 0.0392947, 0.0113569
-75.222, 0.0581534, 0.00785596
-75.1387, 0.0581534, 0.00786382
-183.162, 0.0814931, 0.00409268
-60.4586, 0.0393301, 0.0081277
-60.486, 0.0393301, 0.00813583
-244.913, 0.0814931, 0.000992412
-180.533, 0.0393577, 0.00197231
-180.441, 0.0393577, 0.00197428
-253.141, 0.00215198, 0.0307685
-67.0723, 0.0181896, 0.00409008
-67.142, 0.0181896, 0.00409417
-85.4089, 0.0254118, 0.00298485
-59.9203, 0.0201943, 0.00370532
-59.9209, 0.0201943, 0.00370902
-207.483, 0.0814931, 0.0029836
-66.1893, 0.0393688, 0.00593135
-66.1306, 0.0393688, 0.00593729
-253.38, 0.00215502, 0.0926411
-132.984, 0.0248647, 0.00915998
-133.173, 0.0248647, 0.00916915
-59.5113, 0.0357737, 0.00649975
-100.877, 0.0814116, 0.00869405
-100.765, 0.0814116, 0.00870275
-153.404, 0.0391699, 0.0171722
-59.2802, 0.0619363, 0.0112083
-59.2586, 0.0619363, 0.0112196
-249.828, 0.0814931, 0.000579603
-218.78, 0.0394886, 0.00115593
-218.729, 0.0394886, 0.00115709
-181.462, 0.002188, 0.0182868
-176.135, 0.0293912, 0.00153216
-176.04, 0.0293912, 0.00153369
-299.779, 0.00575718, 0.00726522
-109.742, 0.0217575, 0.00204136
-109.625, 0.0217575, 0.0020434
-70.8192, 0.0178671, 0.00246584
-170.233, 0.0101321, 0.0042326
-170.448, 0.0101321, 0.00423683
-60.5982, 0.0159851, 0.00274213
-60.0897, 0.01552, 0.00281779
-60.0895, 0.01552, 0.00282061
-170.522, 0.0814931, 0.00467918
-66.9379, 0.0393025, 0.00928551
-67.0082, 0.0393025, 0.0092948
-120.875, 0.0897546, 0.00811715
-122.805, 0.0430455, 0.0160118
-122.972, 0.0430455, 0.0160278
-58.6768, 0.0614391, 0.0115291
-179.026, 0.0896649, 0.00474184
-178.934, 0.0896649, 0.00474658
-61.7581, 0.04325, 0.00939132
-244.062, 0.0896649, 0.00117149
-244.048, 0.0896649, 0.00117266
-174.347, 0.0433571, 0.00232627
-253.303, 0.00235852, 0.0361702
-253.304, 0.00235852, 0.0362064
-69.9547, 0.020282, 0.00476144
-84.101, 0.0287139, 0.00342754
-84.0037, 0.0287139, 0.00343097
-59.8186, 0.0229823, 0.00423213
-188.749, 0.0896649, 0.00424799
-188.664, 0.0896649, 0.00425224
-59.1648, 0.0432811, 0.00841968
-167.81, 0.0896649, 0.00532366
-167.709, 0.0896649, 0.00532899
-68.4962, 0.0432248, 0.0105371
-170.913, 0.0896649, 0.00516105
-170.814, 0.0896649, 0.00516621
-66.2875, 0.0432317, 0.0102169
-199.627, 0.0896649, 0.00370057
-199.554, 0.0896649, 0.00370427
-60.9315, 0.0432992, 0.00733794
-222.725, 0.0896649, 0.00250186
-222.678, 0.0896649, 0.00250436
-89.5266, 0.0433772, 0.00497049
-253.38, 0.002364, 0.0774361
-253.38, 0.002364, 0.0775136
-143.539, 0.0231962, 0.00897517
-59.9067, 0.0347061, 0.00612954
-59.8897, 0.0347061, 0.00613567
-160.311, 0.0897546, 0.00573029
-74.9955, 0.0431602, 0.0113359
-75.0928, 0.0431602, 0.0113472
-77.1863, 0.0615348, 0.0081496
-191.839, 0.0896649, 0.00409268
-191.758, 0.0896649, 0.00409677
-59.1097, 0.0432832, 0.00811227
-246.233, 0.0896649, 0.000992412
-246.221, 0.0896649, 0.000993405
-189.386, 0.0434388, 0.0019746
-252.593, 0.00238083, 0.0309479
-252.603, 0.00238083, 0.0309788
-65.0668, 0.0194016, 0.00423952
-88.0625, 0.0270126, 0.00309493
-87.9601, 0.0270126, 0.00309803
-59.8831, 0.0212084, 0.00389633
-213.69, 0.0896649, 0.0029836
-213.633, 0.0896649, 0.00298659
-73.2081, 0.0433296, 0.00592068
-253.38, 0.00235106, 0.0918108
-253.38, 0.00235106, 0.0919027
-144.659, 0.0251681, 0.0098719
-59.6304, 0.0376456, 0.00675202
-59.6165, 0.0376456, 0.00675878
-112.877, 0.0897546, 0.00869405
-134.214, 0.0430247, 0.0171408
-134.381, 0.0430247, 0.0171579
-58.8021, 0.0640359, 0.0118789
-250.395, 0.0896649, 0.000579603
-250.39, 0.0896649, 0.000580183
-223.604, 0.043428, 0.00115293
-134.638, 0.00237788, 0.018051
-135.223, 0.00237788, 0.018069
-196.676, 0.0346249, 0.0014289
-298.941, 0.00594808, 0.00757345
-298.928, 0.00594808, 0.00758103
-103.096, 0.00299234, 0.0145328
-180.246, 0.0896649, 0.00467918
-180.154, 0.0896649, 0.00468386
-61.2483, 0.0432504, 0.00926729
-126.711, 0.0939956, 0.00811715
-126.595, 0.0939956, 0.00812527
-113.807, 0.0451284, 0.0159959
-65.6664, 0.0691664, 0.0107744
-65.6074, 0.0691664, 0.0107852
-183.705, 0.0940897, 0.00474184
-60.0549, 0.0452564, 0.00938306
-60.0797, 0.0452564, 0.00939245
-244.755, 0.0940897, 0.00117149
-178.889, 0.0453142, 0.00232128
-178.795, 0.0453142, 0.0023236
-253.226, 0.00245006, 0.0357839
-67.4885, 0.0209797, 0.00477724
-67.5588, 0.0209797, 0.00478202
-83.8399, 0.0292475, 0.00350226
-59.8053, 0.0233856, 0.00431506
-59.8064, 0.0233856, 0.00431937
-192.986, 0.0940897, 0.00424799
-59.1078, 0.0452761, 0.00840974
-59.1005, 0.0452761, 0.00841816
-172.934, 0.0940897, 0.00532366
-65.0008, 0.0452226, 0.0105259
-65.0619, 0.0452226, 0.0105364
-175.919, 0.0940897, 0.00516105
-63.274, 0.0452351, 0.0102074
-63.3252, 0.0452351, 0.0102176
-203.289, 0.0940897, 0.00370057
-62.7273, 0.0453155, 0.00733284
-62.6833, 0.0453155, 0.00734017
-225.044, 0.0940897, 0.00250186
-94.6272, 0.0453719, 0.0049641
-94.5187, 0.0453719, 0.00496907
-253.38, 0.00246567, 0.0769399
-140.741, 0.0238145, 0.00910326
-140.932, 0.0238145, 0.00911237
-59.8917, 0.0354599, 0.00626549
-165.474, 0.0939956, 0.00573029
-165.372, 0.0939956, 0.00573602
-70.1745, 0.0452487, 0.0113248
-195.823, 0.0939956, 0.00409268
-195.745, 0.0939956, 0.00409677
-59.5983, 0.0453399, 0.00810581
-246.812, 0.0939956, 0.000992412
-246.801, 0.0939956, 0.000993405
-193.378, 0.045475, 0.00197177
-252.002, 0.00247892, 0.0307264
-252.019, 0.00247892, 0.0307571
-66.6297, 0.0195363, 0.00437853
-96.9012, 0.0287525, 0.00303699
-96.7908, 0.0287525, 0.00304003
-59.868, 0.0216271, 0.00397773
-216.46, 0.0939956, 0.0029836
-216.405, 0.0939956, 0.00298659
-77.2985, 0.045403, 0.00591798
-253.38, 0.00245934, 0.0916018
-253.38, 0.00245934, 0.0916935
-145.601, 0.0256398, 0.0101257
-59.7303, 0.0386411, 0.00688003
-59.7139, 0.0386411, 0.00688691
-118.821, 0.0940897, 0.00869405
-125.02, 0.0450614, 0.0171237
-125.185, 0.0450614, 0.0171408
-58.5892, 0.0649971, 0.0122273
-250.634, 0.0939956, 0.000579603
-250.63, 0.0939956, 0.000580183
-225.718, 0.0454593, 0.00115116
-110.067, 0.00247463, 0.0179124
-110.638, 0.00247463, 0.0179303
-201.988, 0.036658, 0.00141023
-298.56, 0.00608814, 0.00766214
-298.547, 0.00608814, 0.00766981
-108.358, 0.00306635, 0.0146464
-184.785, 0.0939956, 0.00467918
-184.697, 0.0939956, 0.00468386
-59.7241, 0.0453029, 0.00925933
-275.234, 0.0101667, 0.00811715
-275.31, 0.0101667, 0.00812527
-60.5191, 0.0225269, 0.00442305
-193.746, 0.0101667, 0.00474184
-193.955, 0.0101667, 0.00474658
-88.6489, 0.021052, 0.00238608
-86.0328, 0.0101667, 0.00117149
-85.9329, 0.0101667, 0.00117266
-202.919, 0.00500003, 0.0023674
-62.2203, 0.00859578, 0.00138325
-62.1874, 0.00859578, 0.00138463
-170.021, 0.0101769, 0.00424799
-100.481, 0.0209524, 0.00212918
-100.368, 0.0209524, 0.00213131
-216.926, 0.0101769, 0.00532366
-77.4484, 0.0210877, 0.00268653
-77.3614, 0.0210877, 0.00268922
-210.858, 0.0101769, 0.00516105
-80.2428, 0.0210543, 0.00260009
-80.1511, 0.0210543, 0.0026027
-140.657, 0.0101769, 0.00370057
-116.53, 0.0206896, 0.00183089
-116.411, 0.0206896, 0.00183272
-76.5145, 0.0101769, 0.00250186
-161.557, 0.0207795, 0.00124328
-161.45, 0.0207795, 0.00124452
-60.2213, 0.0118776, 0.00215085
-230.733, 0.0101667, 0.00573029
-230.909, 0.0101667, 0.00573602
-71.539, 0.0212017, 0.0029054
-162.219, 0.0101667, 0.00409268
-162.433, 0.0101667, 0.00409677
-104.846, 0.0209536, 0.00204932
-104.045, 0.0101667, 0.000992412
-103.93, 0.0101667, 0.000993405
-165.981, 0.00500203, 0.00200633
-61.3818, 0.00779535, 0.00129124
-61.3573, 0.00779535, 0.00129253
-100.305, 0.0101769, 0.0029836
-141.946, 0.0208144, 0.00148523
-141.83, 0.0208144, 0.00148672
-60.2041, 0.0129163, 0.0023657
-279.773, 0.0101667, 0.00869405
-279.828, 0.0101667, 0.00870275
-63.1249, 0.0231726, 0.00492529
-165.825, 0.0101667, 0.000579603
-165.722, 0.0101667, 0.000580183
-72.8775, 0.00500651, 0.00117282
-82.1048, 0.00700975, 0.000838633
-82.0103, 0.00700975, 0.000839472
-60.4427, 0.00572534, 0.00102646
-190.941, 0.0101667, 0.00467918
-191.155, 0.0101667, 0.00468386
-90.0539, 0.020945, 0.00234199
-59.1125, 0.0425644, 0.00811715
-59.114, 0.0425644, 0.00812527
-185.993, 0.103452, 0.00511602
-59.1027, 0.0427942, 0.00809444
-59.1018, 0.0427942, 0.00810254
-92.5312, 0.042607, 0.00474184
-178.796, 0.0207084, 0.00948681
-178.99, 0.0207084, 0.0094963
-60.9791, 0.0344663, 0.00581543
-221.887, 0.0425644, 0.00117149
-221.838, 0.0425644, 0.00117266
-88.8674, 0.0208206, 0.00235442
-253.38, 0.00118605, 0.0384123
-253.38, 0.00118605, 0.0384507
-148.882, 0.0112743, 0.00428122
-60.5595, 0.0168366, 0.00289316
-60.5419, 0.0168366, 0.00289605
-104.742, 0.042607, 0.00424799
-157.106, 0.020718, 0.00850285
-157.304, 0.020718, 0.00851136
-60.391, 0.0322282, 0.00555955
-80.8015, 0.0425644, 0.00532366
-80.7081, 0.0425644, 0.00532899
-200.152, 0.0207232, 0.0106477
-61.2688, 0.0366994, 0.00613951
-61.2363, 0.0366994, 0.00614566
-83.8591, 0.042607, 0.00516105
-194.775, 0.0207041, 0.0103233
-194.956, 0.0207041, 0.0103336
-61.3289, 0.0361794, 0.00604025
-120.747, 0.0425644, 0.00370057
-120.629, 0.0425644, 0.00370427
-129.888, 0.0207522, 0.00741213
-59.9589, 0.029674, 0.00524267
-59.9441, 0.029674, 0.00524791
-165.232, 0.042607, 0.00250186
-72.3911, 0.0207627, 0.00501894
-72.4828, 0.0207627, 0.00502396
-74.434, 0.042607, 0.00573029
-212.83, 0.0206991, 0.011459
-212.991, 0.0206991, 0.0114705
-61.0158, 0.0379575, 0.00640349
-108.92, 0.0425644, 0.00409268
-108.804, 0.0425644, 0.00409677
-149.491, 0.0207451, 0.0081946
-60.2871, 0.0315337, 0.00546607
-60.2661, 0.0315337, 0.00547154
-228.945, 0.042607, 0.000992412
-107.115, 0.0208042, 0.00199496
-107, 0.0208042, 0.00199695
-253.38, 0.00118851, 0.0325762
-134.7, 0.0107421, 0.00380128
-134.902, 0.0107421, 0.00380509
-60.5814, 0.0154961, 0.00266156
-145.923, 0.0425644, 0.0029836
-145.81, 0.0425644, 0.00298659
-93.2379, 0.0207708, 0.00598162
-76.8699, 0.0311772, 0.0040331
-76.7833, 0.0311772, 0.00403713
-59.886, 0.042607, 0.00869405
-184.505, 0.0899588, 0.00447863
-184.417, 0.0899588, 0.00448311
-59.0563, 0.0444547, 0.00837298
-242.934, 0.0425644, 0.000579603
-242.918, 0.0425644, 0.000580183
-168.54, 0.0208245, 0.0011651
-253.303, 0.00118718, 0.0190234
-253.304, 0.00118718, 0.0190424
-75.0477, 0.00991672, 0.00240224
-85.3, 0.014359, 0.00167265
-85.2002, 0.014359, 0.00167432
-60.2341, 0.0115024, 0.00207867
-93.8447, 0.0425644, 0.00467918
-93.7369, 0.0425644, 0.00468386
-175.991, 0.0207317, 0.00936263
-60.8342, 0.0341323, 0.00578748
-60.8061, 0.0341323, 0.00579327
-63.8726, 0.0511797, 0.00811715
-229.119, 0.0248371, 0.0162139
-229.228, 0.0248371, 0.0162301
-59.5886, 0.0481555, 0.00860503
-113.983, 0.0511285, 0.00474184
-113.866, 0.0511285, 0.00474658
-139.332, 0.024859, 0.00947057
-59.8722, 0.0367786, 0.00650129
-59.8545, 0.0367786, 0.0065078
-229.813, 0.0511797, 0.00117149
-109.544, 0.0249406, 0.00235015
-109.428, 0.0249406, 0.0023525
-253.38, 0.00141357, 0.0380649
-132.153, 0.0127786, 0.00449535
-132.351, 0.0127786, 0.00449984
-60.4582, 0.0183469, 0.00316841
-126.948, 0.0511285, 0.00424799
-126.83, 0.0511285, 0.00425224
-119.005, 0.0248705, 0.00848833
-68.6194, 0.0384973, 0.0055769
-68.5521, 0.0384973, 0.00558248
-100.779, 0.0511797, 0.00532366
-161.768, 0.0248203, 0.0106264
-161.962, 0.0248203, 0.0106371
-60.1535, 0.0393185, 0.00685048
-104.169, 0.0511285, 0.00516105
-104.055, 0.0511285, 0.00516621
-155.595, 0.0248481, 0.0103031
-60.1159, 0.0386487, 0.00674542
-60.094, 0.0386487, 0.00675217
-143.159, 0.0511797, 0.00370057
-96.4661, 0.0248632, 0.00739992
-96.6159, 0.0248632, 0.00740733
-75.0916, 0.0375332, 0.00498569
-183.467, 0.0511285, 0.00250186
-183.378, 0.0511285, 0.00250436
-60.9028, 0.0249227, 0.00501013
-92.5914, 0.0511285, 0.00573029
-92.4842, 0.0511285, 0.00573602
-175.49, 0.02487, 0.01145
-60.6079, 0.0411865, 0.00705103
-60.5797, 0.0411865, 0.00705808
-131.459, 0.0511797, 0.00409268
-112.679, 0.0248694, 0.00818615
-112.851, 0.0248694, 0.00819434
-70.4842, 0.0383279, 0.00540512
-235.124, 0.0511285, 0.000992412
-235.095, 0.0511285, 0.000993405
-129.291, 0.024973, 0.00199151
-253.38, 0.00141427, 0.0322959
-253.38, 0.00141427, 0.0323282
-112.285, 0.0124092, 0.00392652
-71.2764, 0.0189484, 0.00260103
-71.2027, 0.0189484, 0.00260363
-60.1094, 0.0165891, 0.00296227
-166.536, 0.0511285, 0.0029836
-166.434, 0.0511285, 0.00298659
-70.7801, 0.0249091, 0.00597148
-60.9263, 0.0511285, 0.00869405
-60.8928, 0.0511285, 0.00870275
-235.563, 0.0249609, 0.0174379
-59.1531, 0.0491932, 0.00902539
-59.1405, 0.0491932, 0.00903442
-245.636, 0.0511797, 0.000579603
-186.094, 0.0249594, 0.00116366
-186.007, 0.0249594, 0.00116482
-252.426, 0.00141891, 0.0189062
-68.8811, 0.0111911, 0.00253756
-68.958, 0.0111911, 0.0025401
-93.2333, 0.0163021, 0.00176217
-60.1994, 0.0125265, 0.00227422
-60.2007, 0.0125265, 0.0022765
-115.667, 0.0511797, 0.00467918
-137.013, 0.0248329, 0.00934494
-137.204, 0.0248329, 0.00935429
-59.8407, 0.0365103, 0.00646643
