2       , -244.215    , array([ 662.493    ,  0.00498697 ])
4       , -244.21     , array([ 1036.37    ,  0.00204017 ])
6       , -244.21     , array([ 1036.37    ,  0.00204221 ])
[1.03636954e+03 2.04016554e-03]
8       , -245.386    , array([ 662.493    ,  0.0702918  ])
10      , -244.335    , array([ 1033.02    ,  0.0287099  ])
12      , -244.335    , array([ 1033.02    ,  0.0287386  ])
[1.03302144e+03 2.87098855e-02]
14      , -244.264    , array([ 662.493    ,  0.0151743  ])
16      , -244.215    , array([ 1034.54    ,  0.00620229 ])
18      , -244.215    , array([ 1034.54    ,  0.0062085  ])
[1.03453891e+03 6.20229236e-03]
20      , -244.719    , array([ 662.493    ,  0.0462583  ])
22      , -244.263    , array([ 1033.43    ,  0.0188974  ])
24      , -244.264    , array([ 1033.43    ,  0.0189163  ])
[1.03343417e+03 1.88974324e-02]
26      , -244.538    , array([ 662.493    ,  0.0371176  ])
28      , -244.244    , array([ 1033.63    ,  0.0151647  ])
30      , -244.244    , array([ 1033.63    ,  0.0151798  ])
[1.03362637e+03 1.51646574e-02]
32      , -244.318    , array([ 662.493    ,  0.0213561  ])
34      , -244.22     , array([ 1034.14    ,  0.00872734 ])
36      , -244.22     , array([ 1034.14    ,  0.00873607 ])
[1.03413659e+03 8.72734175e-03]
38      , -244.673    , array([ 662.493    ,  0.0441049  ])
40      , -244.259    , array([ 1033.48    ,  0.0180181  ])
42      , -244.259    , array([ 1033.48    ,  0.0180361  ])
[1.03347645e+03 1.80180876e-02]
44      , -244.839    , array([ 662.493    ,  0.0513893  ])
46      , -244.276    , array([ 1033.34    ,  0.0209926  ])
48      , -244.276    , array([ 1033.34    ,  0.0210136  ])
[1.03333846e+03 2.09925812e-02]
50      , -244.546    , array([ 662.493    ,  0.0376089  ])
52      , -244.245    , array([ 1033.61    ,  0.0153653  ])
54      , -244.245    , array([ 1033.61    ,  0.0153807  ])
[1.03361498e+03 1.53653221e-02]
56      , -246.052    , array([ 662.493    ,  0.0879652  ])
58      , -244.407    , array([ 1032.75    ,  0.0359237  ])
60      , -244.407    , array([ 1032.75    ,  0.0359596  ])
[1.03274842e+03 3.59236577e-02]
62      , -245.003    , array([ 662.493    ,  0.0577315  ])
64      , -244.294    , array([ 1033.23    ,  0.0235821  ])
66      , -244.294    , array([ 1033.23    ,  0.0236057  ])
[1.03322732e+03 2.35820921e-02]
68      , -244.582    , array([ 662.493    ,  0.0395513  ])
70      , -244.249    , array([ 1033.57    ,  0.0161585  ])
72      , -244.249    , array([ 1033.57    ,  0.0161747  ])
[1.03357152e+03 1.61585311e-02]
74      , -245.01     , array([ 662.493    ,  0.0579884  ])
76      , -244.295    , array([ 1033.22    ,  0.023687   ])
78      , -244.295    , array([ 1033.22    ,  0.0237107  ])
[1.03322295e+03 2.36869677e-02]
80      , -244.497    , array([ 662.493    ,  0.0347491  ])
82      , -244.24     , array([ 1033.68    ,  0.0141974  ])
84      , -244.24     , array([ 1033.68    ,  0.0142116  ])
[1.03368326e+03 1.41974062e-02]
86      , -245.69     , array([ 662.493    ,  0.0788401  ])
88      , -244.368    , array([ 1032.89    ,  0.0321993  ])
90      , -244.368    , array([ 1032.89    ,  0.0322315  ])
[1.03288774e+03 3.21992516e-02]
92      , -244.216    , array([ 584.925    ,  0.00498697 ])
94      , -244.21     , array([ 914.795    ,  0.00203991 ])
96      , -244.21     , array([ 914.795    ,  0.00204195 ])
[9.14794633e+02 2.03990646e-03]
98      , -245.541    , array([ 584.925    ,  0.0702918  ])
100     , -244.352    , array([ 911.876    ,  0.0287068  ])
102     , -244.352    , array([ 911.876    ,  0.0287356  ])
[9.11876065e+02 2.87068478e-02]
104     , -244.271    , array([ 584.925    ,  0.0151743  ])
106     , -244.216    , array([ 913.205    ,  0.0062016  ])
108     , -244.216    , array([ 913.205    ,  0.0062078  ])
[9.13204947e+02 6.20159738e-03]
110     , -244.787    , array([ 584.925    ,  0.0462583  ])
112     , -244.271    , array([ 912.269    ,  0.0188957  ])
114     , -244.271    , array([ 912.269    ,  0.0189146  ])
[9.12268513e+02 1.88957204e-02]
116     , -244.581    , array([ 584.925    ,  0.0371176  ])
118     , -244.249    , array([ 912.443    ,  0.0151633  ])
120     , -244.249    , array([ 912.443    ,  0.0151785  ])
[9.12443426e+02 1.51633263e-02]
122     , -244.332    , array([ 584.925    ,  0.0213561  ])
124     , -244.222    , array([ 912.878    ,  0.0087265  ])
126     , -244.222    , array([ 912.878    ,  0.00873523 ])
[9.12878446e+02 8.72650133e-03]
128     , -244.734    , array([ 584.925    ,  0.0441049  ])
130     , -244.265    , array([ 912.308    ,  0.0180165  ])
132     , -244.265    , array([ 912.308    ,  0.0180345  ])
[9.12307558e+02 1.80164720e-02]
134     , -244.922    , array([ 584.925    ,  0.0513893  ])
136     , -244.285    , array([ 912.179    ,  0.0209906  ])
138     , -244.285    , array([ 912.179    ,  0.0210116  ])
[9.12179237e+02 2.09906251e-02]
140     , -244.591    , array([ 584.925    ,  0.0376089  ])
142     , -244.25     , array([ 912.433    ,  0.015364   ])
144     , -244.25     , array([ 912.433    ,  0.0153793  ])
[9.12433281e+02 1.53639727e-02]
146     , -246.294    , array([ 584.925    ,  0.0879652  ])
148     , -244.433    , array([ 911.609    ,  0.0359194  ])
150     , -244.433    , array([ 911.609    ,  0.0359553  ])
[9.11609377e+02 3.59193568e-02]
152     , -245.108    , array([ 584.925    ,  0.0577315  ])
154     , -244.305    , array([ 912.074    ,  0.0235798  ])
156     , -244.305    , array([ 912.074    ,  0.0236034  ])
[9.12074082e+02 2.35798049e-02]
158     , -244.631    , array([ 584.925    ,  0.0395513  ])
160     , -244.254    , array([ 912.394    ,  0.0161571  ])
162     , -244.254    , array([ 912.394    ,  0.0161733  ])
[9.12394159e+02 1.61571055e-02]
164     , -245.116    , array([ 584.925    ,  0.0579884  ])
166     , -244.306    , array([ 912.07     ,  0.0236847  ])
168     , -244.306    , array([ 912.07     ,  0.0237084  ])
[9.12069910e+02 2.36846662e-02]
170     , -244.535    , array([ 584.925    ,  0.0347491  ])
172     , -244.244    , array([ 912.494    ,  0.0141962  ])
174     , -244.244    , array([ 912.494    ,  0.0142104  ])
[9.12493988e+02 1.41961625e-02]
176     , -245.885    , array([ 584.925    ,  0.0788401  ])
178     , -244.389    , array([ 911.746    ,  0.0321956  ])
180     , -244.389    , array([ 911.746    ,  0.0322278  ])
[9.11745901e+02 3.21956329e-02]
182     , -244.216    , array([ 520.062    ,  0.00498697 ])
184     , -244.21     , array([ 813.135    ,  0.00203963 ])
186     , -244.21     , array([ 813.135    ,  0.00204167 ])
[8.13134655e+02 2.03963331e-03]
188     , -245.706    , array([ 520.062    ,  0.0702918  ])
190     , -244.37     , array([ 810.576    ,  0.0287037  ])
192     , -244.37     , array([ 810.576    ,  0.0287324  ])
[8.10576219e+02 2.87036674e-02]
194     , -244.279    , array([ 520.062    ,  0.0151743  ])
196     , -244.216    , array([ 811.769    ,  0.00620095 ])
198     , -244.216    , array([ 811.769    ,  0.00620716 ])
[8.11769119e+02 6.20095187e-03]
200     , -244.858    , array([ 520.062    ,  0.0462583  ])
202     , -244.278    , array([ 810.955    ,  0.018894   ])
204     , -244.279    , array([ 810.955    ,  0.0189129  ])
[8.10954749e+02 1.88939683e-02]
206     , -244.627    , array([ 520.062    ,  0.0371176  ])
208     , -244.254    , array([ 811.118    ,  0.015162   ])
210     , -244.254    , array([ 811.118    ,  0.0151772  ])
[8.11117621e+02 1.51619882e-02]
212     , -244.347    , array([ 520.062    ,  0.0213561  ])
214     , -244.224    , array([ 811.499    ,  0.0087257  ])
216     , -244.224    , array([ 811.499    ,  0.00873443 ])
[8.11498979e+02 8.72570155e-03]
218     , -244.799    , array([ 520.062    ,  0.0441049  ])
220     , -244.272    , array([ 810.991    ,  0.0180148  ])
222     , -244.272    , array([ 810.991    ,  0.0180328  ])
[8.10991496e+02 1.80148237e-02]
224     , -245.01     , array([ 520.062    ,  0.0513893  ])
226     , -244.295    , array([ 810.87     ,  0.0209886  ])
228     , -244.295    , array([ 810.87     ,  0.0210096  ])
[8.10869908e+02 2.09886088e-02]
230     , -244.638    , array([ 520.062    ,  0.0376089  ])
232     , -244.255    , array([ 811.108    ,  0.0153626  ])
234     , -244.255    , array([ 811.108    ,  0.015378   ])
[8.11108320e+02 1.53626142e-02]
236     , -246.553    , array([ 520.062    ,  0.0879652  ])
238     , -244.461    , array([ 810.314    ,  0.0359148  ])
240     , -244.461    , array([ 810.314    ,  0.0359508  ])
[8.10313840e+02 3.59148239e-02]
242     , -245.22     , array([ 520.062    ,  0.0577315  ])
244     , -244.317    , array([ 810.769    ,  0.0235774  ])
246     , -244.318    , array([ 810.769    ,  0.023601   ])
[8.10768847e+02 2.35774309e-02]
248     , -244.684    , array([ 520.062    ,  0.0395513  ])
250     , -244.26     , array([ 811.072    ,  0.0161557  ])
252     , -244.26     , array([ 811.072    ,  0.0161718  ])
[8.11072255e+02 1.61556643e-02]
254     , -245.229    , array([ 520.062    ,  0.0579884  ])
256     , -244.318    , array([ 810.765    ,  0.0236823  ])
258     , -244.318    , array([ 810.765    ,  0.023706   ])
[8.10764826e+02 2.36822772e-02]
260     , -244.576    , array([ 520.062    ,  0.0347491  ])
262     , -244.248    , array([ 811.164    ,  0.0141949  ])
264     , -244.248    , array([ 811.164    ,  0.0142091  ])
[8.11163742e+02 1.41949197e-02]
266     , -246.092    , array([ 520.062    ,  0.0788401  ])
268     , -244.411    , array([ 810.448    ,  0.0321918  ])
270     , -244.411    , array([ 810.448    ,  0.032224   ])
[8.10448463e+02 3.21918298e-02]
272     , -244.217    , array([ 474.536    ,  0.00498697 ])
274     , -244.21     , array([ 741.788    ,  0.0020394  ])
276     , -244.21     , array([ 741.788    ,  0.00204145 ])
[7.41788419e+02 2.03940499e-03]
278     , -245.849    , array([ 474.536    ,  0.0702918  ])
280     , -244.385    , array([ 739.479    ,  0.0287009  ])
282     , -244.385    , array([ 739.479    ,  0.0287297  ])
[7.39478553e+02 2.87009465e-02]
284     , -244.286    , array([ 474.536    ,  0.0151743  ])
286     , -244.217    , array([ 740.588    ,  0.00620045 ])
288     , -244.217    , array([ 740.588    ,  0.00620665 ])
[7.40588174e+02 6.20045076e-03]
290     , -244.92     , array([ 474.536    ,  0.0462583  ])
292     , -244.285    , array([ 739.849    ,  0.0188925  ])
294     , -244.285    , array([ 739.849    ,  0.0189114  ])
[7.39848865e+02 1.88924921e-02]
296     , -244.667    , array([ 474.536    ,  0.0371176  ])
298     , -244.258    , array([ 740.005    ,  0.0151609  ])
300     , -244.258    , array([ 740.005    ,  0.015176   ])
[7.40004583e+02 1.51608755e-02]
302     , -244.361    , array([ 474.536    ,  0.0213561  ])
304     , -244.225    , array([ 740.353    ,  0.00872506 ])
306     , -244.225    , array([ 740.353    ,  0.00873379 ])
[7.40353197e+02 8.72506442e-03]
308     , -244.856    , array([ 474.536    ,  0.0441049  ])
310     , -244.278    , array([ 739.884    ,  0.0180134  ])
312     , -244.278    , array([ 739.884    ,  0.0180315  ])
[7.39884259e+02 1.80134387e-02]
314     , -245.086    , array([ 474.536    ,  0.0513893  ])
316     , -244.303    , array([ 739.767    ,  0.0209869  ])
318     , -244.303    , array([ 739.767    ,  0.0210079  ])
[7.39766641e+02 2.09869014e-02]
320     , -244.679    , array([ 474.536    ,  0.0376089  ])
322     , -244.259    , array([ 739.996    ,  0.0153615  ])
324     , -244.259    , array([ 739.996    ,  0.0153769  ])
[7.39995763e+02 1.53614834e-02]
326     , -246.776    , array([ 474.536    ,  0.0879652  ])
328     , -244.485    , array([ 739.219    ,  0.0359109  ])
330     , -244.485    , array([ 739.219    ,  0.0359469  ])
[7.39218704e+02 3.59109291e-02]
332     , -245.316    , array([ 474.536    ,  0.0577315  ])
334     , -244.328    , array([ 739.668    ,  0.0235754  ])
336     , -244.328    , array([ 739.668    ,  0.023599   ])
[7.39668014e+02 2.35754119e-02]
338     , -244.729    , array([ 474.536    ,  0.0395513  ])
340     , -244.265    , array([ 739.962    ,  0.0161545  ])
342     , -244.265    , array([ 739.962    ,  0.0161706  ])
[7.39961556e+02 1.61544611e-02]
344     , -245.326    , array([ 474.536    ,  0.0579884  ])
346     , -244.329    , array([ 739.664    ,  0.0236802  ])
348     , -244.329    , array([ 739.664    ,  0.0237039  ])
[7.39664081e+02 2.36802450e-02]
350     , -244.611    , array([ 474.536    ,  0.0347491  ])
352     , -244.252    , array([ 740.048    ,  0.0141939  ])
354     , -244.252    , array([ 740.048    ,  0.0142081  ])
[7.40048023e+02 1.41938909e-02]
356     , -246.271    , array([ 474.536    ,  0.0788401  ])
358     , -244.43     , array([ 739.352    ,  0.0321886  ])
360     , -244.431    , array([ 739.352    ,  0.0322208  ])
[7.39352215e+02 3.21885682e-02]
362     , -244.226    , array([ 228.388    ,  0.00498697 ])
364     , -244.211    , array([ 356.302    ,  0.00203738 ])
366     , -244.211    , array([ 356.302    ,  0.00203942 ])
[3.56302025e+02 2.03737719e-03]
368     , -247.589    , array([ 228.388    ,  0.0702918  ])
370     , -244.574    , array([ 355.081    ,  0.0286682  ])
372     , -244.575    , array([ 355.081    ,  0.0286969  ])
[3.55081467e+02 2.86682333e-02]
374     , -244.368    , array([ 228.388    ,  0.0151743  ])
376     , -244.226    , array([ 355.913    ,  0.00619593 ])
378     , -244.226    , array([ 355.913    ,  0.00620213 ])
[3.55912818e+02 6.19593113e-03]
380     , -245.677    , array([ 228.388    ,  0.0462583  ])
382     , -244.367    , array([ 355.426    ,  0.0188753  ])
384     , -244.367    , array([ 355.426    ,  0.0188942  ])
[3.55426472e+02 1.88753165e-02]
386     , -245.156    , array([ 228.388    ,  0.0371176  ])
388     , -244.311    , array([ 355.56     ,  0.0151483  ])
390     , -244.311    , array([ 355.56     ,  0.0151635  ])
[3.55559784e+02 1.51483179e-02]
392     , -244.523    , array([ 228.388    ,  0.0213561  ])
394     , -244.243    , array([ 355.802    ,  0.00871873 ])
396     , -244.243    , array([ 355.802    ,  0.00872746 ])
[3.55801705e+02 8.71873223e-03]
398     , -245.544    , array([ 228.388    ,  0.0441049  ])
400     , -244.353    , array([ 355.458    ,  0.0179974  ])
402     , -244.353    , array([ 355.458    ,  0.0180154  ])
[3.55457696e+02 1.79974162e-02]
404     , -246.02     , array([ 228.388    ,  0.0513893  ])
406     , -244.404    , array([ 355.352    ,  0.0209668  ])
408     , -244.405    , array([ 355.352    ,  0.0209878  ])
[3.55352380e+02 2.09668189e-02]
410     , -245.181    , array([ 228.388    ,  0.0376089  ])
412     , -244.314    , array([ 355.553    ,  0.0153487  ])
414     , -244.314    , array([ 355.553    ,  0.0153641  ])
[3.55552553e+02 1.53486961e-02]
416     , -249.493    , array([ 228.388    ,  0.0879652  ])
418     , -244.78     , array([ 354.829    ,  0.0358637  ])
420     , -244.781    , array([ 354.829    ,  0.0358996  ])
[3.54829381e+02 3.58637023e-02]
422     , -246.492    , array([ 228.388    ,  0.0577315  ])
424     , -244.455    , array([ 355.261    ,  0.0235514  ])
426     , -244.456    , array([ 355.261    ,  0.023575   ])
[3.55261217e+02 2.35514270e-02]
428     , -245.283    , array([ 228.388    ,  0.0395513  ])
430     , -244.325    , array([ 355.524    ,  0.0161407  ])
432     , -244.325    , array([ 355.524    ,  0.0161569  ])
[3.55524061e+02 1.61407446e-02]
434     , -246.513    , array([ 228.388    ,  0.0579884  ])
436     , -244.457    , array([ 355.258    ,  0.0236561  ])
438     , -244.458    , array([ 355.258    ,  0.0236798  ])
[3.55257531e+02 2.36560948e-02]
440     , -245.039    , array([ 228.388    ,  0.0347491  ])
442     , -244.298    , array([ 355.595    ,  0.0141824  ])
444     , -244.298    , array([ 355.595    ,  0.0141966  ])
[3.55594769e+02 1.41824110e-02]
446     , -248.457    , array([ 228.388    ,  0.0788401  ])
448     , -244.668    , array([ 354.959    ,  0.0321492  ])
450     , -244.669    , array([ 354.959    ,  0.0321813  ])
[3.54959466e+02 3.21491598e-02]
452     , -244.213    , array([ 871.423    ,  0.00498697 ])
454     , -244.209    , array([ 1363.75    ,  0.00204057 ])
456     , -244.209    , array([ 1363.75    ,  0.00204261 ])
[1.36375225e+03 2.04057323e-03]
458     , -245.105    , array([ 871.423    ,  0.0702918  ])
460     , -244.305    , array([ 1359.35    ,  0.0287156  ])
462     , -244.305    , array([ 1359.35    ,  0.0287443  ])
[1.35935093e+03 2.87156174e-02]
464     , -244.251    , array([ 871.423    ,  0.0151743  ])
466     , -244.213    , array([ 1361.5     ,  0.00620389 ])
468     , -244.213    , array([ 1361.5     ,  0.0062101  ])
[1.36150286e+03 6.20388906e-03]
470     , -244.597    , array([ 871.423    ,  0.0462583  ])
472     , -244.25     , array([ 1359.84    ,  0.0189008  ])
474     , -244.25     , array([ 1359.84    ,  0.0189197  ])
[1.35983912e+03 1.89008291e-02]
476     , -244.459    , array([ 871.423    ,  0.0371176  ])
478     , -244.236    , array([ 1360.09    ,  0.0151674  ])
480     , -244.236    , array([ 1360.09    ,  0.0151826  ])
[1.36009406e+03 1.51673959e-02]
482     , -244.292    , array([ 871.423    ,  0.0213561  ])
484     , -244.218    , array([ 1360.86    ,  0.00872923 ])
486     , -244.218    , array([ 1360.86    ,  0.00873797 ])
[1.36086277e+03 8.72923168e-03]
488     , -244.562    , array([ 871.423    ,  0.0441049  ])
490     , -244.247    , array([ 1359.89    ,  0.0180213  ])
492     , -244.247    , array([ 1359.89    ,  0.0180393  ])
[1.35989338e+03 1.80213175e-02]
494     , -244.688    , array([ 871.423    ,  0.0513893  ])
496     , -244.26     , array([ 1359.72    ,  0.0209964  ])
498     , -244.26     , array([ 1359.72    ,  0.0210174  ])
[1.35971971e+03 2.09964037e-02]
500     , -244.466    , array([ 871.423    ,  0.0376089  ])
502     , -244.236    , array([ 1360.08    ,  0.0153681  ])
504     , -244.236    , array([ 1360.08    ,  0.0153835  ])
[1.36007842e+03 1.53680930e-02]
506     , -245.612    , array([ 871.423    ,  0.0879652  ])
508     , -244.359    , array([ 1359.05    ,  0.0359316  ])
510     , -244.359    , array([ 1359.05    ,  0.0359676  ])
[1.35905383e+03 3.59316421e-02]
512     , -244.814    , array([ 871.423    ,  0.0577315  ])
514     , -244.274    , array([ 1359.59    ,  0.0235865  ])
516     , -244.274    , array([ 1359.59    ,  0.0236101  ])
[1.35958637e+03 2.35864964e-02]
518     , -244.493    , array([ 871.423    ,  0.0395513  ])
520     , -244.239    , array([ 1360.02    ,  0.0161614  ])
522     , -244.239    , array([ 1360.02    ,  0.0161776  ])
[1.36001911e+03 1.61614321e-02]
524     , -244.819    , array([ 871.423    ,  0.0579884  ])
526     , -244.274    , array([ 1359.58    ,  0.0236914  ])
528     , -244.274    , array([ 1359.58    ,  0.0237151  ])
[1.35958121e+03 2.36913966e-02]
530     , -244.428    , array([ 871.423    ,  0.0347491  ])
532     , -244.232    , array([ 1360.17    ,  0.0142     ])
534     , -244.232    , array([ 1360.17    ,  0.0142142  ])
[1.36017367e+03 1.41999952e-02]
536     , -245.336    , array([ 871.423    ,  0.0788401  ])
538     , -244.33     , array([ 1359.2     ,  0.032206   ])
540     , -244.33     , array([ 1359.2     ,  0.0322382  ])
[1.35920380e+03 3.22060175e-02]
542     , -244.228    , array([ 201.376    ,  0.00498697 ])
544     , -244.211    , array([ 314.044    ,  0.002037   ])
546     , -244.211    , array([ 314.044    ,  0.00203904 ])
[3.14044361e+02 2.03699903e-03]
548     , -248.034    , array([ 201.376    ,  0.0702918  ])
550     , -244.623    , array([ 312.9      ,  0.0286599  ])
552     , -244.623    , array([ 312.9      ,  0.0286885  ])
[3.12899663e+02 2.86598553e-02]
554     , -244.389    , array([ 201.376    ,  0.0151743  ])
556     , -244.228    , array([ 313.717    ,  0.00619494 ])
558     , -244.228    , array([ 313.717    ,  0.00620114 ])
[3.13717051e+02 6.19493874e-03]
560     , -245.871    , array([ 201.376    ,  0.0462583  ])
562     , -244.388    , array([ 313.243    ,  0.018871   ])
564     , -244.389    , array([ 313.243    ,  0.0188899  ])
[3.13243500e+02 1.88709698e-02]
566     , -245.281    , array([ 201.376    ,  0.0371176  ])
568     , -244.324    , array([ 313.376    ,  0.0151452  ])
570     , -244.325    , array([ 313.376    ,  0.0151603  ])
[3.13375785e+02 1.51451793e-02]
572     , -244.565    , array([ 201.376    ,  0.0213561  ])
574     , -244.247    , array([ 313.613    ,  0.00871725 ])
576     , -244.247    , array([ 313.613    ,  0.00872597 ])
[3.13612509e+02 8.71724605e-03]
578     , -245.721    , array([ 201.376    ,  0.0441049  ])
580     , -244.372    , array([ 313.275    ,  0.0179934  ])
582     , -244.372    , array([ 313.275    ,  0.0180114  ])
[3.13274537e+02 1.79933704e-02]
584     , -246.259    , array([ 201.376    ,  0.0513893  ])
586     , -244.43     , array([ 313.17     ,  0.0209617  ])
588     , -244.431    , array([ 313.17     ,  0.0209827  ])
[3.13169782e+02 2.09617152e-02]
590     , -245.309    , array([ 201.376    ,  0.0376089  ])
592     , -244.327    , array([ 313.369    ,  0.0153455  ])
594     , -244.328    , array([ 313.369    ,  0.0153609  ])
[3.13368624e+02 1.53454972e-02]
596     , -250.188    , array([ 201.376    ,  0.0879652  ])
598     , -244.856    , array([ 312.648    ,  0.0358516  ])
600     , -244.857    , array([ 312.648    ,  0.0358874  ])
[3.12647965e+02 3.58515773e-02]
602     , -246.794    , array([ 201.376    ,  0.0577315  ])
604     , -244.488    , array([ 313.079    ,  0.0235453  ])
606     , -244.489    , array([ 313.079    ,  0.0235689  ])
[3.13078960e+02 2.35453096e-02]
608     , -245.426    , array([ 201.376    ,  0.0395513  ])
610     , -244.34     , array([ 313.34     ,  0.0161373  ])
612     , -244.34     , array([ 313.34     ,  0.0161534  ])
[3.13340401e+02 1.61373021e-02]
614     , -246.816    , array([ 201.376    ,  0.0579884  ])
616     , -244.491    , array([ 313.075    ,  0.0236499  ])
618     , -244.491    , array([ 313.075    ,  0.0236736  ])
[3.13075286e+02 2.36499345e-02]
620     , -245.149    , array([ 201.376    ,  0.0347491  ])
622     , -244.31     , array([ 313.41     ,  0.0141796  ])
624     , -244.31     , array([ 313.41     ,  0.0141937  ])
[3.13410373e+02 1.41795557e-02]
626     , -249.016    , array([ 201.376    ,  0.0788401  ])
628     , -244.729    , array([ 312.778    ,  0.0321391  ])
630     , -244.73     , array([ 312.778    ,  0.0321712  ])
[3.12777874e+02 3.21390519e-02]
632     , -244.213    , array([ 943.078    ,  0.00498697 ])
634     , -244.209    , array([ 1475.98    ,  0.00204063 ])
636     , -244.209    , array([ 1475.98    ,  0.00204268 ])
[1.47597869e+03 2.04063483e-03]
638     , -245.037    , array([ 943.078    ,  0.0702918  ])
640     , -244.297    , array([ 1471.28    ,  0.0287171  ])
642     , -244.298    , array([ 1471.28    ,  0.0287458  ])
[1.47127725e+03 2.87170799e-02]
644     , -244.247    , array([ 943.078    ,  0.0151743  ])
646     , -244.213    , array([ 1473.68    ,  0.00620437 ])
648     , -244.213    , array([ 1473.68    ,  0.00621058 ])
[1.47368347e+03 6.20436878e-03]
650     , -244.568    , array([ 943.078    ,  0.0462583  ])
652     , -244.247    , array([ 1471.8     ,  0.0189017  ])
654     , -244.247    , array([ 1471.8     ,  0.0189207  ])
[1.47179867e+03 1.89017481e-02]
656     , -244.44     , array([ 943.078    ,  0.0371176  ])
658     , -244.233    , array([ 1472.08    ,  0.0151682  ])
660     , -244.234    , array([ 1472.08    ,  0.0151833  ])
[1.47208060e+03 1.51681645e-02]
662     , -244.285    , array([ 943.078    ,  0.0213561  ])
664     , -244.217    , array([ 1472.95    ,  0.0087298  ])
666     , -244.217    , array([ 1472.95    ,  0.00873853 ])
[1.47295497e+03 8.72980019e-03]
668     , -244.535    , array([ 943.078    ,  0.0441049  ])
670     , -244.244    , array([ 1471.86    ,  0.0180222  ])
672     , -244.244    , array([ 1471.86    ,  0.0180402  ])
[1.47185820e+03 1.80221987e-02]
674     , -244.652    , array([ 943.078    ,  0.0513893  ])
676     , -244.256    , array([ 1471.67    ,  0.0209974  ])
678     , -244.256    , array([ 1471.67    ,  0.0210184  ])
[1.47166894e+03 2.09974208e-02]
680     , -244.446    , array([ 943.078    ,  0.0376089  ])
682     , -244.234    , array([ 1472.06    ,  0.0153689  ])
684     , -244.234    , array([ 1472.06    ,  0.0153842  ])
[1.47206311e+03 1.53688689e-02]
686     , -245.506    , array([ 943.078    ,  0.0879652  ])
688     , -244.348    , array([ 1470.97    ,  0.0359336  ])
690     , -244.348    , array([ 1470.97    ,  0.0359696  ])
[1.47096936e+03 3.59336370e-02]
692     , -244.768    , array([ 943.078    ,  0.0577315  ])
694     , -244.269    , array([ 1471.53    ,  0.0235876  ])
696     , -244.269    , array([ 1471.53    ,  0.0236112  ])
[1.47152583e+03 2.35876483e-02]
698     , -244.471    , array([ 943.078    ,  0.0395513  ])
700     , -244.237    , array([ 1472       ,  0.0161622  ])
702     , -244.237    , array([ 1472       ,  0.0161784  ])
[1.47199702e+03 1.61622376e-02]
704     , -244.773    , array([ 943.078    ,  0.0579884  ])
706     , -244.269    , array([ 1471.52    ,  0.0236926  ])
708     , -244.269    , array([ 1471.52    ,  0.0237163  ])
[1.47152033e+03 2.36925543e-02]
710     , -244.411    , array([ 943.078    ,  0.0347491  ])
712     , -244.23     , array([ 1472.17    ,  0.0142007  ])
714     , -244.23     , array([ 1472.17    ,  0.0142149  ])
[1.47216991e+03 1.42007300e-02]
716     , -245.251    , array([ 943.078    ,  0.0788401  ])
718     , -244.32     , array([ 1471.12    ,  0.0322077  ])
720     , -244.321    , array([ 1471.12    ,  0.0322399  ])
[1.47112414e+03 3.22077240e-02]
722     , -244.213    , array([ 980.537    ,  0.00498697 ])
724     , -244.209    , array([ 1534.64    ,  0.00204066 ])
726     , -244.209    , array([ 1534.64    ,  0.0020427  ])
[1.53464010e+03 2.04065802e-03]
728     , -245.006    , array([ 980.537    ,  0.0702918  ])
730     , -244.294    , array([ 1529.79    ,  0.0287178  ])
732     , -244.294    , array([ 1529.79    ,  0.0287465  ])
[1.52979172e+03 2.87177764e-02]
734     , -244.246    , array([ 980.537    ,  0.0151743  ])
736     , -244.213    , array([ 1532.34    ,  0.00620461 ])
738     , -244.213    , array([ 1532.34    ,  0.00621082 ])
[1.53233726e+03 6.20460833e-03]
740     , -244.554    , array([ 980.537    ,  0.0462583  ])
742     , -244.246    , array([ 1530.33    ,  0.0189022  ])
744     , -244.246    , array([ 1530.33    ,  0.0189211  ])
[1.53033207e+03 1.89021958e-02]
746     , -244.431    , array([ 980.537    ,  0.0371176  ])
748     , -244.233    , array([ 1530.63    ,  0.0151685  ])
750     , -244.233    , array([ 1530.63    ,  0.0151837  ])
[1.53062913e+03 1.51685434e-02]
752     , -244.282    , array([ 980.537    ,  0.0213561  ])
754     , -244.217    , array([ 1531.56    ,  0.00873009 ])
756     , -244.217    , array([ 1531.56    ,  0.00873882 ])
[1.53156187e+03 8.73008582e-03]
758     , -244.523    , array([ 980.537    ,  0.0441049  ])
760     , -244.242    , array([ 1530.39    ,  0.0180226  ])
762     , -244.242    , array([ 1530.39    ,  0.0180407  ])
[1.53039447e+03 1.80226287e-02]
764     , -244.635    , array([ 980.537    ,  0.0513893  ])
766     , -244.254    , array([ 1530.2     ,  0.0209979  ])
768     , -244.254    , array([ 1530.2     ,  0.0210189  ])
[1.53019646e+03 2.09979132e-02]
770     , -244.437    , array([ 980.537    ,  0.0376089  ])
772     , -244.233    , array([ 1530.61    ,  0.0153693  ])
774     , -244.233    , array([ 1530.61    ,  0.0153846  ])
[1.53061068e+03 1.53692515e-02]
776     , -245.456    , array([ 980.537    ,  0.0879652  ])
778     , -244.342    , array([ 1529.48    ,  0.0359346  ])
780     , -244.343    , array([ 1529.48    ,  0.0359705  ])
[1.52947765e+03 3.59345791e-02]
782     , -244.746    , array([ 980.537    ,  0.0577315  ])
784     , -244.266    , array([ 1530.05    ,  0.0235882  ])
786     , -244.266    , array([ 1530.05    ,  0.0236118  ])
[1.53004780e+03 2.35882024e-02]
788     , -244.461    , array([ 980.537    ,  0.0395513  ])
790     , -244.236    , array([ 1530.54    ,  0.0161626  ])
792     , -244.236    , array([ 1530.54    ,  0.0161788  ])
[1.53054078e+03 1.61626337e-02]
794     , -244.751    , array([ 980.537    ,  0.0579884  ])
796     , -244.267    , array([ 1530.04    ,  0.0236931  ])
798     , -244.267    , array([ 1530.04    ,  0.0237168  ])
[1.53004212e+03 2.36931112e-02]
800     , -244.404    , array([ 980.537    ,  0.0347491  ])
802     , -244.23     , array([ 1530.72    ,  0.0142011  ])
804     , -244.23     , array([ 1530.72    ,  0.0142153  ])
[1.53072380e+03 1.42010932e-02]
806     , -245.211    , array([ 980.537    ,  0.0788401  ])
808     , -244.316    , array([ 1529.64    ,  0.0322085  ])
810     , -244.316    , array([ 1529.64    ,  0.0322408  ])
[1.52963519e+03 3.22085330e-02]
812     , -244.213    , array([ 997.756    ,  0.00498697 ])
814     , -244.209    , array([ 1561.6     ,  0.00204067 ])
816     , -244.209    , array([ 1561.6     ,  0.00204271 ])
[1.56160246e+03 2.04066632e-03]
818     , -244.992    , array([ 997.756    ,  0.0702918  ])
820     , -244.293    , array([ 1556.69    ,  0.0287181  ])
822     , -244.293    , array([ 1556.69    ,  0.0287468  ])
[1.55668969e+03 2.87180832e-02]
824     , -244.245    , array([ 997.756    ,  0.0151743  ])
826     , -244.213    , array([ 1559.3     ,  0.00620472 ])
828     , -244.213    , array([ 1559.3     ,  0.00621092 ])
[1.55930089e+03 6.20471655e-03]
830     , -244.548    , array([ 997.756    ,  0.0462583  ])
832     , -244.245    , array([ 1557.24    ,  0.0189024  ])
834     , -244.245    , array([ 1557.24    ,  0.0189213  ])
[1.55723902e+03 1.89023948e-02]
836     , -244.427    , array([ 997.756    ,  0.0371176  ])
838     , -244.232    , array([ 1557.54    ,  0.0151687  ])
840     , -244.232    , array([ 1557.54    ,  0.0151839  ])
[1.55754335e+03 1.51687131e-02]
842     , -244.281    , array([ 997.756    ,  0.0213561  ])
844     , -244.217    , array([ 1558.5     ,  0.00873021 ])
846     , -244.217    , array([ 1558.5     ,  0.00873895 ])
[1.55850327e+03 8.73021386e-03]
848     , -244.517    , array([ 997.756    ,  0.0441049  ])
850     , -244.242    , array([ 1557.3     ,  0.0180228  ])
852     , -244.242    , array([ 1557.3     ,  0.0180409  ])
[1.55730288e+03 1.80228205e-02]
854     , -244.628    , array([ 997.756    ,  0.0513893  ])
856     , -244.254    , array([ 1557.1     ,  0.0209981  ])
858     , -244.254    , array([ 1557.1     ,  0.0210191  ])
[1.55710061e+03 2.09981314e-02]
860     , -244.433    , array([ 997.756    ,  0.0376089  ])
862     , -244.233    , array([ 1557.52    ,  0.0153694  ])
864     , -244.233    , array([ 1557.52    ,  0.0153848  ])
[1.55752439e+03 1.53694225e-02]
866     , -245.435    , array([ 997.756    ,  0.0879652  ])
868     , -244.34     , array([ 1556.37    ,  0.035935   ])
870     , -244.34     , array([ 1556.37    ,  0.0359709  ])
[1.55637263e+03 3.59349919e-02]
872     , -244.737    , array([ 997.756    ,  0.0577315  ])
874     , -244.265    , array([ 1556.95    ,  0.0235884  ])
876     , -244.265    , array([ 1556.95    ,  0.023612   ])
[1.55694930e+03 2.35884472e-02]
878     , -244.457    , array([ 997.756    ,  0.0395513  ])
880     , -244.235    , array([ 1557.45    ,  0.0161628  ])
882     , -244.235    , array([ 1557.45    ,  0.016179   ])
[1.55745273e+03 1.61628108e-02]
884     , -244.742    , array([ 997.756    ,  0.0579884  ])
886     , -244.266    , array([ 1556.94    ,  0.0236934  ])
888     , -244.266    , array([ 1556.94    ,  0.0237171  ])
[1.55694357e+03 2.36933574e-02]
890     , -244.4      , array([ 997.756    ,  0.0347491  ])
892     , -244.229    , array([ 1557.64    ,  0.0142013  ])
894     , -244.229    , array([ 1557.64    ,  0.0142155  ])
[1.55764063e+03 1.42012564e-02]
896     , -245.194    , array([ 997.756    ,  0.0788401  ])
898     , -244.314    , array([ 1556.53    ,  0.0322089  ])
900     , -244.314    , array([ 1556.53    ,  0.0322411  ])
[1.55653147e+03 3.22088879e-02]
902     , -244.219    , array([ 394.073    ,  0.00498697 ])
904     , -244.21     , array([ 615.714    ,  0.00203892 ])
906     , -244.21     , array([ 615.714    ,  0.00204096 ])
[6.15714423e+02 2.03891626e-03]
908     , -246.181    , array([ 394.073    ,  0.0702918  ])
910     , -244.421    , array([ 613.82     ,  0.0286947  ])
912     , -244.421    , array([ 613.82     ,  0.0287234  ])
[6.13820488e+02 2.86946694e-02]
914     , -244.301    , array([ 394.073    ,  0.0151743  ])
916     , -244.219    , array([ 614.807    ,  0.00619942 ])
918     , -244.219    , array([ 614.807    ,  0.00620562 ])
[6.14807407e+02 6.19941959e-03]
920     , -245.064    , array([ 394.073    ,  0.0462583  ])
922     , -244.301    , array([ 614.179    ,  0.0188891  ])
924     , -244.301    , array([ 614.179    ,  0.018908   ])
[6.14179184e+02 1.88891378e-02]
926     , -244.76     , array([ 394.073    ,  0.0371176  ])
928     , -244.268    , array([ 614.325    ,  0.0151584  ])
930     , -244.268    , array([ 614.325    ,  0.0151735  ])
[6.14324692e+02 1.51583813e-02]
932     , -244.392    , array([ 394.073    ,  0.0213561  ])
934     , -244.228    , array([ 614.626    ,  0.00872371 ])
936     , -244.228    , array([ 614.626    ,  0.00873244 ])
[6.14625796e+02 8.72370972e-03]
938     , -244.987    , array([ 394.073    ,  0.0441049  ])
940     , -244.292    , array([ 614.213    ,  0.0180103  ])
942     , -244.293    , array([ 614.213    ,  0.0180283  ])
[6.14212677e+02 1.80102999e-02]
944     , -245.264    , array([ 394.073    ,  0.0513893  ])
946     , -244.322    , array([ 614.101    ,  0.020983   ])
948     , -244.322    , array([ 614.101    ,  0.021004   ])
[6.14100685e+02 2.09830027e-02]
950     , -244.775    , array([ 394.073    ,  0.0376089  ])
952     , -244.27     , array([ 614.317    ,  0.0153589  ])
954     , -244.27     , array([ 614.317    ,  0.0153743  ])
[6.14316605e+02 1.53589468e-02]
956     , -247.294    , array([ 394.073    ,  0.0879652  ])
958     , -244.541    , array([ 613.564    ,  0.0359019  ])
960     , -244.542    , array([ 613.564    ,  0.0359378  ])
[6.13564185e+02 3.59019060e-02]
962     , -245.54     , array([ 394.073    ,  0.0577315  ])
964     , -244.352    , array([ 614.005    ,  0.0235708  ])
966     , -244.352    , array([ 614.005    ,  0.0235944  ])
[6.14005490e+02 2.35707803e-02]
968     , -244.835    , array([ 394.073    ,  0.0395513  ])
970     , -244.276    , array([ 614.285    ,  0.0161518  ])
972     , -244.276    , array([ 614.285    ,  0.0161679  ])
[6.14284985e+02 1.61517518e-02]
974     , -245.552    , array([ 394.073    ,  0.0579884  ])
976     , -244.353    , array([ 614.002    ,  0.0236756  ])
978     , -244.353    , array([ 614.002    ,  0.0236993  ])
[6.14001668e+02 2.36755822e-02]
980     , -244.692    , array([ 394.073    ,  0.0347491  ])
982     , -244.261    , array([ 614.364    ,  0.0141916  ])
984     , -244.261    , array([ 614.364    ,  0.0142058  ])
[6.14364294e+02 1.41915960e-02]
986     , -246.689    , array([ 394.073    ,  0.0788401  ])
988     , -244.476    , array([ 613.696    ,  0.032181   ])
990     , -244.476    , array([ 613.696    ,  0.0322132  ])
[6.13696131e+02 3.21810253e-02]
992     , -244.276    , array([ 57.361     ,  0.00498697 ])
994     , -244.216    , array([ 88.9385    ,  0.0020312  ])
996     , -244.216    , array([ 88.9385    ,  0.00203323 ])
[8.89384853e+01 2.03119865e-03]
998     , -257.038    , array([ 57.361     ,  0.0702918  ])
1000    , -245.635    , array([ 87.9995    ,  0.0284838  ])
1002    , -245.638    , array([ 87.9995    ,  0.0285123  ])
[8.79995350e+01 2.84838138e-02]
1004    , -244.827    , array([ 57.361     ,  0.0151743  ])
1006    , -244.276    , array([ 88.7846    ,  0.00617528 ])
1008    , -244.276    , array([ 88.7846    ,  0.00618145 ])
[8.87846220e+01 6.17527652e-03]
1010    , -249.834    , array([ 57.361     ,  0.0462583  ])
1012    , -244.829    , array([ 88.34      ,  0.0187795  ])
1014    , -244.83     , array([ 88.34      ,  0.0187983  ])
[8.83399956e+01 1.87794963e-02]
1016    , -247.851    , array([ 57.361     ,  0.0371176  ])
1018    , -244.609    , array([ 88.47      ,  0.0150793  ])
1020    , -244.61     , array([ 88.47      ,  0.0150944  ])
[8.84700333e+01 1.50792898e-02]
1022    , -245.428    , array([ 57.361     ,  0.0213561  ])
1024    , -244.342    , array([ 88.6954    ,  0.00868677 ])
1026    , -244.342    , array([ 88.6954    ,  0.00869546 ])
[8.86954465e+01 8.68676774e-03]
1028    , -249.329    , array([ 57.361     ,  0.0441049  ])
1030    , -244.773    , array([ 88.3706    ,  0.0179083  ])
1032    , -244.774    , array([ 88.3706    ,  0.0179262  ])
[8.83705968e+01 1.79082539e-02]
1034    , -251.131    , array([ 57.361     ,  0.0513893  ])
1036    , -244.974    , array([ 88.2672    ,  0.0208543  ])
1038    , -244.975    , array([ 88.2672    ,  0.0208751  ])
[8.82671568e+01 2.08542801e-02]
1040    , -247.947    , array([ 57.361     ,  0.0376089  ])
1042    , -244.62     , array([ 88.463     ,  0.0152783  ])
1044    , -244.62     , array([ 88.463     ,  0.0152936  ])
[8.84630330e+01 1.52783259e-02]
1046    , -264.153    , array([ 57.361     ,  0.0879652  ])
1048    , -246.435    , array([ 87.75      ,  0.0355976  ])
1050    , -246.44     , array([ 87.75      ,  0.0356332  ])
[8.77500323e+01 3.55976302e-02]
1052    , -252.916    , array([ 57.361     ,  0.0577315  ])
1054    , -245.173    , array([ 88.1773    ,  0.0234166  ])
1056    , -245.175    , array([ 88.1773    ,  0.02344    ])
[8.81772506e+01 2.34165679e-02]
1058    , -248.338    , array([ 57.361     ,  0.0395513  ])
1060    , -244.663    , array([ 88.4354    ,  0.016065   ])
1062    , -244.664    , array([ 88.4354    ,  0.016081   ])
[8.84353732e+01 1.60649596e-02]
1064    , -252.992    , array([ 57.361     ,  0.0579884  ])
1066    , -245.182    , array([ 88.1736    ,  0.0235203  ])
1068    , -245.183    , array([ 88.1736    ,  0.0235438  ])
[8.81736118e+01 2.35202933e-02]
1070    , -247.406    , array([ 57.361     ,  0.0347491  ])
1072    , -244.56     , array([ 88.5038    ,  0.0141197  ])
1074    , -244.56     , array([ 88.5038    ,  0.0141338  ])
[8.85037947e+01 1.41196953e-02]
1076    , -260.288    , array([ 57.361     ,  0.0788401  ])
1078    , -246        , array([ 87.8788    ,  0.031927   ])
1080    , -246.004    , array([ 87.8788    ,  0.0319589  ])
[8.78787889e+01 3.19269755e-02]
1082    , -244.213    , array([ 990.055    ,  0.00498697 ])
1084    , -244.209    , array([ 1549.54    ,  0.00204066 ])
1086    , -244.209    , array([ 1549.54    ,  0.0020427  ])
[1.54954213e+03 2.04066165e-03]
1088    , -244.998    , array([ 990.055    ,  0.0702918  ])
1090    , -244.293    , array([ 1544.66    ,  0.0287179  ])
1092    , -244.293    , array([ 1544.66    ,  0.0287467  ])
[1.54465962e+03 2.87179471e-02]
1094    , -244.246    , array([ 990.055    ,  0.0151743  ])
1096    , -244.213    , array([ 1547.24    ,  0.00620467 ])
1098    , -244.213    , array([ 1547.24    ,  0.00621088 ])
[1.54724136e+03 6.20466837e-03]
1100    , -244.551    , array([ 990.055    ,  0.0462583  ])
1102    , -244.245    , array([ 1545.2     ,  0.0189023  ])
1104    , -244.245    , array([ 1545.2     ,  0.0189212  ])
[1.54520492e+03 1.89023064e-02]
1106    , -244.429    , array([ 990.055    ,  0.0371176  ])
1108    , -244.232    , array([ 1545.51    ,  0.0151686  ])
1110    , -244.232    , array([ 1545.51    ,  0.0151838  ])
[1.54550595e+03 1.51686375e-02]
1112    , -244.282    , array([ 990.055    ,  0.0213561  ])
1114    , -244.217    , array([ 1546.45    ,  0.00873016 ])
1116    , -244.217    , array([ 1546.45    ,  0.00873889 ])
[1.54645381e+03 8.73015714e-03]
1118    , -244.52     , array([ 990.055    ,  0.0441049  ])
1120    , -244.242    , array([ 1545.27    ,  0.0180227  ])
1122    , -244.242    , array([ 1545.27    ,  0.0180408  ])
[1.54526813e+03 1.80227353e-02]
1124    , -244.631    , array([ 990.055    ,  0.0513893  ])
1126    , -244.254    , array([ 1545.07    ,  0.020998   ])
1128    , -244.254    , array([ 1545.07    ,  0.021019   ])
[1.54506779e+03 2.09980346e-02]
1130    , -244.435    , array([ 990.055    ,  0.0376089  ])
1132    , -244.233    , array([ 1545.49    ,  0.0153693  ])
1134    , -244.233    , array([ 1545.49    ,  0.0153847  ])
[1.54548720e+03 1.53693462e-02]
1136    , -245.444    , array([ 990.055    ,  0.0879652  ])
1138    , -244.341    , array([ 1544.34    ,  0.0359348  ])
1140    , -244.341    , array([ 1544.34    ,  0.0359708  ])
[1.54434392e+03 3.59348089e-02]
1142    , -244.741    , array([ 990.055    ,  0.0577315  ])
1144    , -244.266    , array([ 1544.92    ,  0.0235883  ])
1146    , -244.266    , array([ 1544.92    ,  0.0236119  ])
[1.54491765e+03 2.35883385e-02]
1148    , -244.459    , array([ 990.055    ,  0.0395513  ])
1150    , -244.236    , array([ 1545.42    ,  0.0161627  ])
1152    , -244.236    , array([ 1545.42    ,  0.0161789  ])
[1.54541640e+03 1.61627321e-02]
1154    , -244.746    , array([ 990.055    ,  0.0579884  ])
1156    , -244.266    , array([ 1544.91    ,  0.0236932  ])
1158    , -244.266    , array([ 1544.91    ,  0.023717   ])
[1.54491192e+03 2.36932479e-02]
1160    , -244.402    , array([ 990.055    ,  0.0347491  ])
1162    , -244.229    , array([ 1545.6     ,  0.0142012  ])
1164    , -244.229    , array([ 1545.6     ,  0.0142154  ])
[1.54560211e+03 1.42011839e-02]
1166    , -245.201    , array([ 990.055    ,  0.0788401  ])
1168    , -244.315    , array([ 1544.5     ,  0.0322087  ])
1170    , -244.315    , array([ 1544.5     ,  0.032241   ])
[1.54450216e+03 3.22087304e-02]
1172    , -244.218    , array([ 448.816    ,  0.00498697 ])
1174    , -244.21     , array([ 701.485    ,  0.00203926 ])
1176    , -244.21     , array([ 701.485    ,  0.0020413  ])
[7.01484553e+02 2.03926231e-03]
1178    , -245.942    , array([ 448.816    ,  0.0702918  ])
1180    , -244.395    , array([ 699.311    ,  0.0286992  ])
1182    , -244.395    , array([ 699.311    ,  0.0287279  ])
[6.99311017e+02 2.86991765e-02]
1184    , -244.29     , array([ 448.816    ,  0.0151743  ])
1186    , -244.218    , array([ 700.378    ,  0.00620014 ])
1188    , -244.218    , array([ 700.378    ,  0.00620635 ])
[7.00377990e+02 6.20014451e-03]
1190    , -244.961    , array([ 448.816    ,  0.0462583  ])
1192    , -244.29     , array([ 699.677    ,  0.0188915  ])
1194    , -244.29     , array([ 699.677    ,  0.0189104  ])
[6.99677229e+02 1.88915402e-02]
1196    , -244.693    , array([ 448.816    ,  0.0371176  ])
1198    , -244.261    , array([ 699.829    ,  0.0151602  ])
1200    , -244.261    , array([ 699.829    ,  0.0151753  ])
[6.99829341e+02 1.51601634e-02]
1202    , -244.369    , array([ 448.816    ,  0.0213561  ])
1204    , -244.226    , array([ 700.161    ,  0.00872467 ])
1206    , -244.226    , array([ 700.161    ,  0.0087334  ])
[7.00161415e+02 8.72466888e-03]
1208    , -244.892    , array([ 448.816    ,  0.0441049  ])
1210    , -244.282    , array([ 699.712    ,  0.0180125  ])
1212    , -244.282    , array([ 699.712    ,  0.0180306  ])
[6.99711945e+02 1.80125469e-02]
1214    , -245.136    , array([ 448.816    ,  0.0513893  ])
1216    , -244.308    , array([ 699.596    ,  0.0209858  ])
1218    , -244.309    , array([ 699.596    ,  0.0210068  ])
[6.99596317e+02 2.09857973e-02]
1220    , -244.706    , array([ 448.816    ,  0.0376089  ])
1222    , -244.262    , array([ 699.821    ,  0.0153608  ])
1224    , -244.262    , array([ 699.821    ,  0.0153761  ])
[6.99820777e+02 1.53607595e-02]
1226    , -246.921    , array([ 448.816    ,  0.0879652  ])
1228    , -244.5      , array([ 699.052    ,  0.0359084  ])
1230    , -244.501    , array([ 699.052    ,  0.0359443  ])
[6.99052429e+02 3.59083894e-02]
1232    , -245.379    , array([ 448.816    ,  0.0577315  ])
1234    , -244.334    , array([ 699.499    ,  0.0235741  ])
1236    , -244.335    , array([ 699.499    ,  0.0235977  ])
[6.99498901e+02 2.35741028e-02]
1238    , -244.759    , array([ 448.816    ,  0.0395513  ])
1240    , -244.268    , array([ 699.787    ,  0.0161537  ])
1242    , -244.268    , array([ 699.787    ,  0.0161699  ])
[6.99787457e+02 1.61536888e-02]
1244    , -245.389    , array([ 448.816    ,  0.0579884  ])
1246    , -244.336    , array([ 699.495    ,  0.0236789  ])
1248    , -244.336    , array([ 699.495    ,  0.0237026  ])
[6.99494999e+02 2.36789270e-02]
1250    , -244.633    , array([ 448.816    ,  0.0347491  ])
1252    , -244.254    , array([ 699.871    ,  0.0141932  ])
1254    , -244.254    , array([ 699.871    ,  0.0142074  ])
[6.99871417e+02 1.41932341e-02]
1256    , -246.389    , array([ 448.816    ,  0.0788401  ])
1258    , -244.443    , array([ 699.185    ,  0.0321864  ])
1260    , -244.444    , array([ 699.185    ,  0.0322186  ])
[6.99185387e+02 3.21864435e-02]
1262    , -244.213    , array([ 966.646    ,  0.00498697 ])
1264    , -244.209    , array([ 1512.89    ,  0.00204065 ])
1266    , -244.209    , array([ 1512.89    ,  0.00204269 ])
[1.51288878e+03 2.04065173e-03]
1268    , -245.017    , array([ 966.646    ,  0.0702918  ])
1270    , -244.295    , array([ 1508.09    ,  0.0287175  ])
1272    , -244.295    , array([ 1508.09    ,  0.0287463  ])
[1.50809164e+03 2.87175230e-02]
1274    , -244.246    , array([ 966.646    ,  0.0151743  ])
1276    , -244.213    , array([ 1510.58    ,  0.00620452 ])
1278    , -244.213    , array([ 1510.58    ,  0.00621073 ])
[1.51058491e+03 6.20452011e-03]
1280    , -244.559    , array([ 966.646    ,  0.0462583  ])
1282    , -244.246    , array([ 1508.62    ,  0.018902   ])
1284    , -244.246    , array([ 1508.62    ,  0.0189209  ])
[1.50862486e+03 1.89020322e-02]
1286    , -244.434    , array([ 966.646    ,  0.0371176  ])
1288    , -244.233    , array([ 1508.92    ,  0.0151684  ])
1290    , -244.233    , array([ 1508.92    ,  0.0151836  ])
[1.50891624e+03 1.51684046e-02]
1292    , -244.283    , array([ 966.646    ,  0.0213561  ])
1294    , -244.217    , array([ 1509.83    ,  0.00872998 ])
1296    , -244.217    , array([ 1509.83    ,  0.00873871 ])
[1.50982698e+03 8.72998050e-03]
1298    , -244.527    , array([ 966.646    ,  0.0441049  ])
1300    , -244.243    , array([ 1508.69    ,  0.0180225  ])
1302    , -244.243    , array([ 1508.69    ,  0.0180405  ])
[1.50868614e+03 1.80224712e-02]
1304    , -244.641    , array([ 966.646    ,  0.0513893  ])
1306    , -244.255    , array([ 1508.49    ,  0.0209977  ])
1308    , -244.255    , array([ 1508.49    ,  0.0210187  ])
[1.50849143e+03 2.09977332e-02]
1310    , -244.44     , array([ 966.646    ,  0.0376089  ])
1312    , -244.234    , array([ 1508.9     ,  0.0153691  ])
1314    , -244.234    , array([ 1508.9     ,  0.0153845  ])
[1.50889814e+03 1.53691114e-02]
1316    , -245.474    , array([ 966.646    ,  0.0879652  ])
1318    , -244.344    , array([ 1507.78    ,  0.0359342  ])
1320    , -244.345    , array([ 1507.78    ,  0.0359702  ])
[1.50777992e+03 3.59342372e-02]
1322    , -244.754    , array([ 966.646    ,  0.0577315  ])
1324    , -244.267    , array([ 1508.34    ,  0.023588   ])
1326    , -244.267    , array([ 1508.34    ,  0.0236116  ])
[1.50834488e+03 2.35880003e-02]
1328    , -244.465    , array([ 966.646    ,  0.0395513  ])
1330    , -244.236    , array([ 1508.83    ,  0.0161625  ])
1332    , -244.236    , array([ 1508.83    ,  0.0161787  ])
[1.50882970e+03 1.61624888e-02]
1334    , -244.759    , array([ 966.646    ,  0.0579884  ])
1336    , -244.268    , array([ 1508.34    ,  0.0236929  ])
1338    , -244.268    , array([ 1508.34    ,  0.0237166  ])
[1.50833927e+03 2.36929081e-02]
1340    , -244.406    , array([ 966.646    ,  0.0347491  ])
1342    , -244.23     , array([ 1509.01    ,  0.014201   ])
1344    , -244.23     , array([ 1509.01    ,  0.0142152  ])
[1.50900887e+03 1.42009600e-02]
1346    , -245.225    , array([ 966.646    ,  0.0788401  ])
1348    , -244.318    , array([ 1507.94    ,  0.0322082  ])
1350    , -244.318    , array([ 1507.94    ,  0.0322405  ])
[1.50793638e+03 3.22082387e-02]
