-265.965, 111.693, 0.0527918
-262.942, 173.174, 0.0215018
-262.942, 173.174, 0.0215233
-264.672, 111.693, 0.041471
-262.801, 173.319, 0.0168978
-262.801, 173.319, 0.0169147
-263.2, 111.693, 0.0225899
-262.641, 173.563, 0.00921088
-262.641, 173.563, 0.00922009
-265.077, 111.693, 0.0453137
-262.845, 173.27, 0.018461
-262.846, 173.27, 0.0184795
-265.396, 111.693, 0.0481323
-262.88, 173.233, 0.0196073
-262.88, 173.233, 0.0196269
-273.981, 111.693, 0.0971293
-263.816, 172.603, 0.0394965
-263.818, 172.603, 0.0395361
-262.872, 111.693, 0.0155737
-262.606, 173.656, 0.00635174
-262.606, 173.656, 0.00635809
-264.342, 111.693, 0.0380459
-262.765, 173.363, 0.0155042
-262.765, 173.363, 0.0155197
-272.678, 111.693, 0.0913912
-263.674, 172.677, 0.037171
-263.676, 172.677, 0.0372081
-265.005, 111.693, 0.0446582
-262.837, 173.278, 0.0181944
-262.838, 173.278, 0.0182126
-273.552, 111.693, 0.0952789
-263.769, 172.627, 0.0387467
-263.771, 172.627, 0.0387855
-263.936, 111.693, 0.0333828
-262.721, 173.423, 0.0136062
-262.721, 173.423, 0.0136198
-272.096, 111.693, 0.0887071
-263.61, 172.712, 0.0360828
-263.612, 172.712, 0.0361189
-266.84, 111.693, 0.0592494
-263.037, 173.091, 0.0241262
-263.038, 173.091, 0.0241504
-271.392, 111.693, 0.085349
-263.533, 172.755, 0.0347211
-263.535, 172.755, 0.0347558
-264.948, 160.824, 0.0527918
-262.83, 249.899, 0.021525
-262.831, 249.899, 0.0215466
-264.041, 160.824, 0.041471
-262.732, 250.045, 0.016914
-262.732, 250.045, 0.0169309
-263.011, 160.824, 0.0225899
-262.621, 250.293, 0.00921784
-262.621, 250.293, 0.00922706
-264.325, 160.824, 0.0453137
-262.763, 249.996, 0.0184795
-262.763, 249.996, 0.0184979
-264.548, 160.824, 0.0481323
-262.787, 249.959, 0.0196275
-262.787, 249.959, 0.0196471
-270.575, 160.824, 0.0971293
-263.44, 249.329, 0.0395585
-263.442, 249.329, 0.0395981
-262.782, 160.824, 0.0155737
-262.596, 250.392, 0.0063561
-262.596, 250.392, 0.00636246
-263.81, 160.824, 0.0380459
-262.707, 250.09, 0.0155184
-262.707, 250.09, 0.015534
-269.66, 160.824, 0.0913912
-263.341, 249.403, 0.0372269
-263.342, 249.403, 0.0372642
-264.275, 160.824, 0.0446582
-262.757, 250.004, 0.0182124
-262.758, 250.004, 0.0182307
-270.274, 160.824, 0.0952789
-263.407, 249.353, 0.0388067
-263.409, 249.353, 0.0388455
-263.526, 160.824, 0.0333828
-262.676, 250.15, 0.013618
-262.676, 250.15, 0.0136317
-269.251, 160.824, 0.0887071
-263.297, 249.437, 0.036136
-263.298, 249.437, 0.0361722
-265.561, 160.824, 0.0592494
-262.897, 249.816, 0.024154
-262.897, 249.816, 0.0241782
-268.756, 160.824, 0.085349
-263.243, 249.481, 0.034771
-263.244, 249.481, 0.0348058
-265.048, 154.183, 0.0527918
-262.841, 239.529, 0.0215228
-262.842, 239.529, 0.0215443
-264.103, 154.183, 0.041471
-262.739, 239.674, 0.0169124
-262.739, 239.674, 0.0169293
-263.029, 154.183, 0.0225899
-262.623, 239.921, 0.00921715
-262.623, 239.921, 0.00922637
-264.399, 154.183, 0.0453137
-262.771, 239.625, 0.0184776
-262.771, 239.625, 0.0184961
-264.632, 154.183, 0.0481323
-262.796, 239.588, 0.0196255
-262.796, 239.588, 0.0196451
-270.912, 154.183, 0.0971293
-263.477, 238.958, 0.0395524
-263.479, 238.958, 0.039592
-262.791, 154.183, 0.0155737
-262.597, 240.019, 0.00635567
-262.597, 240.019, 0.00636202
-263.862, 154.183, 0.0380459
-262.713, 239.719, 0.015517
-262.713, 239.719, 0.0155326
-269.958, 154.183, 0.0913912
-263.374, 239.032, 0.0372214
-263.375, 239.032, 0.0372587
-264.347, 154.183, 0.0446582
-262.765, 239.633, 0.0182107
-262.765, 239.633, 0.0182289
-270.598, 154.183, 0.0952789
-263.443, 238.982, 0.0388008
-263.445, 238.982, 0.0388396
-263.566, 154.183, 0.0333828
-262.681, 239.779, 0.0136169
-262.681, 239.779, 0.0136305
-269.532, 154.183, 0.0887071
-263.327, 239.067, 0.0361308
-263.329, 239.067, 0.036167
-265.687, 154.183, 0.0592494
-262.91, 239.446, 0.0241513
-262.911, 239.446, 0.0241755
-269.017, 154.183, 0.085349
-263.271, 239.11, 0.0347661
-263.273, 239.11, 0.0348009
-263.181, 636.654, 0.0527918
-262.639, 993.031, 0.0215654
-262.639, 993.031, 0.021587
-262.949, 636.654, 0.041471
-262.614, 993.227, 0.0169425
-262.614, 993.227, 0.0169595
-262.685, 636.654, 0.0225899
-262.585, 993.721, 0.00923116
-262.585, 993.721, 0.0092404
-263.021, 636.654, 0.0453137
-262.621, 993.157, 0.0185118
-262.622, 993.157, 0.0185303
-263.079, 636.654, 0.0481323
-262.628, 993.108, 0.0196628
-262.628, 993.108, 0.0196824
-264.628, 636.654, 0.0971293
-262.794, 992.4, 0.0396647
-262.794, 992.4, 0.0397044
-262.626, 636.654, 0.0155737
-262.579, 994.11, 0.00636528
-262.579, 994.11, 0.00637165
-262.889, 636.654, 0.0380459
-262.607, 993.294, 0.0155438
-262.607, 993.294, 0.0155593
-264.393, 636.654, 0.0913912
-262.769, 992.477, 0.0373229
-262.769, 992.477, 0.0373602
-263.008, 636.654, 0.0446582
-262.62, 993.168, 0.0182441
-262.62, 993.168, 0.0182624
-264.551, 636.654, 0.0952789
-262.786, 992.425, 0.0389096
-262.786, 992.425, 0.0389485
-262.817, 636.654, 0.0333828
-262.6, 993.395, 0.0136393
-262.6, 993.395, 0.013653
-264.287, 636.654, 0.0887071
-262.757, 992.514, 0.0362274
-262.758, 992.514, 0.0362636
-263.339, 636.654, 0.0592494
-262.655, 992.931, 0.0242021
-262.656, 992.931, 0.0242263
-264.16, 636.654, 0.085349
-262.744, 992.559, 0.0348568
-262.744, 992.559, 0.0348916
-263.423, 454.529, 0.0527918
-262.665, 708.575, 0.0215596
-262.665, 708.575, 0.0215812
-263.098, 454.529, 0.041471
-262.63, 708.74, 0.0169383
-262.63, 708.74, 0.0169552
-262.729, 454.529, 0.0225899
-262.59, 709.089, 0.00922881
-262.59, 709.089, 0.00923804
-263.2, 454.529, 0.0453137
-262.641, 708.682, 0.018507
-262.641, 708.682, 0.0185256
-263.28, 454.529, 0.0481323
-262.649, 708.641, 0.0196576
-262.649, 708.641, 0.0196773
-265.445, 454.529, 0.0971293
-262.882, 707.982, 0.0396501
-262.883, 707.982, 0.0396898
-262.648, 454.529, 0.0155737
-262.581, 709.315, 0.00636343
-262.581, 709.315, 0.0063698
-263.015, 454.529, 0.0380459
-262.621, 708.793, 0.0155399
-262.621, 708.793, 0.0155555
-265.116, 454.529, 0.0913912
-262.847, 708.057, 0.0373096
-262.847, 708.057, 0.037347
-263.182, 454.529, 0.0446582
-262.639, 708.692, 0.0182394
-262.639, 708.692, 0.0182577
-265.337, 454.529, 0.0952789
-262.87, 708.006, 0.0388954
-262.871, 708.006, 0.0389343
-262.914, 454.529, 0.0333828
-262.61, 708.87, 0.013636
-262.61, 708.87, 0.0136496
-264.969, 454.529, 0.0887071
-262.831, 708.092, 0.0362148
-262.831, 708.092, 0.036251
-263.643, 454.529, 0.0592494
-262.688, 708.485, 0.0241953
-262.689, 708.485, 0.0242195
-264.791, 454.529, 0.085349
-262.812, 708.136, 0.0348449
-262.812, 708.136, 0.0348798
-263.183, 634.797, 0.0527918
-262.639, 990.13, 0.0215654
-262.639, 990.13, 0.021587
-262.95, 634.797, 0.041471
-262.614, 990.325, 0.0169425
-262.614, 990.325, 0.0169595
-262.685, 634.797, 0.0225899
-262.585, 990.818, 0.00923114
-262.585, 990.818, 0.00924038
-263.023, 634.797, 0.0453137
-262.622, 990.255, 0.0185118
-262.622, 990.255, 0.0185303
-263.08, 634.797, 0.0481323
-262.628, 990.207, 0.0196627
-262.628, 990.207, 0.0196824
-264.634, 634.797, 0.0971293
-262.794, 989.499, 0.0396646
-262.795, 989.499, 0.0397043
-262.627, 634.797, 0.0155737
-262.579, 991.204, 0.00636527
-262.579, 991.204, 0.00637164
-262.89, 634.797, 0.0380459
-262.607, 990.392, 0.0155438
-262.607, 990.392, 0.0155593
-264.398, 634.797, 0.0913912
-262.769, 989.576, 0.0373228
-262.77, 989.576, 0.0373601
-263.01, 634.797, 0.0446582
-262.62, 990.267, 0.0182441
-262.62, 990.267, 0.0182623
-264.556, 634.797, 0.0952789
-262.786, 989.524, 0.0389095
-262.787, 989.524, 0.0389484
-262.817, 634.797, 0.0333828
-262.6, 990.493, 0.0136393
-262.6, 990.493, 0.013653
-264.292, 634.797, 0.0887071
-262.758, 989.613, 0.0362273
-262.758, 989.613, 0.0362635
-263.341, 634.797, 0.0592494
-262.656, 990.03, 0.0242021
-262.656, 990.03, 0.0242263
-264.165, 634.797, 0.085349
-262.744, 989.659, 0.0348567
-262.744, 989.659, 0.0348916
-263.272, 553.813, 0.0527918
-262.648, 863.639, 0.0215632
-262.648, 863.639, 0.0215848
-263.004, 553.813, 0.041471
-262.62, 863.819, 0.0169409
-262.62, 863.819, 0.0169578
-262.701, 553.813, 0.0225899
-262.587, 864.239, 0.00923021
-262.587, 864.239, 0.00923944
-263.088, 553.813, 0.0453137
-262.629, 863.755, 0.01851
-262.629, 863.755, 0.0185285
-263.154, 553.813, 0.0481323
-262.636, 863.71, 0.0196608
-262.636, 863.71, 0.0196805
-264.934, 553.813, 0.0971293
-262.827, 863.028, 0.0396592
-262.827, 863.028, 0.0396989
-262.634, 553.813, 0.0155737
-262.58, 864.546, 0.00636451
-262.58, 864.546, 0.00637088
-262.936, 553.813, 0.0380459
-262.612, 863.879, 0.0155423
-262.612, 863.879, 0.0155578
-264.663, 553.813, 0.0913912
-262.798, 863.104, 0.0373179
-262.798, 863.104, 0.0373552
-263.073, 553.813, 0.0446582
-262.627, 863.766, 0.0182423
-262.627, 863.766, 0.0182606
-264.845, 553.813, 0.0952789
-262.817, 863.053, 0.0389042
-262.818, 863.053, 0.0389432
-262.853, 553.813, 0.0333828
-262.603, 863.968, 0.013638
-262.603, 863.968, 0.0136517
-264.542, 553.813, 0.0887071
-262.785, 863.14, 0.0362226
-262.785, 863.14, 0.0362589
-263.453, 553.813, 0.0592494
-262.668, 863.545, 0.0241995
-262.668, 863.545, 0.0242237
-264.396, 553.813, 0.085349
-262.769, 863.185, 0.0348523
-262.769, 863.185, 0.0348872
-263.659, 355.029, 0.0527918
-262.69, 553.18, 0.0215542
-262.69, 553.18, 0.0215758
-263.244, 355.029, 0.041471
-262.646, 553.335, 0.0169344
-262.646, 553.335, 0.0169513
-262.773, 355.029, 0.0225899
-262.595, 553.632, 0.0092269
-262.595, 553.632, 0.00923613
-263.374, 355.029, 0.0453137
-262.659, 553.281, 0.0185027
-262.66, 553.281, 0.0185212
-263.476, 355.029, 0.0481323
-262.67, 553.243, 0.0196529
-262.671, 553.243, 0.0196725
-266.242, 355.029, 0.0971293
-262.968, 552.599, 0.0396359
-262.969, 552.599, 0.0396756
-262.668, 355.029, 0.0155737
-262.584, 553.796, 0.00636204
-262.584, 553.796, 0.0063684
-263.138, 355.029, 0.0380459
-262.634, 553.383, 0.0155365
-262.634, 553.383, 0.015552
-265.822, 355.029, 0.0913912
-262.923, 552.674, 0.0372968
-262.924, 552.674, 0.0373342
-263.351, 355.029, 0.0446582
-262.657, 553.29, 0.0182352
-262.657, 553.29, 0.0182534
-266.104, 355.029, 0.0952789
-262.953, 552.623, 0.0388817
-262.954, 552.623, 0.0389206
-263.008, 355.029, 0.0333828
-262.62, 553.452, 0.0136331
-262.62, 553.452, 0.0136467
-265.634, 355.029, 0.0887071
-262.903, 552.708, 0.0362026
-262.903, 552.708, 0.0362388
-263.941, 355.029, 0.0592494
-262.72, 553.094, 0.0241888
-262.721, 553.094, 0.024213
-265.407, 355.029, 0.085349
-262.878, 552.752, 0.0348335
-262.879, 552.752, 0.0348683
-264.833, 169.13, 0.0527918
-262.818, 262.87, 0.0215276
-262.818, 262.87, 0.0215492
-263.97, 169.13, 0.041471
-262.724, 263.016, 0.0169158
-262.725, 263.016, 0.0169327
-262.989, 169.13, 0.0225899
-262.618, 263.264, 0.00921862
-262.618, 263.264, 0.00922784
-264.24, 169.13, 0.0453137
-262.753, 262.966, 0.0184815
-262.754, 262.966, 0.0185
-264.453, 169.13, 0.0481323
-262.776, 262.93, 0.0196297
-262.777, 262.93, 0.0196494
-270.19, 169.13, 0.0971293
-263.398, 262.299, 0.0395654
-263.399, 262.299, 0.039605
-262.772, 169.13, 0.0155737
-262.595, 263.365, 0.00635659
-262.595, 263.365, 0.00636295
-263.75, 169.13, 0.0380459
-262.7, 263.06, 0.01552
-262.701, 263.06, 0.0155356
-269.319, 169.13, 0.0913912
-263.303, 262.373, 0.0372332
-263.305, 262.373, 0.0372704
-264.192, 169.13, 0.0446582
-262.748, 262.974, 0.0182145
-262.749, 262.974, 0.0182327
-269.904, 169.13, 0.0952789
-263.367, 262.323, 0.0388134
-263.368, 262.323, 0.0388523
-263.48, 169.13, 0.0333828
-262.671, 263.121, 0.0136194
-262.671, 263.121, 0.013633
-268.93, 169.13, 0.0887071
-263.261, 262.408, 0.036142
-263.263, 262.408, 0.0361782
-265.417, 169.13, 0.0592494
-262.881, 262.787, 0.0241571
-262.881, 262.787, 0.0241813
-268.459, 169.13, 0.085349
-263.21, 262.451, 0.0347766
-263.212, 262.451, 0.0348114
-269.497, 53.2016, 0.0527918
-263.337, 81.8254, 0.0214182
-263.339, 81.8254, 0.0214397
-266.871, 53.2016, 0.041471
-263.046, 81.9711, 0.0168396
-263.047, 81.9711, 0.0168565
-263.863, 53.2016, 0.0225899
-262.714, 82.2146, 0.00918595
-262.715, 82.2146, 0.00919514
-267.694, 53.2016, 0.0453137
-263.137, 81.9217, 0.0183946
-263.138, 81.9217, 0.018413
-268.342, 53.2016, 0.0481323
-263.209, 81.8854, 0.0195346
-263.21, 81.8854, 0.0195542
-285.658, 53.2016, 0.0971293
-265.141, 81.2519, 0.0392754
-265.146, 81.2519, 0.0393147
-263.19, 53.2016, 0.0155737
-262.641, 82.3055, 0.00633627
-262.641, 82.3055, 0.00634261
-266.197, 53.2016, 0.0380459
-262.971, 82.0152, 0.0154528
-262.972, 82.0152, 0.0154683
-283.04, 53.2016, 0.0913912
-264.849, 81.3265, 0.0369711
-264.853, 81.3265, 0.037008
-267.548, 53.2016, 0.0446582
-263.121, 81.9301, 0.0181294
-263.122, 81.9301, 0.0181476
-284.797, 53.2016, 0.0952789
-265.045, 81.276, 0.0385325
-265.05, 81.276, 0.0385711
-265.371, 53.2016, 0.0333828
-262.88, 82.0753, 0.0135636
-262.881, 82.0753, 0.0135772
-281.869, 53.2016, 0.0887071
-264.718, 81.3613, 0.0358925
-264.722, 81.3613, 0.0359284
-271.27, 53.2016, 0.0592494
-263.535, 81.7422, 0.0240264
-263.537, 81.7422, 0.0240505
-280.452, 53.2016, 0.085349
-264.56, 81.4049, 0.0345424
-264.564, 81.4049, 0.034577
-263.352, 496.054, 0.0527918
-262.657, 773.427, 0.0215613
-262.657, 773.427, 0.0215829
-263.054, 496.054, 0.041471
-262.625, 773.598, 0.0169395
-262.625, 773.598, 0.0169564
-262.716, 496.054, 0.0225899
-262.589, 773.974, 0.00922944
-262.589, 773.974, 0.00923867
-263.148, 496.054, 0.0453137
-262.635, 773.538, 0.0185084
-262.635, 773.538, 0.0185269
-263.221, 496.054, 0.0481323
-262.643, 773.496, 0.0196591
-262.643, 773.496, 0.0196787
-265.207, 496.054, 0.0971293
-262.856, 772.828, 0.0396543
-262.857, 772.828, 0.039694
-262.641, 496.054, 0.0155737
-262.581, 774.232, 0.00636391
-262.581, 774.232, 0.00637028
-262.978, 496.054, 0.0380459
-262.617, 773.654, 0.015541
-262.617, 773.654, 0.0155566
-264.905, 496.054, 0.0913912
-262.824, 772.903, 0.0373135
-262.824, 772.903, 0.0373508
-263.131, 496.054, 0.0446582
-262.633, 773.548, 0.0182408
-262.633, 773.548, 0.018259
-265.107, 496.054, 0.0952789
-262.846, 772.852, 0.0388995
-262.846, 772.852, 0.0389384
-262.885, 496.054, 0.0333828
-262.607, 773.735, 0.0136369
-262.607, 773.735, 0.0136506
-264.77, 496.054, 0.0887071
-262.809, 772.939, 0.0362184
-262.81, 772.939, 0.0362547
-263.554, 496.054, 0.0592494
-262.679, 773.336, 0.0241972
-262.679, 773.336, 0.0242215
-264.607, 496.054, 0.085349
-262.792, 772.983, 0.0348483
-262.792, 772.983, 0.0348832
-263.466, 432.675, 0.0527918
-262.669, 674.443, 0.0215586
-262.669, 674.443, 0.0215802
-263.124, 432.675, 0.041471
-262.633, 674.606, 0.0169376
-262.633, 674.606, 0.0169545
-262.737, 432.675, 0.0225899
-262.591, 674.942, 0.00922845
-262.591, 674.942, 0.00923768
-263.231, 432.675, 0.0453137
-262.644, 674.549, 0.0185062
-262.644, 674.549, 0.0185247
-263.315, 432.675, 0.0481323
-262.653, 674.509, 0.0196567
-262.653, 674.509, 0.0196764
-265.589, 432.675, 0.0971293
-262.897, 673.854, 0.0396475
-262.898, 673.854, 0.0396872
-262.651, 432.675, 0.0155737
-262.582, 675.152, 0.00636316
-262.582, 675.152, 0.00636953
-263.037, 432.675, 0.0380459
-262.623, 674.658, 0.0155393
-262.623, 674.658, 0.0155548
-265.244, 432.675, 0.0913912
-262.86, 673.929, 0.0373073
-262.861, 673.929, 0.0373447
-263.212, 432.675, 0.0446582
-262.642, 674.559, 0.0182387
-262.642, 674.559, 0.0182569
-265.475, 432.675, 0.0952789
-262.885, 673.878, 0.0388929
-262.886, 673.878, 0.0389318
-262.931, 432.675, 0.0333828
-262.612, 674.733, 0.0136354
-262.612, 674.733, 0.0136491
-265.089, 432.675, 0.0887071
-262.844, 673.964, 0.0362126
-262.844, 673.964, 0.0362488
-263.697, 432.675, 0.0592494
-262.694, 674.355, 0.0241941
-262.694, 674.355, 0.0242183
-264.903, 432.675, 0.085349
-262.824, 674.008, 0.0348428
-262.824, 674.008, 0.0348777
-263.071, 777.687, 0.0527918
-262.627, 1213.33, 0.0215683
-262.627, 1213.33, 0.0215899
-262.881, 777.687, 0.041471
-262.606, 1213.56, 0.0169447
-262.606, 1213.56, 0.0169617
-262.665, 777.687, 0.0225899
-262.583, 1214.21, 0.00923254
-262.583, 1214.21, 0.00924178
-262.94, 777.687, 0.0453137
-262.613, 1213.48, 0.0185142
-262.613, 1213.48, 0.0185327
-262.987, 777.687, 0.0481323
-262.618, 1213.42, 0.0196653
-262.618, 1213.42, 0.019685
-264.257, 777.687, 0.0971293
-262.754, 1212.65, 0.0396715
-262.754, 1212.65, 0.0397112
-262.617, 777.687, 0.0155737
-262.578, 1214.76, 0.00636643
-262.578, 1214.76, 0.0063728
-262.832, 777.687, 0.0380459
-262.601, 1213.64, 0.0155458
-262.601, 1213.64, 0.0155614
-264.064, 777.687, 0.0913912
-262.733, 1212.73, 0.037329
-262.734, 1212.73, 0.0373664
-262.93, 777.687, 0.0446582
-262.612, 1213.49, 0.0182465
-262.612, 1213.49, 0.0182647
-264.194, 777.687, 0.0952789
-262.747, 1212.68, 0.0389161
-262.747, 1212.68, 0.0389551
-262.773, 777.687, 0.0333828
-262.595, 1213.77, 0.0136411
-262.595, 1213.77, 0.0136548
-263.978, 777.687, 0.0887071
-262.724, 1212.77, 0.0362333
-262.724, 1212.77, 0.0362695
-263.2, 777.687, 0.0592494
-262.641, 1213.22, 0.0242054
-262.641, 1213.22, 0.0242296
-263.874, 777.687, 0.085349
-262.713, 1212.82, 0.0348623
-262.713, 1212.82, 0.0348972
-263.527, 404.478, 0.0527918
-262.676, 630.406, 0.0215572
-262.676, 630.406, 0.0215788
-263.163, 404.478, 0.041471
-262.637, 630.566, 0.0169365
-262.637, 630.566, 0.0169535
-262.749, 404.478, 0.0225899
-262.592, 630.886, 0.00922794
-262.592, 630.886, 0.00923717
-263.277, 404.478, 0.0453137
-262.649, 630.511, 0.0185051
-262.649, 630.511, 0.0185236
-263.367, 404.478, 0.0481323
-262.659, 630.471, 0.0196555
-262.659, 630.471, 0.0196752
-265.798, 404.478, 0.0971293
-262.92, 629.821, 0.0396438
-262.921, 629.821, 0.0396835
-262.657, 404.478, 0.0155737
-262.582, 631.079, 0.00636278
-262.582, 631.079, 0.00636915
-263.069, 404.478, 0.0380459
-262.627, 630.617, 0.0155384
-262.627, 630.617, 0.0155539
-265.428, 404.478, 0.0913912
-262.88, 629.895, 0.037304
-262.881, 629.895, 0.0373413
-263.257, 404.478, 0.0446582
-262.647, 630.52, 0.0182375
-262.647, 630.52, 0.0182558
-265.676, 404.478, 0.0952789
-262.907, 629.845, 0.0388893
-262.908, 629.845, 0.0389282
-262.955, 404.478, 0.0333828
-262.614, 630.689, 0.0136347
-262.615, 630.689, 0.0136483
-265.263, 404.478, 0.0887071
-262.863, 629.93, 0.0362094
-262.863, 629.93, 0.0362456
-263.775, 404.478, 0.0592494
-262.703, 630.319, 0.0241924
-262.703, 630.319, 0.0242166
-265.064, 404.478, 0.085349
-262.841, 629.974, 0.0348398
-262.842, 629.974, 0.0348747
-263.415, 459.021, 0.0527918
-262.664, 715.59, 0.0215598
-262.664, 715.59, 0.0215814
-263.093, 459.021, 0.041471
-262.629, 715.756, 0.0169384
-262.629, 715.756, 0.0169554
-262.728, 459.021, 0.0225899
-262.59, 716.107, 0.00922888
-262.59, 716.107, 0.00923811
-263.194, 459.021, 0.0453137
-262.64, 715.698, 0.0185072
-262.64, 715.698, 0.0185257
-263.273, 459.021, 0.0481323
-262.649, 715.657, 0.0196578
-262.649, 715.657, 0.0196775
-265.417, 459.021, 0.0971293
-262.879, 714.997, 0.0396506
-262.88, 714.997, 0.0396903
-262.647, 459.021, 0.0155737
-262.581, 716.336, 0.00636348
-262.581, 716.336, 0.00636985
-263.011, 459.021, 0.0380459
-262.62, 715.809, 0.0155401
-262.62, 715.809, 0.0155556
-265.092, 459.021, 0.0913912
-262.844, 715.072, 0.0373101
-262.844, 715.072, 0.0373474
-263.176, 459.021, 0.0446582
-262.638, 715.708, 0.0182396
-262.638, 715.708, 0.0182578
-265.31, 459.021, 0.0952789
-262.867, 715.021, 0.0388959
-262.868, 715.021, 0.0389348
-262.91, 459.021, 0.0333828
-262.61, 715.887, 0.0136361
-262.61, 715.887, 0.0136497
-264.946, 459.021, 0.0887071
-262.828, 715.107, 0.0362152
-262.829, 715.107, 0.0362514
-263.633, 459.021, 0.0592494
-262.687, 715.5, 0.0241955
-262.687, 715.5, 0.0242197
-264.77, 459.021, 0.085349
-262.809, 715.151, 0.0348453
-262.81, 715.151, 0.0348802
-59.8159, 0.0396758, 0.00669272
-262.508, 0.0194165, 0.0134847
-262.616, 0.0194165, 0.0134982
-58.6604, 0.0385364, 0.00688693
-149.271, 0.0396362, 0.00271685
-149.152, 0.0396362, 0.00271957
-94.1272, 0.019354, 0.00545033
-77.5316, 0.0290913, 0.00366728
-77.4404, 0.0290913, 0.00367095
-58.5333, 0.0396758, 0.00716197
-267.492, 0.0201252, 0.0149402
-267.576, 0.0201252, 0.0149552
-58.4382, 0.0393719, 0.00722197
-170.446, 0.0396362, 0.00225487
-170.339, 0.0396362, 0.00225712
-70.9773, 0.0193656, 0.00452633
-179.908, 0.0396362, 0.0020593
-179.806, 0.0396362, 0.00206136
-64.1326, 0.0193604, 0.00413262
-241.174, 0.0396362, 0.000791835
-241.14, 0.0396362, 0.000792627
-125.267, 0.0194074, 0.00159303
-262.574, 0.00110995, 0.0260961
-262.574, 0.00110995, 0.0261222
-121.212, 0.00976811, 0.00311666
-69.2366, 0.0149269, 0.00205702
-69.1652, 0.0149269, 0.00205908
-59.4949, 0.0132825, 0.00230789
-66.6711, 0.0396362, 0.00923778
-66.7457, 0.0396362, 0.00924703
-174.393, 0.0830411, 0.00470747
-58.2213, 0.044529, 0.00830667
-58.22, 0.044529, 0.00831498
-60.4628, 0.0396758, 0.00655671
-260.284, 0.0193757, 0.0131823
-260.4, 0.0193757, 0.0131955
-58.7623, 0.0382851, 0.00678901
-239.644, 0.0396362, 0.000829593
-239.61, 0.0396362, 0.000830423
-119.497, 0.0193972, 0.00166809
-262.574, 0.00110702, 0.0272665
-262.574, 0.00110702, 0.0272938
-127.259, 0.0098418, 0.0032347
-59.7446, 0.0137334, 0.00233436
-59.7295, 0.0137334, 0.0023367
-71.8525, 0.0396758, 0.00539481
-231.769, 0.0193056, 0.0108059
-231.945, 0.0193056, 0.0108167
-60.2498, 0.0358356, 0.00595209
-163.442, 0.0396362, 0.00240327
-163.33, 0.0396362, 0.00240568
-77.5524, 0.0193618, 0.00482327
-81.079, 0.0278827, 0.00338163
-80.9817, 0.0278827, 0.00338502
-130.335, 0.0396758, 0.00317861
-122.066, 0.0193235, 0.00637288
-122.262, 0.0193235, 0.00637926
-70.2072, 0.0301275, 0.00414956
-66.2941, 0.0396362, 0.00919068
-66.3664, 0.0396362, 0.00919987
-174.934, 0.0826502, 0.00465949
-58.2263, 0.0443493, 0.0082829
-58.2254, 0.0443493, 0.00829119
-115.801, 0.0396758, 0.00357646
-146.366, 0.019313, 0.00716654
-146.579, 0.019313, 0.00717371
-59.5602, 0.0287048, 0.00489045
-203.122, 0.0396362, 0.00159378
-203.043, 0.0396362, 0.00159538
-60.3059, 0.0193813, 0.00320196
-96.6982, 0.0619689, 0.00669272
-96.5842, 0.0619689, 0.00669942
-173.952, 0.0301041, 0.0133551
-59.3495, 0.0488699, 0.00839764
-59.3223, 0.0488699, 0.00840604
-197.383, 0.0620309, 0.00271685
-58.7979, 0.0300978, 0.00542587
-58.7937, 0.0300978, 0.0054313
-89.3237, 0.0620309, 0.00716197
-187.473, 0.0299434, 0.0142261
-187.661, 0.0299434, 0.0142404
-59.9228, 0.0510335, 0.00861002
-211.838, 0.0619689, 0.00225487
-211.769, 0.0619689, 0.00225712
-64.7836, 0.0301367, 0.0045046
-217.94, 0.0619689, 0.0020593
-217.876, 0.0619689, 0.00206136
-70.8887, 0.0301466, 0.00411533
-262.574, 0.00168007, 0.0656365
-262.574, 0.00168007, 0.0657021
-149.359, 0.0180133, 0.00674525
-59.213, 0.0266251, 0.00463182
-59.1991, 0.0266251, 0.00463646
-252.274, 0.0620309, 0.000791835
-178.05, 0.0301285, 0.00158307
-177.948, 0.0301285, 0.00158465
-262.412, 0.00168511, 0.0252908
-70.6368, 0.0141868, 0.00326374
-70.7273, 0.0141868, 0.00326701
-86.1064, 0.0202512, 0.00232088
-59.2864, 0.0161063, 0.00288918
-59.287, 0.0161063, 0.00289207
-66.64, 0.0620309, 0.00923778
-229.077, 0.0299547, 0.0183568
-229.207, 0.0299547, 0.0183751
-58.9383, 0.0571359, 0.00998366
-99.0391, 0.0619689, 0.00655671
-98.924, 0.0619689, 0.00656327
-169.943, 0.0299914, 0.0130322
-59.2518, 0.0482068, 0.0083134
-59.226, 0.0482068, 0.00832172
-251.514, 0.0620309, 0.000829593
-173.193, 0.0301435, 0.00165942
-173.087, 0.0301435, 0.00166108
-262.495, 0.00168931, 0.0265654
-73.8916, 0.0142936, 0.0034017
-73.9945, 0.0142936, 0.00340511
-85.3597, 0.0206739, 0.00238739
-59.2713, 0.0165055, 0.00296199
-59.2718, 0.0165055, 0.00296496
-122.567, 0.0620309, 0.00539481
-131.146, 0.0299954, 0.0107356
-131.34, 0.0299954, 0.0107464
-58.6944, 0.0430342, 0.00763085
-207.195, 0.0619689, 0.00240327
-207.119, 0.0619689, 0.00240568
-61.6626, 0.0301391, 0.00480148
-182.861, 0.0619689, 0.00317861
-182.763, 0.0619689, 0.00318179
-62.0184, 0.0301088, 0.00634385
-66.9128, 0.0619689, 0.00919068
-66.8452, 0.0619689, 0.00919987
-228.236, 0.0299835, 0.0182624
-58.9605, 0.0569835, 0.00994836
-58.9344, 0.0569835, 0.00995832
-170.86, 0.0620309, 0.00357646
-70.0361, 0.0300628, 0.00713392
-70.1246, 0.0300628, 0.00714106
-231.964, 0.0620309, 0.00159378
-95.8181, 0.0301338, 0.00318694
-95.7045, 0.0301338, 0.00319013
-262.574, 0.00168659, 0.0509512
-147.156, 0.0159573, 0.00587128
-147.376, 0.0159573, 0.00587716
-59.6206, 0.0236583, 0.00402509
-68.8032, 0.0469839, 0.00669272
-68.7312, 0.0469839, 0.00669942
-233.696, 0.0228374, 0.013363
-59.68, 0.0429752, 0.00728913
-59.6517, 0.0429752, 0.00729642
-169.403, 0.0470309, 0.00271685
-71.8081, 0.0228862, 0.0054423
-71.9032, 0.0228862, 0.00544775
-64.4689, 0.0470309, 0.00716197
-243.755, 0.0228355, 0.0143136
-243.889, 0.0228355, 0.0143279
-59.1445, 0.044042, 0.00762781
-188.174, 0.0469839, 0.00225487
-188.08, 0.0469839, 0.00225712
-60.2576, 0.0228173, 0.00449802
-196.375, 0.0469839, 0.0020593
-196.287, 0.0469839, 0.00206136
-59.034, 0.0229301, 0.00412904
-246.334, 0.0469839, 0.000791835
-246.31, 0.0469839, 0.000792627
-146.489, 0.0229534, 0.00158934
-262.572, 0.00130096, 0.0257959
-262.572, 0.00130096, 0.0258217
-98.4413, 0.0112332, 0.00318157
-77.1103, 0.0169802, 0.00212783
-77.0198, 0.0169802, 0.00212995
-59.3782, 0.0142895, 0.00251845
-58.4213, 0.0469839, 0.00923778
-58.4353, 0.0469839, 0.00924703
-191.944, 0.100998, 0.0048474
-58.0863, 0.0482898, 0.00902656
-58.0837, 0.0482898, 0.00903559
-70.4086, 0.0470309, 0.00655671
-230.624, 0.0228109, 0.0130892
-230.786, 0.0228109, 0.0131023
-59.8847, 0.0426999, 0.00719162
-245.13, 0.0469839, 0.000829593
-245.103, 0.0469839, 0.000830423
-140.85, 0.0229597, 0.0016656
-262.573, 0.00130276, 0.0270643
-262.573, 0.00130276, 0.0270914
-104.369, 0.0113074, 0.00331568
-75.2979, 0.0172116, 0.00220189
-75.2112, 0.0172116, 0.00220409
-59.369, 0.0146407, 0.00257935
-88.425, 0.0469839, 0.00539481
-88.3189, 0.0469839, 0.00540021
-194.229, 0.0228391, 0.0107724
-60.2989, 0.0389174, 0.00646093
-60.2662, 0.0389174, 0.0064674
-182.126, 0.0470309, 0.00240327
-62.8435, 0.022896, 0.00481628
-62.8947, 0.022896, 0.0048211
-151.633, 0.0470309, 0.00317861
-90.901, 0.0228717, 0.00636311
-91.048, 0.0228717, 0.00636947
-77.8267, 0.0342176, 0.00431931
-58.3555, 0.0469839, 0.00919068
-58.3672, 0.0469839, 0.00919987
-192.332, 0.1017, 0.00486287
-58.0872, 0.0481128, 0.00901232
-58.0852, 0.0481128, 0.00902134
-137.478, 0.0470309, 0.00357646
-110.249, 0.0228618, 0.00715633
-110.43, 0.0228618, 0.00716349
-72.7921, 0.0352577, 0.00472001
-215.934, 0.0469839, 0.00159378
-215.868, 0.0469839, 0.00159538
-68.9038, 0.0229426, 0.00319743
-262.574, 0.0012979, 0.0517952
-262.574, 0.0012979, 0.0518471
-146.497, 0.0140848, 0.00513244
-59.3339, 0.0205007, 0.00356275
-59.3225, 0.0205007, 0.00356631
-71.5686, 0.0486559, 0.00669272
-227.25, 0.023587, 0.0133536
-227.414, 0.023587, 0.013367
-59.9356, 0.0438986, 0.00738398
-173.054, 0.0486073, 0.00271685
-172.948, 0.0486073, 0.00271957
-68.5483, 0.0236931, 0.00544051
-66.5754, 0.0486073, 0.00716197
-66.5104, 0.0486073, 0.00716914
-237.538, 0.0236206, 0.0142962
-59.3685, 0.0449621, 0.00771639
-59.3425, 0.0449621, 0.00772411
-191.542, 0.0486559, 0.00225487
-59.443, 0.0236841, 0.00451828
-59.46, 0.0236841, 0.0045228
-199.474, 0.0486559, 0.0020593
-59.2431, 0.0236902, 0.00412751
-59.231, 0.0236902, 0.00413164
-247.186, 0.0486559, 0.000791835
-150.498, 0.0237068, 0.00158824
-150.38, 0.0237068, 0.00158983
-262.57, 0.00134273, 0.0257065
-94.3025, 0.0115453, 0.0031902
-94.4625, 0.0115453, 0.00319339
-79.5277, 0.0174848, 0.0021355
-59.3519, 0.0144479, 0.00256684
-59.3506, 0.0144479, 0.00256941
-58.0672, 0.0486559, 0.00923778
-191.982, 0.11574, 0.00561809
-191.892, 0.11574, 0.00562371
-58.0515, 0.0490119, 0.00919927
-73.1529, 0.0486073, 0.00655671
-73.0702, 0.0486073, 0.00656327
-223.616, 0.0236082, 0.0130808
-60.0724, 0.0435171, 0.00728731
-60.0404, 0.0435171, 0.0072946
-246.074, 0.0486559, 0.000829593
-144.922, 0.0237156, 0.00166461
-144.801, 0.0237156, 0.00166628
-262.572, 0.00134523, 0.0269839
-100.047, 0.0116206, 0.00332623
-100.215, 0.0116206, 0.00332956
-76.8745, 0.0176522, 0.0022191
-59.3517, 0.0148435, 0.00262295
-59.3485, 0.0148435, 0.00262558
-92.3839, 0.0486559, 0.00539481
-186.595, 0.0235954, 0.010768
-186.803, 0.0235954, 0.0107787
-60.0269, 0.0394076, 0.0065998
-185.467, 0.0486073, 0.00240327
-185.371, 0.0486073, 0.00240568
-61.1785, 0.0237026, 0.00481456
-155.629, 0.0486073, 0.00317861
-155.513, 0.0486073, 0.00318179
-85.6605, 0.0236791, 0.00636128
-79.1085, 0.0350031, 0.0043612
-79.014, 0.0350031, 0.00436556
-58.0609, 0.0486559, 0.00919068
-185.926, 0.123972, 0.00646853
-185.832, 0.123972, 0.00647501
-58.0565, 0.0489002, 0.00917343
-141.639, 0.0486073, 0.00357646
-141.518, 0.0486073, 0.00358003
-103.731, 0.0236672, 0.00715374
-74.0151, 0.0360822, 0.00476362
-73.9302, 0.0360822, 0.00476838
-218.254, 0.0486559, 0.00159378
-71.4112, 0.0237007, 0.00319592
-71.3334, 0.0237007, 0.00319912
-262.574, 0.00134101, 0.0516728
-150.904, 0.0141582, 0.00526428
-151.127, 0.0141582, 0.00526955
-59.4414, 0.02094, 0.00360675
-142.207, 0.0883812, 0.00669272
-142.087, 0.0883812, 0.00669942
-99.3528, 0.0425217, 0.0132187
-71.5605, 0.0643726, 0.00898432
-71.4811, 0.0643726, 0.00899331
-223.793, 0.0884696, 0.00271685
-78.4366, 0.0426902, 0.00539449
-78.3437, 0.0426902, 0.00539989
-262.574, 0.00232613, 0.0838476
-151.136, 0.0240149, 0.00927792
-151.345, 0.0240149, 0.0092872
-59.0132, 0.0361434, 0.00631694
-134.031, 0.0883812, 0.00716197
-133.909, 0.0883812, 0.00716914
-110.229, 0.042504, 0.0141392
-68.6409, 0.0653244, 0.00948078
-68.5682, 0.0653244, 0.00949026
-233.149, 0.0884696, 0.00225487
-98.0479, 0.0426974, 0.00447799
-97.9328, 0.0426974, 0.00448247
-262.574, 0.0023281, 0.0696523
-143.384, 0.0223184, 0.00825612
-143.593, 0.0223184, 0.00826438
-59.2339, 0.0330253, 0.00571076
-236.86, 0.0883812, 0.0020593
-236.82, 0.0883812, 0.00206136
-108.87, 0.0427729, 0.00409294
-262.574, 0.00233472, 0.0638705
-262.574, 0.00233472, 0.0639344
-133.772, 0.0218772, 0.00771338
-59.1685, 0.0314643, 0.00546592
-59.152, 0.0314643, 0.00547139
-256.904, 0.0884696, 0.000791835
-210.011, 0.0426714, 0.00157151
-209.939, 0.0426714, 0.00157308
-252.292, 0.00232101, 0.0243806
-223.491, 0.011078, 0.00559308
-223.707, 0.011078, 0.00559868
-65.4322, 0.0209426, 0.00307402
-60.2135, 0.0181299, 0.00351772
-60.2398, 0.0181299, 0.00352124
-103.449, 0.0884696, 0.00923778
-156.001, 0.0423723, 0.0181958
-156.182, 0.0423723, 0.018214
-58.2207, 0.0666232, 0.0119989
-144.655, 0.0883812, 0.00655671
-144.536, 0.0883812, 0.00656327
-96.2399, 0.0425315, 0.0129533
-72.8961, 0.0642462, 0.00881958
-72.8131, 0.0642462, 0.0088284
-256.49, 0.0884696, 0.000829593
-206.539, 0.0427067, 0.00164789
-206.462, 0.0427067, 0.00164954
-256.321, 0.00233064, 0.0256556
-138.207, 0.0137268, 0.00480925
-138.422, 0.0137268, 0.00481406
-148.189, 0.0317456, 0.00218219
-59.1648, 0.0193328, 0.00348124
-59.1657, 0.0193328, 0.00348472
-167.088, 0.0884696, 0.00539481
-72.28, 0.0425476, 0.0106736
-72.3746, 0.0425476, 0.0106843
-230.184, 0.0884696, 0.00240327
-90.9035, 0.0427106, 0.00477428
-90.795, 0.0427106, 0.00477906
-262.574, 0.0023317, 0.0743582
-147.244, 0.022836, 0.0086212
-147.455, 0.022836, 0.00862983
-59.1759, 0.0340947, 0.00591121
-213.955, 0.0883812, 0.00317861
-213.886, 0.0883812, 0.00318179
-66.1078, 0.0427037, 0.00630677
-103.922, 0.0883812, 0.00919068
-103.805, 0.0883812, 0.00919987
-154.774, 0.0425566, 0.0181684
-58.2315, 0.0665209, 0.0119746
-58.2099, 0.0665209, 0.0119866
-205.495, 0.0884696, 0.00357646
-60.2838, 0.042632, 0.00709101
-60.2503, 0.042632, 0.0070981
-245.339, 0.0884696, 0.00159378
-140.147, 0.0427305, 0.00316773
-140.025, 0.0427305, 0.0031709
-262.573, 0.00233714, 0.0494341
-103.504, 0.0208454, 0.00624292
-103.673, 0.0208454, 0.00624917
-73.5416, 0.0317469, 0.00419877
-58.9196, 0.0271544, 0.00486241
-58.9142, 0.0271544, 0.00486728
-134.448, 0.0832481, 0.00669272
-110.616, 0.0400221, 0.0132365
-110.784, 0.0400221, 0.0132497
-68.855, 0.061525, 0.00887256
-219.93, 0.0831649, 0.00271685
-219.869, 0.0831649, 0.00271957
-72.978, 0.0402383, 0.00539841
-262.574, 0.00219415, 0.0841523
-262.574, 0.00219415, 0.0842365
-149.162, 0.0234943, 0.00897359
-58.9516, 0.0350199, 0.00614936
-58.9365, 0.0350199, 0.00615552
-126.184, 0.0832481, 0.00716197
-122.426, 0.0399981, 0.0141554
-122.605, 0.0399981, 0.0141696
-65.7898, 0.062227, 0.00939026
-230.098, 0.0831649, 0.00225487
-230.048, 0.0831649, 0.00225712
-91.0809, 0.0402811, 0.00448547
-262.574, 0.00220583, 0.0702359
-262.574, 0.00220583, 0.0703061
-147.561, 0.0215554, 0.00811089
-59.2209, 0.0320979, 0.00555691
-59.2032, 0.0320979, 0.00556247
-234.27, 0.0832481, 0.0020593
-101.249, 0.0402199, 0.0040942
-101.132, 0.0402199, 0.00409829
-262.574, 0.00220231, 0.0639685
-141.162, 0.0208919, 0.0076078
-141.374, 0.0208919, 0.00761541
-59.3007, 0.0306871, 0.00529317
-256.308, 0.0831649, 0.000791835
-256.298, 0.0831649, 0.000792627
-205.372, 0.0402867, 0.00157538
-257.015, 0.00220737, 0.0246827
-257.076, 0.00220737, 0.0247074
-123.805, 0.0135439, 0.00442671
-144.277, 0.0296673, 0.00210339
-144.157, 0.0296673, 0.00210549
-59.2047, 0.0183728, 0.00331562
-95.7734, 0.0831649, 0.00923778
-95.6615, 0.0831649, 0.00924703
-169.134, 0.0399526, 0.0182162
-58.7164, 0.0653926, 0.0115383
-58.6898, 0.0653926, 0.0115498
-136.936, 0.0832481, 0.00655671
-107.18, 0.0400242, 0.0129682
-107.348, 0.0400242, 0.0129812
-70.0666, 0.0613945, 0.00870986
-255.827, 0.0831649, 0.000829593
-255.816, 0.0831649, 0.000830423
-201.662, 0.0403095, 0.00165149
-259.307, 0.00221362, 0.0259368
-259.344, 0.00221362, 0.0259628
-82.7312, 0.0156957, 0.00404341
-124.931, 0.0280667, 0.00232656
-124.807, 0.0280667, 0.00232889
-59.1938, 0.0188105, 0.00340496
-159.747, 0.0831649, 0.00539481
-159.634, 0.0831649, 0.00540021
-79.2688, 0.040121, 0.0106863
-77.4297, 0.0581759, 0.00753891
-77.3381, 0.0581759, 0.00754646
-226.945, 0.0832481, 0.00240327
-84.2385, 0.0402117, 0.00477704
-84.1372, 0.0402117, 0.00478182
-262.574, 0.00220007, 0.0745731
-150.907, 0.0220319, 0.00843707
-151.118, 0.0220319, 0.00844551
-59.1826, 0.0331237, 0.0057436
-209.429, 0.0831649, 0.00317861
-209.356, 0.0831649, 0.00318179
-62.6013, 0.0402297, 0.0063145
-96.3472, 0.0831649, 0.00919068
-96.2347, 0.0831649, 0.00919987
-168.217, 0.0399561, 0.018125
-58.753, 0.065268, 0.0115003
-58.7261, 0.065268, 0.0115118
-200.338, 0.0832481, 0.00357646
-58.7791, 0.0401725, 0.00710166
-58.764, 0.0401725, 0.00710876
-243.479, 0.0832481, 0.00159378
-132.446, 0.0402741, 0.00317318
-132.323, 0.0402741, 0.00317636
-262.574, 0.00221718, 0.0498607
-111.513, 0.019867, 0.00620786
-111.698, 0.019867, 0.00621407
-71.2894, 0.0304715, 0.00413945
-58.9477, 0.0264524, 0.00473007
-58.9422, 0.0264524, 0.0047348
-76.2589, 0.0513081, 0.00669272
-216.385, 0.0248482, 0.0133398
-216.562, 0.0248482, 0.0133532
-60.1585, 0.0451924, 0.00755283
-178.773, 0.0512568, 0.00271685
-178.672, 0.0512568, 0.00271957
-64.5106, 0.0249712, 0.00543748
-70.5269, 0.0512568, 0.00716197
-70.4505, 0.0512568, 0.00716914
-227.511, 0.0248747, 0.0142761
-59.7541, 0.0464521, 0.00786611
-59.7239, 0.0464521, 0.00787398
-196.412, 0.0513081, 0.00225487
-58.9632, 0.0248133, 0.00448773
-58.9625, 0.0248133, 0.00449222
-203.928, 0.0513081, 0.0020593
-60.3249, 0.0249644, 0.00412459
-60.2964, 0.0249644, 0.00412871
-248.478, 0.0513081, 0.000791835
-156.838, 0.025013, 0.00158916
-156.722, 0.025013, 0.00159075
-262.565, 0.0014199, 0.0257809
-87.9865, 0.0121107, 0.00321376
-88.1311, 0.0121107, 0.00321697
-81.5417, 0.0181485, 0.00217203
-59.3353, 0.0148224, 0.00264126
-59.3346, 0.0148224, 0.0026439
-58.3492, 0.0513081, 0.00923778
-256.338, 0.0255395, 0.0189298
-256.411, 0.0255395, 0.0189488
-58.0518, 0.0505696, 0.00937676
-78.0345, 0.0512568, 0.00655671
-77.9423, 0.0512568, 0.00656327
-212.476, 0.0249109, 0.0130895
-60.2537, 0.0447795, 0.00746144
-60.2198, 0.0447795, 0.0074689
-247.373, 0.0513081, 0.000829593
-151.387, 0.0249809, 0.00166273
-151.269, 0.0249809, 0.0016644
-262.57, 0.00141081, 0.0268319
-93.3393, 0.0121452, 0.00334044
-93.494, 0.0121452, 0.00334378
-79.1294, 0.0183118, 0.0022476
-59.3301, 0.0151784, 0.00269243
-59.3279, 0.0151784, 0.00269512
-98.6432, 0.0513081, 0.00539481
-174.217, 0.0248687, 0.0107622
-174.427, 0.0248687, 0.0107729
-59.5137, 0.0400578, 0.0068332
-190.646, 0.0512568, 0.00240327
-190.554, 0.0512568, 0.00240568
-59.5304, 0.0249824, 0.00481214
-161.931, 0.0512568, 0.00317861
-161.819, 0.0512568, 0.00318179
-78.5669, 0.0249567, 0.00635782
-79.6901, 0.0360128, 0.00446365
-79.595, 0.0360128, 0.00446812
-58.4308, 0.0513081, 0.00919068
-256.148, 0.0254468, 0.0187666
-256.223, 0.0254468, 0.0187854
-58.0636, 0.0504747, 0.00934541
-148.265, 0.0512568, 0.00357646
-148.146, 0.0512568, 0.00358003
-94.5644, 0.0249442, 0.00714984
-76.1974, 0.037479, 0.0048311
-76.1082, 0.037479, 0.00483593
-221.618, 0.0513081, 0.00159378
-75.9277, 0.0249852, 0.00319494
-75.84, 0.0249852, 0.00319814
-262.574, 0.00141201, 0.0515937
-153.845, 0.0144212, 0.00543836
-154.07, 0.0144212, 0.0054438
-59.4687, 0.0215121, 0.00369651
-105.464, 0.0665482, 0.00669272
-105.345, 0.0665482, 0.00669942
-157.76, 0.0321728, 0.0132872
-58.8823, 0.050019, 0.0087588
-58.8599, 0.050019, 0.00876756
-203.549, 0.0666148, 0.00271685
-59.9158, 0.0322854, 0.00541946
-59.8888, 0.0322854, 0.00542488
-97.7005, 0.0666148, 0.00716197
-171.359, 0.0321206, 0.0142094
-171.554, 0.0321206, 0.0142237
-59.2141, 0.0521648, 0.00901388
-216.905, 0.0665482, 0.00225487
-216.84, 0.0665482, 0.00225712
-69.5703, 0.0323389, 0.00450099
-262.574, 0.00179435, 0.0714592
-262.574, 0.00179435, 0.0715307
-146.272, 0.0195851, 0.00727157
-59.1112, 0.0287685, 0.00502909
-59.0977, 0.0287685, 0.00503412
-222.527, 0.0666148, 0.0020593
-76.9476, 0.0323188, 0.00411225
-76.8577, 0.0323188, 0.00411636
-262.574, 0.00179956, 0.0653909
-152.817, 0.0184537, 0.00703258
-153.036, 0.0184537, 0.00703962
-59.2657, 0.0276231, 0.00478389
-253.339, 0.0665482, 0.000791835
-253.323, 0.0665482, 0.000792627
-185.417, 0.0324109, 0.00158427
-262.159, 0.00181444, 0.025387
-262.165, 0.00181444, 0.0254124
-67.3418, 0.0150066, 0.0033247
-87.3109, 0.021101, 0.00239243
-87.2053, 0.021101, 0.00239483
-59.2633, 0.0167133, 0.00299723
-72.1601, 0.0665482, 0.00923778
-72.0791, 0.0665482, 0.00924703
-215.781, 0.032127, 0.0183123
-59.4072, 0.0595798, 0.0102481
-59.3761, 0.0595798, 0.0102583
-108.029, 0.0666148, 0.00655671
-153.91, 0.0321413, 0.0130175
-154.11, 0.0321413, 0.0130305
-58.8552, 0.0494847, 0.00867639
-252.676, 0.0665482, 0.000829593
-252.662, 0.0665482, 0.000830423
-180.831, 0.032339, 0.00165598
-262.357, 0.00179439, 0.0262913
-262.36, 0.00179439, 0.0263176
-69.2226, 0.0151121, 0.00342832
-85.766, 0.0213669, 0.0024592
-85.6627, 0.0213669, 0.00246166
-59.2512, 0.0170348, 0.00305726
-131.668, 0.0665482, 0.00539481
-131.545, 0.0665482, 0.00540021
-116.176, 0.0322164, 0.0107259
-69.0856, 0.0498468, 0.00709084
-69.0127, 0.0498468, 0.00709793
-212.66, 0.0666148, 0.00240327
-65.2641, 0.0322925, 0.00479505
-65.2049, 0.0322925, 0.00479985
-190.076, 0.0666148, 0.00317861
-59.4021, 0.0322723, 0.00633787
-59.4244, 0.0322723, 0.00634421
-72.6653, 0.0666148, 0.00919068
-215.216, 0.0320959, 0.0182195
-215.364, 0.0320959, 0.0182377
-59.4754, 0.0595191, 0.0102153
-178.557, 0.0665482, 0.00357646
-178.455, 0.0665482, 0.00358003
-64.2355, 0.0322866, 0.00712696
-235.109, 0.0665482, 0.00159378
-235.066, 0.0665482, 0.00159538
-104.462, 0.0323757, 0.00318517
-262.574, 0.00180461, 0.0508101
-262.574, 0.00180461, 0.0508609
-139.596, 0.0167883, 0.00598183
-59.5021, 0.0243948, 0.00417521
-59.4841, 0.0243948, 0.00417939
-157.207, 0.0995201, 0.00669272
-81.319, 0.0476746, 0.0131857
-81.4395, 0.0476746, 0.0131989
-76.3704, 0.0699178, 0.00926971
-230.266, 0.0994206, 0.00271685
-230.217, 0.0994206, 0.00271957
-91.0124, 0.0479634, 0.0053817
-262.574, 0.00258508, 0.0828584
-262.574, 0.00258508, 0.0829413
-146.906, 0.0255185, 0.00971756
-58.9911, 0.0381321, 0.00666502
-58.9733, 0.0381321, 0.00667169
-149.38, 0.0995201, 0.00716197
-89.9965, 0.0476739, 0.01411
-90.1348, 0.0476739, 0.0141241
-73.6026, 0.0711945, 0.00975528
-238.208, 0.0994206, 0.00225487
-238.17, 0.0994206, 0.00225712
-112.703, 0.0479809, 0.00446831
-262.574, 0.00258979, 0.0689024
-262.574, 0.00258979, 0.0689714
-130.062, 0.0242639, 0.00846698
-59.0035, 0.0346228, 0.00606147
-58.9878, 0.0346228, 0.00606753
-241.399, 0.0995201, 0.0020593
-123.698, 0.0478905, 0.00407692
-123.574, 0.0478905, 0.00408099
-262.574, 0.00258093, 0.0626297
-119.684, 0.0237655, 0.0078498
-119.873, 0.0237655, 0.00785765
-67.2682, 0.0364734, 0.00526411
-58.764, 0.0325917, 0.00584269
-58.7563, 0.0325917, 0.00584853
-257.828, 0.0995201, 0.000791835
-218.257, 0.048045, 0.00157302
-218.195, 0.048045, 0.0015746
-234.725, 0.00262282, 0.0244984
-283.33, 0.00991613, 0.00697548
-283.454, 0.00991613, 0.00698246
-89.112, 0.0255413, 0.00285856
-64.9516, 0.0220998, 0.00327389
-64.8948, 0.0220998, 0.00327717
-59.1396, 0.0200017, 0.0036005
-118.61, 0.0994206, 0.00923778
-118.489, 0.0994206, 0.00924703
-130.518, 0.0475908, 0.0181453
-57.6526, 0.0692759, 0.0128572
-57.6381, 0.0692759, 0.0128701
-159.532, 0.0995201, 0.00655671
-78.931, 0.0476839, 0.0129204
-79.0436, 0.0476839, 0.0129334
-76.3208, 0.0691873, 0.00917152
-257.505, 0.0994206, 0.000829593
-257.498, 0.0994206, 0.000830423
-215.324, 0.0478194, 0.00163802
-243.601, 0.00254651, 0.0248962
-243.777, 0.00254651, 0.0249211
-268.076, 0.0105056, 0.00668725
-78.0392, 0.0244396, 0.00305139
-77.9467, 0.0244396, 0.00305444
-62.2296, 0.0217534, 0.00340279
-59.1319, 0.0202121, 0.00363964
-59.1323, 0.0202121, 0.00364328
-180.297, 0.0995201, 0.00539481
-62.5389, 0.0477505, 0.0106469
-62.5918, 0.0477505, 0.0106575
-235.717, 0.0995201, 0.00240327
-104.92, 0.0478686, 0.00475557
-104.802, 0.0478686, 0.00476032
-262.574, 0.00257503, 0.0729121
-136.519, 0.0245721, 0.00886393
-136.724, 0.0245721, 0.0088728
-59.0488, 0.035794, 0.00624433
-221.897, 0.0994206, 0.00317861
-221.838, 0.0994206, 0.00318179
-75.4301, 0.0478607, 0.00628194
-262.574, 0.00255751, 0.095834
-262.574, 0.00255751, 0.0959299
-148.747, 0.027337, 0.0105787
-58.8054, 0.0410502, 0.00723976
-58.7892, 0.0410502, 0.007247
-119.364, 0.0995201, 0.00919068
-129.828, 0.0475472, 0.0180544
-130.002, 0.0475472, 0.0180724
-57.673, 0.0691737, 0.0128217
-214.489, 0.0994206, 0.00357646
-214.421, 0.0994206, 0.00358003
-66.3899, 0.0477663, 0.00705319
-262.574, 0.0025324, 0.106688
-262.574, 0.0025324, 0.106795
-137.111, 0.0297005, 0.0109471
-58.4598, 0.0430139, 0.0077641
-58.4496, 0.0430139, 0.00777187
-248.331, 0.0995201, 0.00159378
-154.696, 0.0478507, 0.0031525
-154.579, 0.0478507, 0.00315565
-262.571, 0.00257022, 0.0482566
-88.7845, 0.022881, 0.00627357
-88.9269, 0.022881, 0.00627985
-79.1609, 0.0344471, 0.00428741
-58.8359, 0.0283365, 0.00513915
-58.8342, 0.0283365, 0.0051443
-64.4995, 0.0303368, 0.00669272
-178.293, 0.0629315, 0.00338145
-178.191, 0.0629315, 0.00338483
-58.6505, 0.0334841, 0.00610308
-115.5, 0.0303065, 0.00271685
-115.378, 0.0303065, 0.00271957
-148.281, 0.0148238, 0.00545997
-59.7883, 0.021995, 0.0037132
-59.7675, 0.021995, 0.00371691
-69.526, 0.0303368, 0.00716197
-171.226, 0.0629348, 0.00361874
-171.119, 0.0629348, 0.00362236
-58.5983, 0.0345613, 0.00634071
-138.479, 0.0303065, 0.00225487
-138.356, 0.0303065, 0.00225712
-110.141, 0.0148328, 0.00453433
-74.1016, 0.0228195, 0.00297464
-74.0173, 0.0228195, 0.00297762
-149.554, 0.0303368, 0.0020593
-94.7671, 0.0148223, 0.00414232
-94.9232, 0.0148223, 0.00414647
-77.9437, 0.0222997, 0.00278188
-230.17, 0.0303065, 0.000791835
-230.122, 0.0303065, 0.000792627
-92.6441, 0.0148639, 0.00159572
-262.574, 0.000855746, 0.0263175
-262.574, 0.000855746, 0.0263439
-151.774, 0.00801517, 0.00292685
-60.0435, 0.0118783, 0.0019869
-60.0241, 0.0118783, 0.00198889
-101.782, 0.0303368, 0.00923778
-142.092, 0.0632726, 0.00469462
-141.972, 0.0632726, 0.00469932
-58.447, 0.0390161, 0.00732965
-63.3474, 0.0303065, 0.00655671
-63.4042, 0.0303065, 0.00656327
-180.467, 0.0629982, 0.00331294
-58.6648, 0.0331297, 0.00603323
-58.6619, 0.0331297, 0.00603927
-227.867, 0.0303368, 0.000829593
-87.4786, 0.0148494, 0.00167185
-87.3725, 0.0148494, 0.00167353
-262.574, 0.000856707, 0.0275759
-155.697, 0.00813047, 0.00302101
-155.927, 0.00813047, 0.00302403
-60.0518, 0.0121704, 0.00203468
-58.8787, 0.0303065, 0.00539481
-58.8701, 0.0303065, 0.00540021
-276.384, 0.0152314, 0.0111361
-58.7842, 0.0300642, 0.00544057
-58.781, 0.0300642, 0.00544601
-130.769, 0.0303368, 0.00240327
-122.598, 0.0148146, 0.00483164
-122.798, 0.0148146, 0.00483648
-71.0302, 0.0231246, 0.00313209
-96.7862, 0.0303065, 0.00317861
-96.6717, 0.0303065, 0.00318179
-183.671, 0.014816, 0.0063845
-60.3811, 0.0240981, 0.00397301
-60.3524, 0.0240981, 0.00397698
-100.952, 0.0303368, 0.00919068
-142.706, 0.0632926, 0.00467229
-142.586, 0.0632926, 0.00467697
-58.4506, 0.0389208, 0.00731026
-84.0094, 0.0303065, 0.00357646
-83.9081, 0.0303065, 0.00358003
-209.817, 0.0148101, 0.00718065
-60.9303, 0.0257994, 0.00418241
-60.8961, 0.0257994, 0.00418659
-178.081, 0.0303368, 0.00159378
-65.6473, 0.014832, 0.00320806
-65.7157, 0.014832, 0.00321127
-118.98, 0.0739495, 0.00669272
-134.782, 0.0356187, 0.0132631
-134.974, 0.0356187, 0.0132764
-58.4015, 0.0519535, 0.00931861
-211.701, 0.0738756, 0.00271685
-211.631, 0.0738756, 0.00271957
-64.4347, 0.0358189, 0.00541038
-110.639, 0.0738756, 0.00716197
-110.519, 0.0738756, 0.00716914
-147.576, 0.0356402, 0.0141871
-58.5773, 0.0540585, 0.00959521
-58.5571, 0.0540585, 0.00960481
-223.616, 0.0739495, 0.00225487
-78.5009, 0.0358119, 0.00449418
-78.4077, 0.0358119, 0.00449868
-262.574, 0.00197956, 0.0709204
-152.869, 0.0202024, 0.00775285
-153.084, 0.0202024, 0.00776061
-59.244, 0.0303909, 0.00525971
-228.376, 0.0738756, 0.0020593
-228.324, 0.0738756, 0.00206136
-87.6565, 0.0358641, 0.00410636
-262.574, 0.00198209, 0.0649242
-262.574, 0.00198209, 0.0649892
-150.434, 0.019452, 0.00735972
-59.3544, 0.0290963, 0.00500799
-59.3364, 0.0290963, 0.005013
-254.917, 0.0739495, 0.000791835
-195.192, 0.0358697, 0.00158088
-195.105, 0.0358697, 0.00158246
-261.045, 0.00199559, 0.0251161
-68.6121, 0.0155774, 0.00351184
-68.6945, 0.0155774, 0.00351536
-99.7567, 0.0234197, 0.00237952
-59.2356, 0.0174763, 0.00314581
-59.2373, 0.0174763, 0.00314896
-82.3602, 0.0739495, 0.00923778
-194.907, 0.0355466, 0.0182671
-195.074, 0.0355466, 0.0182854
-59.6168, 0.0628323, 0.0107525
-121.359, 0.0738756, 0.00655671
-121.237, 0.0738756, 0.00656327
-130.683, 0.0356631, 0.012997
-58.3463, 0.0512813, 0.00923499
-58.3316, 0.0512813, 0.00924423
-254.291, 0.0739495, 0.000829593
-191.025, 0.0358785, 0.00165669
-190.933, 0.0358785, 0.00165834
-261.734, 0.00199803, 0.0263475
-66.584, 0.0161651, 0.00355486
-66.6567, 0.0161651, 0.00355841
-90.2403, 0.0229857, 0.00254002
-59.2188, 0.0179064, 0.00322312
-59.2203, 0.0179064, 0.00322635
-145.193, 0.0739495, 0.00539481
-97.0748, 0.0356736, 0.0107086
-97.2304, 0.0356736, 0.0107193
-74.0592, 0.0540458, 0.00724811
-219.777, 0.0738756, 0.00240327
-219.716, 0.0738756, 0.00240568
-72.9905, 0.035828, 0.0047872
-262.574, 0.00197214, 0.0753696
-262.574, 0.00197214, 0.075445
-150.194, 0.0209646, 0.00796899
-59.0467, 0.0311723, 0.00545955
-59.0326, 0.0311723, 0.00546502
-199.721, 0.0739495, 0.00317861
-58.8363, 0.035772, 0.00632787
-58.8234, 0.035772, 0.0063342
-82.8703, 0.0739495, 0.00919068
-194.047, 0.0355491, 0.0181753
-194.213, 0.0355491, 0.0181935
-59.6738, 0.0627233, 0.0107153
-189.248, 0.0738756, 0.00357646
-189.155, 0.0738756, 0.00358003
-59.4148, 0.0357842, 0.00711496
-239.398, 0.0738756, 0.00159378
-239.362, 0.0738756, 0.00159538
-117.501, 0.0358635, 0.00317804
-262.574, 0.00198192, 0.0502434
-262.574, 0.00198192, 0.0502936
-127.286, 0.0180945, 0.00610251
-59.3111, 0.0254521, 0.00440329
-59.2962, 0.0254521, 0.0044077
-62.1273, 0.0421563, 0.00669272
-253.286, 0.0205244, 0.0134136
-253.413, 0.0205244, 0.0134271
-58.9491, 0.0401185, 0.00702128
-156.606, 0.0421141, 0.00271685
-156.491, 0.0421141, 0.00271957
-84.9023, 0.0205541, 0.00544764
-79.7025, 0.0303056, 0.00373655
-79.6078, 0.0303056, 0.00374029
-59.6294, 0.0421563, 0.00716197
-260.881, 0.0206367, 0.0144346
-260.984, 0.0206367, 0.0144491
-58.5525, 0.0409855, 0.00736293
-177.038, 0.0421141, 0.00225487
-176.935, 0.0421141, 0.00225712
-65.8677, 0.0205665, 0.00452412
-186.068, 0.0421141, 0.0020593
-185.972, 0.0421141, 0.00206136
-61.0842, 0.0205715, 0.00413277
-243.214, 0.0421141, 0.000791835
-243.183, 0.0421141, 0.000792627
-132.9, 0.0206075, 0.00159198
-262.573, 0.00117556, 0.0260103
-262.573, 0.00117556, 0.0260363
-113.036, 0.0102589, 0.00314426
-72.0574, 0.0156555, 0.00207959
-71.9779, 0.0156555, 0.00208167
-59.4463, 0.0136361, 0.00238191
-62.4582, 0.0421141, 0.00923778
-62.5096, 0.0421141, 0.00924703
-180.975, 0.0885329, 0.00472511
-58.1746, 0.0458551, 0.00855408
-58.1726, 0.0458551, 0.00856264
-63.121, 0.0421563, 0.00655671
-250.641, 0.0205098, 0.0131314
-250.775, 0.0205098, 0.0131445
-59.1022, 0.0398571, 0.00692145
-241.708, 0.0421141, 0.000829593
-241.674, 0.0421141, 0.000830423
-127.135, 0.0206091, 0.00166802
-262.574, 0.00117602, 0.0272616
-262.574, 0.00117602, 0.0272889
-119.216, 0.0103369, 0.00327095
-70.2443, 0.0158393, 0.00215454
-70.1695, 0.0158393, 0.0021567
-59.435, 0.0139605, 0.00243949
-77.1372, 0.0421141, 0.00539481
-77.046, 0.0421141, 0.00540021
-218.77, 0.0205185, 0.0107979
-60.5104, 0.037038, 0.00610565
-60.4765, 0.037038, 0.00611176
-170.427, 0.0421563, 0.00240327
-71.0962, 0.0205419, 0.00482089
-71.188, 0.0205419, 0.00482571
-138.026, 0.0421563, 0.00317861
-109.957, 0.0205202, 0.00636924
-110.137, 0.0205202, 0.00637561
-73.1531, 0.0316061, 0.00419917
-62.1988, 0.0421141, 0.00919068
-62.2491, 0.0421141, 0.00919987
-181.481, 0.0885142, 0.00469992
-58.181, 0.0457653, 0.00852514
-58.1786, 0.0457653, 0.00853367
-123.522, 0.0421563, 0.00357646
-132.774, 0.0205114, 0.00716327
-132.98, 0.0205114, 0.00717043
-59.2483, 0.0293247, 0.00507745
-207.982, 0.0421141, 0.00159378
-207.907, 0.0421141, 0.00159538
-62.4609, 0.0205846, 0.00320063
-152.075, 0.0955034, 0.00669272
-151.959, 0.0955034, 0.00669942
-86.8645, 0.045882, 0.0131981
-74.6708, 0.0679604, 0.00916828
-74.5846, 0.0679604, 0.00917745
-228.189, 0.0955989, 0.00271685
-86.4224, 0.046026, 0.0053815
-86.3178, 0.046026, 0.00538688
-262.574, 0.00248527, 0.0828427
-149.47, 0.0248859, 0.00957096
-149.68, 0.0248859, 0.00958053
-58.9965, 0.0374123, 0.00653989
-144.104, 0.0955034, 0.00716197
-143.985, 0.0955034, 0.00716914
-96.3403, 0.045855, 0.0141145
-72.1292, 0.069235, 0.00963891
-72.0482, 0.069235, 0.00964855
-236.564, 0.0955989, 0.00225487
-107.521, 0.0460964, 0.00447369
-107.401, 0.0460964, 0.00447817
-262.574, 0.00250434, 0.0693181
-135.103, 0.0235612, 0.00841022
-135.307, 0.0235612, 0.00841864
-59.102, 0.034127, 0.0059413
-239.941, 0.0955034, 0.0020593
-239.906, 0.0955034, 0.00206136
-118.679, 0.046117, 0.00408328
-262.574, 0.00249494, 0.0631204
-262.574, 0.00249494, 0.0631835
-124.794, 0.0230958, 0.00781676
-59.0157, 0.0324106, 0.00568116
-59.0013, 0.0324106, 0.00568685
-257.534, 0.0955989, 0.000791835
-215.591, 0.0459307, 0.00156498
-215.525, 0.0459307, 0.00156655
-241.637, 0.00245967, 0.0238784
-273.785, 0.00992584, 0.00651204
-273.935, 0.00992584, 0.00651856
-81.1663, 0.0238626, 0.00288126
-62.9251, 0.0210315, 0.0032376
-62.8786, 0.0210315, 0.00324084
-59.1624, 0.0194288, 0.0034887
-113.317, 0.0955034, 0.00923778
-113.196, 0.0955034, 0.00924703
-138.991, 0.0457569, 0.0181631
-57.8409, 0.0683839, 0.0125509
-57.8236, 0.0683839, 0.0125635
-154.576, 0.0955989, 0.00655671
-84.366, 0.0458445, 0.0129325
-84.4923, 0.0458445, 0.0129454
-75.5398, 0.0676372, 0.00903156
-257.188, 0.0955034, 0.000829593
-257.18, 0.0955034, 0.000830423
-212.454, 0.0460376, 0.00164193
-249.409, 0.00247352, 0.0251952
-249.539, 0.00247352, 0.0252204
-244.064, 0.0111044, 0.00620005
-69.7406, 0.0228826, 0.00315216
-69.6672, 0.0228826, 0.00315532
-60.5555, 0.0209346, 0.0034286
-59.1427, 0.0199396, 0.00358485
-59.142, 0.0199396, 0.00358843
-175.903, 0.0955989, 0.00539481
-65.2591, 0.0459047, 0.0106558
-65.3279, 0.0459047, 0.0106664
-233.962, 0.0955989, 0.00240327
-99.9983, 0.0460505, 0.00476307
-99.8827, 0.0460505, 0.00476784
-262.574, 0.00249189, 0.0734893
-140.696, 0.0239437, 0.0087956
-140.899, 0.0239437, 0.0088044
-59.1515, 0.0352782, 0.00612104
-219.346, 0.0955034, 0.00317861
-219.285, 0.0955034, 0.00318179
-71.9046, 0.0460662, 0.00629529
-262.574, 0.00248121, 0.0968571
-262.574, 0.00248121, 0.096954
-147.512, 0.0270099, 0.0103762
-58.7027, 0.0402027, 0.00714418
-58.689, 0.0402027, 0.00715132
-114.066, 0.0955989, 0.00919068
-138.29, 0.045715, 0.0180721
-138.466, 0.045715, 0.0180902
-57.8764, 0.0683073, 0.0125122
-211.549, 0.0955034, 0.00357646
-211.478, 0.0955034, 0.00358003
-63.8822, 0.0460485, 0.00708033
-247.372, 0.0955034, 0.00159378
-247.349, 0.0955034, 0.00159538
-149.918, 0.0460947, 0.0031586
-262.572, 0.0024889, 0.0487255
-262.572, 0.0024889, 0.0487743
-93.4583, 0.0221912, 0.00626882
-77.1894, 0.0335037, 0.00425612
-77.0989, 0.0335037, 0.00426037
-58.86, 0.0279629, 0.00504707
-108.828, 0.068345, 0.00669272
-108.708, 0.068345, 0.00669942
-151.741, 0.0330258, 0.0132806
-58.7897, 0.050552, 0.00888872
-58.7682, 0.050552, 0.00889761
-205.724, 0.0684133, 0.00271685
-60.7495, 0.0331526, 0.00541868
-60.7148, 0.0331526, 0.0054241
-100.958, 0.0684133, 0.00716197
-165.307, 0.0329802, 0.0142059
-165.502, 0.0329802, 0.0142202
-58.9511, 0.0525592, 0.00917582
-218.674, 0.068345, 0.00225487
-218.612, 0.068345, 0.00225712
-71.6635, 0.0331945, 0.0044985
-262.574, 0.00183794, 0.071262
-262.574, 0.00183794, 0.0713333
-148.879, 0.0196962, 0.00740552
-59.0888, 0.0291086, 0.00509485
-59.0755, 0.0291086, 0.00509994
-224.129, 0.0684133, 0.0020593
-79.4895, 0.033175, 0.00411013
-79.3952, 0.033175, 0.00411424
-262.574, 0.00184359, 0.0652225
-152.866, 0.0186689, 0.007122
-153.084, 0.0186689, 0.00712912
-59.2845, 0.0279888, 0.00484017
-253.769, 0.068345, 0.000791835
-253.754, 0.068345, 0.000792627
-188.018, 0.0332705, 0.0015835
-261.989, 0.00185907, 0.0253253
-261.997, 0.00185907, 0.0253506
-66.9986, 0.0152201, 0.00335843
-88.8151, 0.0215123, 0.00240578
-88.7085, 0.0215123, 0.00240818
-59.2561, 0.0169076, 0.00303554
-74.5378, 0.068345, 0.00923778
-74.4519, 0.068345, 0.00924703
-210.59, 0.0329713, 0.0182986
-59.5559, 0.0604799, 0.0103583
-59.5234, 0.0604799, 0.0103686
-111.428, 0.0684133, 0.00655671
-147.902, 0.0330311, 0.0130267
-148.098, 0.0330311, 0.0130397
-58.7552, 0.0500253, 0.0088114
-253.068, 0.068345, 0.000829593
-253.054, 0.068345, 0.000830423
-183.547, 0.0331817, 0.00165439
-262.261, 0.00183442, 0.0261656
-262.265, 0.00183442, 0.0261917
-67.9442, 0.0153978, 0.00344132
-85.974, 0.0216343, 0.00248557
-85.8704, 0.0216343, 0.00248806
-59.2441, 0.017224, 0.00309238
-135.108, 0.068345, 0.00539481
-134.987, 0.068345, 0.00540021
-110.968, 0.0330716, 0.0107208
-70.5754, 0.0509774, 0.00711663
-70.4988, 0.0509774, 0.00712375
-214.593, 0.0684133, 0.00240327
-66.9692, 0.0331652, 0.00479516
-66.9036, 0.0331652, 0.00479996
-262.574, 0.00184085, 0.0759987
-141.65, 0.0206629, 0.0075356
-141.862, 0.0206629, 0.00754314
-58.9556, 0.0299423, 0.00529216
-192.54, 0.068345, 0.00317861
-192.45, 0.068345, 0.00318179
-58.8772, 0.0331636, 0.0063352
-74.9801, 0.068345, 0.00919068
-74.8932, 0.068345, 0.00919987
-209.801, 0.0329728, 0.0182061
-59.5023, 0.0602721, 0.0103389
-59.4702, 0.0602721, 0.0103492
-181.469, 0.0684133, 0.00357646
-62.6664, 0.0331111, 0.00712376
-62.7178, 0.0331111, 0.00713089
-236.323, 0.0684133, 0.00159378
-107.621, 0.033201, 0.00318361
-107.501, 0.033201, 0.0031868
-262.574, 0.00185083, 0.0506857
-136.489, 0.0171031, 0.00601166
-136.697, 0.0171031, 0.00601768
-59.5136, 0.0247205, 0.0042276
-270.183, 0.0103869, 0.00669272
-270.337, 0.0103869, 0.00669942
-62.1164, 0.0219349, 0.00344071
-86.534, 0.0103869, 0.00271685
-86.6752, 0.0103869, 0.00271957
-156.504, 0.0212672, 0.00135119
-59.4231, 0.0125808, 0.00225338
-59.4251, 0.0125808, 0.00225563
-279.636, 0.0103972, 0.00716197
-59.8435, 0.0222264, 0.00374241
-59.8218, 0.0222264, 0.00374615
-66.5565, 0.0103972, 0.00225487
-176.912, 0.0212167, 0.00111985
-176.809, 0.0212167, 0.00112097
-59.4682, 0.0115527, 0.00203365
-61.6157, 0.0103869, 0.0020593
-61.6543, 0.0103869, 0.00206136
-186.071, 0.0212346, 0.00102257
-59.4878, 0.0110345, 0.00194074
-59.4846, 0.0110345, 0.00194268
-133.658, 0.0103972, 0.000791835
-120.418, 0.0051069, 0.00160136
-120.622, 0.0051069, 0.00160296
-73.5071, 0.00796065, 0.00103199
-302.444, 0.0103869, 0.00923778
-302.493, 0.0103869, 0.00924703
-66.4423, 0.0242325, 0.00542146
-262.543, 0.714308, 0.000643145
-262.543, 0.714308, 0.000643789
-266.805, 0.0103972, 0.00655671
-62.9742, 0.0219625, 0.00337936
-62.9273, 0.0219625, 0.00338274
-127.884, 0.0103972, 0.000829593
-130.199, 0.00510622, 0.00167749
-130.417, 0.00510622, 0.00167917
-60.0259, 0.00715639, 0.00120151
-230.512, 0.0103869, 0.00539481
-230.721, 0.0103869, 0.00540021
-76.7895, 0.0216336, 0.00273161
-71.9865, 0.0103869, 0.00240327
-72.0815, 0.0103869, 0.00240568
-170.268, 0.021249, 0.00119419
-59.4439, 0.0118761, 0.00210798
-59.4436, 0.0118761, 0.00211009
-112.48, 0.0103972, 0.00317861
-137.58, 0.0212838, 0.00158374
-137.458, 0.0212838, 0.00158532
-59.3842, 0.0136251, 0.00244462
-302.189, 0.0103869, 0.00919068
-302.24, 0.0103869, 0.00919987
-65.9422, 0.0241388, 0.005361
-262.542, 0.700606, 0.000620639
-262.542, 0.700606, 0.00062126
-136.588, 0.0103972, 0.00357646
-123.006, 0.0213084, 0.00178409
-122.882, 0.0213084, 0.00178587
-62.8286, 0.0103972, 0.00159378
-276.987, 0.00509938, 0.00321837
-277.157, 0.00509938, 0.00322159
-60.0356, 0.00994384, 0.00166555
