-39.6461, 874.988, 0.0614057
-39.6699, 565.055, 0.151005
-39.67, 565.055, 0.151156
-39.6458, 782.862, 0.077243
-39.6472, 874.114, 0.0186056
-39.6472, 874.114, 0.0186242
-39.6462, 560.426, 0.0455467
-1052.63, 94.221, 1.63572
-1054.57, 94.221, 1.63736
-39.6761, 341.727, 0.123079
-39.6458, 491.435, 0.0591878
-39.6458, 491.435, 0.059247
-39.6458, 480.895, 0.0619479
-39.6466, 874.114, 0.0443296
-39.6466, 874.114, 0.044374
-39.6498, 562.623, 0.10873
-39.646, 747.976, 0.0608417
-39.646, 747.976, 0.0609026
-39.6458, 663.582, 0.0777534
-39.6462, 874.114, 0.0579943
-39.6462, 874.114, 0.0580524
-39.6639, 564.738, 0.142507
-39.6458, 778.23, 0.0736201
-39.6458, 778.23, 0.0736937
-39.6465, 874.988, 0.0476836
-39.6521, 562.451, 0.116996
-39.6521, 562.451, 0.117113
-39.646, 760.043, 0.0635157
-39.646, 663.963, 0.0834605
-39.646, 663.963, 0.083544
-39.6458, 726.301, 0.0696672
-39.6459, 874.114, 0.0933699
-39.6459, 874.114, 0.0934633
-39.6469, 1399.6, 0.0386195
-39.6458, 955.518, 0.078982
-39.6458, 955.518, 0.079061
-39.6471, 874.988, 0.0237007
-39.6459, 560.29, 0.0580414
-39.6459, 560.29, 0.0580994
-1608.47, 94.6736, 2.08759
-39.7191, 348.91, 0.150653
-39.7194, 348.91, 0.150804
-39.646, 501.359, 0.0727458
-39.6458, 534.101, 0.0639153
-39.6458, 534.101, 0.0639793
-39.6459, 874.988, 0.0698228
-39.6903, 569.036, 0.172283
-39.6905, 569.036, 0.172455
-39.6458, 790.415, 0.0864734
-39.6458, 832.819, 0.0773067
-39.6458, 832.819, 0.0773841
-39.6459, 874.988, 0.0955549
-39.6469, 1392.33, 0.0394355
-39.6469, 1392.33, 0.0394749
-39.6458, 967.911, 0.0788712
-39.6459, 874.114, 0.0925902
-39.6459, 874.114, 0.0926828
-39.6469, 1402.36, 0.0383374
-39.6458, 951.115, 0.0790726
-39.6458, 951.115, 0.0791517
-39.6459, 874.988, 0.0726751
-39.6993, 571.787, 0.17973
-39.6995, 571.787, 0.179909
-39.6459, 792.859, 0.0896816
-39.6458, 832.999, 0.0805418
-39.6458, 832.999, 0.0806223
-39.646, 874.988, 0.0967537
-39.6469, 1389.92, 0.0398939
-39.6469, 1389.92, 0.0399338
-39.6458, 973.671, 0.0788884
-39.6465, 874.114, 0.0462677
-39.6465, 874.114, 0.0463139
-39.651, 562.843, 0.113505
-39.646, 755.036, 0.0623215
-39.646, 755.036, 0.0623838
-39.6459, 669.512, 0.0797468
-39.6458, 712.094, 0.0702041
-39.6458, 712.094, 0.0702744
-39.6471, 874.988, 0.0223367
-39.646, 560.184, 0.0546961
-39.646, 560.184, 0.0547508
-1458.63, 94.5841, 1.96653
-39.7028, 348.293, 0.14235
-39.7031, 348.293, 0.142493
-39.6459, 499.752, 0.0689627
-39.6458, 531.601, 0.0607765
-39.6458, 531.601, 0.0608373
-39.6458, 519.383, 0.0638168
-39.6468, 874.114, 0.0364498
-39.6468, 874.114, 0.0364863
-39.6467, 561.865, 0.089343
-39.6467, 836.258, 0.0398669
-39.6467, 836.258, 0.0399068
-39.6458, 649.393, 0.0666496
-39.6462, 968.055, 0.0614057
-39.6462, 968.055, 0.0614672
-39.6644, 625.183, 0.150861
-39.6458, 862.125, 0.077882
-39.6458, 862.125, 0.07796
-39.6472, 969.024, 0.0186056
-39.6463, 619.845, 0.0455398
-39.6463, 619.845, 0.0455853
-988.594, 104.292, 1.63448
-39.6732, 373.397, 0.125989
-39.6733, 373.397, 0.126116
-39.6458, 541.176, 0.0599255
-39.6458, 517.445, 0.0654397
-39.6458, 517.445, 0.0655052
-39.6466, 969.024, 0.0443296
-39.6487, 622.024, 0.108692
-39.6487, 622.024, 0.1088
-39.646, 817.037, 0.0626513
-39.6458, 725.079, 0.0796521
-39.6458, 725.079, 0.0797318
-39.6463, 969.024, 0.0579943
-39.6597, 623.856, 0.142402
-39.6598, 623.856, 0.142544
-39.6458, 858.166, 0.0743467
-39.6465, 968.055, 0.0476836
-39.6465, 968.055, 0.0477314
-39.6504, 623.004, 0.116948
-39.646, 832.246, 0.0648184
-39.646, 832.246, 0.0648832
-39.6458, 737.964, 0.0829143
-39.6458, 780.755, 0.0737957
-39.6458, 780.755, 0.0738696
-39.6458, 969.024, 0.0933699
-39.647, 1577.3, 0.0390104
-39.647, 1577.3, 0.0390494
-39.6458, 1025.68, 0.0843503
-39.6471, 968.055, 0.0237007
-39.6471, 968.055, 0.0237244
-39.646, 620.907, 0.0580312
-1527.03, 104.559, 2.08576
-1529.67, 104.559, 2.08785
-39.7113, 382.483, 0.153807
-39.6459, 551.38, 0.0735442
-39.6459, 551.38, 0.0736177
-39.6458, 591.622, 0.063955
-39.6458, 575.977, 0.0673622
-39.6458, 575.977, 0.0674296
-39.646, 969.024, 0.0698228
-39.6808, 627.332, 0.171909
-39.681, 627.332, 0.172081
-39.6458, 871.861, 0.0869565
-39.6458, 968.055, 0.0955549
-39.6458, 968.055, 0.0956505
-39.6469, 1560.55, 0.0396673
-39.6458, 1040.32, 0.0836691
-39.6458, 1040.32, 0.0837528
-39.6458, 969.024, 0.0925902
-39.647, 1587.88, 0.0388308
-39.647, 1587.88, 0.0388697
-39.6458, 1019.6, 0.0846765
-39.6458, 990.925, 0.0888706
-39.6458, 990.925, 0.0889595
-39.6459, 969.024, 0.0726751
-39.688, 628.944, 0.179152
-39.6882, 628.944, 0.179331
-39.6458, 874.361, 0.0901129
-39.6458, 917.406, 0.081323
-39.6458, 917.406, 0.0814044
-39.6458, 969.024, 0.0967537
-39.6469, 1552.73, 0.0400781
-39.6469, 1552.73, 0.0401182
-39.6458, 1049.2, 0.0834201
-39.6466, 968.055, 0.0462677
-39.6466, 968.055, 0.0463139
-39.6496, 622.846, 0.113461
-39.646, 826.329, 0.0637969
-39.646, 826.329, 0.0638608
-39.6458, 733.181, 0.0814887
-39.6471, 968.055, 0.0223367
-39.6471, 968.055, 0.0223591
-39.646, 620.784, 0.0546862
-1376.29, 104.455, 1.96476
-1378.73, 104.455, 1.96673
-39.6982, 380.777, 0.146114
-39.6458, 549.112, 0.0698447
-39.6458, 549.112, 0.0699146
-39.6458, 575.899, 0.0635938
-39.6468, 968.055, 0.0364498
-39.6468, 968.055, 0.0364863
-39.6464, 621.927, 0.0893201
-39.6467, 914.974, 0.0408502
-39.6467, 914.974, 0.0408911
-39.6458, 706.125, 0.0691037
-39.6504, 175.064, 0.0614057
-39.6504, 175.064, 0.0614672
-39.6466, 275.675, 0.0251795
-39.6467, 175.064, 0.0186056
-39.6467, 175.064, 0.0186242
-39.6488, 113.526, 0.0458017
-39.6461, 148.784, 0.0260756
-39.6461, 148.784, 0.0261017
-39.646, 132.65, 0.0331573
-39.6462, 175.064, 0.0443296
-39.6462, 175.064, 0.044374
-39.6469, 281.785, 0.0183874
-39.646, 199.802, 0.0347015
-39.646, 199.802, 0.0347362
-39.649, 175.239, 0.0579943
-39.6466, 275.902, 0.0238027
-39.6466, 275.902, 0.0238265
-39.6466, 175.239, 0.0476836
-39.6468, 278.96, 0.0196831
-39.6468, 278.96, 0.0197028
-39.6459, 204.747, 0.0354826
-39.6856, 175.064, 0.0933699
-39.6857, 175.064, 0.0934633
-39.646, 273.469, 0.0381321
-39.6464, 175.064, 0.0237007
-39.6464, 175.064, 0.0237244
-39.6574, 114.258, 0.0585235
-39.646, 155.419, 0.0304799
-39.646, 155.419, 0.0305104
-39.6552, 175.239, 0.0698228
-39.6464, 274.531, 0.0285852
-39.6464, 274.531, 0.0286138
-39.6899, 175.239, 0.0955549
-39.646, 273.108, 0.0390182
-39.646, 273.108, 0.0390573
-39.684, 175.239, 0.0925902
-39.646, 273.228, 0.037816
-39.646, 273.228, 0.0378538
-39.6575, 175.239, 0.0726751
-39.6463, 274.31, 0.0297409
-39.6463, 274.31, 0.0297706
-39.6925, 175.239, 0.0967537
-39.646, 273.061, 0.0395044
-39.646, 273.061, 0.0395439
-39.6464, 175.239, 0.0462677
-39.6468, 279.833, 0.0191302
-39.6468, 279.833, 0.0191493
-39.6459, 202.917, 0.0351039
-39.6464, 175.064, 0.0223367
-39.6464, 175.064, 0.0223591
-39.6543, 114.016, 0.0551
-39.646, 154.265, 0.0291346
-39.646, 154.265, 0.0291638
-39.6459, 175.239, 0.0364498
-39.6467, 466.86, 0.0300036
-39.6467, 466.86, 0.0300336
-39.6459, 181.186, 0.0362092
-39.6459, 631.391, 0.0614057
-39.6459, 631.391, 0.0614672
-39.6976, 415.129, 0.152151
-39.6459, 572.707, 0.0757989
-39.6459, 572.707, 0.0758747
-39.6458, 602.17, 0.0681664
-39.6471, 631.391, 0.0186056
-39.6471, 631.391, 0.0186242
-39.646, 405.277, 0.0455729
-1279.29, 68.4533, 1.64044
-1281.52, 68.4533, 1.64208
-39.7038, 249.665, 0.121026
-39.6459, 359.625, 0.0578722
-39.6459, 359.625, 0.0579301
-39.6459, 382.738, 0.0511454
-39.6458, 372.884, 0.0537985
-39.6458, 372.884, 0.0538523
-39.6464, 632.023, 0.0443296
-39.6563, 407.338, 0.108907
-39.6563, 407.338, 0.109016
-39.6459, 556.864, 0.0574719
-39.646, 631.391, 0.0579943
-39.646, 631.391, 0.0580524
-39.6856, 412.084, 0.143203
-39.6458, 570.08, 0.0719688
-39.6458, 570.08, 0.0720408
-39.6462, 632.023, 0.0476836
-39.6611, 407.945, 0.117231
-39.6612, 407.945, 0.117349
-39.6458, 561.422, 0.0608577
-39.6466, 631.391, 0.0933699
-39.6466, 631.391, 0.0934633
-39.6468, 997.444, 0.0383489
-39.6458, 737.267, 0.0690087
-39.6458, 737.267, 0.0690778
-39.647, 632.023, 0.0237007
-39.6458, 405.248, 0.0580796
-39.6458, 405.248, 0.0581377
-39.6458, 632.023, 0.0698228
-39.7124, 573.455, 0.188919
-39.7127, 573.455, 0.189108
-39.6462, 619.301, 0.0861646
-39.6458, 630.783, 0.0705221
-39.6458, 630.783, 0.0705927
-39.6468, 632.023, 0.0955549
-39.6468, 995.48, 0.0392269
-39.6468, 995.48, 0.0392661
-39.6465, 632.023, 0.0925902
-39.6468, 996.835, 0.0380363
-39.6468, 996.835, 0.0380744
-39.6458, 736.224, 0.0687777
-39.6458, 631.391, 0.0726751
-39.6458, 631.391, 0.0727478
-39.647, 1099.11, 0.0315962
-39.6458, 653.552, 0.0689974
-39.6458, 653.552, 0.0690664
-39.6458, 641.53, 0.07106
-39.6469, 631.391, 0.0967537
-39.6469, 631.391, 0.0968505
-39.6468, 996.011, 0.0397096
-39.6463, 631.391, 0.0462677
-39.6463, 631.391, 0.0463139
-39.6589, 408.079, 0.113713
-39.6459, 559.092, 0.0594077
-39.6459, 559.092, 0.0594672
-39.647, 632.023, 0.0223367
-39.6458, 405.145, 0.0547304
-39.6458, 405.145, 0.0547851
-39.6466, 632.023, 0.0364498
-39.6491, 406.327, 0.089439
-39.6491, 406.327, 0.0895285
-39.646, 536.942, 0.0508031
-39.6458, 476.133, 0.0647603
-39.6458, 476.133, 0.0648251
-39.6459, 616.316, 0.0614057
-39.7008, 405.619, 0.152361
-39.701, 405.619, 0.152513
-39.6459, 559.757, 0.0757241
-39.6458, 589.8, 0.0674293
-39.6458, 589.8, 0.0674968
-39.6471, 616.316, 0.0186056
-39.646, 394.852, 0.0455754
-39.646, 394.852, 0.045621
-1294.77, 66.8545, 1.64087
-39.7011, 245.542, 0.118792
-39.7014, 245.542, 0.118911
-39.6459, 352.293, 0.0574767
-39.6459, 374.436, 0.0507258
-39.6459, 374.436, 0.0507766
-39.6458, 365.888, 0.0532513
-39.6463, 615.7, 0.0443296
-39.6463, 615.7, 0.044374
-39.657, 397.754, 0.108926
-39.6459, 543.36, 0.0572964
-39.6459, 543.36, 0.0573538
-39.6459, 616.316, 0.0579943
-39.6881, 402.062, 0.143308
-39.6883, 402.062, 0.143451
-39.6459, 557.062, 0.0718751
-39.6458, 585.384, 0.0645557
-39.6458, 585.384, 0.0646203
-39.6462, 616.316, 0.0476836
-39.6622, 397.992, 0.117258
-39.6623, 397.992, 0.117375
-39.6458, 548.194, 0.0607115
-39.6467, 615.7, 0.0933699
-39.6467, 615.7, 0.0934633
-39.6468, 972.231, 0.0383404
-39.6458, 721.558, 0.0684964
-39.6458, 721.558, 0.0685649
-39.647, 616.316, 0.0237007
-39.6458, 395.22, 0.0580827
-39.6458, 395.22, 0.0581409
-39.6464, 494.389, 0.037011
-39.6458, 405.109, 0.0552519
-39.6458, 405.109, 0.0553071
-39.6458, 616.316, 0.0698228
-39.6466, 1640.79, 0.0572727
-39.6466, 1640.79, 0.05733
-39.6458, 627.278, 0.0695744
-39.6469, 615.7, 0.0955549
-39.6469, 615.7, 0.0956505
-39.6468, 971.35, 0.0392194
-39.6466, 615.7, 0.0925902
-39.6467, 615.7, 0.0926828
-39.6468, 972.583, 0.0380273
-39.6458, 719.891, 0.0682528
-39.6458, 719.891, 0.0683211
-39.6458, 616.316, 0.0726751
-39.647, 1038.43, 0.0309844
-39.647, 1038.43, 0.0310154
-39.6458, 644.478, 0.0675674
-39.6458, 628.152, 0.0703402
-39.6458, 628.152, 0.0704105
-39.647, 616.316, 0.0967537
-39.6467, 969.953, 0.0397026
-39.6467, 969.953, 0.0397423
-39.6463, 616.316, 0.0462677
-39.6598, 397.704, 0.113736
-39.6599, 397.704, 0.11385
-39.6459, 546.523, 0.0592505
-39.647, 615.7, 0.0223367
-39.647, 615.7, 0.0223591
-39.6458, 395.517, 0.0547334
-39.6466, 615.7, 0.0364498
-39.6466, 615.7, 0.0364863
-39.6494, 396.711, 0.0894485
-39.646, 524.944, 0.0504454
-39.646, 524.944, 0.0504958
-39.6458, 466.195, 0.0643786
-39.6462, 991.392, 0.0614057
-39.6462, 991.392, 0.0614672
-39.6633, 640.011, 0.150833
-39.6458, 881.887, 0.078047
-39.6458, 881.887, 0.0781251
-39.6472, 992.384, 0.0186056
-39.6463, 634.736, 0.0455379
-39.6463, 634.736, 0.0455835
-971.233, 106.762, 1.63415
-39.6717, 382.3, 0.126
-39.6718, 382.3, 0.126126
-39.6459, 553.688, 0.0600257
-39.6458, 526.08, 0.0663827
-39.6458, 526.08, 0.0664492
-39.6466, 992.384, 0.0443296
-39.6484, 636.922, 0.108684
-39.6484, 636.922, 0.108792
-39.646, 833.279, 0.0631694
-39.6458, 740.225, 0.0801418
-39.6458, 740.225, 0.080222
-39.6463, 992.384, 0.0579943
-39.6589, 638.701, 0.142381
-39.6589, 638.701, 0.142523
-39.6458, 877.672, 0.0745355
-39.6465, 991.392, 0.0476836
-39.6465, 991.392, 0.0477314
-39.65, 637.909, 0.116938
-39.646, 849.943, 0.0651751
-39.646, 849.943, 0.0652403
-39.6458, 753.77, 0.0833348
-39.6458, 795.068, 0.0746313
-39.6458, 795.068, 0.074706
-39.6458, 992.384, 0.0933699
-39.647, 1631.19, 0.0392271
-39.647, 1631.19, 0.0392663
-39.6458, 1041.23, 0.0858756
-39.6458, 1013.26, 0.0898883
-39.6458, 1013.26, 0.0899783
-39.6471, 992.384, 0.0237007
-39.646, 635.184, 0.0580287
-39.646, 635.184, 0.0580867
-1504.2, 107.14, 2.0853
-39.7085, 390.964, 0.154012
-39.7088, 390.964, 0.154166
-39.6459, 564.75, 0.0736514
-39.6458, 602.291, 0.0645789
-39.6458, 602.291, 0.0646435
-39.6458, 587.594, 0.0680054
-39.646, 991.392, 0.0698228
-39.646, 991.392, 0.0698926
-39.6788, 642.596, 0.171844
-39.6458, 891.158, 0.0870819
-39.6458, 891.158, 0.087169
-39.6458, 992.384, 0.0955549
-39.6469, 1604.22, 0.0397709
-39.6469, 1604.22, 0.0398107
-39.6458, 1058.15, 0.0850154
-39.6458, 991.392, 0.0925902
-39.6458, 991.392, 0.0926828
-39.647, 1650.15, 0.0391394
-39.6458, 1033.62, 0.0862764
-39.6458, 1033.62, 0.0863627
-39.6458, 1010.92, 0.0897333
-39.6459, 991.392, 0.0726751
-39.6459, 991.392, 0.0727478
-39.6857, 644.054, 0.179059
-39.6458, 893.718, 0.0902272
-39.6458, 893.718, 0.0903175
-39.6458, 992.384, 0.0967537
-39.6469, 1595.78, 0.0401543
-39.6469, 1595.78, 0.0401944
-39.6458, 1066.6, 0.084684
-39.6466, 991.392, 0.0462677
-39.6466, 991.392, 0.0463139
-39.6493, 637.756, 0.113452
-39.646, 843.517, 0.0642074
-39.646, 843.517, 0.0642716
-39.6458, 748.739, 0.0819353
-39.6471, 991.392, 0.0223367
-39.6471, 991.392, 0.0223591
-39.646, 635.708, 0.0546844
-1356.28, 106.938, 1.96444
-1358.68, 106.938, 1.96641
-39.6954, 389.965, 0.146057
-39.6458, 561.994, 0.069919
-39.6458, 561.994, 0.0699889
-39.6458, 585.627, 0.064492
-39.6468, 991.392, 0.0364498
-39.6468, 991.392, 0.0364863
-39.6463, 636.846, 0.089315
-39.6467, 933.767, 0.0411378
-39.6467, 933.767, 0.0411789
-39.6458, 719.723, 0.0697553
-39.6459, 576.519, 0.0614057
-39.6459, 576.519, 0.0614672
-39.7093, 384.715, 0.153177
-39.646, 525.811, 0.0755687
-39.646, 525.811, 0.0756443
-39.6458, 560.161, 0.0656701
-39.6471, 576.519, 0.0186056
-39.6471, 576.519, 0.0186242
-39.646, 370.196, 0.0455815
-1339.58, 62.6229, 1.64198
-1341.81, 62.6229, 1.64362
-39.7104, 230.06, 0.119052
-39.646, 330.072, 0.0573413
-39.646, 330.072, 0.0573986
-39.6458, 348.967, 0.0513514
-39.6463, 576.519, 0.0443296
-39.6463, 576.519, 0.044374
-39.6591, 372.829, 0.108981
-39.6459, 510.799, 0.0568747
-39.6459, 510.799, 0.0569316
-39.6459, 577.096, 0.0579943
-39.695, 378.488, 0.143665
-39.6952, 378.488, 0.143809
-39.6459, 523.164, 0.0716534
-39.6458, 555.479, 0.0628334
-39.6458, 555.479, 0.0628962
-39.6462, 577.096, 0.0476836
-39.6651, 373.181, 0.117337
-39.6652, 373.181, 0.117454
-39.6458, 514.998, 0.0603573
-39.647, 576.519, 0.0933699
-39.647, 576.519, 0.0934633
-39.6467, 909.452, 0.0383208
-39.647, 576.519, 0.0237007
-39.647, 576.519, 0.0237244
-39.6459, 370.559, 0.0580919
-39.6466, 492.415, 0.0326101
-39.6466, 492.415, 0.0326428
-39.6458, 387.918, 0.0529514
-39.6458, 576.519, 0.0698228
-39.6458, 576.519, 0.0698926
-39.647, 988.84, 0.0300647
-39.6458, 600.133, 0.0655721
-39.6458, 600.133, 0.0656377
-39.6458, 587.405, 0.0679149
-39.6473, 576.519, 0.0955549
-39.6473, 576.519, 0.0956505
-39.6467, 908.748, 0.0392021
-39.6469, 576.519, 0.0925902
-39.647, 576.519, 0.0926828
-39.6468, 909.729, 0.0380067
-39.6458, 576.519, 0.0726751
-39.6458, 576.519, 0.0727478
-39.6469, 942.343, 0.0304011
-39.6458, 617.305, 0.0643614
-39.6458, 617.305, 0.0644258
-39.6474, 577.096, 0.0967537
-39.6467, 907.496, 0.0396862
-39.6467, 907.496, 0.039726
-39.6462, 577.096, 0.0462677
-39.6624, 372.85, 0.113803
-39.6625, 372.85, 0.113917
-39.6458, 513.553, 0.0588709
-39.647, 576.519, 0.0223367
-39.647, 576.519, 0.0223591
-39.6458, 370.46, 0.0547417
-39.6466, 576.519, 0.0364498
-39.6466, 576.519, 0.0364863
-39.6502, 371.69, 0.089475
-39.646, 495.625, 0.0496275
-39.646, 495.625, 0.0496771
-39.6459, 439.863, 0.0634478
-39.6458, 464.827, 0.0565711
-39.6458, 464.827, 0.0566277
-39.6462, 940.585, 0.0614057
-39.6659, 606.538, 0.150898
-39.666, 606.538, 0.151049
-39.6458, 838.836, 0.0776846
-39.6472, 939.645, 0.0186056
-39.6472, 939.645, 0.0186242
-39.6463, 602.306, 0.0455417
-1009.37, 101.172, 1.63482
-1011.16, 101.172, 1.63645
-39.6692, 369.675, 0.121384
-39.6458, 527.615, 0.0592943
-39.6458, 527.615, 0.0593537
-39.6458, 506.378, 0.0645236
-39.6466, 939.645, 0.0443296
-39.6466, 939.645, 0.044374
-39.649, 604.492, 0.108702
-39.646, 796.047, 0.062061
-39.646, 796.047, 0.0621231
-39.6458, 707.186, 0.079066
-39.6462, 939.645, 0.0579943
-39.6462, 939.645, 0.0580524
-39.6608, 606.397, 0.14243
-39.6458, 833.497, 0.0741214
-39.6458, 833.497, 0.0741956
-39.6465, 940.585, 0.0476836
-39.6508, 604.251, 0.116961
-39.6509, 604.251, 0.117078
-39.646, 811.269, 0.064403
-39.6459, 717.871, 0.0824085
-39.6459, 717.871, 0.082491
-39.6458, 763.847, 0.072789
-39.6458, 939.645, 0.0933699
-39.6458, 939.645, 0.0934633
-39.6469, 1520.44, 0.0388396
-39.6458, 1004.83, 0.0826044
-39.6458, 1004.83, 0.082687
-39.6471, 940.585, 0.0237007
-39.6459, 602.144, 0.0580342
-39.6459, 602.144, 0.0580922
-1549.18, 101.644, 2.0863
-39.7061, 375.996, 0.149711
-39.7064, 375.996, 0.149861
-39.6459, 538.419, 0.0728319
-39.6458, 576.105, 0.0634337
-39.6458, 576.105, 0.0634972
-39.6458, 563.084, 0.066554
-39.646, 939.645, 0.0698228
-39.646, 939.645, 0.0698926
-39.6833, 610.202, 0.172
-39.6458, 846.407, 0.0868066
-39.6458, 846.407, 0.0868934
-39.6459, 940.585, 0.0955549
-39.6469, 1506.64, 0.0395742
-39.6469, 1506.64, 0.0396137
-39.6458, 1020.1, 0.082119
-39.6458, 939.645, 0.0925902
-39.6458, 939.645, 0.0926828
-39.6469, 1526.95, 0.0386059
-39.6458, 999.317, 0.0828492
-39.6458, 999.317, 0.0829321
-39.6459, 940.585, 0.0726751
-39.6911, 611.44, 0.179285
-39.6913, 611.44, 0.179465
-39.6458, 849.698, 0.089977
-39.6458, 896.32, 0.0802541
-39.6458, 896.32, 0.0803344
-39.6459, 940.585, 0.0967537
-39.6469, 1502.12, 0.0400065
-39.6469, 1502.12, 0.0400465
-39.6458, 1027.25, 0.0819608
-39.6466, 939.645, 0.0462677
-39.6466, 939.645, 0.0463139
-39.65, 604.697, 0.113474
-39.646, 805.108, 0.0633228
-39.646, 805.108, 0.0633861
-39.6458, 714.101, 0.0809528
-39.6471, 939.645, 0.0223367
-39.6471, 939.645, 0.0223591
-39.646, 602.63, 0.0546891
-1401.94, 101.444, 1.96529
-1404.42, 101.444, 1.96725
-39.7017, 369.789, 0.146047
-39.6458, 533.5, 0.0697363
-39.6459, 533.5, 0.069806
-39.6458, 563.513, 0.0625928
-39.6468, 939.645, 0.0364498
-39.6468, 939.645, 0.0364863
-39.6465, 603.761, 0.0893264
-39.6467, 891.654, 0.0405255
-39.6467, 891.654, 0.040566
-39.6458, 689.299, 0.0683335
-39.6458, 432.629, 0.0614057
-39.6458, 432.629, 0.0614672
-39.647, 725.842, 0.0260805
-39.6458, 457.381, 0.0559945
-39.6458, 457.381, 0.0560505
-39.6458, 444.426, 0.0588241
-39.647, 432.629, 0.0186056
-39.647, 432.629, 0.0186242
-39.6459, 278.165, 0.0456111
-39.6461, 432.629, 0.0443296
-39.6461, 432.629, 0.044374
-39.6731, 281.896, 0.109377
-39.6458, 388.797, 0.0554988
-39.6458, 388.797, 0.0555543
-39.6458, 433.062, 0.0579943
-39.646, 972.142, 0.104303
-39.646, 972.142, 0.104407
-39.6458, 489.646, 0.0633943
-39.646, 432.629, 0.0476836
-39.646, 432.629, 0.0477314
-39.6843, 283.579, 0.117982
-39.6459, 391.062, 0.0591887
-39.6459, 391.062, 0.0592479
-39.6493, 433.062, 0.0933699
-39.6466, 679.72, 0.0382617
-39.6466, 679.72, 0.0383
-39.6468, 433.062, 0.0237007
-39.6463, 278.265, 0.0581404
-39.6463, 278.265, 0.0581985
-39.6467, 407.382, 0.0268376
-39.6459, 313.868, 0.0455149
-39.6459, 313.868, 0.0455605
-39.6461, 433.062, 0.0698228
-39.6469, 689.643, 0.0288275
-39.6469, 689.643, 0.0288564
-39.6459, 489.961, 0.0552443
-39.6499, 432.629, 0.0955549
-39.6499, 432.629, 0.0956505
-39.6466, 680.075, 0.0391476
-39.6492, 432.629, 0.0925902
-39.6492, 432.629, 0.0926828
-39.6466, 680.524, 0.0379457
-39.6463, 432.629, 0.0726751
-39.6463, 432.629, 0.0727478
-39.6468, 687.525, 0.0299411
-39.6459, 496.758, 0.0557467
-39.6459, 496.758, 0.0558025
-39.6502, 433.062, 0.0967537
-39.6465, 679.231, 0.0396339
-39.6465, 679.231, 0.0396736
-39.646, 433.062, 0.0462677
-39.6793, 282.471, 0.114322
-39.6795, 282.471, 0.114437
-39.6458, 390.515, 0.0576205
-39.6469, 432.629, 0.0223367
-39.6469, 432.629, 0.0223591
-39.6461, 278.438, 0.0547843
-39.6467, 397.728, 0.0264984
-39.6467, 397.728, 0.0265249
-39.6459, 306.129, 0.0451874
-39.6464, 432.629, 0.0364498
-39.6464, 432.629, 0.0364863
-39.6559, 279.95, 0.0896356
-39.6459, 381.372, 0.0472774
-39.6459, 381.372, 0.0473247
-39.6462, 329.77, 0.0614057
-39.6469, 525.856, 0.0253703
-39.6469, 525.856, 0.0253957
-39.6459, 375.154, 0.0481238
-39.6469, 329.44, 0.0186056
-39.6469, 329.44, 0.0186242
-39.646, 212.169, 0.0456482
-39.6467, 295.417, 0.0232267
-39.6467, 295.417, 0.02325
-39.6459, 228.393, 0.0392915
-39.6459, 329.44, 0.0443296
-39.6459, 329.44, 0.044374
-39.6971, 219.683, 0.110546
-39.646, 300.039, 0.0547045
-39.646, 300.039, 0.0547593
-39.6459, 315.896, 0.04883
-39.646, 329.44, 0.0579943
-39.646, 329.44, 0.0580524
-39.6469, 531.651, 0.0240892
-39.6459, 365.843, 0.0478245
-39.6459, 365.843, 0.0478723
-39.6459, 329.77, 0.0476836
-39.7158, 230.939, 0.121433
-39.7161, 230.939, 0.121555
-39.6462, 304.716, 0.0587038
-39.6459, 324.256, 0.0497159
-39.6459, 324.256, 0.0497656
-39.6539, 329.77, 0.0933699
-39.6464, 516.534, 0.038222
-39.6464, 516.534, 0.0382603
-39.6467, 329.77, 0.0237007
-39.6475, 212.373, 0.0582046
-39.6475, 212.373, 0.0582629
-39.6461, 270.375, 0.0355834
-39.6459, 242.76, 0.0442698
-39.6459, 242.76, 0.0443141
-39.647, 329.77, 0.0698228
-39.6468, 520.661, 0.0286988
-39.6468, 520.661, 0.0287275
-39.655, 329.77, 0.0955549
-39.6464, 516.342, 0.0391092
-39.6464, 516.342, 0.0391483
-39.6535, 329.77, 0.0925902
-39.6464, 516.606, 0.0379055
-39.6464, 516.606, 0.0379434
-39.6474, 329.77, 0.0726751
-39.6467, 519.757, 0.0298445
-39.6467, 519.757, 0.0298744
-39.6556, 329.77, 0.0967537
-39.6464, 516.242, 0.039596
-39.6464, 516.242, 0.0396356
-39.6459, 329.77, 0.0462677
-39.7078, 223.745, 0.116346
-39.7081, 223.745, 0.116463
-39.6461, 302.21, 0.056966
-39.6459, 320.807, 0.0492909
-39.6459, 320.807, 0.0493402
-39.6468, 329.77, 0.0223367
-39.6469, 212.252, 0.0548399
-39.6469, 212.252, 0.0548947
-39.646, 259.14, 0.0365496
-39.6459, 238.062, 0.0433784
-39.6459, 238.062, 0.0434218
-39.6462, 329.77, 0.0364498
-39.6663, 214.373, 0.0899198
-39.6664, 214.373, 0.0900098
-39.6459, 295.21, 0.0459978
-39.6459, 690.256, 0.0614057
-39.6459, 690.256, 0.0614672
-39.688, 450.562, 0.151637
-39.6458, 623.604, 0.0761114
-39.6458, 623.604, 0.0761876
-39.6458, 656.401, 0.068439
-39.6471, 690.256, 0.0186056
-39.6471, 690.256, 0.0186242
-39.6461, 442.914, 0.0455655
-1215.06, 74.7114, 1.63909
-1217.2, 74.7114, 1.64073
-39.694, 272.356, 0.121339
-39.6459, 391.953, 0.0581681
-39.6459, 391.953, 0.0582263
-39.6458, 408.78, 0.0535537
-39.6464, 690.256, 0.0443296
-39.6464, 690.256, 0.044374
-39.6539, 445.26, 0.108847
-39.6459, 604.363, 0.0581672
-39.6459, 604.363, 0.0582254
-39.646, 690.946, 0.0579943
-39.6782, 448.182, 0.14292
-39.6783, 448.182, 0.143063
-39.6458, 621.566, 0.072338
-39.6463, 690.256, 0.0476836
-39.6463, 690.256, 0.0477314
-39.6579, 445.784, 0.11715
-39.6459, 610.065, 0.06143
-39.6459, 610.065, 0.0614914
-39.6463, 690.946, 0.0933699
-39.6468, 1091.4, 0.038386
-39.6468, 1091.4, 0.0384244
-39.6459, 795.429, 0.0710482
-39.647, 690.256, 0.0237007
-39.647, 690.256, 0.0237244
-39.6458, 443.296, 0.0580682
-39.6458, 690.256, 0.0698228
-39.6458, 690.256, 0.0698926
-39.7209, 469.647, 0.175638
-39.6461, 633.133, 0.0858285
-39.6461, 633.133, 0.0859144
-39.6458, 679.174, 0.0727493
-39.6465, 690.256, 0.0955549
-39.6465, 690.256, 0.0956505
-39.6468, 1091.09, 0.0392585
-39.6458, 800.532, 0.0716024
-39.6458, 800.532, 0.0716741
-39.6463, 690.946, 0.0925902
-39.6468, 1091.97, 0.0380758
-39.6468, 1091.97, 0.0381139
-39.6459, 793.179, 0.0708707
-39.6458, 690.256, 0.0726751
-39.6458, 690.256, 0.0727478
-39.7256, 547.627, 0.192213
-39.6462, 656.234, 0.0897897
-39.6463, 656.234, 0.0898796
-39.6458, 688.724, 0.0736612
-39.6465, 690.256, 0.0967537
-39.6465, 690.256, 0.0968505
-39.6468, 1090.44, 0.0397388
-39.6458, 803.537, 0.0719383
-39.6458, 803.537, 0.0720103
-39.6464, 690.946, 0.0462677
-39.6561, 445.103, 0.113642
-39.6562, 445.103, 0.113755
-39.6459, 608.474, 0.0600255
-39.647, 690.256, 0.0223367
-39.647, 690.256, 0.0223591
-39.6459, 443.198, 0.0547205
-1648.05, 74.9511, 1.97092
-1650.64, 74.9511, 1.97289
-39.7321, 278.507, 0.139723
-39.6462, 397.969, 0.0678585
-39.6462, 397.969, 0.0679264
-39.6458, 432.359, 0.0575239
-39.6467, 690.256, 0.0364498
-39.6467, 690.256, 0.0364863
-39.6482, 444.344, 0.0894085
-39.646, 577.687, 0.0523412
-39.646, 577.687, 0.0523936
-39.6458, 514.985, 0.0662438
-39.6695, 94.2679, 0.0614057
-39.6697, 94.2679, 0.0614672
-39.6462, 147.369, 0.0250875
-39.6463, 94.2679, 0.0186056
-39.6463, 94.2679, 0.0186242
-39.6622, 62.4073, 0.0462465
-39.646, 84.6843, 0.0235603
-39.646, 84.6843, 0.0235839
-39.6501, 94.3622, 0.0443296
-39.6466, 148.575, 0.0181948
-39.6466, 148.575, 0.018213
-39.6638, 94.3622, 0.0579943
-39.6463, 147.406, 0.0237085
-39.6463, 147.406, 0.0237322
-39.6523, 94.3622, 0.0476836
-39.6465, 148.184, 0.0195452
-39.6465, 148.184, 0.0195648
-39.7971, 94.3622, 0.0933699
-39.6461, 146.095, 0.0380024
-39.6461, 146.095, 0.0380405
-39.646, 94.3622, 0.0237007
-39.6946, 67.0035, 0.0606684
-39.6949, 67.0035, 0.0607291
-39.6461, 87.4204, 0.02925
-39.646, 91.7436, 0.0255397
-39.646, 91.7436, 0.0255652
-39.6887, 94.3622, 0.0698228
-39.646, 146.847, 0.0284903
-39.646, 146.847, 0.0285188
-39.8124, 94.3622, 0.0955549
-39.6461, 146.037, 0.0388842
-39.6461, 146.037, 0.0389231
-39.7918, 94.3622, 0.0925902
-39.646, 146.116, 0.0376878
-39.646, 146.116, 0.0377255
-39.6972, 94.3622, 0.0726751
-39.646, 146.738, 0.0296433
-39.646, 146.738, 0.0296729
-39.8212, 94.3622, 0.0967537
-39.6462, 146.006, 0.039368
-39.6462, 146.006, 0.0394074
-39.6513, 94.3622, 0.0462677
-39.6465, 148.336, 0.0189747
-39.6465, 148.336, 0.0189937
-39.6461, 94.3622, 0.0223367
-39.684, 64.4937, 0.0563394
-39.6841, 64.4937, 0.0563958
-39.6461, 86.4434, 0.0276567
-39.646, 90.8638, 0.0244316
-39.646, 90.8638, 0.0244561
-39.647, 94.3622, 0.0364498
-39.6468, 150.301, 0.0150505
-39.6468, 150.301, 0.0150656
-39.6519, 159.217, 0.0614057
-39.6465, 249.932, 0.0251648
-39.6465, 249.932, 0.0251899
-39.6466, 159.217, 0.0186056
-39.6498, 103.224, 0.0458401
-39.6499, 103.224, 0.045886
-39.6461, 137.117, 0.0254091
-39.646, 121.871, 0.0324218
-39.646, 121.871, 0.0324542
-39.646, 128.699, 0.028998
-39.6465, 159.058, 0.0443296
-39.6465, 159.058, 0.044374
-39.6468, 254.554, 0.0183309
-39.646, 184.662, 0.0334738
-39.646, 184.662, 0.0335073
-39.6502, 159.217, 0.0579943
-39.6466, 250.342, 0.0237866
-39.6466, 250.342, 0.0238104
-39.647, 159.217, 0.0476836
-39.6468, 252.632, 0.0196496
-39.6468, 252.632, 0.0196692
-39.6951, 159.217, 0.0933699
-39.646, 248.005, 0.0381159
-39.646, 248.005, 0.0381541
-39.6463, 159.217, 0.0237007
-39.6607, 104.072, 0.0586201
-39.6608, 104.072, 0.0586788
-39.646, 142.178, 0.0301788
-39.658, 159.058, 0.0698228
-39.6581, 159.058, 0.0698926
-39.6463, 249.447, 0.0285717
-39.7007, 159.058, 0.0955549
-39.7009, 159.058, 0.0956505
-39.6459, 248.172, 0.0390016
-39.6934, 159.058, 0.0925902
-39.6936, 159.058, 0.0926828
-39.646, 248.283, 0.0377999
-39.6608, 159.058, 0.0726751
-39.6609, 159.058, 0.0727478
-39.6463, 249.254, 0.0297274
-39.7038, 159.058, 0.0967537
-39.7041, 159.058, 0.0968505
-39.6459, 248.128, 0.0394875
-39.6467, 159.058, 0.0462677
-39.6467, 159.058, 0.0463139
-39.6468, 253.479, 0.0190895
-39.6459, 186.916, 0.0340279
-39.6459, 186.916, 0.0340619
-39.6464, 159.217, 0.0223367
-39.6568, 103.781, 0.0551741
-39.6569, 103.781, 0.0552293
-39.646, 141.248, 0.0287847
-39.6459, 159.058, 0.0364498
-39.6459, 159.058, 0.0364863
-39.647, 279.653, 0.0159534
-39.6459, 168.965, 0.033358
-39.6459, 168.965, 0.0333914
-39.6464, 301.295, 0.0614057
-39.6468, 478.533, 0.025317
-39.6468, 478.533, 0.0253423
-39.6459, 348.436, 0.0465118
-39.6469, 300.994, 0.0186056
-39.6469, 300.994, 0.0186242
-39.6461, 193.979, 0.0456633
-39.6467, 277.456, 0.021966
-39.6467, 277.456, 0.0219879
-39.6459, 213.8, 0.0374469
-39.6459, 300.994, 0.0443296
-39.6459, 300.994, 0.044374
-39.7081, 205.881, 0.111756
-39.6461, 276.281, 0.0545813
-39.6461, 276.281, 0.0546359
-39.6459, 293.891, 0.0470905
-39.6461, 300.994, 0.0579943
-39.6461, 300.994, 0.0580524
-39.6469, 482.099, 0.0239918
-39.6459, 341.146, 0.0458428
-39.6459, 341.146, 0.0458887
-39.6459, 301.295, 0.0476836
-39.6835, 340.217, 0.128645
-39.6837, 340.217, 0.128774
-39.6461, 308.542, 0.0578091
-39.6459, 301.443, 0.0482631
-39.6459, 301.443, 0.0483114
-39.6561, 301.295, 0.0933699
-39.6464, 471.635, 0.0382099
-39.6464, 471.635, 0.0382481
-39.6467, 301.295, 0.0237007
-39.6481, 194.222, 0.058232
-39.6482, 194.222, 0.0582902
-39.6461, 252.31, 0.0341097
-39.6459, 224.867, 0.0431124
-39.6459, 224.867, 0.0431555
-39.6475, 301.295, 0.0698228
-39.6467, 474.956, 0.0286756
-39.6467, 474.956, 0.0287043
-39.6575, 301.295, 0.0955549
-39.6463, 471.468, 0.0390971
-39.6463, 471.468, 0.0391362
-39.6557, 301.295, 0.0925902
-39.6464, 471.697, 0.0378933
-39.6464, 471.697, 0.0379313
-39.6481, 301.295, 0.0726751
-39.6467, 474.268, 0.029825
-39.6467, 474.268, 0.0298548
-39.6583, 301.295, 0.0967537
-39.6463, 471.382, 0.039584
-39.6463, 471.382, 0.0396236
-39.6459, 301.295, 0.0462677
-39.7184, 220.856, 0.119739
-39.7187, 220.856, 0.119859
-39.6462, 281.447, 0.0570401
-39.6459, 298.034, 0.0476937
-39.6459, 298.034, 0.0477414
-39.6467, 301.295, 0.0223367
-39.6473, 194.093, 0.0548631
-39.6474, 194.093, 0.054918
-39.6461, 245.366, 0.0340144
-39.6459, 221.035, 0.04204
-39.6459, 221.035, 0.0420821
-39.6461, 301.295, 0.0364498
-39.6714, 196.581, 0.0900758
-39.6715, 196.581, 0.0901659
-39.6459, 270.892, 0.0456879
-39.6459, 639.94, 0.0614057
-39.6459, 639.94, 0.0614672
-39.6961, 420.168, 0.152053
-39.6459, 580.083, 0.0758415
-39.6459, 580.083, 0.0759174
-39.6458, 608.5, 0.0685776
-39.6471, 639.94, 0.0186056
-39.6471, 639.94, 0.0186242
-39.646, 410.747, 0.045572
-1269.45, 69.3658, 1.64027
-1271.66, 69.3658, 1.64191
-39.7024, 252.887, 0.121152
-39.6459, 364.299, 0.057927
-39.6459, 364.299, 0.0579849
-39.6459, 386.731, 0.0514568
-39.6458, 376.892, 0.0540916
-39.6458, 376.892, 0.0541458
-39.6464, 640.58, 0.0443296
-39.6559, 412.777, 0.108897
-39.6559, 412.777, 0.109006
-39.6459, 563.901, 0.0575691
-39.646, 639.94, 0.0579943
-39.646, 639.94, 0.0580524
-39.6844, 417.351, 0.143153
-39.6458, 577.474, 0.0720208
-39.6458, 577.474, 0.0720929
-39.6463, 640.58, 0.0476836
-39.6606, 413.369, 0.117218
-39.6607, 413.369, 0.117335
-39.6459, 568.611, 0.0609384
-39.6466, 639.94, 0.0933699
-39.6466, 639.94, 0.0934633
-39.6468, 1011.2, 0.0383538
-39.6458, 745.752, 0.0692932
-39.6458, 745.752, 0.0693625
-39.647, 640.58, 0.0237007
-39.6458, 410.708, 0.0580777
-39.6458, 410.708, 0.0581358
-39.6458, 640.58, 0.0698228
-39.7255, 504.03, 0.184388
-39.7259, 504.03, 0.184573
-39.6462, 608.147, 0.086254
-39.6458, 637.683, 0.0708332
-39.6458, 637.683, 0.0709041
-39.6467, 640.58, 0.0955549
-39.6468, 1009.17, 0.0392311
-39.6468, 1009.17, 0.0392704
-39.6458, 751.346, 0.069965
-39.6465, 639.94, 0.0925902
-39.6465, 639.94, 0.0926828
-39.6468, 1011.61, 0.0380415
-39.6458, 743.911, 0.0690692
-39.6458, 743.911, 0.0691383
-39.6458, 640.58, 0.0726751
-39.647, 1146.05, 0.0322435
-39.647, 1146.05, 0.0322757
-39.6458, 659.291, 0.0698147
-39.6458, 647.826, 0.0714442
-39.6458, 647.826, 0.0715156
-39.6468, 640.58, 0.0967537
-39.6468, 1008.68, 0.0397135
-39.6468, 1008.68, 0.0397532
-39.6463, 640.58, 0.0462677
-39.6585, 413.102, 0.113701
-39.6585, 413.102, 0.113815
-39.6459, 566.783, 0.0594946
-39.647, 639.94, 0.0223367
-39.647, 639.94, 0.0223591
-39.6458, 411.017, 0.0547287
-39.6466, 639.94, 0.0364498
-39.6466, 639.94, 0.0364863
-39.6489, 412.195, 0.0894342
-39.646, 542.575, 0.0510063
-39.646, 542.575, 0.0510573
-39.6458, 482.251, 0.0649706
-100.01, 0.062857, 0.00800444
-40.9456, 0.130739, 0.00405574
-40.9496, 0.130739, 0.0040598
-51.4187, 0.062857, 0.00397745
-39.7865, 0.129752, 0.0019991
-39.7869, 0.129752, 0.0020011
-130.713, 0.062857, 0.00990519
-42.113, 0.131212, 0.00503854
-42.1203, 0.131212, 0.00504358
-116.488, 0.062857, 0.0090463
-41.5305, 0.130302, 0.00456721
-41.5362, 0.130302, 0.00457178
-83.8828, 0.062857, 0.00690234
-40.4674, 0.130425, 0.00348831
-40.47, 0.130425, 0.0034918
-41.1661, 0.062857, 0.001944
-39.6609, 0.129318, 0.000973636
-39.6609, 0.129318, 0.000974611
-107.547, 0.062857, 0.00848848
-41.2002, 0.13086, 0.00430531
-41.2049, 0.13086, 0.00430962
-119.099, 0.062857, 0.00920554
-41.631, 0.13104, 0.00467596
-41.6369, 0.13104, 0.00468064
-111.194, 0.062857, 0.00871762
-41.3305, 0.130913, 0.00442347
-41.3356, 0.130913, 0.0044279
-42.4749, 0.062857, 0.00238937
-39.6733, 0.129404, 0.00119753
-39.6733, 0.129404, 0.00119873
-76.8658, 0.062857, 0.00638154
-40.2881, 0.130292, 0.00322157
-40.2901, 0.130292, 0.00322479
-75.1312, 0.062857, 0.00624768
-40.2471, 0.130293, 0.00315404
-40.249, 0.130293, 0.00315719
-120.128, 0.062857, 0.00926866
-41.672, 0.131082, 0.00470965
-41.6781, 0.131082, 0.00471436
-99.1398, 0.062857, 0.00794713
-40.9172, 0.130704, 0.00402555
-40.9211, 0.130704, 0.00402957
-40.0035, 0.062857, 0.00122737
-39.6507, 0.129202, 0.000614145
-39.6507, 0.129202, 0.00061476
-403.104, 0.0199751, 0.00800444
-75.5346, 0.0416079, 0.00406218
-75.6165, 0.0416079, 0.00406624
-192.307, 0.0199751, 0.00397745
-45.6472, 0.0409457, 0.00198454
-45.6641, 0.0409457, 0.00198652
-463.7, 0.0199751, 0.00990519
-96.8522, 0.0420944, 0.00509161
-96.9724, 0.0420944, 0.00509671
-439.287, 0.0199751, 0.0090463
-86.7857, 0.0418976, 0.00462591
-86.8877, 0.0418976, 0.00463054
-356.25, 0.0199751, 0.00690234
-65.0069, 0.041372, 0.00348154
-65.0685, 0.041372, 0.00348502
-77.1614, 0.0199751, 0.001944
-40.3436, 0.0407423, 0.000965008
-40.3458, 0.0407423, 0.000965973
-420.859, 0.0199751, 0.00848848
-80.6104, 0.0417353, 0.00432218
-80.7007, 0.0417353, 0.0043265
-444.166, 0.0199751, 0.00920554
-88.5969, 0.0419478, 0.00471359
-88.7034, 0.0419478, 0.0047183
-428.683, 0.0199751, 0.00871762
-83.1114, 0.0417953, 0.00444585
-83.2069, 0.0417953, 0.0044503
-98.6418, 0.0199751, 0.00238937
-40.9743, 0.040787, 0.00118742
-40.9784, 0.040787, 0.00118861
-330.933, 0.0199751, 0.00638154
-60.5997, 0.0411403, 0.0031998
-60.6515, 0.0411403, 0.003203
-324.108, 0.0199751, 0.00624768
-59.5254, 0.0412491, 0.0031414
-59.5752, 0.0412491, 0.00314454
-446.049, 0.0199751, 0.00926866
-89.3291, 0.0419604, 0.00474749
-89.4364, 0.0419604, 0.00475224
-400.895, 0.0199751, 0.00794713
-74.9487, 0.0416019, 0.00403247
-75.0298, 0.0416019, 0.0040365
-51.6832, 0.0199751, 0.00122737
-39.8045, 0.0406816, 0.000608348
-39.8051, 0.0406816, 0.000608957
-576.729, 0.0031493, 0.00800444
-39.5455, 0.00187852, 0.0188548
-39.5438, 0.00187852, 0.0188736
-609.945, 0.0031493, 0.00397745
-445.195, 0.00853452, 0.0037302
-445.507, 0.00853452, 0.00373393
-39.6496, 0.462604, 0.00288562
-539.074, 0.00314615, 0.00990519
-538.827, 0.00314615, 0.0099151
-39.6186, 0.00179664, 0.0226622
-558.347, 0.00314615, 0.0090463
-558.165, 0.00314615, 0.00905535
-39.5697, 0.00182805, 0.0209364
-591.091, 0.00314615, 0.00690234
-591.014, 0.00314615, 0.00690924
-42.7812, 0.00195915, 0.0166436
-546.533, 0.00314615, 0.001944
-546.742, 0.00314615, 0.00194595
-135.769, 0.00647308, 0.000971673
-568.779, 0.00314615, 0.00848848
-568.631, 0.00314615, 0.00849697
-39.5253, 0.00185266, 0.0198134
-555.08, 0.00314615, 0.00920554
-554.888, 0.00314615, 0.00921475
-39.5818, 0.00182112, 0.0212522
-564.678, 0.00314615, 0.00871762
-564.517, 0.00314615, 0.00872634
-39.5423, 0.00184184, 0.0202732
-581.569, 0.00314615, 0.00238937
-581.699, 0.00314615, 0.00239176
-179.129, 0.00652897, 0.00120513
-39.6474, 0.120485, 7.79903e-05
-39.6474, 0.120485, 7.80683e-05
-596.493, 0.0031493, 0.00638154
-53.0879, 0.00201703, 0.0156295
-52.8979, 0.00201703, 0.0156451
-39.6473, 0.000341095, 0.562374
-597.711, 0.00314615, 0.00624768
-597.654, 0.00314615, 0.00625393
-58.5483, 0.00203434, 0.0153585
-39.6473, 0.00035386, 0.560876
-39.6473, 0.00035386, 0.561438
-553.878, 0.0031493, 0.00926866
-39.5867, 0.00181682, 0.0213788
-39.5873, 0.00181682, 0.0214002
-577.593, 0.0031493, 0.00794713
-39.5598, 0.00188, 0.0187287
-39.5576, 0.00188, 0.0187474
-415.083, 0.0031493, 0.00122737
-76.1467, 0.00641377, 0.000608333
-76.2307, 0.00641377, 0.000608941
-209.444, 0.0364813, 0.00800444
-46.902, 0.0756455, 0.00404234
-46.922, 0.0756455, 0.00404639
-86.1186, 0.0364813, 0.00397745
-40.5656, 0.0749162, 0.00198826
-40.5685, 0.0749162, 0.00199025
-267.971, 0.0364813, 0.00990519
-52.4539, 0.0759287, 0.00502238
-52.4871, 0.0759287, 0.00502741
-242.137, 0.0364813, 0.0090463
-49.741, 0.0757525, 0.00457542
-49.7679, 0.0757525, 0.00457999
-173.977, 0.0364813, 0.00690234
-44.4433, 0.0754041, 0.00347393
-44.457, 0.0754041, 0.00347741
-47.5379, 0.0364813, 0.001944
-39.738, 0.0746309, 0.000967947
-39.7383, 0.0746309, 0.000968916
-224.79, 0.0364813, 0.00848848
-48.1591, 0.0757167, 0.00429111
-48.1822, 0.0757167, 0.0042954
-247.019, 0.0364813, 0.00920554
-50.2206, 0.0758731, 0.00466394
-50.2487, 0.0758731, 0.0046686
-231.971, 0.0364813, 0.00871762
-48.7933, 0.0757948, 0.00441183
-48.8178, 0.0757948, 0.00441624
-53.3505, 0.0364813, 0.00238937
-39.8269, 0.0746912, 0.00119069
-39.8275, 0.0746912, 0.00119188
-157.225, 0.0364813, 0.00638154
-43.4772, 0.0753254, 0.00320827
-43.4883, 0.0753254, 0.00321148
-152.946, 0.0364813, 0.00624768
-43.2488, 0.0753045, 0.00314005
-43.2593, 0.0753045, 0.0031432
-248.952, 0.0364813, 0.00926866
-50.4135, 0.0759104, 0.00469841
-50.442, 0.0759104, 0.00470311
-207.622, 0.0364813, 0.00794713
-46.76, 0.0756159, 0.00401173
-46.7796, 0.0756159, 0.00401574
-41.7331, 0.0364813, 0.00122737
-39.6678, 0.0745431, 0.00061039
-39.6679, 0.0745431, 0.000611
-77.6167, 0.0769085, 0.00800444
-40.2885, 0.160281, 0.0040644
-40.2906, 0.160281, 0.00406847
-46.2555, 0.0769085, 0.00397745
-39.7134, 0.159232, 0.00200543
-39.7136, 0.159232, 0.00200744
-99.2226, 0.0769085, 0.00990519
-40.8923, 0.160875, 0.00504989
-40.8962, 0.160875, 0.00505494
-89.085, 0.0769085, 0.0090463
-40.5885, 0.160637, 0.00460454
-40.5914, 0.160637, 0.00460915
-66.7587, 0.0769085, 0.00690234
-40.0472, 0.160007, 0.00349831
-40.0485, 0.160007, 0.00350181
-40.4312, 0.0769085, 0.001944
-39.654, 0.158777, 0.000977192
-39.654, 0.158777, 0.00097817
-82.8215, 0.0769085, 0.00848848
-40.4189, 0.160491, 0.00431631
-40.4213, 0.160491, 0.00432063
-90.9144, 0.0769085, 0.00920554
-40.6404, 0.160751, 0.00468921
-40.6434, 0.160751, 0.00469391
-85.3598, 0.0769085, 0.00871762
-40.4865, 0.160529, 0.00443399
-40.4891, 0.160529, 0.00443842
-41.137, 0.0769085, 0.00238937
-39.66, 0.158831, 0.0012015
-39.6601, 0.158831, 0.00120271
-62.1523, 0.0769085, 0.00638154
-39.9588, 0.159887, 0.00323174
-39.9597, 0.159887, 0.00323498
-61.0298, 0.0769085, 0.00624768
-39.9382, 0.15981, 0.00316231
-39.9392, 0.15981, 0.00316548
-91.6503, 0.0769085, 0.00926866
-40.6616, 0.16067, 0.00471878
-40.6648, 0.16067, 0.0047235
-77.0224, 0.0769085, 0.00794713
-40.2742, 0.160355, 0.00403734
-40.2761, 0.160355, 0.00404138
-39.8265, 0.0769085, 0.00122737
-39.6491, 0.158633, 0.000616374
-39.6491, 0.158633, 0.000616991
-592.305, 0.00441466, 0.00800444
-77.5281, 0.00297682, 0.0200755
-77.1357, 0.00297682, 0.0200956
-39.6473, 0.000618505, 0.794352
-594.861, 0.00441024, 0.00397745
-594.93, 0.00441024, 0.00398143
-223.914, 0.00955691, 0.00210734
-39.6474, 0.209684, 0.000166055
-39.6474, 0.209684, 0.000166221
-574.677, 0.00441466, 0.00990519
-40.3604, 0.00272326, 0.0237878
-40.3412, 0.00272326, 0.0238116
-583.523, 0.00441466, 0.0090463
-45.3219, 0.00281188, 0.0220949
-45.2301, 0.00281188, 0.022117
-39.6473, 0.000465126, 0.786277
-599.378, 0.00441024, 0.00690234
-599.341, 0.00441024, 0.00690924
-223.457, 0.00342674, 0.0181604
-39.6473, 0.00124275, 0.870242
-39.6473, 0.00124275, 0.871112
-453.504, 0.00441466, 0.001944
-87.4482, 0.00901983, 0.000966698
-87.5529, 0.00901983, 0.000967665
-588.478, 0.00441466, 0.00848848
-56.2191, 0.0028882, 0.0210038
-56.0058, 0.0028882, 0.0210248
-39.6473, 0.000531767, 0.787346
-581.951, 0.00441024, 0.00920554
-581.861, 0.00441024, 0.00921475
-43.7764, 0.00279669, 0.0224106
-39.6473, 0.00044999, 0.787169
-39.6473, 0.00044999, 0.787957
-586.514, 0.00441466, 0.00871762
-50.5, 0.00285444, 0.0214506
-50.3466, 0.00285444, 0.021472
-39.6473, 0.000501409, 0.786326
-513.302, 0.00441024, 0.00238937
-513.558, 0.00441024, 0.00239176
-113.433, 0.00906969, 0.00119371
-601.846, 0.00441024, 0.00638154
-601.82, 0.00441024, 0.00638792
-380.361, 0.00413902, 0.0173108
-39.6473, 0.00319495, 0.937303
-39.6473, 0.00319495, 0.938241
-602.367, 0.00441466, 0.00624768
-431.862, 0.00451904, 0.0169779
-431.325, 0.00451904, 0.0169949
-39.6473, 0.00498673, 0.925861
-581.331, 0.00441024, 0.00926866
-581.239, 0.00441024, 0.00927794
-43.2307, 0.00278733, 0.0225253
-592.705, 0.00441024, 0.00794713
-592.646, 0.00441024, 0.00795509
-81.4019, 0.00299016, 0.0199613
-39.6473, 0.000628706, 0.794508
-39.6473, 0.000628706, 0.795303
-298.281, 0.00441466, 0.00122737
-55.5197, 0.00898112, 0.000607672
-55.5604, 0.00898112, 0.00060828
-122.587, 0.0540727, 0.00800444
-41.7927, 0.112251, 0.00404731
-41.7991, 0.112251, 0.00405136
-57.3354, 0.0540727, 0.00397745
-39.8851, 0.111405, 0.00199507
-39.8859, 0.111405, 0.00199706
-161.032, 0.0540727, 0.00990519
-43.6477, 0.11279, 0.00503436
-43.6592, 0.11279, 0.0050394
-143.438, 0.0540727, 0.0090463
-42.7254, 0.112568, 0.00458805
-42.7344, 0.112568, 0.00459264
-101.668, 0.0540727, 0.00690234
-41.0172, 0.112058, 0.00348365
-41.0214, 0.112058, 0.00348714
-42.0936, 0.0540727, 0.001944
-39.6701, 0.111327, 0.000974385
-39.6702, 0.111327, 0.00097536
-132.186, 0.0540727, 0.00848848
-42.2007, 0.112385, 0.00429755
-42.2083, 0.112385, 0.00430185
-146.687, 0.0540727, 0.00920554
-42.8858, 0.112588, 0.00466968
-42.8953, 0.112588, 0.00467436
-136.788, 0.0540727, 0.00871762
-42.4095, 0.112445, 0.00441613
-42.4177, 0.112445, 0.00442055
-44.1237, 0.0540727, 0.00238937
-39.692, 0.111105, 0.00119512
-39.6922, 0.111105, 0.00119631
-92.3868, 0.0540727, 0.00638154
-40.7229, 0.111915, 0.00321642
-40.7262, 0.111915, 0.00321964
-90.0684, 0.0540727, 0.00624768
-40.6552, 0.111909, 0.00314877
-40.6583, 0.111909, 0.00315192
-147.968, 0.0540727, 0.00926866
-42.9507, 0.112627, 0.0047035
-42.9604, 0.112627, 0.0047082
-121.476, 0.0540727, 0.00794713
-41.747, 0.112291, 0.00401989
-41.7533, 0.112291, 0.00402391
-40.2358, 0.0540727, 0.00122737
-39.6528, 0.110922, 0.000612859
-39.6528, 0.110922, 0.000613472
-252.488, 0.031454, 0.00800444
-50.7326, 0.065223, 0.00404246
-50.7619, 0.065223, 0.00404651
-104.033, 0.031454, 0.00397745
-41.1381, 0.0645497, 0.00198689
-41.1427, 0.0645497, 0.00198888
-316.298, 0.031454, 0.00990519
-58.7617, 0.0656718, 0.00503958
-58.8093, 0.0656718, 0.00504462
-288.618, 0.031454, 0.0090463
-54.8689, 0.0650687, 0.00455712
-54.9077, 0.0650687, 0.00456168
-211.867, 0.031454, 0.00690234
-47.0865, 0.0650175, 0.00347419
-47.107, 0.0650175, 0.00347766
-51.5543, 0.031454, 0.001944
-39.7989, 0.064285, 0.000966999
-39.7994, 0.064285, 0.000967966
-269.6, 0.031454, 0.00848848
-52.5734, 0.0653197, 0.00429373
-52.607, 0.0653197, 0.00429802
-293.905, 0.031454, 0.00920554
-55.5584, 0.0654701, 0.00466799
-55.5985, 0.0654701, 0.00467266
-277.508, 0.031454, 0.00871762
-53.4922, 0.0653629, 0.00441277
-53.5277, 0.0653629, 0.00441718
-59.8579, 0.031454, 0.00238937
-39.944, 0.0641327, 0.00118566
-39.945, 0.0641327, 0.00118685
-192.162, 0.031454, 0.00638154
-45.6328, 0.0649207, 0.003207
-45.6496, 0.0649207, 0.00321021
-187.074, 0.031454, 0.00624768
-45.2868, 0.0648959, 0.00313846
-45.3027, 0.0648959, 0.0031416
-295.986, 0.031454, 0.00926866
-55.8341, 0.065508, 0.00470294
-55.8747, 0.065508, 0.00470765
-250.423, 0.031454, 0.00794713
-50.5239, 0.0651936, 0.00401159
-50.5528, 0.0651936, 0.0040156
-42.9321, 0.031454, 0.00122737
-39.6807, 0.0642035, 0.000609736
-39.6808, 0.0642035, 0.000610346
-59.7881, 0.0987624, 0.00800444
-39.9011, 0.206769, 0.00408476
-39.9019, 0.206769, 0.00408884
-42.7228, 0.0987624, 0.00397745
-39.6726, 0.205477, 0.00201593
-39.6727, 0.205477, 0.00201794
-72.7324, 0.0987624, 0.00990519
-40.1498, 0.207418, 0.00507226
-40.1514, 0.207418, 0.00507733
-66.5585, 0.0987624, 0.0090463
-40.0229, 0.207243, 0.00462812
-40.0241, 0.207243, 0.00463275
-53.5931, 0.0987624, 0.00690234
-39.8033, 0.206413, 0.0035157
-39.8038, 0.206413, 0.00351922
-39.9823, 0.0987624, 0.001944
-39.6501, 0.204928, 0.000982462
-39.6501, 0.204928, 0.000983445
-62.8327, 0.0987624, 0.00848848
-39.9535, 0.206974, 0.0043365
-39.9544, 0.206974, 0.00434084
-67.6691, 0.0987624, 0.00920554
-40.0447, 0.207203, 0.00470857
-40.046, 0.207203, 0.00471328
-64.3315, 0.0987624, 0.00871762
-39.9808, 0.206991, 0.00445396
-39.9818, 0.206991, 0.00445842
-40.2956, 0.0987624, 0.00238937
-39.6524, 0.205173, 0.0012091
-39.6524, 0.205173, 0.00121031
-51.043, 0.0987624, 0.00638154
-39.7684, 0.206204, 0.00324683
-39.7688, 0.206204, 0.00325008
-50.4298, 0.0987624, 0.00624768
-39.76, 0.206226, 0.00317909
-39.7604, 0.206226, 0.00318227
-68.114, 0.0987624, 0.00926866
-40.0536, 0.207252, 0.00474211
-40.0549, 0.207252, 0.00474686
-59.4381, 0.0987624, 0.00794713
-39.8951, 0.206729, 0.00405465
-39.896, 0.206729, 0.00405871
-39.7218, 0.0987624, 0.00122737
-39.6483, 0.205279, 0.000621432
-39.6483, 0.205279, 0.000622053
-218.943, 0.0352518, 0.00800444
-47.6625, 0.0730919, 0.00404209
-47.6842, 0.0730919, 0.00404614
-89.8499, 0.0352518, 0.00397745
-40.6765, 0.0723755, 0.00198781
-40.6797, 0.0723755, 0.00198979
-278.884, 0.0352518, 0.00990519
-53.7206, 0.0735023, 0.00503222
-53.7569, 0.0735023, 0.00503725
-252.53, 0.0352518, 0.0090463
-50.7687, 0.073291, 0.00458157
-50.7979, 0.073291, 0.00458615
-182.211, 0.0352518, 0.00690234
-44.9663, 0.0721847, 0.00344017
-44.9813, 0.0721847, 0.00344361
-48.3383, 0.0352518, 0.001944
-39.7493, 0.0721037, 0.000967782
-39.7496, 0.0721037, 0.000968751
-234.736, 0.0352518, 0.00848848
-49.0396, 0.073169, 0.00429137
-49.0647, 0.073169, 0.00429566
-257.523, 0.0352518, 0.00920554
-51.2879, 0.0733343, 0.00466519
-51.3182, 0.0733343, 0.00466986
-242.103, 0.0352518, 0.00871762
-49.7295, 0.0732487, 0.00441236
-49.7565, 0.0732487, 0.00441678
-54.6609, 0.0352518, 0.00238937
-39.8487, 0.0721667, 0.00119057
-39.8493, 0.0721667, 0.00119176
-164.774, 0.0352518, 0.00638154
-43.9004, 0.0727612, 0.00320708
-43.9126, 0.0727612, 0.00321029
-160.31, 0.0352518, 0.00624768
-43.6488, 0.0727396, 0.00313883
-43.6604, 0.0727396, 0.00314197
-259.487, 0.0352518, 0.00926866
-51.4968, 0.0733716, 0.00469976
-51.528, 0.0733716, 0.00470446
-217.059, 0.0352518, 0.00794713
-47.5076, 0.0730624, 0.00401143
-47.529, 0.0730624, 0.00401544
-41.9671, 0.0352518, 0.00122737
-39.6702, 0.0720116, 0.000610222
-39.6703, 0.0720116, 0.000610833
-107.008, 0.059753, 0.00800444
-41.188, 0.12419, 0.00405249
-41.1927, 0.12419, 0.00405654
-53.1787, 0.059753, 0.00397745
-39.8146, 0.123259, 0.00199763
-39.8152, 0.123259, 0.00199963
-140.238, 0.059753, 0.00990519
-42.5562, 0.124686, 0.00503647
-42.5647, 0.124686, 0.00504151
-124.903, 0.059753, 0.0090463
-41.8733, 0.124491, 0.00459195
-41.8799, 0.124491, 0.00459654
-89.3336, 0.059753, 0.00690234
-40.6248, 0.123948, 0.00348719
-40.6278, 0.123948, 0.00349068
-41.4333, 0.059753, 0.001944
-39.6636, 0.122861, 0.000973053
-39.6637, 0.122861, 0.000974027
-115.209, 0.059753, 0.00848848
-41.4872, 0.124316, 0.00430222
-41.4928, 0.124316, 0.00430653
-127.721, 0.059753, 0.00920554
-41.9916, 0.124503, 0.00467328
-41.9986, 0.124503, 0.00467795
-119.165, 0.059753, 0.00871762
-41.641, 0.124371, 0.0044205
-41.647, 0.124371, 0.00442492
-42.9543, 0.059753, 0.00238937
-39.6784, 0.123005, 0.00119744
-39.6785, 0.123005, 0.00119863
-81.6022, 0.059753, 0.00638154
-40.4111, 0.123809, 0.00322023
-40.4135, 0.123809, 0.00322346
-79.685, 0.059753, 0.00624768
-40.3618, 0.123739, 0.00315077
-40.364, 0.123739, 0.00315393
-128.835, 0.059753, 0.00926866
-42.0396, 0.124544, 0.004707
-42.0467, 0.124544, 0.00471171
-106.05, 0.059753, 0.00794713
-41.155, 0.124156, 0.00402228
-41.1595, 0.124156, 0.0040263
-40.0695, 0.059753, 0.00122737
-39.6513, 0.122792, 0.000613989
-39.6513, 0.122792, 0.000614604
-67.4578, 0.0872418, 0.00800444
-40.0518, 0.182303, 0.00407626
-40.0531, 0.182303, 0.00408033
-44.172, 0.0872418, 0.00397745
-39.6883, 0.181017, 0.00201006
-39.6885, 0.181017, 0.00201207
-84.3275, 0.0872418, 0.00990519
-40.4425, 0.18286, 0.00506116
-40.4451, 0.18286, 0.00506623
-76.3392, 0.0872418, 0.0090463
-40.2446, 0.182649, 0.00461643
-40.2465, 0.182649, 0.00462105
-59.1939, 0.0872418, 0.00690234
-39.8985, 0.181925, 0.00350707
-39.8993, 0.181925, 0.00351058
-40.1595, 0.0872418, 0.001944
-39.6516, 0.180538, 0.000979655
-39.6516, 0.180538, 0.000980635
-71.4712, 0.0872418, 0.00848848
-40.1363, 0.18238, 0.00432477
-40.1379, 0.18238, 0.00432909
-77.7838, 0.0872418, 0.00920554
-40.2784, 0.182624, 0.00469698
-40.2804, 0.182624, 0.00470168
-73.4341, 0.0872418, 0.00871762
-40.18, 0.181379, 0.00441505
-40.1817, 0.181379, 0.00441947
-40.6316, 0.0872418, 0.00238937
-39.6553, 0.180604, 0.00120456
-39.6554, 0.180604, 0.00120576
-55.7446, 0.0872418, 0.00638154
-39.8413, 0.18171, 0.0032383
-39.842, 0.18171, 0.00324154
-54.9065, 0.0872418, 0.00624768
-39.8283, 0.181729, 0.00317074
-39.8289, 0.181729, 0.00317391
-78.3597, 0.0872418, 0.00926866
-40.2922, 0.182672, 0.00473054
-40.2942, 0.182672, 0.00473528
-67.0016, 0.0872418, 0.00794713
-40.0426, 0.182262, 0.0040461
-40.0439, 0.182262, 0.00405015
-39.7619, 0.0872418, 0.00122737
-39.6487, 0.180506, 0.000618402
-39.6487, 0.180506, 0.000619021
-79.8924, 0.0750655, 0.00800444
-40.3466, 0.156455, 0.00406484
-40.3488, 0.156455, 0.0040689
-46.7444, 0.0750655, 0.00397745
-39.7195, 0.155327, 0.00200421
-39.7197, 0.155327, 0.00200621
-102.481, 0.0750655, 0.00990519
-41.0028, 0.156492, 0.00503137
-41.0069, 0.156492, 0.0050364
-91.893, 0.0750655, 0.0090463
-40.672, 0.156702, 0.00460179
-40.6752, 0.156702, 0.0046064
-68.4579, 0.0750655, 0.00690234
-40.0845, 0.155466, 0.00348135
-40.0859, 0.155466, 0.00348483
-40.4971, 0.0750655, 0.001944
-39.6546, 0.154886, 0.000976625
-39.6546, 0.154886, 0.000977602
-85.34, 0.0750655, 0.00848848
-40.4889, 0.156554, 0.00431359
-40.4915, 0.156554, 0.00431791
-93.8198, 0.0750655, 0.00920554
-40.7287, 0.156814, 0.00468646
-40.732, 0.156814, 0.00469115
-87.9919, 0.0750655, 0.00871762
-40.5617, 0.156594, 0.00443126
-40.5645, 0.156594, 0.00443569
-41.2595, 0.0750655, 0.00238937
-39.6612, 0.154958, 0.00120096
-39.6612, 0.154958, 0.00120216
-63.6071, 0.0750655, 0.00638154
-39.9871, 0.155954, 0.00322948
-39.9882, 0.155954, 0.00323271
-62.4201, 0.0750655, 0.00624768
-39.9651, 0.155966, 0.003162
-39.9661, 0.155966, 0.00316516
-94.5817, 0.0750655, 0.00926866
-40.7517, 0.156859, 0.00472007
-40.7551, 0.156859, 0.0047248
-79.2644, 0.0750655, 0.00794713
-40.3309, 0.156418, 0.00403469
-40.3331, 0.156418, 0.00403872
-39.8417, 0.0750655, 0.00122737
-39.6493, 0.154923, 0.000616758
-39.6493, 0.154923, 0.000617375
-204.197, 0.0371968, 0.00800444
-46.4995, 0.0771276, 0.00404226
-46.5184, 0.0771276, 0.00404631
-84.1066, 0.0371968, 0.00397745
-40.508, 0.0764078, 0.00198886
-40.5107, 0.0764078, 0.00199085
-261.888, 0.0371968, 0.00990519
-51.7802, 0.0775536, 0.00503193
-51.8119, 0.0775536, 0.00503696
-236.373, 0.0371968, 0.0090463
-49.1991, 0.0773578, 0.00458304
-49.2245, 0.0773578, 0.00458763
-169.448, 0.0371968, 0.00690234
-44.169, 0.0768909, 0.00347432
-44.1819, 0.0768909, 0.00347779
-47.1135, 0.0371968, 0.001944
-39.7322, 0.076103, 0.000968058
-39.7325, 0.076103, 0.000969026
-219.272, 0.0371968, 0.00848848
-47.6939, 0.0771951, 0.00429072
-47.7156, 0.0771951, 0.00429501
-241.181, 0.0371968, 0.00920554
-49.6525, 0.0773988, 0.00466639
-49.6793, 0.0773988, 0.00467106
-226.349, 0.0371968, 0.00871762
-48.2962, 0.0772722, 0.00441127
-48.3196, 0.0772722, 0.00441569
-52.6494, 0.0371968, 0.00238937
-39.8149, 0.0761614, 0.00119078
-39.8155, 0.0761614, 0.00119197
-153.083, 0.0371968, 0.00638154
-43.2547, 0.0768143, 0.00320879
-43.2652, 0.0768143, 0.003212
-148.908, 0.0371968, 0.00624768
-43.0392, 0.0766023, 0.00313236
-43.0491, 0.0766023, 0.00313549
-243.084, 0.0371968, 0.00926866
-49.8365, 0.0773833, 0.00469737
-49.8637, 0.0773833, 0.00470207
-202.405, 0.0371968, 0.00794713
-46.3646, 0.0770979, 0.00401167
-46.3832, 0.0770979, 0.00401569
-41.611, 0.0371968, 0.00122737
-39.6666, 0.0760181, 0.000610497
-39.6667, 0.0760181, 0.000611108
-79.1865, 0.075626, 0.00800444
-40.3282, 0.157618, 0.00406469
-40.3304, 0.157618, 0.00406876
-46.5909, 0.075626, 0.00397745
-39.7176, 0.156504, 0.00200443
-39.7178, 0.156504, 0.00200644
-101.474, 0.075626, 0.00990519
-40.9678, 0.158228, 0.00505115
-40.9718, 0.158228, 0.00505621
-91.0155, 0.075626, 0.0090463
-40.6456, 0.157982, 0.0046053
-40.6487, 0.157982, 0.0046099
-67.9298, 0.075626, 0.00690234
-40.0724, 0.157336, 0.00349824
-40.0738, 0.157336, 0.00350174
-40.4763, 0.075626, 0.001944
-39.6544, 0.156068, 0.000976793
-39.6544, 0.156068, 0.00097777
-84.5485, 0.075626, 0.00848848
-40.4668, 0.157715, 0.00431336
-40.4694, 0.157715, 0.00431767
-92.9185, 0.075626, 0.00920554
-40.7009, 0.157973, 0.00468607
-40.7041, 0.157973, 0.00469076
-87.1747, 0.075626, 0.00871762
-40.5382, 0.157872, 0.00443459
-40.5409, 0.157872, 0.00443902
-41.2209, 0.075626, 0.00238937
-39.6608, 0.156135, 0.00120112
-39.6609, 0.156135, 0.00120232
-63.1496, 0.075626, 0.00638154
-39.9781, 0.157123, 0.00322957
-39.9792, 0.157123, 0.0032328
-61.9873, 0.075626, 0.00624768
-39.9567, 0.157135, 0.00316208
-39.9577, 0.157135, 0.00316525
-93.6748, 0.075626, 0.00926866
-40.7233, 0.158018, 0.00471967
-40.7266, 0.158018, 0.00472439
-78.5647, 0.075626, 0.00794713
-40.313, 0.157581, 0.00403455
-40.3151, 0.157581, 0.00403859
-39.8369, 0.075626, 0.00122737
-39.6492, 0.156117, 0.000616915
-39.6492, 0.156117, 0.000617532
