-126.851, 534.48, 0.0748183
-126.127, 833.075, 0.0305525
-126.127, 833.075, 0.0305831
-126.71, 534.48, 0.0680269
-126.112, 833.173, 0.0277808
-126.112, 833.173, 0.0278086
-126.415, 534.48, 0.0508727
-126.08, 833.432, 0.0207786
-126.08, 833.432, 0.0207994
-126.069, 534.48, 0.0141551
-126.043, 834.391, 0.00578485
-126.043, 834.391, 0.00579063
-126.613, 534.48, 0.062925
-126.101, 833.248, 0.0256985
-126.101, 833.248, 0.0257242
-126.268, 534.48, 0.039662
-126.064, 833.619, 0.0162015
-126.064, 833.619, 0.0162177
-126.04, 534.48, 0.00127958
-126.04, 835.256, 0.000523207
-126.04, 835.256, 0.00052373
-126.692, 534.48, 0.0671145
-126.11, 833.187, 0.0274084
-126.11, 833.187, 0.0274359
-126.601, 534.48, 0.0622196
-126.1, 833.259, 0.0254105
-126.1, 833.259, 0.025436
-126.072, 534.48, 0.0150224
-126.043, 834.335, 0.0061391
-126.043, 834.335, 0.00614524
-126.243, 534.48, 0.0374829
-126.061, 833.659, 0.0153117
-126.061, 833.659, 0.015327
-126.562, 534.48, 0.0600272
-126.096, 833.291, 0.0245156
-126.096, 833.291, 0.0245402
-127.217, 534.48, 0.0901483
-126.166, 832.857, 0.0368078
-126.166, 832.857, 0.0368447
-126.423, 534.48, 0.0513954
-126.081, 833.424, 0.020992
-126.081, 833.424, 0.021013
-126.119, 534.48, 0.0234226
-126.048, 833.981, 0.00956993
-126.048, 833.981, 0.0095795
-133.327, 56.6722, 0.0748183
-126.843, 86.8961, 0.0303103
-126.844, 86.8961, 0.0303406
-132.072, 56.6722, 0.0680269
-126.704, 86.9904, 0.0275732
-126.705, 86.9904, 0.0276008
-129.43, 56.6722, 0.0508727
-126.412, 87.2275, 0.0206469
-126.413, 87.2275, 0.0206676
-126.307, 56.6722, 0.0141551
-126.069, 87.7332, 0.00576097
-126.069, 87.7332, 0.00576673
-131.207, 56.6722, 0.062925
-126.609, 87.0611, 0.0255151
-126.61, 87.0611, 0.0255406
-128.11, 56.6722, 0.039662
-126.267, 87.3819, 0.0161107
-126.267, 87.3819, 0.0161268
-126.042, 56.6722, 0.00127958
-126.04, 87.9804, 0.000521495
-126.04, 87.9804, 0.000522016
-131.912, 56.6722, 0.0671145
-126.686, 87.003, 0.0272052
-126.688, 87.003, 0.0272324
-131.093, 56.6722, 0.0622196
-126.596, 87.0708, 0.0252304
-126.597, 87.0708, 0.0252557
-126.341, 56.6722, 0.0150224
-126.072, 87.7212, 0.00611355
-126.072, 87.7212, 0.00611966
-127.89, 56.6722, 0.0374829
-126.242, 87.4119, 0.0152281
-126.243, 87.4119, 0.0152433
-130.746, 56.6722, 0.0600272
-126.558, 87.1011, 0.0243454
-126.559, 87.1011, 0.0243698
-136.601, 56.6722, 0.0901483
-127.203, 86.6825, 0.0364783
-127.205, 86.6825, 0.0365148
-129.499, 56.6722, 0.0513954
-126.42, 87.2203, 0.0208582
-126.421, 87.2203, 0.0208791
-126.768, 56.6722, 0.0234226
-126.119, 87.6052, 0.00952599
-126.119, 87.6052, 0.00953552
-127.109, 404.665, 0.0748183
-126.154, 630.343, 0.0305431
-126.155, 630.343, 0.0305736
-126.924, 404.665, 0.0680269
-126.135, 630.439, 0.0277727
-126.135, 630.439, 0.0278005
-126.534, 404.665, 0.0508727
-126.093, 630.684, 0.0207733
-126.093, 630.684, 0.0207941
-126.078, 404.665, 0.0141551
-126.044, 631.413, 0.00578339
-126.044, 631.413, 0.00578918
-126.796, 404.665, 0.062925
-126.121, 630.511, 0.0256913
-126.121, 630.511, 0.025717
-126.341, 404.665, 0.039662
-126.072, 630.852, 0.0161977
-126.072, 630.852, 0.0162139
-126.04, 404.665, 0.00127958
-126.04, 632.713, 0.000523342
-126.04, 632.713, 0.000523865
-126.9, 404.665, 0.0671145
-126.132, 630.451, 0.0274005
-126.132, 630.451, 0.0274279
-126.779, 404.665, 0.0622196
-126.119, 630.521, 0.0254034
-126.119, 630.521, 0.0254289
-126.083, 404.665, 0.0150224
-126.044, 631.378, 0.00613759
-126.044, 631.378, 0.00614373
-126.308, 404.665, 0.0374829
-126.068, 630.887, 0.0153082
-126.069, 630.887, 0.0153235
-126.728, 404.665, 0.0600272
-126.114, 630.552, 0.0245089
-126.114, 630.552, 0.0245334
-127.592, 404.665, 0.0901483
-126.206, 630.13, 0.0367951
-126.207, 630.13, 0.0368319
-126.545, 404.665, 0.0513954
-126.094, 630.676, 0.0209866
-126.094, 630.676, 0.0210076
-126.145, 404.665, 0.0234226
-126.051, 631.141, 0.00956781
-126.051, 631.141, 0.00957738
-126.923, 490.481, 0.0748183
-126.134, 764.361, 0.0305499
-126.135, 764.361, 0.0305804
-126.77, 490.481, 0.0680269
-126.118, 764.459, 0.0277785
-126.118, 764.459, 0.0278063
-126.448, 490.481, 0.0508727
-126.083, 764.712, 0.0207771
-126.084, 764.712, 0.0207979
-126.071, 490.481, 0.0141551
-126.043, 765.584, 0.0057844
-126.043, 765.584, 0.00579019
-126.665, 490.481, 0.062925
-126.107, 764.532, 0.0256964
-126.107, 764.532, 0.0257222
-126.288, 490.481, 0.039662
-126.066, 764.892, 0.0162004
-126.066, 764.892, 0.0162166
-126.04, 490.481, 0.00127958
-126.04, 766.636, 0.000523254
-126.04, 766.636, 0.000523778
-126.751, 490.481, 0.0671145
-126.116, 764.472, 0.0274062
-126.116, 764.472, 0.0274336
-126.651, 490.481, 0.0622196
-126.105, 764.543, 0.0254085
-126.105, 764.543, 0.025434
-126.075, 490.481, 0.0150224
-126.043, 765.536, 0.00613863
-126.043, 765.536, 0.00614477
-126.262, 490.481, 0.0374829
-126.063, 764.93, 0.0153107
-126.063, 764.93, 0.015326
-126.608, 490.481, 0.0600272
-126.101, 764.575, 0.0245137
-126.101, 764.575, 0.0245383
-127.322, 490.481, 0.0901483
-126.177, 764.145, 0.0368042
-126.177, 764.145, 0.0368411
-126.457, 490.481, 0.0513954
-126.084, 764.704, 0.0209905
-126.084, 764.704, 0.0210115
-126.126, 490.481, 0.0234226
-126.049, 765.226, 0.0095693
-126.049, 765.226, 0.00957887
-126.532, 883.015, 0.0748183
-126.092, 1377.43, 0.0305647
-126.092, 1377.43, 0.0305953
-126.446, 883.015, 0.0680269
-126.083, 1377.54, 0.0277914
-126.083, 1377.54, 0.0278193
-126.267, 883.015, 0.0508727
-126.064, 1377.88, 0.0207859
-126.064, 1377.88, 0.0208066
-126.057, 883.015, 0.0141551
-126.042, 1379.81, 0.0057876
-126.042, 1379.81, 0.00579339
-126.388, 883.015, 0.062925
-126.077, 1377.64, 0.025708
-126.077, 1377.64, 0.0257337
-126.178, 883.015, 0.039662
-126.054, 1378.16, 0.016207
-126.054, 1378.16, 0.0162232
-126.04, 883.015, 0.00127958
-126.04, 1377.94, 0.000522831
-126.04, 1377.94, 0.000523354
-126.436, 883.015, 0.0671145
-126.082, 1377.56, 0.0274189
-126.082, 1377.56, 0.0274463
-126.38, 883.015, 0.0622196
-126.076, 1377.65, 0.0254199
-126.076, 1377.65, 0.0254453
-126.059, 883.015, 0.0150224
-126.042, 1379.68, 0.00614193
-126.042, 1379.68, 0.00614808
-126.163, 883.015, 0.0374829
-126.053, 1378.22, 0.0153169
-126.053, 1378.22, 0.0153322
-126.356, 883.015, 0.0600272
-126.073, 1377.69, 0.0245246
-126.074, 1377.69, 0.0245491
-126.754, 883.015, 0.0901483
-126.116, 1377.18, 0.036824
-126.116, 1377.18, 0.0368609
-126.272, 883.015, 0.0513954
-126.064, 1377.86, 0.0209993
-126.064, 1377.86, 0.0210203
-126.088, 883.015, 0.0234226
-126.045, 1378.86, 0.00957353
-126.045, 1378.86, 0.0095831
-126.488, 969.269, 0.0748183
-126.088, 1512.16, 0.0305665
-126.088, 1512.16, 0.0305971
-126.41, 969.269, 0.0680269
-126.079, 1512.28, 0.027793
-126.079, 1512.28, 0.0278208
-126.247, 969.269, 0.0508727
-126.062, 1512.64, 0.020787
-126.062, 1512.64, 0.0208078
-126.056, 969.269, 0.0141551
-126.041, 1514.87, 0.00578814
-126.041, 1514.87, 0.00579393
-126.357, 969.269, 0.062925
-126.074, 1512.38, 0.0257095
-126.074, 1512.38, 0.0257352
-126.166, 969.269, 0.039662
-126.053, 1512.95, 0.0162079
-126.053, 1512.95, 0.0162241
-126.04, 969.269, 0.00127958
-126.04, 1512.13, 0.00052276
-126.04, 1512.13, 0.000523283
-126.4, 969.269, 0.0671145
-126.078, 1512.29, 0.0274204
-126.078, 1512.29, 0.0274479
-126.35, 969.269, 0.0622196
-126.073, 1512.39, 0.0254214
-126.073, 1512.39, 0.0254468
-126.058, 969.269, 0.0150224
-126.042, 1514.73, 0.0061425
-126.042, 1514.73, 0.00614864
-126.152, 969.269, 0.0374829
-126.052, 1513.03, 0.0153178
-126.052, 1513.03, 0.0153331
-126.328, 969.269, 0.0600272
-126.07, 1512.43, 0.0245259
-126.071, 1512.43, 0.0245505
-126.691, 969.269, 0.0901483
-126.109, 1511.9, 0.0368264
-126.109, 1511.9, 0.0368632
-126.251, 969.269, 0.0513954
-126.062, 1512.62, 0.0210005
-126.062, 1512.62, 0.0210215
-126.084, 969.269, 0.0234226
-126.044, 1513.77, 0.00957422
-126.044, 1513.77, 0.0095838
-129.179, 135.857, 0.0748183
-126.379, 210.566, 0.0304678
-126.38, 210.566, 0.0304983
-128.636, 135.857, 0.0680269
-126.321, 210.659, 0.0277081
-126.321, 210.659, 0.0277359
-127.494, 135.857, 0.0508727
-126.197, 210.894, 0.0207324
-126.197, 210.894, 0.0207531
-126.153, 135.857, 0.0141551
-126.052, 211.406, 0.00577557
-126.052, 211.406, 0.00578135
-128.262, 135.857, 0.062925
-126.28, 210.729, 0.0256343
-126.281, 210.729, 0.0256599
-126.925, 135.857, 0.039662
-126.135, 211.048, 0.0161694
-126.136, 211.048, 0.0161856
-126.041, 135.857, 0.00127958
-126.04, 212.011, 0.000522838
-126.04, 212.011, 0.000523361
-128.567, 135.857, 0.0671145
-126.313, 210.671, 0.0273373
-126.314, 210.671, 0.0273646
-128.212, 135.857, 0.0622196
-126.275, 210.739, 0.0253475
-126.275, 210.739, 0.0253728
-126.167, 135.857, 0.0150224
-126.053, 211.393, 0.00612927
-126.053, 211.393, 0.0061354
-126.831, 135.857, 0.0374829
-126.125, 211.077, 0.0152821
-126.125, 211.077, 0.0152974
-128.062, 135.857, 0.0600272
-126.259, 210.769, 0.024456
-126.259, 210.769, 0.0244805
-130.596, 135.857, 0.0901483
-126.533, 210.355, 0.0366925
-126.533, 210.355, 0.0367292
-127.524, 135.857, 0.0513954
-126.2, 210.887, 0.020945
-126.201, 210.887, 0.020966
-126.35, 135.857, 0.0234226
-126.073, 211.272, 0.00955392
-126.073, 211.272, 0.00956348
-126.772, 592.182, 0.0748183
-126.118, 923.189, 0.0305554
-126.118, 923.189, 0.030586
-126.645, 592.182, 0.0680269
-126.105, 923.29, 0.0277834
-126.105, 923.29, 0.0278112
-126.378, 592.182, 0.0508727
-126.076, 923.557, 0.0207803
-126.076, 923.557, 0.0208011
-126.066, 592.182, 0.0141551
-126.042, 924.643, 0.00578539
-126.042, 924.643, 0.00579117
-126.558, 592.182, 0.062925
-126.095, 923.367, 0.0257007
-126.095, 923.367, 0.0257264
-126.246, 592.182, 0.039662
-126.062, 923.755, 0.0162027
-126.062, 923.755, 0.0162189
-126.04, 592.182, 0.00127958
-126.04, 925.175, 0.000523135
-126.04, 925.175, 0.000523659
-126.629, 592.182, 0.0671145
-126.103, 923.303, 0.0274109
-126.103, 923.303, 0.0274383
-126.546, 592.182, 0.0622196
-126.094, 923.378, 0.0254128
-126.094, 923.378, 0.0254382
-126.069, 592.182, 0.0150224
-126.043, 924.576, 0.00613965
-126.043, 924.576, 0.0061458
-126.224, 592.182, 0.0374829
-126.059, 923.798, 0.0153129
-126.059, 923.798, 0.0153282
-126.511, 592.182, 0.0600272
-126.09, 923.411, 0.0245177
-126.09, 923.411, 0.0245423
-127.103, 592.182, 0.0901483
-126.154, 922.968, 0.0368118
-126.154, 922.968, 0.0368486
-126.385, 592.182, 0.0513954
-126.077, 923.548, 0.0209937
-126.077, 923.548, 0.0210147
-126.112, 592.182, 0.0234226
-126.047, 924.159, 0.00957066
-126.047, 924.159, 0.00958024
-128.955, 146.496, 0.0748183
-126.355, 227.18, 0.030476
-126.356, 227.18, 0.0305065
-128.451, 146.496, 0.0680269
-126.3, 227.273, 0.0277152
-126.301, 227.273, 0.0277429
-127.39, 146.496, 0.0508727
-126.186, 227.508, 0.0207368
-126.186, 227.508, 0.0207576
-126.145, 146.496, 0.0141551
-126.051, 228.023, 0.00577634
-126.051, 228.023, 0.00578212
-128.104, 146.496, 0.062925
-126.263, 227.343, 0.0256405
-126.263, 227.343, 0.0256661
-126.862, 146.496, 0.039662
-126.128, 227.661, 0.0161725
-126.129, 227.661, 0.0161887
-126.041, 146.496, 0.00127958
-126.04, 228.685, 0.000522921
-126.04, 228.685, 0.000523444
-128.387, 146.496, 0.0671145
-126.293, 227.285, 0.0273442
-126.294, 227.285, 0.0273715
-128.058, 146.496, 0.0622196
-126.258, 227.352, 0.0253535
-126.258, 227.352, 0.0253789
-126.158, 146.496, 0.0150224
-126.052, 228.009, 0.0061301
-126.052, 228.009, 0.00613623
-126.774, 146.496, 0.0374829
-126.119, 227.691, 0.0152849
-126.119, 227.691, 0.0153002
-127.918, 146.496, 0.0600272
-126.243, 227.382, 0.0244618
-126.243, 227.382, 0.0244862
-130.272, 146.496, 0.0901483
-126.497, 226.969, 0.0367037
-126.498, 226.969, 0.0367404
-127.418, 146.496, 0.0513954
-126.189, 227.501, 0.0209495
-126.189, 227.501, 0.0209705
-126.327, 146.496, 0.0234226
-126.071, 227.887, 0.00955538
-126.071, 227.887, 0.00956494
-126.498, 948.749, 0.0748183
-126.089, 1480.1, 0.0305661
-126.089, 1480.1, 0.0305967
-126.418, 948.749, 0.0680269
-126.08, 1480.22, 0.0277927
-126.08, 1480.22, 0.0278205
-126.251, 948.749, 0.0508727
-126.062, 1480.58, 0.0207867
-126.062, 1480.58, 0.0208075
-126.056, 948.749, 0.0141551
-126.041, 1482.74, 0.00578802
-126.041, 1482.74, 0.00579381
-126.364, 948.749, 0.062925
-126.074, 1480.32, 0.0257091
-126.074, 1480.32, 0.0257348
-126.168, 948.749, 0.039662
-126.053, 1480.88, 0.0162077
-126.053, 1480.88, 0.0162239
-126.04, 948.749, 0.00127958
-126.04, 1480.23, 0.000522781
-126.04, 1480.23, 0.000523304
-126.408, 948.749, 0.0671145
-126.079, 1480.24, 0.0274201
-126.079, 1480.24, 0.0274475
-126.356, 948.749, 0.0622196
-126.073, 1480.33, 0.025421
-126.074, 1480.33, 0.0254465
-126.058, 948.749, 0.0150224
-126.042, 1482.6, 0.00614237
-126.042, 1482.6, 0.00614851
-126.155, 948.749, 0.0374829
-126.052, 1480.96, 0.0153176
-126.052, 1480.96, 0.0153329
-126.334, 948.749, 0.0600272
-126.071, 1480.38, 0.0245256
-126.071, 1480.38, 0.0245502
-126.705, 948.749, 0.0901483
-126.111, 1479.85, 0.0368259
-126.111, 1479.85, 0.0368627
-126.256, 948.749, 0.0513954
-126.063, 1480.56, 0.0210002
-126.063, 1480.56, 0.0210212
-126.085, 948.749, 0.0234226
-126.044, 1481.67, 0.00957406
-126.044, 1481.67, 0.00958364
-127.85, 237.768, 0.0748183
-126.235, 369.712, 0.0305162
-126.235, 369.712, 0.0305468
-127.537, 237.768, 0.0680269
-126.201, 369.806, 0.0277497
-126.201, 369.806, 0.0277774
-126.878, 237.768, 0.0508727
-126.13, 370.042, 0.0207587
-126.13, 370.042, 0.0207794
-126.105, 237.768, 0.0141551
-126.047, 370.598, 0.00578028
-126.047, 370.598, 0.00578607
-127.321, 237.768, 0.062925
-126.178, 369.876, 0.0256709
-126.178, 369.876, 0.0256966
-126.55, 237.768, 0.039662
-126.094, 370.198, 0.0161875
-126.095, 370.198, 0.0162037
-126.04, 237.768, 0.00127958
-126.04, 371.706, 0.000523302
-126.04, 371.706, 0.000523825
-127.497, 237.768, 0.0671145
-126.197, 369.818, 0.0273779
-126.197, 369.818, 0.0274053
-127.293, 237.768, 0.0622196
-126.175, 369.886, 0.0253835
-126.175, 369.886, 0.0254088
-126.113, 237.768, 0.0150224
-126.048, 370.58, 0.00613431
-126.048, 370.58, 0.00614045
-126.495, 237.768, 0.0374829
-126.089, 370.229, 0.0152988
-126.089, 370.229, 0.0153141
-127.206, 237.768, 0.0600272
-126.165, 369.916, 0.02449
-126.165, 369.916, 0.0245145
-128.668, 237.768, 0.0901483
-126.323, 369.502, 0.0367586
-126.323, 369.502, 0.0367953
-126.895, 237.768, 0.0513954
-126.132, 370.035, 0.0209717
-126.132, 370.035, 0.0209927
-126.218, 237.768, 0.0234226
-126.059, 370.435, 0.00956263
-126.059, 370.435, 0.0095722
-126.602, 772.582, 0.0748183
-126.1, 1204.94, 0.0305619
-126.1, 1204.94, 0.0305925
-126.504, 772.582, 0.0680269
-126.089, 1205.05, 0.027789
-126.089, 1205.05, 0.0278168
-126.3, 772.582, 0.0508727
-126.067, 1205.35, 0.0207841
-126.067, 1205.35, 0.0208049
-126.06, 772.582, 0.0141551
-126.042, 1206.93, 0.00578684
-126.042, 1206.93, 0.00579263
-126.437, 772.582, 0.062925
-126.082, 1205.13, 0.0257058
-126.082, 1205.13, 0.0257315
-126.198, 772.582, 0.039662
-126.057, 1205.6, 0.0162056
-126.057, 1205.6, 0.0162218
-126.04, 772.582, 0.00127958
-126.04, 1206.06, 0.000522927
-126.04, 1206.06, 0.000523451
-126.492, 772.582, 0.0671145
-126.088, 1205.06, 0.0274164
-126.088, 1205.06, 0.0274439
-126.428, 772.582, 0.0622196
-126.081, 1205.15, 0.0254177
-126.081, 1205.15, 0.0254432
-126.062, 772.582, 0.0150224
-126.042, 1206.82, 0.00614115
-126.042, 1206.82, 0.00614729
-126.181, 772.582, 0.0374829
-126.055, 1205.65, 0.0153156
-126.055, 1205.65, 0.0153309
-126.401, 772.582, 0.0600272
-126.078, 1205.18, 0.0245225
-126.078, 1205.18, 0.024547
-126.856, 772.582, 0.0901483
-126.127, 1204.71, 0.0368204
-126.127, 1204.71, 0.0368572
-126.305, 772.582, 0.0513954
-126.068, 1205.34, 0.0209975
-126.068, 1205.34, 0.0210186
-126.095, 772.582, 0.0234226
-126.046, 1206.17, 0.00957255
-126.046, 1206.17, 0.00958213
-126.506, 931.603, 0.0748183
-126.09, 1453.32, 0.0305658
-126.09, 1453.32, 0.0305963
-126.425, 931.603, 0.0680269
-126.081, 1453.44, 0.0277924
-126.081, 1453.44, 0.0278202
-126.255, 931.603, 0.0508727
-126.063, 1453.79, 0.0207865
-126.063, 1453.79, 0.0208073
-126.056, 931.603, 0.0141551
-126.041, 1455.89, 0.00578791
-126.041, 1455.89, 0.0057937
-126.37, 931.603, 0.062925
-126.075, 1453.54, 0.0257088
-126.075, 1453.54, 0.0257346
-126.171, 931.603, 0.039662
-126.054, 1454.09, 0.0162075
-126.054, 1454.09, 0.0162237
-126.04, 931.603, 0.00127958
-126.04, 1453.55, 0.000522794
-126.04, 1453.55, 0.000523317
-126.415, 931.603, 0.0671145
-126.08, 1453.46, 0.0274198
-126.08, 1453.46, 0.0274472
-126.362, 931.603, 0.0622196
-126.074, 1453.55, 0.0254207
-126.074, 1453.55, 0.0254462
-126.058, 931.603, 0.0150224
-126.042, 1455.75, 0.00614226
-126.042, 1455.75, 0.0061484
-126.157, 931.603, 0.0374829
-126.052, 1454.16, 0.0153174
-126.052, 1454.16, 0.0153327
-126.34, 931.603, 0.0600272
-126.072, 1453.59, 0.0245254
-126.072, 1453.59, 0.0245499
-126.717, 931.603, 0.0901483
-126.112, 1453.07, 0.0368254
-126.112, 1453.07, 0.0368622
-126.26, 931.603, 0.0513954
-126.063, 1453.78, 0.021
-126.063, 1453.78, 0.021021
-126.085, 931.603, 0.0234226
-126.045, 1454.85, 0.00957392
-126.045, 1454.85, 0.0095835
-127.299, 343.332, 0.0748183
-126.175, 534.564, 0.0305362
-126.175, 534.564, 0.0305668
-127.08, 343.332, 0.0680269
-126.151, 534.658, 0.0277668
-126.152, 534.658, 0.0277946
-126.622, 343.332, 0.0508727
-126.102, 534.899, 0.0207696
-126.102, 534.899, 0.0207903
-126.085, 343.332, 0.0141551
-126.044, 535.55, 0.0057825
-126.044, 535.55, 0.00578829
-126.93, 343.332, 0.062925
-126.135, 534.729, 0.025686
-126.136, 534.729, 0.0257117
-126.394, 343.332, 0.039662
-126.078, 535.062, 0.0161951
-126.078, 535.062, 0.0162113
-126.04, 343.332, 0.00127958
-126.04, 536.884, 0.000523374
-126.04, 536.884, 0.000523898
-127.053, 343.332, 0.0671145
-126.148, 534.671, 0.0273947
-126.149, 534.671, 0.0274221
-126.91, 343.332, 0.0622196
-126.133, 534.739, 0.0253983
-126.133, 534.739, 0.0254237
-126.091, 343.332, 0.0150224
-126.045, 535.522, 0.00613666
-126.045, 535.522, 0.0061428
-126.356, 343.332, 0.0374829
-126.074, 535.095, 0.0153057
-126.074, 535.095, 0.015321
-126.85, 343.332, 0.0600272
-126.127, 534.77, 0.0245041
-126.127, 534.77, 0.0245286
-127.867, 343.332, 0.0901483
-126.236, 534.352, 0.0367857
-126.236, 534.352, 0.0368226
-126.634, 343.332, 0.0513954
-126.103, 534.892, 0.0209828
-126.104, 534.892, 0.0210038
-126.163, 343.332, 0.0234226
-126.053, 535.327, 0.00956641
-126.053, 535.327, 0.00957598
-126.521, 902.051, 0.0748183
-126.091, 1407.16, 0.0305651
-126.091, 1407.16, 0.0305957
-126.438, 902.051, 0.0680269
-126.082, 1407.28, 0.0277918
-126.082, 1407.28, 0.0278196
-126.262, 902.051, 0.0508727
-126.063, 1407.62, 0.0207861
-126.063, 1407.62, 0.0208069
-126.057, 902.051, 0.0141551
-126.041, 1409.62, 0.00578772
-126.041, 1409.62, 0.00579351
-126.38, 902.051, 0.062925
-126.076, 1407.37, 0.0257083
-126.076, 1407.37, 0.0257341
-126.175, 902.051, 0.039662
-126.054, 1407.9, 0.0162072
-126.054, 1407.9, 0.0162234
-126.04, 902.051, 0.00127958
-126.04, 1407.56, 0.000522815
-126.04, 1407.56, 0.000523338
-126.427, 902.051, 0.0671145
-126.081, 1407.29, 0.0274192
-126.081, 1407.29, 0.0274466
-126.373, 902.051, 0.0622196
-126.075, 1407.38, 0.0254203
-126.075, 1407.38, 0.0254457
-126.059, 902.051, 0.0150224
-126.042, 1409.48, 0.00614206
-126.042, 1409.48, 0.00614821
-126.161, 902.051, 0.0374829
-126.053, 1407.97, 0.0153171
-126.053, 1407.97, 0.0153324
-126.35, 902.051, 0.0600272
-126.073, 1407.43, 0.0245249
-126.073, 1407.43, 0.0245494
-126.739, 902.051, 0.0901483
-126.114, 1406.91, 0.0368246
-126.115, 1406.91, 0.0368614
-126.267, 902.051, 0.0513954
-126.064, 1407.6, 0.0209996
-126.064, 1407.6, 0.0210206
-126.087, 902.051, 0.0234226
-126.045, 1408.63, 0.00957368
-126.045, 1408.63, 0.00958326
-243.702, 0.0257301, 0.00898155
-67.4665, 0.0534633, 0.00454591
-67.4392, 0.0534633, 0.00455046
-156.97, 0.0257301, 0.00646273
-79.405, 0.0529868, 0.0032401
-79.3634, 0.0529868, 0.00324334
-76.3624, 0.0257301, 0.00165562
-176.04, 0.0125757, 0.00333145
-176.3, 0.0125757, 0.00333478
-65.1213, 0.021601, 0.00196456
-213.85, 0.0257044, 0.00806316
-214.125, 0.0257044, 0.00807123
-70.8637, 0.0533196, 0.00406499
-148.726, 0.0257044, 0.00622556
-148.948, 0.0257044, 0.00623179
-81.0037, 0.0529953, 0.00311846
-81.8267, 0.0257044, 0.00409119
-81.9218, 0.0257044, 0.00409529
-97.677, 0.0526787, 0.00203664
-63.9659, 0.032339, 0.00327172
-63.9599, 0.032339, 0.00327499
-117.636, 0.0257301, 0.000415386
-74.6098, 0.0126056, 0.000837868
-74.5703, 0.0126056, 0.000838706
-126.037, 0.000729835, 0.0138698
-156.771, 0.00656554, 0.00159275
-157.011, 0.00656554, 0.00159435
-64.6986, 0.0107024, 0.000985371
-63.7416, 0.0100313, 0.00104923
-63.7436, 0.0100313, 0.00105028
-89.0135, 0.0257301, 0.00122226
-110.854, 0.01259, 0.00246229
-111.019, 0.01259, 0.00246475
-65.2913, 0.0186537, 0.0016758
-125.899, 0.0257044, 3.61782e-05
-125.899, 0.0257044, 3.62144e-05
-124.377, 0.0126348, 7.30715e-05
-498.29, 0.000733906, 0.00121606
-498.286, 0.000733906, 0.00121727
-124.277, 0.0124047, 7.4411e-05
-124.157, 0.0121514, 7.5869e-05
-124.154, 0.0121514, 7.5945e-05
-63.6986, 0.00298929, 0.000303745
-63.7393, 0.00293801, 0.00030868
-63.7432, 0.00293801, 0.000308988
-63.6986, 0.00298929, 0.000303745
-87.5507, 0.0257044, 0.00432372
-87.6637, 0.0257044, 0.00432804
-95.6771, 0.0527058, 0.00215353
-63.931, 0.0331336, 0.00337816
-63.926, 0.0331336, 0.00338154
-77.8759, 0.0257301, 0.00391794
-99.1476, 0.052589, 0.00194898
-99.1135, 0.052589, 0.00195093
-63.9973, 0.0317393, 0.00319257
-142.956, 0.0257044, 0.00606361
-143.172, 0.0257044, 0.00606967
-82.1041, 0.0527121, 0.0030205
-113.481, 0.0257044, 0.00520161
-113.649, 0.0257044, 0.00520681
-88.4702, 0.0528417, 0.00259768
-66.7719, 0.0257044, 0.0032289
-66.8065, 0.0257044, 0.00323213
-105.249, 0.0524705, 0.00160089
-64.016, 0.0288547, 0.00288152
-64.009, 0.0288547, 0.0028844
-63.9022, 0.0257301, 0.00260067
-307.272, 0.0123372, 0.0051288
-307.566, 0.0123372, 0.00513393
-63.8312, 0.0255044, 0.00262195
-70.813, 0.0629419, 0.00898155
-70.8662, 0.0629419, 0.00899054
-103.191, 0.13041, 0.00452238
-64.2697, 0.0739797, 0.00771198
-64.2624, 0.0739797, 0.0077197
-64.2421, 0.0630048, 0.00646273
-291.927, 0.0297418, 0.0125269
-292.193, 0.0297418, 0.0125394
-64.0733, 0.0621275, 0.00654324
-109.323, 0.0629419, 0.00165562
-109.298, 0.0629419, 0.00165728
-63.8941, 0.0306213, 0.00330877
-66.3748, 0.0629419, 0.00806316
-66.4045, 0.0629419, 0.00807123
-106.274, 0.129786, 0.00403948
-64.2256, 0.069971, 0.00728668
-64.2186, 0.069971, 0.00729397
-64.6274, 0.0630048, 0.00622556
-281.932, 0.0300142, 0.0121907
-282.201, 0.0300142, 0.0122029
-64.1656, 0.0615187, 0.00636189
-77.2567, 0.0629419, 0.00409119
-77.2161, 0.0629419, 0.00409529
-169.273, 0.0304789, 0.00813638
-65.3703, 0.0523675, 0.00486938
-65.3515, 0.0523675, 0.00487425
-124.084, 0.0630048, 0.000415386
-107.994, 0.0306381, 0.000831487
-107.968, 0.0306381, 0.000832319
-85.8747, 0.0017218, 0.0133496
-63.8719, 0.0157838, 0.00157586
-63.8665, 0.0157838, 0.00157744
-481.292, 0.00408676, 0.00580242
-63.7961, 0.0156613, 0.00158774
-63.7925, 0.0156613, 0.00158933
-63.7658, 0.015583, 0.00159697
-115.335, 0.0629419, 0.00122226
-115.319, 0.0629419, 0.00122348
-68.6578, 0.0306475, 0.00244486
-126.04, 0.00171413, 0.0391397
-126.04, 0.00171413, 0.0391789
-158.449, 0.0171609, 0.00427112
-64.2121, 0.0276537, 0.00269638
-64.2015, 0.0276537, 0.00269908
-126.016, 0.0630048, 3.61782e-05
-125.662, 0.0306936, 7.25546e-05
-125.661, 0.0306936, 7.26272e-05
-443.392, 0.00173748, 0.00117364
-125.323, 0.0258346, 8.57412e-05
-125.322, 0.0258346, 8.5827e-05
-124.809, 0.0215925, 0.000102116
-81.0567, 0.00611895, 0.00034619
-81.0142, 0.00611895, 0.000346537
-74.4683, 0.00564758, 0.000374516
-64.2688, 0.00433677, 0.000483268
-64.2834, 0.00433677, 0.000483751
-75.0977, 0.0630048, 0.00432372
-183.221, 0.0304308, 0.00859354
-183.473, 0.0304308, 0.00860214
-65.295, 0.0537381, 0.00502527
-79.0228, 0.0629419, 0.00391794
-78.9817, 0.0629419, 0.00392186
-159.028, 0.030489, 0.00779455
-65.3949, 0.0512887, 0.00475688
-65.3759, 0.0512887, 0.00476164
-65.0054, 0.0630048, 0.00606361
-274.768, 0.0301384, 0.0119274
-275.039, 0.0301384, 0.0119393
-64.2325, 0.0610156, 0.00624498
-68.5606, 0.0629419, 0.00520161
-68.5309, 0.0629419, 0.00520681
-232.187, 0.0303594, 0.0103016
-64.8163, 0.0580035, 0.005615
-64.8015, 0.0580035, 0.00562061
-87.098, 0.0630048, 0.0032289
-119.44, 0.0305044, 0.00643393
-119.617, 0.0305044, 0.00644037
-65.4729, 0.0467146, 0.00429256
-95.5506, 0.0629419, 0.00260067
-95.5137, 0.0629419, 0.00260327
-87.8956, 0.0305723, 0.00518876
-81.1301, 0.0526193, 0.00308599
-81.0884, 0.0526193, 0.00308908
-63.8847, 0.0390542, 0.00410664
-73.2391, 0.0605246, 0.00898155
-73.3029, 0.0605246, 0.00899054
-101.852, 0.125426, 0.00452331
-64.2434, 0.0725495, 0.00757117
-64.2364, 0.0725495, 0.00757875
-64.02, 0.0605851, 0.00646273
-301.345, 0.0269074, 0.0116067
-301.607, 0.0269074, 0.0116183
-64.0095, 0.0603676, 0.00647955
-108.311, 0.0605246, 0.00165562
-108.286, 0.0605246, 0.00165728
-64.2014, 0.0294635, 0.0033109
-67.7793, 0.0605246, 0.00806316
-67.8179, 0.0605246, 0.00807123
-105.078, 0.124985, 0.0040457
-64.2307, 0.0687684, 0.00713986
-64.2242, 0.0687684, 0.007147
-64.197, 0.0605851, 0.00622556
-293.618, 0.028588, 0.0120616
-293.885, 0.028588, 0.0120737
-64.0526, 0.0598137, 0.00629631
-75.6047, 0.0605246, 0.00409119
-75.5655, 0.0605246, 0.00409529
-179.504, 0.0293107, 0.00813705
-65.2889, 0.0512985, 0.00478485
-65.2705, 0.0512985, 0.00478963
-123.944, 0.0605851, 0.000415386
-106.942, 0.0294821, 0.000832092
-106.915, 0.0294821, 0.000832925
-89.9153, 0.00166149, 0.0133983
-70.8106, 0.0180709, 0.00133506
-70.7753, 0.0180709, 0.00133639
-481.102, 0.00441171, 0.00521682
-67.5055, 0.0171542, 0.0014039
-67.4772, 0.0171542, 0.00140531
-63.7928, 0.0150426, 0.00159536
-114.646, 0.0605246, 0.00122226
-114.63, 0.0605246, 0.00122348
-67.4677, 0.0294559, 0.00244361
-126.04, 0.00164423, 0.0390393
-126.04, 0.00164423, 0.0390783
-154.881, 0.0169532, 0.00415442
-64.0936, 0.0269586, 0.00265812
-64.0849, 0.0269586, 0.00266078
-126.014, 0.0605851, 3.61782e-05
-125.633, 0.0295285, 7.25891e-05
-125.632, 0.0295285, 7.26618e-05
-450.156, 0.00167461, 0.00117644
-125.55, 0.0281016, 7.61628e-05
-125.549, 0.0281016, 7.6239e-05
-125.391, 0.0260636, 8.20142e-05
-88.8078, 0.00659994, 0.000310621
-88.7666, 0.00659994, 0.000310931
-81.2032, 0.00602495, 0.000339673
-74.7158, 0.00556348, 0.000366622
-74.676, 0.00556348, 0.000366988
-131.103, 0.00305385, 0.000656742
-64.4026, 0.00466539, 0.000434914
-64.3886, 0.00466539, 0.000435349
-63.7034, 0.00442885, 0.000457878
-73.4658, 0.0605246, 0.00432372
-73.4284, 0.0605246, 0.00432804
-193.669, 0.0292907, 0.00859334
-65.2012, 0.0525952, 0.00493736
-65.1836, 0.0525952, 0.0049423
-77.3804, 0.0605851, 0.00391794
-169.092, 0.0293025, 0.00779838
-169.334, 0.0293025, 0.00780618
-65.3427, 0.0503096, 0.00467361
-64.4275, 0.0605246, 0.00606361
-64.4165, 0.0605246, 0.00606967
-286.26, 0.0288923, 0.0118745
-64.0992, 0.0593076, 0.00617643
-64.0936, 0.0593076, 0.00618261
-67.4071, 0.0605851, 0.00520161
-244.246, 0.0291618, 0.0103007
-244.526, 0.0291618, 0.010311
-64.6062, 0.0565548, 0.00554769
-85.3558, 0.0605246, 0.0032289
-85.3142, 0.0605246, 0.00323213
-126.8, 0.0293766, 0.00643723
-65.4746, 0.0458437, 0.00420782
-65.4556, 0.0458437, 0.00421203
-94.0541, 0.0605851, 0.00260067
-92.8265, 0.0293833, 0.00519144
-92.9522, 0.0293833, 0.00519663
-80.3445, 0.0511885, 0.00305563
-63.8772, 0.0382639, 0.00403255
-63.8764, 0.0382639, 0.00403658
-200.761, 0.0297675, 0.00898155
-72.4545, 0.0617476, 0.00453764
-72.4178, 0.0617476, 0.00454218
-124.935, 0.0297675, 0.00646273
-85.7674, 0.061261, 0.00323787
-85.726, 0.061261, 0.00324111
-82.5719, 0.0297675, 0.00165562
-140.541, 0.0145407, 0.0033295
-140.758, 0.0145407, 0.00333283
-65.319, 0.0233113, 0.00210204
-173.425, 0.0297378, 0.00806316
-173.669, 0.0297378, 0.00807123
-76.6573, 0.061626, 0.00406077
-118.321, 0.0297378, 0.00622556
-118.498, 0.0297378, 0.00623179
-87.352, 0.0612828, 0.00311695
-70.6422, 0.0297378, 0.00409119
-70.6971, 0.0297378, 0.00409529
-102.722, 0.0608972, 0.00203501
-64.0567, 0.0348972, 0.00349994
-64.0489, 0.0348972, 0.00350344
-119.406, 0.0297675, 0.000415386
-80.6892, 0.0145762, 0.000837436
-80.6469, 0.0145762, 0.000838274
-126.011, 0.000842216, 0.0138341
-141.532, 0.00728525, 0.00165626
-141.75, 0.00728525, 0.00165792
-65.1372, 0.0116387, 0.0010459
-63.7476, 0.0107656, 0.00112814
-63.7499, 0.0107656, 0.00112927
-94.8634, 0.0297675, 0.00122226
-89.6806, 0.0145565, 0.00246074
-89.8002, 0.0145565, 0.0024632
-80.9388, 0.0250896, 0.00144509
-63.7747, 0.0186664, 0.00192873
-63.7739, 0.0186664, 0.00193066
-125.934, 0.0297675, 3.61782e-05
-124.702, 0.014592, 7.30172e-05
-124.7, 0.014592, 7.30902e-05
-497.729, 0.0008468, 0.00121154
-124.649, 0.0143938, 7.40092e-05
-124.647, 0.0143938, 7.40833e-05
-124.592, 0.0142013, 7.50724e-05
-65.6074, 0.00346434, 0.000301585
-65.586, 0.00346434, 0.000301886
-64.4956, 0.00336199, 0.000310945
-63.7234, 0.00315903, 0.000330317
-63.7264, 0.00315903, 0.000330647
-73.9804, 0.0297675, 0.00432372
-100.924, 0.0608921, 0.00215269
-100.892, 0.0608921, 0.00215484
-64.0556, 0.035883, 0.00360491
-68.5026, 0.0297378, 0.00391794
-68.5467, 0.0297378, 0.00392186
-104.018, 0.0608507, 0.0019473
-64.0415, 0.0341233, 0.00342485
-64.0339, 0.0341233, 0.00342828
-113.591, 0.0297675, 0.00606361
-88.3848, 0.0609427, 0.00302153
-88.344, 0.0609427, 0.00302455
-91.4117, 0.0297675, 0.00520161
-94.4151, 0.0610607, 0.00259717
-94.3773, 0.0610607, 0.00259977
-63.9542, 0.0390099, 0.00400655
-63.9157, 0.0297378, 0.0032289
-63.9209, 0.0297378, 0.00323213
-109.198, 0.0595294, 0.00157028
-63.8483, 0.0304113, 0.00315455
-63.8466, 0.0304113, 0.0031577
-66.1495, 0.0297675, 0.00260067
-261.868, 0.0144756, 0.00520589
-262.163, 0.0144756, 0.0052111
-64.3061, 0.0282575, 0.00273451
-64.1685, 0.0796563, 0.00898155
-64.172, 0.0796563, 0.00899054
-109.865, 0.15403, 0.00423136
-64.1381, 0.0807658, 0.00884065
-64.137, 0.0807658, 0.0088495
-69.6964, 0.079736, 0.00646273
-221.641, 0.0381907, 0.0127302
-221.907, 0.0381907, 0.012743
-64.9862, 0.0724168, 0.00706281
-114.394, 0.0796563, 0.00165562
-114.377, 0.0796563, 0.00165728
-66.9479, 0.0385912, 0.00329429
-126.04, 0.00211538, 0.0516374
-126.04, 0.00211538, 0.0516891
-152.703, 0.0224561, 0.00550433
-64.0842, 0.0355531, 0.00355723
-64.076, 0.0355531, 0.00356079
-64.6396, 0.079736, 0.00806316
-280.017, 0.0376457, 0.0156318
-280.27, 0.0376457, 0.0156474
-64.2416, 0.0779729, 0.00822399
-70.8925, 0.0796563, 0.00622556
-70.8586, 0.0796563, 0.00623179
-211.505, 0.0382548, 0.012272
-65.0993, 0.0713136, 0.00689567
-65.0831, 0.0713136, 0.00690257
-87.6069, 0.079736, 0.00409119
-117.496, 0.0384216, 0.00811118
-117.668, 0.0384216, 0.00811929
-65.5107, 0.0586744, 0.0054562
-124.714, 0.0796563, 0.000415386
-124.712, 0.0796563, 0.000415802
-113.354, 0.0385656, 0.000825941
-126.813, 0.00210839, 0.0129103
-126.281, 0.00210839, 0.0129232
-111.216, 0.0365737, 0.000868446
-108.404, 0.0343688, 0.000920207
-108.379, 0.0343688, 0.000921127
-303.301, 0.00852102, 0.00344676
-84.4684, 0.0242136, 0.00128178
-84.4263, 0.0242136, 0.00128306
-69.1441, 0.0198845, 0.00154586
-64.0146, 0.0166471, 0.00182721
-64.024, 0.0166471, 0.00182904
-63.8044, 0.0173355, 0.00176013
-118.706, 0.0796563, 0.00122226
-118.694, 0.0796563, 0.00122348
-77.6551, 0.0386518, 0.00243603
-126.037, 0.00213205, 0.0384375
-126.037, 0.00213205, 0.0384759
-148.718, 0.019503, 0.00467319
-64.9981, 0.0317135, 0.00293836
-64.9806, 0.0317135, 0.0029413
-63.8407, 0.0295544, 0.00314546
-126.025, 0.0796563, 3.61782e-05
-126.025, 0.0796563, 3.62144e-05
-125.801, 0.0387578, 7.23117e-05
-391.293, 0.00216144, 0.00115413
-391.55, 0.00216144, 0.00115529
-123.604, 0.0193235, 0.000141055
-101.148, 0.00883001, 0.000298875
-101.115, 0.00883001, 0.000299174
-87.5057, 0.00734549, 0.000356984
-76.8644, 0.00645523, 0.000403734
-76.8233, 0.00645523, 0.000404138
-101.816, 0.00373905, 0.000682614
-64.1963, 0.00522126, 0.000494932
-64.1847, 0.00522126, 0.000495428
-63.7022, 0.00500864, 0.00051558
-85.2935, 0.0796563, 0.00432372
-85.2522, 0.0796563, 0.00432804
-127.29, 0.0384437, 0.0085683
-65.5301, 0.0603036, 0.00561285
-65.5108, 0.0603036, 0.00561847
-89.3584, 0.079736, 0.00391794
-110.296, 0.0384367, 0.00777093
-110.456, 0.0384367, 0.00777871
-65.414, 0.0572888, 0.00534559
-71.8124, 0.0796563, 0.00606361
-71.7766, 0.0796563, 0.00606967
-204.633, 0.0382881, 0.011964
-65.1395, 0.0704815, 0.0067915
-65.1228, 0.0704815, 0.0067983
-77.7169, 0.079736, 0.00520161
-166.826, 0.0383335, 0.0102874
-167.064, 0.0383335, 0.0102977
-65.3766, 0.0658312, 0.0062192
-96.7103, 0.0796563, 0.0032289
-96.6746, 0.0796563, 0.00323213
-84.7813, 0.0385187, 0.00641197
-81.6901, 0.0659398, 0.00385869
-81.6485, 0.0659398, 0.00386255
-63.9394, 0.0485862, 0.00515121
-103.839, 0.0796563, 0.00260067
-103.81, 0.0796563, 0.00260327
-68.921, 0.0385534, 0.00516935
-82.6876, 0.0598986, 0.00340506
-82.6458, 0.0598986, 0.00340847
-63.913, 0.0436327, 0.00459857
-218.188, 0.0280221, 0.00898155
-218.464, 0.0280221, 0.00899054
-70.2834, 0.0582671, 0.00453962
-137.391, 0.0280221, 0.00646273
-137.597, 0.0280221, 0.0064692
-83.2176, 0.0578005, 0.00323882
-79.9692, 0.0280221, 0.00165562
-79.9274, 0.0280221, 0.00165728
-153.999, 0.0137186, 0.00333029
-65.2948, 0.0226217, 0.00204084
-65.2755, 0.0226217, 0.00204288
-189.062, 0.0280501, 0.00806316
-74.1502, 0.0579828, 0.00405857
-74.1118, 0.0579828, 0.00406263
-129.671, 0.0280501, 0.00622556
-84.7316, 0.0577013, 0.00311762
-84.6899, 0.0577013, 0.00312074
-74.3939, 0.0280501, 0.00409119
-100.703, 0.0573498, 0.00203586
-100.67, 0.0573498, 0.00203789
-64.042, 0.0339028, 0.00340132
-118.725, 0.0280221, 0.000415386
-118.713, 0.0280221, 0.000415802
-78.2096, 0.0137558, 0.000837857
-126.029, 0.000794796, 0.0138689
-126.029, 0.000794796, 0.0138828
-148.216, 0.00698054, 0.00163404
-64.9245, 0.0112385, 0.00102136
-64.9071, 0.0112385, 0.00102238
-63.7343, 0.0105091, 0.0010922
-92.4932, 0.0280221, 0.00122226
-92.4539, 0.0280221, 0.00122348
-97.3109, 0.0137341, 0.00246141
-64.8851, 0.0192299, 0.00176792
-64.8683, 0.0192299, 0.00176968
-125.921, 0.0280501, 3.61782e-05
-124.582, 0.0137545, 7.30404e-05
-124.58, 0.0137545, 7.31134e-05
-498.088, 0.000799195, 0.00121347
-124.513, 0.0135437, 7.41626e-05
-124.511, 0.0135437, 7.42368e-05
-124.437, 0.0133368, 7.53725e-05
-64.4556, 0.00326151, 0.000302427
-64.441, 0.00326151, 0.000302729
-63.9672, 0.00319571, 0.000308878
-63.7007, 0.00308532, 0.000319471
-63.7025, 0.00308532, 0.00031979
-78.6915, 0.0280501, 0.00432372
-98.8496, 0.0573959, 0.00215334
-98.8152, 0.0573959, 0.0021555
-64.0045, 0.0347578, 0.00351013
-71.6575, 0.0280221, 0.00391794
-71.7165, 0.0280221, 0.00392186
-102.138, 0.0573736, 0.00194847
-64.0404, 0.0331629, 0.00332392
-64.0327, 0.0331629, 0.00332725
-124.617, 0.0280501, 0.00606361
-85.8278, 0.0576659, 0.00303457
-85.7863, 0.0576659, 0.00303761
-99.4727, 0.0280501, 0.00520161
-92.0285, 0.0575376, 0.00259716
-91.9894, 0.0575376, 0.00259976
-64.5411, 0.0280501, 0.0032289
-107.63, 0.0569423, 0.00159517
-107.605, 0.0569423, 0.00159676
-63.9297, 0.0298993, 0.00303026
-64.8957, 0.0280221, 0.00260067
-64.8788, 0.0280221, 0.00260327
-280.148, 0.0136382, 0.00519959
-64.0461, 0.0270891, 0.00268667
-64.0382, 0.0270891, 0.00268935
-84.9835, 0.0529126, 0.00898155
-96.8505, 0.109511, 0.00452676
-96.8149, 0.109511, 0.00453129
-64.1427, 0.06774, 0.0071192
-65.3691, 0.0528597, 0.00646273
-65.3918, 0.0528597, 0.0064692
-107.1, 0.108457, 0.00322108
-64.1168, 0.0575416, 0.00595192
-64.111, 0.0575416, 0.00595787
-104.523, 0.0529126, 0.00165562
-67.704, 0.0257447, 0.00331601
-67.7443, 0.0257447, 0.00331932
-81.7443, 0.0389472, 0.00222562
-63.8304, 0.028688, 0.00298694
-63.829, 0.028688, 0.00298993
-75.6066, 0.0529126, 0.00806316
-100.54, 0.109221, 0.00405249
-100.508, 0.109221, 0.00405654
-64.1902, 0.0645005, 0.00668308
-64.6573, 0.0528597, 0.00622556
-64.6729, 0.0528597, 0.00623179
-108.049, 0.108043, 0.00309072
-64.0634, 0.0562329, 0.00585903
-64.0583, 0.0562329, 0.00586489
-70.365, 0.0529126, 0.00409119
-217.863, 0.0255957, 0.00814462
-218.139, 0.0255957, 0.00815277
-64.9565, 0.0476918, 0.00451525
-123.362, 0.0528597, 0.000415386
-123.358, 0.0528597, 0.000415802
-103.008, 0.0258248, 0.000833779
-108.178, 0.00146392, 0.0135347
-108.311, 0.00146392, 0.0135482
-448.095, 0.00529958, 0.00388283
-96.1559, 0.0233117, 0.000920068
-96.1189, 0.0233117, 0.000920989
-88.506, 0.0211349, 0.00101297
-104.578, 0.0105727, 0.00198322
-104.731, 0.0105727, 0.00198521
-64.9969, 0.0152737, 0.00138871
-63.7777, 0.0141472, 0.00149455
-63.7809, 0.0141472, 0.00149605
-112.044, 0.0529126, 0.00122226
-64.4856, 0.0257634, 0.00244987
-64.4723, 0.0257634, 0.00245232
-126.006, 0.0529126, 3.61782e-05
-125.513, 0.0258265, 7.26978e-05
-125.512, 0.0258265, 7.27705e-05
-469.277, 0.00147321, 0.00118528
-125.47, 0.0252925, 7.41929e-05
-125.469, 0.0252925, 7.42671e-05
-125.423, 0.02477, 7.57911e-05
-86.56, 0.00603478, 0.000299722
-86.5182, 0.00603478, 0.000300022
-79.7746, 0.00556741, 0.000324527
-73.9767, 0.00518092, 0.000347755
-73.9376, 0.00518092, 0.000348102
-148.012, 0.0027641, 0.000642016
-64.4556, 0.00439579, 0.000408141
-64.4411, 0.00439579, 0.00040855
-63.7019, 0.00416565, 0.000430516
-68.56, 0.0528597, 0.00432372
-68.5299, 0.0528597, 0.00432804
-232.984, 0.0255943, 0.00859796
-64.719, 0.0486108, 0.0046806
-64.7043, 0.0486108, 0.00468529
-71.8767, 0.0529126, 0.00391794
-206, 0.0256099, 0.00780425
-206.274, 0.0256099, 0.00781206
-65.049, 0.0468097, 0.00440219
-64.3103, 0.0528597, 0.00606361
-64.3213, 0.0528597, 0.00606967
-108.686, 0.107504, 0.00299511
-64.0307, 0.0553323, 0.00579398
-64.0265, 0.0553323, 0.00579977
-64.5165, 0.0529126, 0.00520161
-285.403, 0.0253237, 0.0102375
-285.683, 0.0253237, 0.0102477
-64.089, 0.0517098, 0.00531283
-79.4446, 0.0528597, 0.0032289
-79.403, 0.0528597, 0.00323213
-156.752, 0.0256886, 0.0064457
-65.3775, 0.0428918, 0.00394341
-65.3586, 0.0428918, 0.00394735
-88.4803, 0.0529126, 0.00260067
-113.44, 0.0256981, 0.00519902
-113.608, 0.0256981, 0.00520423
-65.3838, 0.0385508, 0.00352511
-64.1419, 0.0817421, 0.00898155
-64.1413, 0.0817421, 0.00899054
-281.551, 0.032742, 0.0134174
-64.1391, 0.0815398, 0.00899131
-64.1391, 0.0815398, 0.0090003
-70.6117, 0.0818239, 0.00646273
-214.146, 0.0391725, 0.0127238
-214.409, 0.0391725, 0.0127366
-65.1022, 0.0735414, 0.00713016
-114.845, 0.0817421, 0.00165562
-114.829, 0.0817421, 0.00165728
-67.6787, 0.0395692, 0.00329143
-126.04, 0.00216187, 0.0514138
-126.04, 0.00216187, 0.0514652
-155.174, 0.0225784, 0.00559555
-64.1623, 0.0361257, 0.00358403
-64.1534, 0.0361257, 0.00358762
-65.0211, 0.0818239, 0.00806316
-272.399, 0.0387334, 0.0156783
-272.658, 0.0387334, 0.015694
-64.3328, 0.0793751, 0.00828427
-71.8668, 0.0817421, 0.00622556
-71.831, 0.0817421, 0.00623179
-204.135, 0.039263, 0.0122743
-65.1573, 0.0722917, 0.0069744
-65.1407, 0.0722917, 0.00698138
-88.7251, 0.0818239, 0.00409119
-112.884, 0.0394144, 0.00810826
-113.049, 0.0394144, 0.00811637
-65.4504, 0.0592858, 0.00553442
-124.765, 0.0817421, 0.000415386
-124.764, 0.0817421, 0.000415802
-113.838, 0.0395343, 0.000825032
-139.615, 0.00215237, 0.0128394
-139.025, 0.00215237, 0.0128523
-112.109, 0.0377757, 0.00086122
-109.847, 0.0358248, 0.000904542
-109.824, 0.0358248, 0.000905447
-290.063, 0.00878991, 0.0034079
-84.6904, 0.0245396, 0.00129253
-84.6484, 0.0245396, 0.00129382
-68.3272, 0.0198258, 0.00158213
-63.8327, 0.0170421, 0.00182314
-63.8377, 0.0170421, 0.00182496
-119.034, 0.0818239, 0.00122226
-78.7137, 0.0396007, 0.0024345
-78.6722, 0.0396007, 0.00243694
-126.036, 0.00218357, 0.0383176
-146.43, 0.0198159, 0.00470214
-146.653, 0.0198159, 0.00470684
-65.0396, 0.032137, 0.00297205
-63.8526, 0.0298213, 0.00318803
-63.8556, 0.0298213, 0.00319122
-126.026, 0.0818239, 3.61782e-05
-125.812, 0.0397167, 7.22809e-05
-125.812, 0.0397167, 7.23532e-05
-384.145, 0.00221572, 0.00115167
-123.506, 0.0193186, 0.000144259
-123.501, 0.0193186, 0.000144404
-97.1947, 0.00842744, 0.000319903
-83.1337, 0.00704223, 0.000379645
-83.0913, 0.00704223, 0.000380025
-73.5975, 0.00626544, 0.000425075
-106.333, 0.00372219, 0.000699677
-106.494, 0.00372219, 0.000700377
-64.1037, 0.00525929, 0.000502761
-63.7022, 0.00507218, 0.000520033
-63.702, 0.00507218, 0.000520553
-63.7021, 0.00507288, 0.000520463
-86.4303, 0.0817421, 0.00432372
-86.3892, 0.0817421, 0.00432804
-122.232, 0.0394372, 0.00856524
-65.4921, 0.0609673, 0.00569029
-65.4731, 0.0609673, 0.00569598
-90.4561, 0.0818239, 0.00391794
-106.038, 0.0394256, 0.00776723
-106.191, 0.0394256, 0.007775
-65.3238, 0.0578331, 0.00542626
-72.8108, 0.0817421, 0.00606361
-72.7743, 0.0817421, 0.00606967
-197.369, 0.03927, 0.0119572
-65.2351, 0.0715173, 0.00686138
-65.2183, 0.0715173, 0.00686825
-78.8448, 0.0818239, 0.00520161
-160.393, 0.0393149, 0.0102811
-160.622, 0.0393149, 0.0102914
-65.4605, 0.0667654, 0.00628575
-97.6863, 0.0817421, 0.0032289
-97.6509, 0.0817421, 0.00323213
-82.1102, 0.0395174, 0.00641027
-82.0051, 0.0669971, 0.00389449
-81.9634, 0.0669971, 0.00389839
-63.9432, 0.0491829, 0.00521606
-104.636, 0.0817421, 0.00260067
-104.607, 0.0817421, 0.00260327
-67.775, 0.0395625, 0.00516929
-81.6901, 0.0599154, 0.00348834
-81.6484, 0.0599154, 0.00349183
-63.9136, 0.0441384, 0.00466118
-465.606, 0.00844671, 0.00898155
-465.618, 0.00844671, 0.00899054
-209.36, 0.0220382, 0.00674233
-126.045, 1.01615, 0.00214113
-126.045, 1.01615, 0.00214328
-445.974, 0.00845516, 0.00646273
-102.559, 0.0181454, 0.00339258
-102.707, 0.0181454, 0.00339598
-126.019, 0.386822, 0.000257625
-112.19, 0.00844671, 0.00165562
-112.362, 0.00844671, 0.00165728
-88.6577, 0.0170774, 0.000812994
-462.796, 0.00844671, 0.00806316
-462.836, 0.00844671, 0.00807123
-150.284, 0.0198791, 0.00479945
-126.011, 0.606826, 0.00060247
-126.011, 0.606826, 0.000603073
-441.464, 0.00845516, 0.00622556
-97.064, 0.0180169, 0.00324095
-97.2003, 0.0180169, 0.0032442
-126.02, 0.373323, 0.00023804
-355.784, 0.00844671, 0.00409119
-356.059, 0.00844671, 0.00409529
-65.1064, 0.0173854, 0.00204572
-87.0484, 0.00844671, 0.000415386
-87.0067, 0.00844671, 0.000415802
-118.667, 0.00416023, 0.000840679
-65.2889, 0.00628527, 0.000557256
-65.2687, 0.00628527, 0.000557814
-75.2324, 0.00845516, 0.00122226
-100.054, 0.0171642, 0.000603831
-100.02, 0.0171642, 0.000604435
-63.9228, 0.0102661, 0.00100772
-124.934, 0.00844671, 3.61782e-05
-124.933, 0.00844671, 3.62144e-05
-116.289, 0.00416206, 7.32516e-05
-459.162, 0.00024413, 0.00123111
-458.954, 0.00024413, 0.00123234
-114.524, 0.00394347, 7.72926e-05
-112.162, 0.0036994, 8.22852e-05
-112.141, 0.0036994, 8.23676e-05
-251.158, 0.000951286, 0.00031828
-84.1944, 0.00240801, 0.00012616
-84.152, 0.00240801, 0.000126286
-65.7329, 0.00187483, 0.000162009
-63.7248, 0.00170204, 0.000178198
-63.7283, 0.00170204, 0.000178377
-370.195, 0.00845516, 0.00432372
-66.7041, 0.0173236, 0.00215626
-66.7387, 0.0173236, 0.00215842
-343.461, 0.00845516, 0.00391794
-64.3309, 0.017281, 0.00194895
-64.3451, 0.017281, 0.0019509
-437.972, 0.00845516, 0.00606361
-93.509, 0.0179441, 0.00314193
-93.6365, 0.0179441, 0.00314507
-412.4, 0.00845516, 0.00520161
-77.2844, 0.0175242, 0.00262562
-77.3661, 0.0175242, 0.00262824
-285.761, 0.00845516, 0.0032289
-64.6672, 0.0173107, 0.00160903
-64.6515, 0.0173107, 0.00161064
-219.879, 0.00845516, 0.00260067
-70.3252, 0.0171532, 0.00128398
-70.2909, 0.0171532, 0.00128526
-458.662, 0.00958635, 0.00898155
-146.14, 0.0226128, 0.00538431
-146.36, 0.0226128, 0.0053897
-126.018, 0.703602, 0.000695419
-426.566, 0.00957677, 0.00646273
-426.723, 0.00957677, 0.0064692
-85.7198, 0.020297, 0.00333598
-93.2046, 0.00957677, 0.00165562
-93.3341, 0.00957677, 0.00165728
-93.7301, 0.019511, 0.000819238
-63.8073, 0.0125792, 0.00126388
-63.8026, 0.0125792, 0.00126515
-452.257, 0.00958635, 0.00806316
-119.14, 0.0213406, 0.00443267
-119.318, 0.0213406, 0.00443711
-126.019, 0.526732, 0.000404862
-420.382, 0.00957677, 0.00622556
-420.554, 0.00957677, 0.00623179
-81.8685, 0.0202009, 0.00319642
-318.49, 0.00957677, 0.00409119
-318.783, 0.00957677, 0.00409529
-63.7784, 0.0197236, 0.00204705
-92.1825, 0.00957677, 0.000415386
-92.143, 0.00957677, 0.000415802
-98.1373, 0.00471619, 0.000840566
-64.8721, 0.00661565, 0.000599909
-64.8548, 0.00661565, 0.000600509
-67.8837, 0.00958635, 0.00122226
-104.086, 0.0194456, 0.000603368
-104.056, 0.0194456, 0.000603972
-63.9496, 0.010941, 0.0010714
-125.115, 0.00957677, 3.61782e-05
-125.113, 0.00957677, 3.62144e-05
-117.976, 0.00472091, 7.3283e-05
-474.973, 0.000277383, 0.00123375
-474.851, 0.000277383, 0.00123499
-116.408, 0.00445078, 7.77148e-05
-114.333, 0.00417591, 8.27294e-05
-114.315, 0.00417591, 8.28121e-05
-213.985, 0.00107733, 0.00031948
-84.7254, 0.00258172, 0.00013359
-84.6832, 0.00258172, 0.000133724
-64.3399, 0.00192221, 0.00017942
-63.7013, 0.00182184, 0.00018908
-63.7038, 0.00182184, 0.000189269
-334.296, 0.00958635, 0.00432372
-64.0076, 0.0197365, 0.00216713
-64.0166, 0.0197365, 0.00216929
-305.258, 0.00958635, 0.00391794
-63.9354, 0.019679, 0.00195778
-63.9289, 0.019679, 0.00195974
-415.497, 0.00958635, 0.00606361
-79.501, 0.0201202, 0.00310288
-79.5897, 0.0201202, 0.00310599
-383.137, 0.00958635, 0.00520161
-69.0691, 0.0198931, 0.00262906
-69.1172, 0.0198931, 0.00263169
-246.226, 0.00958635, 0.0032289
-67.5253, 0.0196072, 0.00160739
-67.4971, 0.0196072, 0.001609
-183.824, 0.00958635, 0.00260067
-75.1104, 0.0195581, 0.00129133
-75.0705, 0.0195581, 0.00129262
-282.034, 0.0226991, 0.00898155
-64.6787, 0.046926, 0.00452128
-64.6643, 0.046926, 0.00452581
-189.545, 0.0226991, 0.00646273
-74.1355, 0.0467634, 0.00324144
-74.0968, 0.0467634, 0.00324468
-71.4187, 0.0226991, 0.00165562
-211.152, 0.0110951, 0.00333171
-211.442, 0.0110951, 0.00333505
-64.8641, 0.0201691, 0.00185854
-251.474, 0.0226764, 0.00806316
-251.758, 0.0226764, 0.00807123
-66.8594, 0.0471233, 0.0040728
-180.113, 0.0226764, 0.00622556
-180.368, 0.0226764, 0.00623179
-75.6438, 0.0467798, 0.00312036
-96.6544, 0.0226764, 0.00409119
-96.7906, 0.0226764, 0.00409529
-92.8467, 0.0464771, 0.00203681
-115.86, 0.0226764, 0.000415386
-115.844, 0.0226764, 0.000415802
-69.9494, 0.0111429, 0.000838717
-126.039, 0.000646436, 0.0139402
-126.039, 0.000646436, 0.0139541
-161.305, 0.00612875, 0.0015136
-64.2888, 0.00992575, 0.000939284
-64.2765, 0.00992575, 0.000940224
-83.6999, 0.0226991, 0.00122226
-134.838, 0.0111119, 0.00246342
-135.047, 0.0111119, 0.00246588
-65.3322, 0.0175628, 0.00157266
-125.86, 0.0226764, 3.61782e-05
-125.86, 0.0226764, 3.62144e-05
-123.996, 0.0111525, 7.3112e-05
-498.098, 0.00064923, 0.00121943
-498.089, 0.00064923, 0.00122065
-123.828, 0.0108942, 7.48284e-05
-123.622, 0.0106114, 7.67264e-05
-123.618, 0.0106114, 7.68031e-05
-65.1151, 0.00262736, 0.00030588
-121.363, 0.00859382, 9.45393e-05
-121.355, 0.00859382, 9.46339e-05
-65.3725, 0.00302409, 0.000266126
-65.1386, 0.00262473, 0.00030588
-65.1623, 0.00262473, 0.000306186
-104.441, 0.0226991, 0.00432372
-90.6345, 0.0464676, 0.00215434
-90.5945, 0.0464676, 0.00215649
-90.9838, 0.0226991, 0.00391794
-94.4666, 0.0464088, 0.00194962
-94.4288, 0.0464088, 0.00195157
-63.9032, 0.0296545, 0.00301947
-173.439, 0.0226764, 0.00606361
-173.687, 0.0226764, 0.00606967
-76.7029, 0.0467585, 0.00303773
-138.095, 0.0226764, 0.00520161
-138.305, 0.0226764, 0.00520681
-83.0649, 0.0466258, 0.00259819
-73.1394, 0.0226764, 0.0032289
-73.2052, 0.0226764, 0.00323213
-101.301, 0.0463533, 0.00160314
-64.0077, 0.0271479, 0.00270646
-64.0006, 0.0271479, 0.00270917
-64.5196, 0.0226991, 0.00260067
-107.557, 0.0460266, 0.00128332
-107.531, 0.0460266, 0.0012846
-63.9091, 0.0242163, 0.00243808
-311.791, 0.0205732, 0.00898155
-312.067, 0.0205732, 0.00899054
-63.9022, 0.0430331, 0.00456884
-217.7, 0.0205732, 0.00646273
-217.981, 0.0205732, 0.0064692
-70.4679, 0.042504, 0.00324427
-68.0946, 0.0205732, 0.00165562
-68.0645, 0.0205732, 0.00165728
-240.257, 0.0100739, 0.00333095
-64.545, 0.0190296, 0.00178681
-64.5306, 0.0190296, 0.0017886
-281.123, 0.0205938, 0.00806316
-64.7499, 0.0424534, 0.00404687
-64.7353, 0.0424534, 0.00405092
-206.981, 0.0205938, 0.00622556
-71.7427, 0.0424251, 0.00312241
-71.7065, 0.0424251, 0.00312553
-111.606, 0.0205938, 0.00409119
-88.8032, 0.0421372, 0.00203746
-88.7625, 0.0421372, 0.0020395
-114.203, 0.0205938, 0.000415386
-66.9136, 0.0101017, 0.000838915
-66.8872, 0.0101017, 0.000839754
-126.04, 0.00058775, 0.0139566
-153.103, 0.00594057, 0.00141763
-153.338, 0.00594057, 0.00141905
-63.9838, 0.00933269, 0.000908087
-79.4834, 0.0205732, 0.00122226
-79.4417, 0.0205732, 0.00122348
-156.795, 0.0100931, 0.00246385
-65.1724, 0.0166672, 0.00150332
-65.1535, 0.0166672, 0.00150482
-125.823, 0.0205938, 3.61782e-05
-123.62, 0.0101119, 7.314e-05
-123.616, 0.0101119, 7.32132e-05
-497.662, 0.000590721, 0.00122176
-123.372, 0.00983242, 7.51998e-05
-123.367, 0.00983242, 7.5275e-05
-123.096, 0.00954651, 7.75082e-05
-68.9576, 0.00237235, 0.000307729
-69.006, 0.00237235, 0.000308036
-122.055, 0.00860936, 8.58657e-05
-67.6904, 0.00301981, 0.000242273
-67.6609, 0.00301981, 0.000242516
-63.6903, 0.00267332, 0.000273647
-121.495, 0.0205732, 0.00432372
-121.679, 0.0205732, 0.00432804
-86.573, 0.0422056, 0.00215464
-104.848, 0.0205732, 0.00391794
-105.001, 0.0205732, 0.00392186
-90.5922, 0.0421574, 0.00195013
-200.041, 0.0205732, 0.00606361
-200.311, 0.0205732, 0.00606967
-72.7523, 0.0424427, 0.00303931
-160.727, 0.0205732, 0.00520161
-160.967, 0.0205732, 0.00520681
-78.8452, 0.0423122, 0.00259889
-81.0533, 0.0205732, 0.0032289
-81.1475, 0.0205732, 0.00323213
-97.9011, 0.0420672, 0.00160365
-63.9405, 0.0257758, 0.00258893
-63.934, 0.0257758, 0.00259152
-67.1202, 0.0205938, 0.00260067
-104.825, 0.0419015, 0.00128777
-104.796, 0.0419015, 0.00128906
-64.0011, 0.0232583, 0.00230607
-208.593, 0.0289623, 0.00898155
-208.862, 0.0289623, 0.00899054
-71.4887, 0.0602144, 0.00453899
-130.437, 0.0289623, 0.00646273
-130.631, 0.0289623, 0.0064692
-84.6586, 0.0597375, 0.00323868
-81.3883, 0.0289623, 0.00165562
-81.3462, 0.0289623, 0.00165728
-146.264, 0.0141784, 0.00333015
-65.3256, 0.0230069, 0.00207319
-65.3061, 0.0230069, 0.00207527
-180.131, 0.0289913, 0.00806316
-75.5091, 0.0599637, 0.00406111
-75.47, 0.0599637, 0.00406517
-123.118, 0.0289913, 0.00622556
-86.1679, 0.0596372, 0.00311761
-86.1266, 0.0596372, 0.00312073
-72.1591, 0.0289913, 0.00409119
-101.823, 0.0592607, 0.00203539
-101.791, 0.0592607, 0.00203742
-64.0594, 0.0344806, 0.00345474
-119.107, 0.0289623, 0.000415386
-119.096, 0.0289623, 0.000415802
-79.6058, 0.0142136, 0.000837635
-126.021, 0.000820393, 0.0138505
-126.021, 0.000820393, 0.0138644
-143.999, 0.0071579, 0.00164514
-65.0102, 0.0114466, 0.0010355
-64.9922, 0.0114466, 0.00103654
-63.7372, 0.0106676, 0.00111096
-93.8008, 0.0289623, 0.00122226
-93.7624, 0.0289623, 0.00122348
-92.8636, 0.014193, 0.00246107
-80.2445, 0.0245521, 0.00143703
-80.2025, 0.0245521, 0.00143847
-63.7742, 0.0184433, 0.00190391
-125.928, 0.0289623, 3.61782e-05
-125.928, 0.0289623, 3.62144e-05
-124.653, 0.0142278, 7.30277e-05
-497.921, 0.000824478, 0.00121241
-497.923, 0.000824478, 0.00121362
-124.593, 0.0140238, 7.40756e-05
-124.524, 0.0137973, 7.52015e-05
-124.522, 0.0137973, 7.52767e-05
-65.0575, 0.00337614, 0.000301952
-64.206, 0.00328257, 0.000310137
-64.1942, 0.00328257, 0.000310448
-63.6928, 0.00315466, 0.000322861
-76.0261, 0.0289623, 0.00432372
-76.1026, 0.0289623, 0.00432804
-100.045, 0.0593704, 0.00215295
-64.0185, 0.035328, 0.00356387
-64.0116, 0.035328, 0.00356743
-69.7411, 0.0289913, 0.00391794
-103.17, 0.0592214, 0.00194787
-103.139, 0.0592214, 0.00194981
-64.0546, 0.033738, 0.00337848
-118.537, 0.0289623, 0.00606361
-118.715, 0.0289623, 0.00606967
-87.2967, 0.0596617, 0.00303464
-94.981, 0.0289623, 0.00520161
-95.11, 0.0289623, 0.00520681
-93.4016, 0.0595335, 0.00259742
-64.1191, 0.0289623, 0.0032289
-64.1293, 0.0289623, 0.00323213
-108.537, 0.0586529, 0.00158816
-63.8853, 0.0302209, 0.00309351
-63.8814, 0.0302209, 0.00309661
-65.5493, 0.0289913, 0.00260067
-270.131, 0.0140938, 0.00520423
-270.432, 0.0140938, 0.00520943
-64.1669, 0.0277224, 0.00271522
-64.1418, 0.081736, 0.00898155
-64.1412, 0.081736, 0.00899054
-281.044, 0.032684, 0.0133652
-64.1391, 0.0815332, 0.00899122
-64.1391, 0.0815332, 0.00900022
-70.609, 0.0818178, 0.00646273
-214.168, 0.0391696, 0.0127238
-214.431, 0.0391696, 0.0127365
-65.1026, 0.0735397, 0.00712982
-114.844, 0.081736, 0.00165562
-114.828, 0.081736, 0.00165728
-67.6765, 0.0395663, 0.00329144
-126.04, 0.00216173, 0.0514145
-126.04, 0.00216173, 0.0514659
-155.158, 0.0225785, 0.00559519
-64.1635, 0.0361269, 0.00358369
-64.1546, 0.0361269, 0.00358727
-65.0199, 0.0818178, 0.00806316
-272.421, 0.0387301, 0.0156781
-272.68, 0.0387301, 0.0156938
-64.3327, 0.079372, 0.008284
-71.8639, 0.081736, 0.00622556
-71.8282, 0.081736, 0.00623179
-204.156, 0.0392601, 0.0122742
-65.1578, 0.0722903, 0.00697405
-65.1411, 0.0722903, 0.00698103
-88.7219, 0.0818178, 0.00409119
-112.897, 0.0394115, 0.00810827
-113.062, 0.0394115, 0.00811638
-65.4507, 0.0592843, 0.00553417
-124.765, 0.081736, 0.000415386
-124.763, 0.081736, 0.000415802
-113.837, 0.0395315, 0.000825035
-139.576, 0.00215224, 0.0128396
-138.986, 0.00215224, 0.0128525
-112.106, 0.0377723, 0.000861238
-109.844, 0.0358208, 0.00090458
-109.821, 0.0358208, 0.000905485
-290.098, 0.00878916, 0.003408
-84.6603, 0.0245299, 0.00129294
-84.6182, 0.0245299, 0.00129423
-68.2964, 0.0198148, 0.00158286
-63.8805, 0.0169684, 0.00183051
-63.8871, 0.0169684, 0.00183234
-119.033, 0.0818178, 0.00122226
-78.7105, 0.0395978, 0.00243451
-78.669, 0.0395978, 0.00243694
-126.036, 0.00218342, 0.0383179
-146.438, 0.0198149, 0.00470206
-146.661, 0.0198149, 0.00470677
-65.0396, 0.0321359, 0.00297195
-63.8526, 0.0298203, 0.00318792
-63.8556, 0.0298203, 0.00319111
-126.026, 0.0818178, 3.61782e-05
-125.812, 0.0397138, 7.2281e-05
-125.812, 0.0397138, 7.23533e-05
-384.165, 0.00221557, 0.00115168
-123.503, 0.0193127, 0.000144292
-123.499, 0.0193127, 0.000144436
-97.1436, 0.00842109, 0.000320113
-83.0781, 0.00703731, 0.000379876
-83.0357, 0.00703731, 0.000380256
-73.5575, 0.00626192, 0.000425277
-106.422, 0.00372102, 0.000699845
-106.584, 0.00372102, 0.000700546
-64.09, 0.00525556, 0.000503072
-63.7021, 0.00507064, 0.000520152
-63.702, 0.00507064, 0.000520672
-63.7021, 0.00507273, 0.000520445
-86.427, 0.081736, 0.00432372
-86.3859, 0.081736, 0.00432804
-122.246, 0.0394343, 0.00856525
-65.4925, 0.0609657, 0.00569003
-65.4734, 0.0609657, 0.00569573
-90.4529, 0.0818178, 0.00391794
-106.05, 0.0394227, 0.00776724
-106.203, 0.0394227, 0.00777501
-65.3243, 0.0578317, 0.005426
-72.8079, 0.081736, 0.00606361
-72.7714, 0.081736, 0.00606967
-197.39, 0.039267, 0.0119572
-65.2357, 0.0715161, 0.00686102
-65.2189, 0.0715161, 0.00686789
-78.8415, 0.0818178, 0.00520161
-160.412, 0.039312, 0.0102811
-160.64, 0.039312, 0.0102914
-65.4611, 0.0667642, 0.00628543
-97.6835, 0.081736, 0.0032289
-97.6481, 0.081736, 0.00323213
-82.1176, 0.0395145, 0.00641028
-82.0031, 0.0669932, 0.00389444
-81.9615, 0.0669932, 0.00389833
-63.9432, 0.0491813, 0.00521587
-104.634, 0.081736, 0.00260067
-104.605, 0.081736, 0.00260327
-67.778, 0.0395596, 0.0051693
-81.6916, 0.0599144, 0.00348815
-81.6499, 0.0599144, 0.00349164
-63.9136, 0.044137, 0.00466101
-282.762, 0.0226453, 0.00898155
-283.048, 0.0226453, 0.00899054
-64.6718, 0.047252, 0.00455675
-190.205, 0.0226453, 0.00646273
-190.47, 0.0226453, 0.0064692
-74.1204, 0.0467483, 0.0032416
-71.331, 0.0226453, 0.00165562
-71.2949, 0.0226453, 0.00165728
-211.263, 0.0110909, 0.00333169
-64.8534, 0.0201394, 0.0018569
-64.8363, 0.0201394, 0.00185875
-251.587, 0.022668, 0.00806316
-66.798, 0.046647, 0.0040394
-66.7729, 0.046647, 0.00404345
-180.213, 0.022668, 0.00622556
-75.5458, 0.046671, 0.0031205
-75.5062, 0.046671, 0.00312362
-96.7067, 0.022668, 0.00409119
-92.7512, 0.0463677, 0.00203685
-92.7122, 0.0463677, 0.00203889
-115.854, 0.022668, 0.000415386
-69.8688, 0.0111166, 0.000838724
-69.8353, 0.0111166, 0.000839563
-126.039, 0.000646221, 0.0139408
-161.456, 0.00611976, 0.00151229
-161.701, 0.00611976, 0.0015138
-64.2952, 0.00992659, 0.000938878
-83.5979, 0.0226453, 0.00122226
-83.5557, 0.0226453, 0.00122348
-134.917, 0.0111078, 0.00246342
-65.3184, 0.0175363, 0.00157132
-65.2987, 0.0175363, 0.00157289
-125.86, 0.022668, 3.61782e-05
-123.988, 0.0111262, 7.31125e-05
-123.985, 0.0111262, 7.31856e-05
-498.097, 0.000649006, 0.00121947
-123.818, 0.0108677, 7.48333e-05
-123.814, 0.0108677, 7.49082e-05
-123.62, 0.0106061, 7.67367e-05
-65.1744, 0.002621, 0.000305905
-65.1984, 0.002621, 0.000306211
-121.387, 0.00860571, 9.43765e-05
-65.3861, 0.0030216, 0.000265727
-65.3657, 0.0030216, 0.000265993
-65.1505, 0.00262363, 0.000305905
-104.812, 0.0226453, 0.00432372
-104.964, 0.0226453, 0.00432804
-90.619, 0.0464511, 0.00215438
-91.2822, 0.0226453, 0.00391794
-91.4049, 0.0226453, 0.00392186
-94.452, 0.0463922, 0.00194965
-63.8978, 0.0296042, 0.00301751
-63.8933, 0.0296042, 0.00302053
-173.536, 0.022668, 0.00606361
-76.6028, 0.0465978, 0.00303434
-76.5623, 0.0465978, 0.00303738
-138.177, 0.022668, 0.00520161
-82.962, 0.0465166, 0.00259827
-82.9202, 0.0465166, 0.00260087
-73.1645, 0.022668, 0.0032289
-101.221, 0.0462442, 0.00160316
-101.188, 0.0462442, 0.00160477
-64.0143, 0.0271553, 0.00270478
-64.5593, 0.0226453, 0.00260067
-64.5761, 0.0226453, 0.00260327
-107.547, 0.0460145, 0.00128346
-63.9054, 0.0241809, 0.00243592
-63.8996, 0.0241809, 0.00243836
