-40.6372, 875.388, 0.0220307
-40.617, 559.382, 0.0538958
-40.617, 559.382, 0.0539497
-1538.39, 93.7372, 1.93047
-40.4669, 346.466, 0.140635
-40.4667, 346.466, 0.140775
-58.8087, 190.448, 0.466962
-40.4565, 298.695, 0.189275
-40.4568, 298.695, 0.189464
-40.445, 327.752, 0.157486
-40.6394, 874.513, 0.00698604
-40.6394, 874.513, 0.00699303
-40.6373, 558.975, 0.0170759
-138.983, 92.8378, 0.60952
-139.282, 92.8378, 0.61013
-40.6061, 324.492, 0.050464
-41.12, 158.501, 0.209953
-41.124, 158.501, 0.210163
-40.537, 252.83, 0.0829694
-40.4372, 196.029, 0.13748
-40.4372, 196.029, 0.137617
-40.4399, 202.534, 0.129078
-40.4372, 196.029, 0.13748
-40.4372, 196.029, 0.137617
-40.6386, 875.388, 0.014071
-40.6302, 559.056, 0.0344133
-40.6302, 559.056, 0.0344477
-644.467, 93.4644, 1.2312
-40.5358, 334.549, 0.0960426
-40.5356, 334.549, 0.0961386
-48.3306, 172.495, 0.361717
-40.4515, 278.947, 0.138118
-40.4513, 278.947, 0.138256
-40.4486, 251.968, 0.169598
-40.6382, 874.513, 0.0167114
-40.6382, 874.513, 0.0167281
-40.6265, 559.754, 0.0408758
-923.243, 93.4865, 1.46313
-925.155, 93.4865, 1.46459
-40.5044, 335.051, 0.114102
-56.3301, 172.459, 0.429875
-56.3925, 172.459, 0.430306
-40.4386, 281.508, 0.161641
-40.4386, 282.604, 0.160069
-40.4386, 282.604, 0.160229
-40.4386, 281.508, 0.161641
-40.6396, 874.513, 0.00240402
-40.6396, 874.513, 0.00240643
-40.6394, 559.261, 0.00587761
-42.9331, 93.0755, 0.210016
-42.9449, 93.0755, 0.210226
-40.6349, 316.612, 0.0182903
-40.4887, 148.727, 0.0824321
-40.4885, 148.727, 0.0825146
-40.4723, 119.161, 0.128535
-40.4571, 139.315, 0.0939177
-40.4569, 139.315, 0.0940117
-40.5929, 875.388, 0.0985874
-40.4452, 559.852, 0.241285
-40.4454, 559.852, 0.241527
-40.5377, 733.876, 0.140443
-40.4415, 582.248, 0.223021
-40.4414, 582.248, 0.223244
-40.5971, 875.388, 0.0937564
-40.4411, 559.849, 0.229461
-40.4412, 559.849, 0.229691
-40.6139, 875.388, 0.0720659
-40.4696, 559.81, 0.176369
-40.4694, 559.81, 0.176546
-5521.48, 94.0962, 6.32694
-40.4695, 559.766, 0.176397
-40.4694, 559.766, 0.176573
-40.469, 559.511, 0.176913
-233.992, 229.222, 1.05798
-234.411, 229.222, 1.05904
-40.4738, 473.842, 0.246928
-40.441, 512.749, 0.210348
-40.4409, 512.749, 0.210559
-40.6064, 875.388, 0.0823374
-40.4483, 559.833, 0.201511
-40.4482, 559.833, 0.201713
-5806.73, 94.1156, 7.22946
-40.4483, 559.811, 0.201527
-40.4481, 559.811, 0.201728
-40.4482, 560.196, 0.201653
-302.324, 229.386, 1.20741
-302.955, 229.386, 1.20862
-40.6892, 459.727, 0.299817
-40.4408, 538.124, 0.218155
-40.4408, 538.124, 0.218373
-40.6308, 875.388, 0.0416853
-40.5652, 559.668, 0.102005
-40.5651, 559.668, 0.102107
-3695.85, 93.977, 3.6574
-40.4408, 413.496, 0.187152
-40.4408, 413.496, 0.187339
-40.4406, 402.828, 0.197617
-40.6321, 874.513, 0.0384714
-40.6321, 874.513, 0.0385099
-40.5751, 560.201, 0.0941381
-3392.7, 93.8602, 3.37501
-3396.43, 93.8602, 3.37838
-40.4398, 394.986, 0.189672
-40.6394, 874.513, 0.00665157
-40.6394, 874.513, 0.00665823
-40.6375, 558.941, 0.0162578
-125.394, 92.8099, 0.58025
-125.65, 92.8099, 0.580831
-40.6092, 324.679, 0.0479771
-40.93, 158.767, 0.199121
-40.9331, 158.767, 0.199321
-40.5392, 249.209, 0.0812667
-40.437, 193.877, 0.133741
-40.437, 193.877, 0.133875
-40.4369, 193.186, 0.134964
-40.6394, 874.513, 0.00750082
-40.6394, 874.513, 0.00750832
-40.637, 559.037, 0.0183351
-162.725, 92.8895, 0.654616
-163.097, 92.8895, 0.655271
-40.6012, 324.461, 0.0542263
-41.4715, 158.419, 0.225894
-41.4772, 158.419, 0.22612
-40.5306, 256.357, 0.0867238
-40.4396, 198.681, 0.143842
-40.4397, 198.681, 0.143986
-40.4537, 217.728, 0.120091
-40.4396, 198.681, 0.143842
-40.4397, 198.681, 0.143986
-40.6388, 875.388, 0.012966
-40.6316, 558.984, 0.0317087
-40.6316, 558.984, 0.0317405
-546.55, 93.4041, 1.13415
-40.5515, 336.712, 0.0873072
-40.5514, 336.712, 0.0873946
-44.9671, 175.717, 0.320835
-40.4672, 280.007, 0.126207
-40.467, 280.007, 0.126333
-40.5477, 226.743, 0.192774
-40.4396, 258.563, 0.147986
-40.4395, 258.563, 0.148135
-40.6139, 875.388, 0.0719708
-40.4698, 559.809, 0.176136
-40.4696, 559.809, 0.176313
-5518.33, 94.0959, 6.31858
-40.4698, 559.766, 0.176164
-40.4696, 559.766, 0.17634
-40.4692, 559.495, 0.176689
-233.455, 229.218, 1.05661
-233.872, 229.218, 1.05767
-40.4727, 474.066, 0.246369
-40.441, 512.36, 0.21039
-40.4409, 512.36, 0.210601
-40.6312, 254.709, 0.0220307
-40.5683, 163.063, 0.0539454
-40.5681, 163.063, 0.0539994
-2214.63, 27.5276, 1.93938
-40.5036, 139.315, 0.0740498
-40.5034, 139.315, 0.0741239
-40.4697, 130.295, 0.0848988
-87.6734, 59.8292, 0.405772
-87.8276, 59.8292, 0.406178
-40.4904, 106.943, 0.126336
-40.4352, 118.378, 0.102769
-40.4352, 118.378, 0.102872
-40.4342, 116.524, 0.1063
-40.6388, 254.454, 0.00698604
-40.6388, 254.454, 0.00699303
-40.6317, 163.102, 0.0171
-349.778, 27.3965, 0.613834
-350.528, 27.3965, 0.614448
-40.5465, 96.9181, 0.0486376
-45.9771, 49.2084, 0.189348
-46.0003, 49.2084, 0.189538
-40.4576, 80.2922, 0.0709759
-40.5671, 64.6041, 0.109608
-40.5683, 64.6041, 0.109718
-40.4322, 74.5331, 0.0824187
-40.4309, 73.0968, 0.0855313
-40.4309, 73.0968, 0.0856169
-40.6362, 254.709, 0.014071
-40.6085, 163.025, 0.034451
-40.6084, 163.025, 0.0344855
-1279.61, 27.4956, 1.23797
-40.4498, 104.254, 0.0846635
-40.4497, 104.254, 0.0847482
-51.6232, 60.9603, 0.249614
-40.4468, 103.47, 0.0859589
-40.4467, 103.47, 0.0860449
-40.4338, 98.694, 0.0947197
-41.2068, 77.488, 0.153764
-41.2112, 77.488, 0.153918
-40.4338, 96.1564, 0.0998141
-40.6348, 254.454, 0.0167114
-40.6347, 254.454, 0.0167281
-40.5966, 163.203, 0.0409174
-1625.73, 27.4808, 1.4706
-1627.83, 27.4808, 1.47207
-40.4426, 109.586, 0.0911751
-45.88, 70.5532, 0.22066
-45.9032, 70.5532, 0.220881
-40.4449, 99.8912, 0.109852
-40.4425, 109.477, 0.0911751
-40.4424, 109.477, 0.0912663
-40.6396, 254.709, 0.00240402
-40.6387, 162.686, 0.00587984
-40.6387, 162.686, 0.00588572
-54.7932, 27.2115, 0.210413
-40.6249, 93.466, 0.0178094
-40.6248, 93.466, 0.0178272
-40.4408, 44.9793, 0.077029
-40.6185, 86.836, 0.0206321
-40.6185, 86.836, 0.0206527
-40.4472, 51.0265, 0.0598567
-40.4409, 44.9343, 0.077029
-40.4412, 44.9343, 0.0771061
-40.5063, 254.709, 0.0985874
-41.8077, 162.956, 0.241328
-41.8149, 162.956, 0.241569
-40.4475, 224.447, 0.127106
-40.5158, 254.454, 0.0937564
-40.5156, 254.454, 0.0938502
-41.4834, 163.17, 0.229538
-40.4522, 222.648, 0.12263
-40.452, 222.648, 0.122752
-40.5592, 254.709, 0.0720659
-40.6322, 163.116, 0.176493
-40.6338, 163.116, 0.17667
-40.4629, 205.869, 0.110653
-40.4373, 186.079, 0.135364
-40.4373, 186.079, 0.135499
-40.5389, 254.709, 0.0823374
-40.9295, 163.082, 0.201628
-40.9326, 163.082, 0.20183
-40.4633, 217.204, 0.113465
-40.4408, 193.061, 0.143552
-40.4409, 193.061, 0.143695
-40.6103, 254.709, 0.0416853
-40.4564, 163.113, 0.102088
-40.4563, 163.113, 0.102191
-3145.19, 27.5702, 3.67241
-40.4564, 163.103, 0.102102
-40.4562, 163.103, 0.102204
-40.4561, 163.124, 0.10228
-179.934, 66.9953, 0.612875
-180.302, 66.9953, 0.613488
-40.6035, 132.011, 0.156646
-40.4366, 152.952, 0.11621
-40.4365, 152.952, 0.116326
-40.6145, 254.709, 0.0384714
-40.4713, 163.107, 0.0942158
-40.4711, 163.107, 0.0943101
-3097.78, 27.5652, 3.38896
-40.4712, 163.094, 0.0942315
-40.471, 163.094, 0.0943258
-40.4704, 162.945, 0.0945952
-154.334, 66.9524, 0.566198
-154.618, 66.9524, 0.566764
-40.4971, 133.473, 0.141377
-40.4366, 148.323, 0.114086
-40.4366, 148.323, 0.1142
-40.4355, 145.877, 0.11821
-40.6389, 254.454, 0.00665157
-40.6389, 254.454, 0.00665823
-40.6324, 163.095, 0.0162809
-315.015, 27.3898, 0.584374
-315.683, 27.3898, 0.584959
-40.554, 96.9103, 0.0463043
-44.9338, 49.2035, 0.180238
-44.9531, 49.2035, 0.180418
-40.4655, 80.0327, 0.067997
-40.5298, 64.245, 0.105496
-40.5308, 64.245, 0.105601
-40.4324, 73.208, 0.0813236
-40.6387, 254.454, 0.00750082
-40.6387, 254.454, 0.00750832
-40.6305, 163.114, 0.0183606
-407.259, 27.4059, 0.659177
-408.082, 27.4059, 0.659837
-40.5388, 97.8324, 0.051265
-46.1735, 50.5046, 0.193079
-46.1974, 50.5046, 0.193272
-40.4519, 81.5787, 0.0738439
-40.5801, 66.2229, 0.112037
-40.5813, 66.2229, 0.112149
-40.432, 76.4959, 0.0840299
-40.4311, 75.2932, 0.0865736
-40.4311, 75.2932, 0.0866602
-40.6367, 254.709, 0.012966
-40.613, 163.017, 0.0317448
-40.613, 163.017, 0.0317766
-1128.12, 27.489, 1.14061
-40.4573, 102.67, 0.0804352
-40.4571, 102.67, 0.0805157
-51.9733, 58.2451, 0.251985
-40.4459, 99.9079, 0.084969
-40.4457, 99.9079, 0.085054
-40.4329, 93.7734, 0.0967108
-40.5593, 254.454, 0.0719708
-40.5592, 254.454, 0.0720428
-40.6295, 163.279, 0.17626
-40.4627, 205.49, 0.110695
-40.4625, 205.49, 0.110806
-40.4372, 186.186, 0.135302
-40.6365, 698.893, 0.0220307
-40.6365, 698.893, 0.0220527
-40.6116, 447.637, 0.0539044
-1728.05, 74.9579, 1.93201
-1730.82, 74.9579, 1.93395
-40.4515, 279.77, 0.138253
-61.8531, 156.16, 0.443874
-61.9346, 156.16, 0.444319
-40.4816, 243.473, 0.182646
-40.4386, 265.094, 0.153708
-40.4385, 265.094, 0.153862
-40.6393, 699.592, 0.00698604
-40.6367, 446.478, 0.0170798
-40.6367, 446.478, 0.0170969
-168.434, 74.4381, 0.610219
-40.6028, 266.008, 0.0479927
-40.6027, 266.008, 0.0480407
-40.8929, 136.147, 0.182963
-40.5263, 206.239, 0.0797389
-40.5261, 206.239, 0.0798186
-40.4362, 164.653, 0.125214
-40.4364, 166.048, 0.122879
-40.4364, 166.048, 0.123001
-40.4362, 164.653, 0.125214
-40.6384, 698.893, 0.014071
-40.6384, 698.893, 0.0140851
-40.6279, 447.421, 0.0344205
-761.034, 74.7771, 1.23249
-762.516, 74.7771, 1.23373
-40.52, 270.215, 0.0944268
-49.8838, 141.361, 0.344609
-49.9226, 141.361, 0.344954
-40.4423, 227.244, 0.133543
-40.4387, 216.109, 0.147373
-40.4388, 216.109, 0.147521
-40.6379, 699.592, 0.0167114
-40.6232, 447.067, 0.0408836
-40.6232, 447.067, 0.0409245
-1066.68, 74.9302, 1.46453
-40.4867, 270.156, 0.112095
-40.4865, 270.156, 0.112207
-58.9099, 141.74, 0.408663
-40.4418, 228.967, 0.156114
-40.442, 228.967, 0.15627
-40.4435, 244.466, 0.137199
-40.4418, 228.967, 0.156114
-40.442, 228.967, 0.15627
-40.6396, 699.592, 0.00240402
-40.6393, 446.282, 0.00587615
-40.6393, 446.282, 0.00588203
-44.3936, 74.2742, 0.209755
-40.6339, 253.399, 0.0181499
-40.6338, 253.399, 0.0181681
-40.4708, 119.79, 0.0809256
-40.5179, 96.2199, 0.124977
-40.5187, 96.2199, 0.125102
-40.4353, 108.928, 0.0978018
-40.5822, 698.893, 0.0985874
-40.5821, 698.893, 0.098686
-40.4756, 447.944, 0.241305
-40.557, 644.105, 0.116146
-40.5569, 644.105, 0.116262
-40.4437, 494.984, 0.197467
-40.5873, 698.893, 0.0937564
-40.5872, 698.893, 0.0938502
-40.4568, 447.945, 0.229481
-40.5536, 625.347, 0.117207
-40.5534, 625.347, 0.117325
-40.4425, 482.428, 0.197733
-40.6077, 698.893, 0.0720659
-40.6076, 698.893, 0.072138
-40.4509, 447.924, 0.176386
-5279.86, 75.1986, 6.33004
-5281.53, 75.1986, 6.33638
-40.4509, 447.903, 0.176403
-40.4506, 447.256, 0.176561
-40.4505, 447.256, 0.176737
-266.738, 183.577, 1.05718
-40.7164, 361.457, 0.270762
-40.7184, 361.457, 0.271033
-40.4402, 427.316, 0.193879
-40.5985, 698.893, 0.0823374
-40.5984, 698.893, 0.0824198
-40.4402, 447.939, 0.20153
-40.6286, 698.893, 0.0416853
-40.6286, 698.893, 0.041727
-40.5494, 447.825, 0.102016
-3822.45, 75.1154, 3.65949
-3825.88, 75.1154, 3.66315
-40.4653, 372.96, 0.147252
-40.4393, 340.525, 0.176386
-40.4393, 340.525, 0.176562
-40.6302, 699.592, 0.0384714
-40.561, 447.359, 0.0941492
-40.5608, 447.359, 0.0942434
-3546.71, 75.1751, 3.377
-40.444, 341.025, 0.162282
-40.4439, 341.025, 0.162444
-40.4447, 319.539, 0.185282
-40.444, 341.025, 0.162282
-40.4439, 341.025, 0.162444
-40.6394, 699.592, 0.00665157
-40.637, 446.445, 0.0162614
-40.637, 446.445, 0.0162777
-152.443, 74.4104, 0.580894
-40.6014, 258.723, 0.0482776
-40.6013, 258.723, 0.0483259
-41.4513, 126.248, 0.202374
-40.5306, 204.133, 0.0774529
-40.5304, 204.133, 0.0775303
-40.4382, 158.385, 0.128738
-40.4518, 172.726, 0.108082
-40.4516, 172.726, 0.10819
-40.4382, 158.385, 0.128738
-40.6393, 698.893, 0.00750082
-40.6393, 698.893, 0.00750832
-40.6363, 446.98, 0.0183394
-192.916, 74.4094, 0.655385
-193.301, 74.4094, 0.656041
-40.5959, 264.08, 0.0524217
-41.4176, 132.887, 0.206
-41.423, 132.887, 0.206206
-40.5219, 210.397, 0.082505
-40.4394, 165.641, 0.132712
-40.4395, 165.641, 0.132844
-40.4514, 181.303, 0.111037
-40.4394, 165.641, 0.132712
-40.4395, 165.641, 0.132844
-40.6386, 699.592, 0.012966
-40.6297, 446.924, 0.0317157
-40.6296, 446.924, 0.0317474
-641.22, 74.8098, 1.13539
-40.5275, 265.623, 0.0898133
-40.5274, 265.623, 0.0899032
-51.0041, 135.266, 0.347161
-40.4443, 221.312, 0.129392
-40.4442, 221.312, 0.129521
-40.44, 207.702, 0.147205
-40.6078, 698.893, 0.0719708
-40.6077, 698.893, 0.0720428
-40.4511, 447.924, 0.176154
-5277.63, 75.1985, 6.32169
-5279.32, 75.1985, 6.32801
-40.451, 447.903, 0.17617
-40.4508, 447.254, 0.17633
-40.4507, 447.254, 0.176506
-265.963, 183.576, 1.05579
-40.7134, 361.485, 0.270363
-40.7154, 361.485, 0.270633
-40.4402, 427.172, 0.193754
-40.6351, 478.295, 0.0220307
-40.6351, 478.295, 0.0220527
-40.5995, 306.505, 0.0539183
-2012.87, 51.4314, 1.93451
-2015.65, 51.4314, 1.93645
-40.44, 199.375, 0.127803
-53.9932, 120.46, 0.350605
-54.0466, 120.46, 0.350956
-40.487, 178.607, 0.159372
-40.437, 194.562, 0.133959
-40.437, 194.562, 0.134093
-40.6392, 478.774, 0.00698604
-40.6354, 305.821, 0.0170873
-40.6354, 305.821, 0.0171044
-223.274, 51.1663, 0.611558
-40.5819, 178.507, 0.0501505
-40.5818, 178.507, 0.0502007
-43.0116, 88.12, 0.206195
-40.5003, 144.401, 0.076637
-40.5001, 144.401, 0.0767137
-40.4678, 113.421, 0.124466
-40.4635, 134.054, 0.088923
-40.4634, 134.054, 0.089012
-40.4345, 121.899, 0.107755
-40.6378, 478.295, 0.014071
-40.6378, 478.295, 0.0140851
-40.6227, 306.4, 0.0344318
-970.553, 51.3435, 1.23452
-972.311, 51.3435, 1.23576
-40.4893, 187.458, 0.0922091
-53.7504, 100.424, 0.321638
-53.8025, 100.424, 0.32196
-40.4369, 159.885, 0.126854
-40.438, 165.235, 0.118516
-40.4379, 165.235, 0.118634
-40.4369, 159.885, 0.126854
-40.637, 478.295, 0.0167114
-40.637, 478.295, 0.0167281
-40.6159, 306.445, 0.0408958
-1317.12, 51.3816, 1.46671
-1319.32, 51.3816, 1.46818
-40.463, 190.302, 0.106337
-57.667, 104.884, 0.350565
-57.7329, 104.884, 0.350915
-40.4539, 164.623, 0.142216
-40.4419, 179.93, 0.11875
-40.4417, 179.93, 0.118869
-40.6396, 478.774, 0.00240402
-40.6391, 305.402, 0.005876
-40.6391, 305.402, 0.00588188
-47.9837, 50.8172, 0.209728
-40.6332, 182.743, 0.0163465
-40.6331, 182.743, 0.0163628
-40.5034, 94.3635, 0.0611147
-40.4693, 88.078, 0.0699717
-40.4691, 88.078, 0.0700417
-40.4575, 86.011, 0.073508
-40.7555, 66.0463, 0.124164
-40.7577, 66.0463, 0.124288
-40.4329, 79.9682, 0.0849892
-40.5592, 478.295, 0.0985874
-40.5591, 478.295, 0.098686
-40.6518, 306.641, 0.241338
-40.467, 389.314, 0.14909
-40.4668, 389.314, 0.149239
-40.44, 350.97, 0.183992
-40.566, 478.295, 0.0937564
-40.5658, 478.295, 0.0938502
-40.5811, 306.651, 0.229516
-40.4593, 375.116, 0.15278
-40.4591, 375.116, 0.152933
-40.4396, 345.103, 0.181016
-40.594, 478.295, 0.0720659
-40.5939, 478.295, 0.072138
-40.441, 306.662, 0.176421
-40.5214, 384.585, 0.111701
-40.5213, 384.585, 0.111813
-40.4392, 314.81, 0.167364
-40.5813, 478.295, 0.0823374
-40.5812, 478.295, 0.0824198
-40.4761, 306.663, 0.201566
-40.5561, 441.265, 0.0968123
-40.556, 441.265, 0.0969092
-40.4425, 339.339, 0.164455
-40.6237, 478.295, 0.0416853
-40.6236, 478.295, 0.041727
-40.5173, 306.605, 0.102038
-3823.65, 51.5157, 3.66337
-3826.04, 51.5157, 3.66704
-40.5172, 306.543, 0.102079
-40.517, 306.174, 0.102121
-40.5168, 306.174, 0.102224
-114.803, 125.715, 0.611644
-40.4381, 250.085, 0.153335
-40.4381, 250.085, 0.153488
-40.626, 478.774, 0.0384714
-40.5317, 306.288, 0.0941694
-40.5315, 306.288, 0.0942636
-3619.8, 51.5581, 3.38063
-40.5315, 306.189, 0.0942305
-40.5313, 306.189, 0.0943248
-40.5314, 306.356, 0.0943162
-101.755, 125.553, 0.564666
-101.897, 125.553, 0.565231
-40.4479, 255.783, 0.135506
-40.4433, 235.424, 0.159748
-40.4435, 235.424, 0.159908
-40.4386, 245.991, 0.146557
-40.6392, 478.295, 0.00665157
-40.6392, 478.295, 0.00665823
-40.6358, 306.103, 0.0162686
-199.362, 51.0957, 0.582168
-199.821, 51.0957, 0.582751
-40.5868, 178.578, 0.0477867
-42.5059, 87.9059, 0.196744
-42.5159, 87.9059, 0.196941
-40.5077, 143.826, 0.0736613
-40.4553, 112.508, 0.120124
-40.4556, 112.508, 0.120244
-40.4632, 131.439, 0.0881963
-40.4343, 119.415, 0.106633
-40.4343, 119.415, 0.10674
-40.6391, 478.774, 0.00750082
-40.6347, 305.855, 0.0183474
-40.6347, 305.855, 0.0183658
-258.375, 51.1952, 0.656807
-40.5778, 180.955, 0.0524313
-40.5777, 180.955, 0.0524837
-42.7992, 91.4223, 0.2059
-40.496, 147.321, 0.0791131
-40.4958, 147.321, 0.0791922
-40.4659, 116.994, 0.125711
-40.46, 136.904, 0.0916147
-40.4598, 136.904, 0.0917064
-40.4346, 125.441, 0.109346
-40.6381, 478.295, 0.012966
-40.6381, 478.295, 0.012979
-40.6252, 306.375, 0.0317266
-828.405, 51.3231, 1.13735
-830.029, 51.3231, 1.13849
-40.4991, 184.987, 0.0872221
-54.2876, 96.6977, 0.319493
-54.3416, 96.6977, 0.319813
-40.4359, 156.394, 0.122122
-40.436, 157.124, 0.120744
-40.4359, 157.124, 0.120865
-40.4359, 156.394, 0.122122
-40.5941, 478.295, 0.0719708
-40.594, 478.295, 0.0720428
-40.4409, 306.662, 0.176188
-40.5202, 383.369, 0.112266
-40.52, 383.369, 0.112378
-40.4391, 314.555, 0.167415
-40.6336, 356.88, 0.0220307
-40.6336, 356.88, 0.0220527
-40.587, 228.796, 0.0539298
-2162.4, 38.4574, 1.93657
-2164.96, 38.4574, 1.9385
-40.4404, 158.542, 0.112695
-43.7757, 108.709, 0.240048
-43.791, 108.709, 0.240288
-40.4445, 147.493, 0.130299
-40.4403, 158.384, 0.112695
-40.4402, 158.384, 0.112808
-40.639, 357.238, 0.00698604
-40.634, 228.345, 0.0170931
-40.6339, 228.345, 0.0171102
-277.241, 38.3091, 0.612609
-40.5699, 135.548, 0.048604
-40.5697, 135.548, 0.0486526
-43.3291, 68.8643, 0.189165
-40.4852, 111.008, 0.0725222
-40.485, 111.008, 0.0725948
-40.48, 88.6635, 0.114006
-40.456, 104.541, 0.0817905
-40.4558, 104.541, 0.0818723
-40.4329, 96.1786, 0.0968565
-40.6372, 356.88, 0.014071
-40.6372, 356.88, 0.0140851
-40.6171, 228.734, 0.0344404
-1128.93, 38.4052, 1.23605
-1130.84, 38.4052, 1.23729
-40.4671, 141.924, 0.0897864
-55.5536, 78.0763, 0.297446
-55.6114, 78.0763, 0.297744
-40.445, 122.656, 0.120345
-40.4399, 132.439, 0.102956
-40.4398, 132.439, 0.103059
-40.6362, 357.238, 0.0167114
-40.6083, 228.532, 0.0409052
-40.6082, 228.532, 0.0409461
-1488.4, 38.4658, 1.46841
-40.4477, 145.248, 0.101647
-40.4475, 145.248, 0.101749
-55.4586, 83.9227, 0.306487
-40.4666, 127.933, 0.131162
-40.4671, 127.933, 0.131293
-40.4353, 137.997, 0.112884
-40.6396, 356.88, 0.00240402
-40.6396, 356.88, 0.00240643
-40.639, 228.198, 0.00587721
-49.5706, 37.9575, 0.209944
-49.6015, 37.9575, 0.210154
-40.6293, 131.723, 0.0175865
-40.433, 63.7771, 0.0745748
-40.4329, 63.7771, 0.0746494
-40.643, 53.4255, 0.106383
-40.433, 63.7771, 0.0745748
-40.4329, 63.7771, 0.0746494
-40.5369, 357.238, 0.0985874
-40.9932, 228.604, 0.241355
-40.9967, 228.604, 0.241597
-40.4636, 306.047, 0.134536
-40.4434, 271.701, 0.170562
-40.4435, 271.701, 0.170733
-40.5451, 357.238, 0.0937564
-40.8418, 228.626, 0.22954
-40.8445, 228.626, 0.229769
-40.4666, 301.939, 0.131479
-40.4409, 268.484, 0.166161
-40.441, 268.484, 0.166327
-40.58, 357.238, 0.0720659
-40.4791, 228.669, 0.176452
-40.4796, 228.669, 0.176629
-40.5554, 330.506, 0.0842718
-40.4414, 253.857, 0.142998
-40.4413, 253.857, 0.143141
-40.5639, 357.238, 0.0823374
-40.5942, 228.658, 0.201597
-40.5955, 228.658, 0.201799
-40.4605, 282.898, 0.131648
-40.4386, 258.35, 0.157701
-40.4386, 258.35, 0.157859
-40.6184, 357.238, 0.0416853
-40.4888, 228.636, 0.102058
-40.4886, 228.636, 0.102161
-3615.3, 38.554, 3.66702
-40.4888, 228.612, 0.10208
-40.4886, 228.612, 0.102182
-40.4888, 228.816, 0.102102
-138.898, 93.8305, 0.611891
-139.197, 93.8305, 0.612504
-40.4947, 181.543, 0.162611
-40.4387, 201.912, 0.13104
-40.4386, 201.912, 0.131171
-40.4371, 197.518, 0.137244
-40.6215, 356.88, 0.0384714
-40.6214, 356.88, 0.0385099
-40.5048, 228.857, 0.0941882
-3479.27, 38.5088, 3.384
-3480.99, 38.5088, 3.38739
-40.5047, 228.826, 0.0942139
-40.5046, 228.566, 0.0942397
-40.5044, 228.566, 0.094334
-117.731, 93.9118, 0.564719
-40.4552, 181.714, 0.149469
-40.4555, 181.714, 0.149619
-40.4611, 209.287, 0.112735
-40.4369, 192.051, 0.133731
-40.4369, 192.051, 0.133865
-40.6391, 357.238, 0.00665157
-40.6345, 228.329, 0.0162742
-40.6345, 228.329, 0.0162905
-247.809, 38.2959, 0.583178
-40.5724, 134.013, 0.0473269
-40.5723, 134.013, 0.0473743
-43.6972, 66.7611, 0.191534
-40.487, 109.225, 0.0712947
-40.4868, 109.225, 0.071366
-40.487, 86.4722, 0.114067
-40.4342, 95.9342, 0.0924582
-40.4342, 95.9342, 0.0925507
-40.6389, 357.238, 0.00750082
-40.6331, 228.366, 0.0183535
-40.6331, 228.366, 0.0183718
-321.793, 38.3263, 0.657896
-40.5602, 135.414, 0.0523138
-40.56, 135.414, 0.0523661
-44.5632, 68.6623, 0.204473
-40.4729, 111.468, 0.0772698
-40.4727, 111.468, 0.0773471
-40.5191, 89.235, 0.120925
-40.4349, 100.99, 0.094175
-40.4349, 100.99, 0.0942693
-40.6375, 357.238, 0.012966
-40.6204, 228.491, 0.0317348
-40.6204, 228.491, 0.0317665
-977.31, 38.432, 1.13881
-40.4773, 140.12, 0.0846912
-40.4771, 140.12, 0.0847759
-55.6015, 75.5261, 0.293419
-40.4393, 120.05, 0.115506
-40.4395, 120.05, 0.115622
-40.4394, 128.08, 0.101633
-40.4393, 120.05, 0.115506
-40.4395, 120.05, 0.115622
-40.5801, 357.238, 0.0719708
-40.4784, 228.669, 0.176219
-40.4789, 228.669, 0.176396
-40.5553, 330.321, 0.0842553
-40.4413, 253.705, 0.142982
-40.4413, 253.705, 0.143125
-40.6357, 543.188, 0.0220307
-40.6039, 347.334, 0.0539137
-40.6039, 347.334, 0.0539676
-1925.88, 58.359, 1.93368
-40.4425, 222.411, 0.13183
-40.4424, 222.411, 0.131962
-57.4001, 130.477, 0.385022
-40.4912, 197.05, 0.168067
-40.4918, 197.05, 0.168235
-40.4375, 215.851, 0.14027
-40.6393, 542.645, 0.00698604
-40.6392, 542.645, 0.00699303
-40.6359, 347.21, 0.0170847
-199.751, 57.9066, 0.611107
-200.202, 57.9066, 0.611718
-40.5885, 202.89, 0.0499883
-42.3019, 100.157, 0.204467
-42.3111, 100.157, 0.204672
-40.5107, 163.212, 0.0772185
-40.4518, 127.708, 0.125816
-40.4521, 127.708, 0.125942
-40.463, 148.103, 0.0937615
-40.4351, 134.819, 0.112904
-40.4351, 134.819, 0.113017
-40.638, 543.188, 0.014071
-40.6246, 347.201, 0.0344282
-40.6246, 347.201, 0.0344626
-897.319, 58.2471, 1.23386
-40.4972, 210.441, 0.0938903
-40.497, 210.441, 0.0939842
-54.1375, 111.013, 0.338867
-40.4367, 178.289, 0.130887
-40.4367, 178.289, 0.131018
-40.437, 180.881, 0.127411
-40.4367, 178.289, 0.130887
-40.4367, 178.289, 0.131018
-40.6373, 543.188, 0.0167114
-40.6186, 347.259, 0.0408918
-40.6186, 347.259, 0.0409327
-1233.77, 58.296, 1.466
-40.4706, 213.685, 0.108236
-40.4704, 213.685, 0.108345
-58.1474, 115.967, 0.36928
-40.4489, 183.555, 0.146789
-40.4492, 183.555, 0.146936
-40.4431, 199.874, 0.123998
-40.6396, 542.645, 0.00240402
-40.6396, 542.645, 0.00240643
-40.6392, 346.826, 0.0058759
-46.8257, 57.587, 0.20971
-46.8522, 57.587, 0.20992
-40.6324, 197.617, 0.0180185
-40.4513, 93.7221, 0.0794799
-40.4512, 93.7221, 0.0795595
-40.6036, 75.871, 0.121319
-40.433, 88.1023, 0.0898988
-40.433, 88.1023, 0.0899888
-40.5677, 543.188, 0.0985874
-40.5695, 347.518, 0.241328
-40.5707, 347.518, 0.241569
-40.4571, 421.38, 0.16419
-40.44, 389.576, 0.19184
-40.44, 389.576, 0.192032
-40.5738, 543.188, 0.0937564
-40.5209, 347.525, 0.229504
-40.5217, 347.525, 0.229734
-40.5552, 513.274, 0.105056
-40.4432, 395.78, 0.176746
-40.4431, 395.78, 0.176923
-40.5991, 543.188, 0.0720659
-40.4394, 347.524, 0.176408
-40.4394, 347.524, 0.176585
-40.5877, 543.188, 0.0823374
-40.4541, 347.53, 0.201554
-40.4544, 347.53, 0.201755
-40.5519, 483.091, 0.104208
-40.4415, 372.727, 0.175113
-40.4414, 372.727, 0.175288
-40.6255, 543.188, 0.0416853
-40.5286, 347.456, 0.10203
-40.5284, 347.456, 0.102133
-3856.44, 58.4611, 3.662
-40.5285, 347.358, 0.102088
-40.5283, 347.358, 0.10219
-40.5284, 347.574, 0.102165
-110.759, 142.404, 0.611661
-110.909, 142.404, 0.612273
-40.4557, 298.155, 0.139007
-40.451, 265.236, 0.175461
-40.4512, 265.236, 0.175636
-40.441, 284.627, 0.15259
-40.6276, 542.645, 0.0384714
-40.6276, 542.645, 0.0385099
-40.5423, 347.791, 0.0941623
-3625.48, 58.392, 3.37935
-3628.44, 58.392, 3.38274
-40.5402, 346.026, 0.0951288
-40.537, 343.116, 0.0965612
-40.5368, 343.116, 0.0966578
-101.674, 141.688, 0.571239
-40.4926, 311.907, 0.116936
-40.4924, 311.907, 0.117053
-40.4648, 294.796, 0.131225
-41.9556, 204.17, 0.27379
-41.9634, 204.17, 0.274064
-40.4385, 270.391, 0.156084
-40.6393, 542.645, 0.00665157
-40.6393, 542.645, 0.00665823
-40.6362, 347.181, 0.0162661
-179.167, 57.882, 0.581725
-179.557, 57.882, 0.582307
-40.5932, 203.035, 0.0475046
-41.8497, 100.371, 0.193694
-41.8569, 100.371, 0.193888
-40.5177, 162.4, 0.0742153
-40.4432, 126.954, 0.121134
-40.4434, 126.954, 0.121255
-40.4589, 143.886, 0.0945169
-40.4432, 126.954, 0.121134
-40.4434, 126.954, 0.121255
-40.6392, 543.188, 0.00750082
-40.6353, 346.902, 0.0183447
-40.6353, 346.902, 0.018363
-235.026, 57.9972, 0.656322
-40.5813, 202.689, 0.053704
-40.5812, 202.689, 0.0537577
-43.0782, 100.233, 0.219872
-40.4998, 164.115, 0.081897
-40.4996, 164.115, 0.0819789
-40.4706, 128.984, 0.132813
-40.4642, 152.686, 0.0946083
-40.464, 152.686, 0.094703
-40.4352, 138.854, 0.114613
-40.6383, 542.645, 0.012966
-40.6383, 542.645, 0.012979
-40.6269, 347.517, 0.0317231
-765.689, 58.1631, 1.13671
-767.268, 58.1631, 1.13785
-40.5077, 208.224, 0.0885075
-54.0196, 107.345, 0.333065
-54.0728, 107.345, 0.333398
-40.4368, 175.013, 0.125355
-40.4364, 172.746, 0.128415
-40.4364, 172.746, 0.128543
-40.5992, 543.188, 0.0719708
-40.4394, 347.524, 0.176176
-40.4394, 347.524, 0.176352
-40.6034, 55.9886, 0.0220307
-40.4349, 36.0728, 0.0541151
-40.4348, 36.0728, 0.0541692
-786.371, 6.247, 1.97007
-40.4349, 36.0694, 0.0541255
-40.4348, 36.0694, 0.0541796
-40.4346, 36.074, 0.0542225
-137.522, 14.9968, 0.326836
-137.789, 14.9968, 0.327163
-40.6834, 29.1648, 0.0838237
-40.4235, 34.3962, 0.0596579
-40.4235, 34.3962, 0.0597176
-40.6358, 55.9886, 0.00698604
-40.6058, 36.0365, 0.0171517
-40.6058, 36.0365, 0.0171689
-502.112, 6.21562, 0.623184
-40.5129, 26.7722, 0.0314767
-40.5127, 26.7722, 0.0315082
-40.4206, 20.8426, 0.0526048
-40.435, 23.0001, 0.0429281
-40.4348, 23.0001, 0.042971
-40.4165, 21.4377, 0.0496645
-40.6244, 55.9327, 0.014071
-40.6243, 55.9327, 0.0140851
-40.5224, 36.0926, 0.0345558
-842.636, 6.2267, 1.2569
-842.826, 6.2267, 1.25816
-40.5223, 36.0847, 0.0345713
-40.5221, 36.0407, 0.0345869
-40.5219, 36.0407, 0.0346215
-65.8798, 14.9955, 0.2085
-40.4209, 28.5475, 0.0557248
-40.4209, 28.5475, 0.0557806
-40.6183, 55.9886, 0.0167114
-40.4883, 36.0627, 0.0410434
-40.4881, 36.0627, 0.0410845
-856.49, 6.23829, 1.49338
-40.4882, 36.0564, 0.0410583
-40.488, 36.0564, 0.0410993
-40.4882, 36.086, 0.0410731
-84.1864, 14.9888, 0.247665
-84.3128, 14.9888, 0.247912
-40.4393, 28.9782, 0.0643579
-40.4419, 32.9275, 0.0494437
-40.4418, 32.9275, 0.0494932
-40.4218, 30.5773, 0.0576558
-40.6392, 55.9327, 0.00240402
-40.6392, 55.9327, 0.00240643
-40.6355, 36.0498, 0.0059004
-93.8775, 6.18989, 0.214118
-94.0227, 6.18989, 0.214332
-40.5869, 21.4678, 0.0169825
-40.83, 10.918, 0.0672976
-40.8324, 10.918, 0.067365
-40.4766, 16.3302, 0.0296678
-40.4124, 13.3936, 0.0443599
-40.4126, 13.3936, 0.0444043
-40.4163, 14.4386, 0.0381353
-40.4124, 13.3936, 0.0443599
-40.4126, 13.3936, 0.0444043
-40.5239, 55.9886, 0.0985874
-40.5661, 83.7123, 0.0394821
-40.5659, 83.7123, 0.0395216
-40.4354, 63.9501, 0.0729097
-40.486, 55.9327, 0.0937564
-40.4866, 55.9327, 0.0938502
-40.5724, 83.5292, 0.0374949
-40.4361, 62.8348, 0.071817
-40.436, 62.8348, 0.0718888
-40.4299, 55.9886, 0.0720659
-45.4678, 33.0776, 0.168764
-45.4847, 33.0776, 0.168933
-40.4306, 53.4016, 0.0778056
-40.4283, 54.7263, 0.0746568
-40.4283, 54.7263, 0.0747315
-40.4359, 55.9886, 0.0823374
-40.5862, 80.9563, 0.0325149
-40.5861, 80.9563, 0.0325474
-40.4331, 59.2157, 0.0715225
-40.5271, 55.9327, 0.0416853
-40.5269, 55.9327, 0.041727
-40.9529, 36.091, 0.102369
-40.4497, 47.9277, 0.0571781
-40.4495, 47.9277, 0.0572353
-40.4301, 42.9813, 0.0715997
-40.5409, 55.9327, 0.0384714
-40.5407, 55.9327, 0.0385099
-40.7417, 36.1036, 0.0944926
-40.4527, 46.7475, 0.0555519
-40.4525, 46.7475, 0.0556075
-40.4271, 42.086, 0.0690278
-40.6362, 55.9327, 0.00665157
-40.6362, 55.9327, 0.00665823
-40.6089, 36.0714, 0.0163303
-472.645, 6.20846, 0.593303
-473.228, 6.20846, 0.593897
-40.5147, 26.3767, 0.0309542
-40.4319, 19.9344, 0.054738
-40.4322, 19.9344, 0.0547927
-40.4546, 23.5108, 0.0391533
-40.4162, 21.032, 0.0490606
-40.4162, 21.032, 0.0491097
-40.6352, 55.9886, 0.00750082
-40.601, 36.0382, 0.018416
-40.6009, 36.0382, 0.0184344
-545.14, 6.21706, 0.66918
-40.5623, 31.0067, 0.0250404
-40.5622, 31.0067, 0.0250655
-40.536, 28.9782, 0.0288119
-47.6678, 13.4089, 0.138854
-47.6945, 13.4089, 0.138993
-40.4313, 23.4598, 0.0443658
-40.4303, 21.0163, 0.0554328
-40.4306, 21.0163, 0.0554883
-40.4187, 22.4894, 0.0483656
-40.6266, 55.9327, 0.012966
-40.6266, 55.9327, 0.012979
-40.5369, 36.0898, 0.0318409
-822.475, 6.22428, 1.15798
-822.765, 6.22428, 1.15913
-40.5368, 36.081, 0.0318568
-40.5366, 36.0361, 0.0318728
-40.5364, 36.0361, 0.0319047
-60.0885, 14.9916, 0.192115
-40.4267, 28.6408, 0.0509919
-40.4266, 28.6408, 0.0510429
-40.424, 26.86, 0.0582677
-40.43, 55.9327, 0.0719708
-40.4299, 55.9327, 0.0720428
-45.4566, 33.1997, 0.16882
-40.4305, 53.3873, 0.0776525
-40.4305, 53.3873, 0.0777302
-40.4283, 54.751, 0.0746437
-40.636, 589.683, 0.0220307
-40.636, 589.683, 0.0220527
-40.6067, 377.777, 0.0539106
-1864.58, 63.3185, 1.93313
-1867.4, 63.3185, 1.93507
-40.4445, 239.411, 0.134552
-60.0813, 137.316, 0.409381
-60.1562, 137.316, 0.40979
-40.4932, 210.606, 0.173992
-40.4379, 230.751, 0.144579
-40.4378, 230.751, 0.144724
-40.6393, 590.273, 0.00698604
-40.6362, 376.856, 0.0170831
-40.6362, 376.856, 0.0171002
-186.716, 62.9273, 0.610807
-40.5929, 220.84, 0.0496713
-40.5928, 220.84, 0.049721
-41.8193, 109.776, 0.201024
-40.5176, 176.764, 0.0774814
-40.5174, 176.764, 0.077559
-40.4434, 138.66, 0.126082
-40.4587, 156.581, 0.0987094
-40.4585, 156.581, 0.0988081
-40.4434, 138.66, 0.126082
-40.6381, 589.683, 0.014071
-40.6381, 589.683, 0.0140851
-40.6258, 377.62, 0.0344257
-853.117, 63.1873, 1.23342
-854.845, 63.1873, 1.23465
-40.5011, 226.828, 0.0955524
-55.5159, 117.47, 0.356233
-55.5746, 117.47, 0.35659
-40.4369, 191.14, 0.134631
-40.4371, 192.559, 0.132386
-40.437, 192.559, 0.132519
-40.4369, 191.14, 0.134631
-40.6375, 589.683, 0.0167114
-40.6375, 589.683, 0.0167281
-40.6203, 377.688, 0.0408891
-1179.69, 63.2441, 1.46552
-1181.85, 63.2441, 1.46699
-40.4745, 230.367, 0.110121
-59.9026, 122.713, 0.388264
-59.9766, 122.713, 0.388653
-40.4482, 196.762, 0.151041
-40.4441, 213.972, 0.127424
-40.4439, 213.972, 0.127552
-40.6396, 590.273, 0.00240402
-40.6392, 376.49, 0.00587572
-40.6392, 376.49, 0.00588159
-45.9156, 62.6216, 0.209677
-40.6329, 214.255, 0.0180586
-40.6329, 214.255, 0.0180767
-40.4575, 101.629, 0.0799283
-40.5711, 81.9415, 0.122487
-40.5723, 81.9415, 0.12261
-40.4339, 94.5872, 0.0922175
-40.5727, 589.683, 0.0985874
-40.5726, 589.683, 0.098686
-40.5292, 377.996, 0.24132
-40.5548, 558.697, 0.109877
-40.5547, 558.697, 0.109987
-40.4435, 432.083, 0.184478
-40.5785, 589.683, 0.0937564
-40.5784, 589.683, 0.0938502
-40.4924, 378.001, 0.229497
-40.5567, 550.437, 0.107666
-40.5565, 550.437, 0.107774
-40.4436, 423.698, 0.182485
-40.6021, 589.683, 0.0720659
-40.602, 589.683, 0.072138
-40.4415, 377.993, 0.176401
-5002.01, 63.5001, 6.33263
-5002.69, 63.5001, 6.33897
-40.4415, 377.987, 0.176407
-40.4414, 377.578, 0.176436
-40.4413, 377.578, 0.176612
-309.815, 154.998, 1.05703
-40.9866, 302.488, 0.275422
-40.99, 302.488, 0.275697
-40.4398, 367.583, 0.186579
-40.5914, 589.683, 0.0823374
-40.5914, 589.683, 0.0824198
-40.4457, 378.002, 0.201546
-40.5417, 502.593, 0.1135
-40.5415, 502.593, 0.113614
-40.4406, 395.872, 0.183688
-40.6266, 589.683, 0.0416853
-40.6266, 589.683, 0.041727
-40.5358, 377.916, 0.102026
-3859.43, 63.4354, 3.66114
-3862.44, 63.4354, 3.66481
-40.5356, 377.658, 0.102166
-40.535, 376.833, 0.10241
-40.5348, 376.833, 0.102512
-109.191, 154.766, 0.612321
-40.4388, 295.608, 0.166715
-40.4389, 295.608, 0.166882
-40.6285, 590.273, 0.0384714
-40.5487, 377.524, 0.0941579
-40.5485, 377.524, 0.0942521
-3612.06, 63.487, 3.37856
-40.4867, 329.418, 0.123786
-40.4865, 329.418, 0.123909
-40.4625, 313.486, 0.137011
-130.707, 140.934, 0.680367
-130.929, 140.934, 0.681048
-40.4732, 267.856, 0.187875
-40.439, 290.042, 0.159822
-40.439, 290.042, 0.159981
-40.4386, 287.511, 0.162984
-40.6393, 589.683, 0.00665157
-40.6393, 589.683, 0.00665823
-40.6365, 377.204, 0.0162645
-168.595, 62.8399, 0.581449
-168.939, 62.8399, 0.582031
-40.5975, 221.538, 0.04707
-41.4193, 110.331, 0.188967
-41.4247, 110.331, 0.189156
-40.5241, 175.896, 0.0746102
-40.438, 137.809, 0.121211
-40.4381, 137.809, 0.121333
-40.4504, 150.609, 0.101717
-40.438, 137.809, 0.121211
-40.4381, 137.809, 0.121333
-40.6392, 590.273, 0.00750082
-40.6357, 376.903, 0.018343
-40.6357, 376.903, 0.0183613
-218.481, 62.9665, 0.656019
-40.5859, 220.504, 0.0535304
-40.5858, 220.504, 0.0535839
-42.5337, 109.293, 0.218003
-40.5069, 177.918, 0.0821851
-40.5067, 177.918, 0.0822674
-40.4577, 139.714, 0.133473
-40.4641, 163.056, 0.0978321
-40.4639, 163.056, 0.09793
-40.4356, 148.506, 0.118153
-40.6384, 589.683, 0.012966
-40.6384, 589.683, 0.012979
-40.6279, 377.584, 0.0317207
-721.84, 63.1572, 1.13629
-723.32, 63.1572, 1.13742
-40.5159, 226.347, 0.0883784
-51.9479, 116.799, 0.331762
-51.9939, 116.799, 0.332094
-40.4393, 189.906, 0.125602
-40.4372, 183.451, 0.134338
-40.4372, 183.451, 0.134473
-40.6022, 590.273, 0.0719708
-40.4415, 377.616, 0.176168
-40.4415, 377.616, 0.176344
-5003.07, 63.5636, 6.32427
-40.4415, 377.609, 0.176174
-40.4415, 377.609, 0.176351
-40.4415, 377.954, 0.176205
-309.137, 154.842, 1.05564
-309.879, 154.842, 1.05669
-40.9806, 302.789, 0.275061
-40.4398, 367.096, 0.186453
-40.4398, 367.096, 0.18664
-40.633, 323.941, 0.0220307
-40.582, 207.296, 0.053934
-40.5819, 207.296, 0.0539879
-2191.83, 34.9351, 1.93732
-40.4472, 149.826, 0.103584
-40.4471, 149.826, 0.103688
-41.3641, 111.515, 0.187919
-40.4354, 141.173, 0.11674
-40.4354, 141.173, 0.116857
-40.639, 323.941, 0.00698604
-40.6334, 207.109, 0.0170951
-40.6334, 207.109, 0.0171122
-295.607, 34.7779, 0.612956
-40.5624, 122.523, 0.0489755
-40.5623, 122.523, 0.0490245
-44.3693, 61.8681, 0.193127
-40.475, 100.653, 0.0726425
-40.4748, 100.653, 0.0727152
-40.5108, 80.4164, 0.114161
-40.4342, 90.6716, 0.0895632
-40.4341, 90.6716, 0.0896528
-40.6369, 323.941, 0.014071
-40.6149, 207.243, 0.0344433
-40.6148, 207.243, 0.0344778
-1177.11, 34.8903, 1.23658
-40.46, 129.195, 0.0889908
-40.4598, 129.195, 0.0890798
-55.9162, 71.86, 0.289696
-40.4565, 128.198, 0.0903872
-40.4563, 128.198, 0.0904776
-40.4351, 119.78, 0.103807
-41.3907, 92.6833, 0.173414
-41.3959, 92.6833, 0.173588
-40.4357, 116.246, 0.110243
-40.435, 119.66, 0.103807
-40.435, 119.66, 0.103911
-40.6358, 323.941, 0.0167114
-40.6052, 207.265, 0.0409085
-40.6052, 207.265, 0.0409495
-1536.58, 34.909, 1.469
-40.4449, 133.369, 0.0992031
-40.4448, 133.369, 0.0993023
-52.9856, 78.977, 0.284849
-40.4642, 118.453, 0.125898
-40.4646, 118.453, 0.126024
-40.4348, 127.426, 0.108938
-40.6396, 323.617, 0.00240402
-40.6396, 323.617, 0.00240643
-40.6389, 206.978, 0.00587792
-50.702, 34.4608, 0.21007
-50.7385, 34.4608, 0.210281
-40.6281, 119.112, 0.0177083
-40.4288, 57.3809, 0.0759257
-40.4288, 57.3809, 0.0760017
-40.429, 56.8949, 0.0773799
-40.4288, 57.3809, 0.0759257
-40.4288, 57.3809, 0.0760017
-40.5285, 323.941, 0.0985874
-41.1712, 207.297, 0.241355
-41.1755, 207.297, 0.241597
-40.4594, 280.313, 0.131857
-40.4572, 244.8, 0.172777
-40.4575, 244.8, 0.17295
-40.4425, 267.252, 0.145129
-40.5371, 323.617, 0.0937564
-40.5369, 323.617, 0.0938502
-40.9793, 207.532, 0.229544
-40.4634, 277.02, 0.128167
-40.4632, 277.02, 0.128295
-40.4427, 246.493, 0.162411
-40.5744, 323.617, 0.0720659
-40.5743, 323.617, 0.072138
-40.5075, 207.591, 0.176464
-40.5542, 304.335, 0.0815493
-40.554, 304.335, 0.0816308
-40.4413, 235.022, 0.137462
-40.5572, 323.617, 0.0823374
-40.557, 323.617, 0.0824198
-40.6626, 207.574, 0.201607
-40.4658, 264.47, 0.123584
-40.4656, 264.47, 0.123707
-40.4385, 238.181, 0.15287
-40.6163, 323.617, 0.0416853
-40.6163, 323.617, 0.041727
-40.4792, 207.566, 0.102066
-3502.33, 34.9526, 3.66843
-3503.58, 34.9526, 3.6721
-40.4792, 207.545, 0.102086
-40.4775, 206.68, 0.102741
-40.4773, 206.68, 0.102844
-152.53, 85.0792, 0.61392
-40.5408, 163.747, 0.16413
-40.5418, 163.747, 0.164294
-40.439, 187.482, 0.125254
-40.4367, 182.419, 0.13208
-40.4368, 182.419, 0.132213
-40.6197, 323.941, 0.0384714
-40.4951, 207.351, 0.0941954
-40.4949, 207.351, 0.0942897
-3393.87, 34.9814, 3.3853
-40.495, 207.324, 0.0942196
-40.4948, 207.324, 0.0943139
-40.4951, 207.505, 0.0942437
-127.127, 85.1136, 0.564839
-127.394, 85.1136, 0.565404
-40.4775, 164.332, 0.150675
-40.463, 194.213, 0.107452
-40.4628, 194.213, 0.10756
-40.4365, 177.518, 0.129007
-40.639, 323.617, 0.00665157
-40.639, 323.617, 0.00665823
-40.634, 207.304, 0.0162761
-266.295, 34.7328, 0.583522
-266.857, 34.7328, 0.584106
-40.5693, 122.822, 0.0464812
-43.4532, 62.0608, 0.182272
-43.467, 62.0608, 0.182454
-40.4841, 100.55, 0.0694184
-40.4824, 80.0796, 0.109343
-40.483, 80.0796, 0.109452
-40.4554, 94.8163, 0.0780898
-40.4322, 87.0303, 0.0925387
-40.4322, 87.0303, 0.0926313
-40.6389, 323.941, 0.00750082
-40.6324, 207.127, 0.0183555
-40.6324, 207.127, 0.0183739
-345.539, 34.7931, 0.658265
-40.5522, 122.524, 0.0526089
-40.5521, 122.524, 0.0526615
-45.8123, 61.8555, 0.207612
-40.4632, 101.115, 0.0773268
-40.463, 101.115, 0.0774042
-40.5609, 81.035, 0.120786
-40.4342, 93.2281, 0.0910039
-40.4341, 93.2281, 0.091095
-40.4326, 91.3814, 0.0949199
-40.6373, 323.617, 0.012966
-40.6373, 323.617, 0.012979
-40.6185, 207.438, 0.0317376
-1025.27, 34.8457, 1.13931
-1027.04, 34.8457, 1.14045
-40.4714, 128.178, 0.0834583
-54.9424, 69.9483, 0.281102
-54.9737, 69.9483, 0.281383
-40.4665, 126.896, 0.0851597
-40.4341, 113.8, 0.105771
-40.4342, 113.8, 0.105877
-40.4342, 114.883, 0.103987
-40.4341, 113.8, 0.105771
-40.4342, 113.8, 0.105877
-40.5746, 323.941, 0.0719708
-40.5068, 207.383, 0.176231
-40.5076, 207.383, 0.176407
-40.5543, 304.521, 0.0815059
-40.4412, 234.666, 0.137423
-40.4411, 234.666, 0.13756
-40.6369, 798.384, 0.0220307
-40.6149, 510.244, 0.0538994
-40.6149, 510.244, 0.0539533
-1615.95, 85.5487, 1.93111
-40.4577, 315.358, 0.141297
-40.4576, 315.358, 0.141438
-63.4263, 172.621, 0.473338
-40.4743, 272.191, 0.189747
-40.4748, 272.191, 0.189936
-40.439, 295.313, 0.161482
-40.6394, 797.586, 0.00698604
-40.6394, 797.586, 0.00699303
-40.6371, 509.897, 0.0170774
-150.768, 84.7479, 0.609796
-151.108, 84.7479, 0.610406
-40.6028, 295.675, 0.0506076
-41.3563, 144.147, 0.21151
-41.3614, 144.147, 0.211722
-40.5328, 232.664, 0.0816031
-40.4381, 180.179, 0.135571
-40.4382, 180.179, 0.135707
-40.449, 194.339, 0.116825
-40.4381, 180.179, 0.135571
-40.4382, 180.179, 0.135707
-40.6385, 798.384, 0.014071
-40.6293, 509.968, 0.0344163
-40.6293, 509.968, 0.0344507
-689.448, 85.3178, 1.23174
-40.5259, 303.911, 0.0969
-40.5258, 303.911, 0.0969969
-51.0825, 155.519, 0.370743
-40.444, 253.601, 0.139156
-40.4439, 253.601, 0.139295
-40.44, 239.357, 0.156523
-40.6381, 797.586, 0.0167114
-40.6381, 797.586, 0.0167281
-40.6252, 510.597, 0.0408791
-978.349, 85.3316, 1.46372
-980.221, 85.3316, 1.46518
-40.5011, 309.236, 0.111513
-54.1082, 162.614, 0.402757
-54.1626, 162.614, 0.40316
-40.4383, 261.547, 0.155916
-40.4383, 262.287, 0.154728
-40.4383, 262.287, 0.154882
-40.4383, 261.547, 0.155916
-40.6396, 797.586, 0.00240402
-40.6396, 797.586, 0.00240643
-40.6394, 509.929, 0.00587683
-43.4701, 84.7748, 0.209875
-43.484, 84.7748, 0.210085
-40.6345, 289.03, 0.0182288
-40.4814, 136.008, 0.0817767
-40.4812, 136.008, 0.0818586
-40.4878, 109.167, 0.127016
-40.4356, 120.953, 0.103327
-40.4355, 120.953, 0.10343
-40.5888, 798.384, 0.0985874
-40.4535, 510.639, 0.241293
-40.4537, 510.639, 0.241535
-40.5518, 706.409, 0.126042
-40.4425, 545.66, 0.211213
-40.4424, 545.66, 0.211425
-40.5933, 798.384, 0.0937564
-40.4443, 510.638, 0.229469
-40.4444, 510.638, 0.229699
-40.5345, 663.049, 0.136118
-40.4411, 529.261, 0.213549
-40.441, 529.261, 0.213763
-40.6115, 798.384, 0.0720659
-40.4613, 510.606, 0.176376
-40.4611, 510.606, 0.176552
-5441.35, 85.8528, 6.32818
-40.4613, 510.573, 0.176399
-40.4611, 510.573, 0.176576
-40.461, 510.61, 0.176728
-244.105, 209.164, 1.05753
-244.591, 209.164, 1.05859
-40.555, 420.451, 0.260994
-40.4412, 478.124, 0.201246
-40.4411, 478.124, 0.201447
-40.6033, 798.384, 0.0823374
-40.4434, 510.626, 0.201519
-40.4433, 510.626, 0.20172
-5672.95, 85.869, 7.23081
-40.4434, 510.614, 0.201528
-40.4433, 510.614, 0.20173
-40.4434, 511.057, 0.201581
-323.085, 209.276, 1.20731
-323.806, 209.276, 1.20852
-40.8545, 414.492, 0.306902
-40.4405, 495.906, 0.213703
-40.4405, 495.906, 0.213917
-40.63, 798.384, 0.0416853
-40.559, 510.484, 0.10201
-40.5588, 510.484, 0.102112
-3757.82, 85.7503, 3.65825
-40.4465, 394.593, 0.170971
-40.4464, 394.593, 0.171142
-40.4484, 364.285, 0.201096
-40.4397, 379.235, 0.18514
-40.4396, 379.235, 0.185325
-40.6314, 798.384, 0.0384714
-40.5696, 510.462, 0.0941426
-40.5694, 510.462, 0.0942368
-3464.07, 85.7312, 3.37582
-40.4403, 371.103, 0.178423
-40.4402, 371.103, 0.178602
-40.4402, 362.525, 0.187365
-40.6394, 797.586, 0.00665157
-40.6394, 797.586, 0.00665823
-40.6373, 509.857, 0.0162591
-135.282, 84.7144, 0.580486
-135.575, 84.7144, 0.581067
-40.6061, 295.634, 0.0481767
-41.1308, 144.121, 0.201306
-41.1348, 144.121, 0.201507
-40.5369, 230.33, 0.0792307
-40.4368, 178.425, 0.131536
-40.4368, 178.425, 0.131667
-40.4397, 184.612, 0.123142
-40.4368, 178.425, 0.131536
-40.4368, 178.425, 0.131667
-40.6393, 798.384, 0.00750082
-40.6367, 509.446, 0.0183368
-40.6367, 509.446, 0.0183552
-177.465, 84.8817, 0.654919
-40.5975, 295.593, 0.0542929
-40.5975, 295.593, 0.0543472
-41.7607, 144.531, 0.226594
-40.5249, 235.05, 0.0857487
-40.5248, 235.05, 0.0858345
-40.4428, 182.676, 0.14204
-40.4605, 205.538, 0.112053
-40.4604, 205.538, 0.112165
-40.4428, 182.676, 0.14204
-40.6387, 797.586, 0.012966
-40.6387, 797.586, 0.012979
-40.6309, 510.415, 0.0317116
-580.03, 85.1796, 1.13466
-581.248, 85.1796, 1.13579
-40.5407, 304.579, 0.0890175
-47.7303, 155.93, 0.338766
-47.7611, 155.93, 0.339105
-40.4549, 253.291, 0.128696
-40.4583, 222.845, 0.165914
-40.4586, 222.845, 0.16608
-40.4549, 253.291, 0.128696
-40.6115, 797.586, 0.0719708
-40.6115, 797.586, 0.0720428
-40.4616, 511.117, 0.176143
-5437.55, 85.7668, 6.31982
-5439.67, 85.7668, 6.32614
-40.4616, 511.083, 0.176167
-40.4611, 510.09, 0.176501
-40.4609, 510.09, 0.176677
-243.338, 209.371, 1.05615
-40.5535, 420.123, 0.260534
-40.5546, 420.123, 0.260795
-40.4412, 478.382, 0.201166
-40.6333, 338.613, 0.0220307
-40.6333, 338.613, 0.0220527
-40.5844, 217.103, 0.053932
-2179.76, 36.504, 1.93696
-2182.29, 36.504, 1.9389
-40.4407, 152.256, 0.110032
-42.9296, 106.865, 0.223673
-42.9415, 106.865, 0.223897
-40.4407, 142.541, 0.125622
-40.4406, 152.104, 0.110032
-40.4405, 152.104, 0.110142
-40.639, 338.951, 0.00698604
-40.6337, 216.684, 0.0170942
-40.6336, 216.684, 0.0171113
-286.532, 36.3709, 0.6128
-40.5661, 128.457, 0.0487527
-40.566, 128.457, 0.0488015
-43.8019, 65.1071, 0.190741
-40.4801, 105.393, 0.0724891
-40.4799, 105.393, 0.0725617
-40.4937, 84.2153, 0.113873
-40.4342, 93.8827, 0.0914008
-40.4341, 93.8827, 0.0914922
-40.637, 338.951, 0.014071
-40.6159, 216.828, 0.0344419
-40.6159, 216.828, 0.0344764
-1154.67, 36.4923, 1.23633
-40.4626, 134.712, 0.0895783
-40.4624, 134.712, 0.0896679
-56.3686, 74.4392, 0.29539
-40.449, 116.652, 0.119603
-40.4493, 116.652, 0.119722
-40.4397, 127.084, 0.100904
-40.636, 338.613, 0.0167114
-40.636, 338.613, 0.0167281
-40.6067, 217.069, 0.040907
-1515.41, 36.476, 1.46872
-1517.65, 36.476, 1.47019
-40.4462, 138.883, 0.100324
-54.1015, 81.1493, 0.294661
-54.1544, 81.1493, 0.294956
-40.4651, 122.874, 0.128308
-40.4351, 132.083, 0.110747
-40.435, 132.083, 0.110858
-40.6396, 338.951, 0.00240402
-40.6389, 216.33, 0.00587762
-40.6389, 216.33, 0.0058835
-50.1289, 36.0753, 0.210017
-40.6286, 124.64, 0.0176604
-40.6286, 124.64, 0.0176781
-40.43, 60.282, 0.0753944
-40.7429, 50.0551, 0.109037
-40.745, 50.0551, 0.109146
-40.43, 60.282, 0.0753944
-40.5324, 338.613, 0.0985874
-40.5322, 338.613, 0.098686
-41.0821, 217.12, 0.241356
-40.4614, 291.728, 0.133023
-40.4612, 291.728, 0.133157
-40.4449, 259.509, 0.168643
-40.4408, 274.607, 0.15022
-40.4407, 274.607, 0.15037
-40.5409, 338.951, 0.0937564
-40.9125, 216.928, 0.229542
-40.9155, 216.928, 0.229772
-40.4651, 288.555, 0.129591
-40.4418, 256.339, 0.164091
-40.4419, 256.339, 0.164255
-40.5771, 338.951, 0.0720659
-40.4932, 216.979, 0.176458
-40.4939, 216.979, 0.176635
-40.555, 316.583, 0.0826779
-40.4414, 243.523, 0.139892
-40.4413, 243.523, 0.140032
-40.5604, 338.951, 0.0823374
-40.6291, 216.966, 0.201603
-40.6306, 216.966, 0.201804
-40.4641, 273.469, 0.12681
-40.4385, 247.239, 0.155017
-40.4386, 247.239, 0.155172
-40.6173, 338.951, 0.0416853
-40.4836, 216.951, 0.102063
-40.4834, 216.951, 0.102165
-3557.43, 36.5955, 3.66777
-40.4836, 216.927, 0.102085
-40.4834, 216.927, 0.102187
-40.4812, 216.075, 0.103103
-147.225, 88.8346, 0.614946
-147.552, 88.8346, 0.615561
-40.5229, 171.351, 0.164382
-40.439, 194.171, 0.127576
-40.439, 194.171, 0.127703
-40.4369, 189.338, 0.13448
-40.6205, 338.613, 0.0384714
-40.6205, 338.613, 0.0385099
-40.4997, 217.16, 0.094192
-3435.49, 36.5525, 3.38469
-3437.2, 36.5525, 3.38807
-40.4996, 217.13, 0.0942186
-40.4994, 216.882, 0.0942452
-40.4992, 216.882, 0.0943395
-122.483, 89.126, 0.564793
-40.4662, 172.008, 0.150223
-40.4666, 172.008, 0.150373
-40.4628, 201.438, 0.109562
-40.4367, 184.042, 0.13112
-40.4367, 184.042, 0.131251
-40.6391, 338.951, 0.00665157
-40.6342, 216.669, 0.0162752
-40.6342, 216.669, 0.0162915
-258.736, 36.3587, 0.583363
-40.5731, 128.832, 0.0461311
-40.573, 128.832, 0.0461773
-42.8776, 65.6457, 0.178524
-40.4896, 105.298, 0.0691129
-40.4894, 105.298, 0.0691821
-40.4672, 84.1279, 0.10859
-40.4558, 98.2743, 0.0793676
-40.4556, 98.2743, 0.079447
-40.4325, 90.4357, 0.0939423
-40.6389, 338.613, 0.00750082
-40.6389, 338.613, 0.00750832
-40.6328, 216.919, 0.0183546
-334.311, 36.3499, 0.658094
-335.043, 36.3499, 0.658752
-40.5559, 128.392, 0.0525275
-45.2827, 64.7592, 0.206755
-45.3036, 64.7592, 0.206962
-40.4675, 105.826, 0.0773907
-40.5428, 84.5702, 0.121074
-40.5438, 84.5702, 0.121195
-40.4346, 96.8814, 0.0923815
-40.6374, 338.613, 0.012966
-40.6374, 338.613, 0.012979
-40.6194, 217.033, 0.0317362
-1003.77, 36.4453, 1.13908
-1005.56, 36.4453, 1.14022
-40.4731, 133.352, 0.0843862
-55.9891, 71.9961, 0.290329
-56.0227, 71.9961, 0.29062
-40.4679, 131.93, 0.0862221
-40.4346, 117.553, 0.108484
-40.4346, 117.553, 0.108593
-40.4347, 119.672, 0.104871
-40.4346, 117.553, 0.108484
-40.4346, 117.553, 0.108593
-40.5772, 338.951, 0.0719708
-40.4924, 216.98, 0.176226
-40.493, 216.98, 0.176402
-40.555, 316.438, 0.0826449
-40.4414, 243.388, 0.139863
-40.4413, 243.388, 0.140003
-40.6345, 421.617, 0.0220307
-40.5944, 269.692, 0.0539232
-40.5943, 269.692, 0.0539771
-2087.14, 45.3776, 1.93538
-40.4391, 179.468, 0.122158
-40.439, 179.468, 0.122281
-40.446, 168.278, 0.139294
-40.4391, 179.468, 0.122158
-40.439, 179.468, 0.122281
-40.6391, 421.617, 0.00698604
-40.6348, 269.392, 0.0170898
-40.6348, 269.392, 0.0171069
-242.593, 45.1256, 0.612017
-40.5774, 158.662, 0.0493093
-40.5772, 158.662, 0.0493586
-43.0162, 79.5234, 0.196893
-40.4946, 129.04, 0.0745707
-40.4944, 129.04, 0.0746454
-40.4697, 102.188, 0.119192
-40.4601, 120.301, 0.0858071
-40.4599, 120.301, 0.0858929
-40.4338, 110.008, 0.102837
-40.6375, 421.196, 0.014071
-40.6375, 421.196, 0.0140851
-40.6204, 269.879, 0.0344355
-1040.28, 45.2625, 1.23518
-1042.18, 45.2625, 1.23642
-40.4761, 164.945, 0.0924636
-57.55, 88.1801, 0.324115
-57.615, 88.1801, 0.324439
-40.4426, 141.076, 0.12652
-40.4414, 151.735, 0.109101
-40.4413, 151.735, 0.109211
-40.6367, 421.617, 0.0167114
-40.6128, 269.645, 0.0408998
-40.6128, 269.645, 0.0409408
-1395.32, 45.3379, 1.46744
-40.4555, 168.989, 0.104467
-40.4554, 168.989, 0.104571
-57.107, 94.9896, 0.332607
-40.4602, 147.254, 0.137712
-40.4606, 147.254, 0.13785
-40.4361, 157.757, 0.12017
-40.6396, 421.196, 0.00240402
-40.6396, 421.196, 0.00240643
-40.6391, 269.248, 0.00587639
-48.3433, 44.7358, 0.209798
-48.3664, 44.7358, 0.210008
-40.6314, 157.323, 0.0171476
-40.4579, 77.7482, 0.0697278
-40.4577, 77.7482, 0.0697975
-40.4404, 67.9953, 0.0912615
-40.55, 421.196, 0.0985874
-40.5498, 421.196, 0.098686
-40.7696, 270.055, 0.241348
-40.4681, 352.536, 0.140973
-40.4679, 352.536, 0.141114
-40.4406, 314.681, 0.177483
-40.5574, 421.196, 0.0937564
-40.5572, 421.196, 0.0938502
-40.6697, 270.069, 0.229527
-40.4672, 344.891, 0.140113
-40.467, 344.891, 0.140253
-40.4396, 310.186, 0.173754
-40.5883, 421.196, 0.0720659
-40.5882, 421.196, 0.072138
-40.4503, 270.092, 0.176434
-40.5491, 370.84, 0.0930912
-40.5489, 370.84, 0.0931843
-40.4402, 287.814, 0.155272
-40.5742, 421.196, 0.0823374
-40.5741, 421.196, 0.0824198
-40.5136, 270.089, 0.20158
-40.5547, 397.039, 0.0927189
-40.5546, 397.039, 0.0928116
-40.4424, 306.653, 0.156166
-40.6216, 421.196, 0.0416853
-40.6215, 421.196, 0.041727
-40.5052, 270.046, 0.102046
-3755.91, 45.4027, 3.66486
-3758.02, 45.4027, 3.66853
-40.5051, 270.001, 0.10208
-40.505, 269.687, 0.102114
-40.5048, 269.687, 0.102216
-122.751, 110.766, 0.611747
-40.4507, 216.093, 0.159384
-40.451, 216.093, 0.159544
-40.4583, 245.058, 0.124034
-40.4377, 226.628, 0.144845
-40.4377, 226.628, 0.14499
-40.6242, 421.617, 0.0384714
-40.5203, 269.767, 0.0941771
-40.5202, 269.767, 0.0942713
-3581.6, 45.4403, 3.38201
-40.5202, 269.709, 0.0942176
-40.5201, 269.709, 0.0943119
-40.5202, 269.919, 0.0942594
-106.547, 110.638, 0.564612
-106.724, 110.638, 0.565177
-40.4377, 218.094, 0.144669
-40.6392, 421.196, 0.00665157
-40.6392, 421.196, 0.00665823
-40.6353, 269.642, 0.016271
-218.582, 45.0642, 0.58261
-219.04, 45.0642, 0.583193
-40.5833, 159.147, 0.0467376
-42.3398, 79.9052, 0.185181
-42.3492, 79.9052, 0.185367
-40.5033, 128.834, 0.071336
-40.4532, 101.777, 0.11411
-40.4535, 101.777, 0.114225
-40.4591, 117.786, 0.0853545
-40.4337, 107.784, 0.101739
-40.4337, 107.784, 0.101841
-40.6391, 421.617, 0.00750082
-40.6341, 269.42, 0.0183501
-40.6341, 269.42, 0.0183684
-284.136, 45.1489, 0.657284
-40.5685, 158.495, 0.0530842
-40.5684, 158.495, 0.0531373
-44.1513, 79.2759, 0.212929
-40.4824, 129.595, 0.0794347
-40.4822, 129.595, 0.0795142
-40.5032, 102.844, 0.12645
-40.4359, 115.429, 0.100153
-40.4358, 115.429, 0.100253
-40.6379, 421.617, 0.012966
-40.6233, 269.59, 0.0317301
-40.6232, 269.59, 0.0317619
-893.678, 45.2916, 1.13798
-40.4902, 164.077, 0.0859047
-40.49, 164.077, 0.0859907
-54.3964, 87.2046, 0.305822
-40.4361, 139.57, 0.11883
-40.4361, 139.57, 0.118949
-40.4373, 144.413, 0.111195
-40.4361, 139.57, 0.11883
-40.4361, 139.57, 0.118949
-40.5885, 421.617, 0.0719708
-40.4501, 269.822, 0.176201
-40.4503, 269.822, 0.176377
-40.5489, 370.751, 0.0932003
-40.4401, 287.306, 0.155306
-40.4401, 287.306, 0.155461
-40.6114, 73.0119, 0.0220307
-40.4583, 46.9524, 0.0540654
-40.4581, 46.9524, 0.0541195
-1130.13, 8.07027, 1.96104
-40.4583, 46.9471, 0.054078
-40.4581, 46.9471, 0.0541321
-40.4573, 46.8925, 0.054317
-118.034, 19.434, 0.326371
-118.25, 19.434, 0.326697
-40.5365, 37.8166, 0.0842049
-40.4272, 43.146, 0.0642325
-40.4271, 43.146, 0.0642967
-40.4258, 42.3495, 0.0668547
-40.6367, 72.9389, 0.00698604
-40.6367, 72.9389, 0.00699303
-40.6132, 46.9597, 0.0171373
-532.798, 8.02819, 0.620566
-533.55, 8.02819, 0.621187
-40.4827, 31.2181, 0.0393078
-41.6863, 19.644, 0.10061
-41.6914, 19.644, 0.10071
-40.4295, 27.9483, 0.049224
-40.4208, 26.2192, 0.0559356
-40.4208, 26.2192, 0.0559916
-40.6278, 73.0119, 0.014071
-40.5445, 46.9344, 0.0345251
-40.5444, 46.9344, 0.0345597
-1055.44, 8.0548, 1.25134
-40.5444, 46.9231, 0.0345422
-40.5443, 46.9231, 0.0345767
-40.5444, 46.9586, 0.0345592
-59.7528, 19.429, 0.207955
-59.8188, 19.429, 0.208163
-40.4308, 36.8853, 0.0565007
-40.4293, 34.2426, 0.0655996
-40.4294, 34.2426, 0.0656653
-40.6231, 73.0119, 0.0167114
-40.5142, 46.9411, 0.0410064
-40.514, 46.9411, 0.0410474
-1125.83, 8.0605, 1.48666
-40.5141, 46.9322, 0.0410221
-40.514, 46.9322, 0.0410631
-40.5142, 46.9704, 0.0410378
-74.1229, 19.4383, 0.247001
-74.2224, 19.4383, 0.247248
-40.425, 37.5514, 0.0647364
-40.4284, 39.0634, 0.0596139
-40.4283, 39.0634, 0.0596736
-40.425, 37.5514, 0.0647364
-40.6393, 72.9389, 0.00240402
-40.6393, 72.9389, 0.00240643
-40.6364, 46.9285, 0.00589532
-86.6315, 8.00156, 0.213199
-86.7652, 8.00156, 0.213412
-40.5964, 27.6721, 0.0172208
-40.7773, 13.8462, 0.0700581
-40.7792, 13.8462, 0.0701281
-40.4929, 20.7794, 0.0307992
-40.4125, 17.1331, 0.0454698
-40.4125, 17.1331, 0.0455153
-40.4535, 73.0119, 0.0985874
-40.5814, 108.693, 0.0394073
-40.5813, 108.693, 0.0394467
-40.4379, 79.8364, 0.0802807
-40.4399, 72.9389, 0.0937564
-40.4401, 72.9389, 0.0938502
-40.5865, 107.293, 0.037254
-40.4359, 77.6874, 0.0805985
-40.4358, 77.6874, 0.0806792
-40.4466, 73.0119, 0.0720659
-44.9373, 46.2898, 0.175603
-44.9566, 46.2898, 0.175779
-40.4348, 66.1549, 0.0874232
-40.4316, 72.9389, 0.0823374
-40.4315, 72.9389, 0.0824198
-46.5957, 42.3021, 0.190328
-40.4312, 72.642, 0.0828547
-40.4312, 72.642, 0.0829376
-40.5488, 73.0119, 0.0416853
-40.6734, 46.9555, 0.102303
-40.6752, 46.9555, 0.102405
-40.4552, 60.0288, 0.0621331
-40.4291, 54.126, 0.076573
-40.4291, 54.126, 0.0766496
-40.5605, 73.0119, 0.0384714
-40.5585, 46.9614, 0.0944214
-40.5596, 46.9614, 0.0945158
-40.542, 69.5271, 0.0425059
-40.4304, 54.2845, 0.0702641
-40.4303, 54.2845, 0.0703344
-40.637, 73.0119, 0.00665157
-40.6156, 46.9114, 0.0163166
-40.6155, 46.9114, 0.0163329
-496.671, 8.03509, 0.590814
-40.485, 30.7252, 0.0385727
-40.4848, 30.7252, 0.0386113
-42.0054, 18.7993, 0.104938
-40.4258, 27.0868, 0.0498385
-40.4257, 27.0868, 0.0498884
-40.4201, 25.7996, 0.0551362
-40.6362, 72.9389, 0.00750082
-40.6362, 72.9389, 0.00750832
-40.6094, 46.9616, 0.0184005
-587.157, 8.02979, 0.666358
-587.928, 8.02979, 0.667025
-40.4873, 32.3953, 0.0391516
-41.0735, 21.9514, 0.0862113
-41.0773, 21.9514, 0.0862975
-40.4296, 28.7513, 0.0499037
-40.4213, 26.9648, 0.0567418
-40.4214, 26.9648, 0.0567986
-40.6296, 73.0119, 0.012966
-40.5569, 46.9314, 0.0318129
-40.5567, 46.9314, 0.0318447
-1007.87, 8.05224, 1.15289
-40.5568, 46.9175, 0.0318321
-40.5566, 46.9175, 0.0318639
-40.5567, 46.9505, 0.0318514
-55.0745, 19.4242, 0.191628
-55.1239, 19.4242, 0.191819
-40.4433, 36.9134, 0.0519701
-41.0367, 27.604, 0.0937087
-41.0403, 27.604, 0.0938024
-40.4237, 34.5592, 0.0594307
-40.4232, 34.1743, 0.0606774
-40.4232, 34.1743, 0.0607382
-40.4468, 73.0119, 0.0719708
-44.9123, 46.298, 0.175387
-44.9315, 46.298, 0.175562
-40.4347, 66.1495, 0.0873299
-40.6356, 540.638, 0.0220307
-40.6356, 540.638, 0.0220527
-40.6038, 346.397, 0.0539138
-1929.26, 58.0864, 1.9337
-1932.06, 58.0864, 1.93564
-40.4424, 221.867, 0.131765
-57.4195, 129.963, 0.384451
-57.485, 129.963, 0.384836
-40.4912, 196.612, 0.16791
-40.4375, 214.981, 0.140087
-40.4375, 214.981, 0.140227
-40.6392, 541.179, 0.00698604
-40.6359, 345.584, 0.0170848
-40.6359, 345.584, 0.0171019
-200.211, 57.7528, 0.611121
-40.5883, 201.923, 0.0499978
-40.5882, 201.923, 0.0500479
-42.319, 99.8655, 0.204571
-40.5103, 162.464, 0.0772052
-40.5101, 162.464, 0.0772824
-40.4521, 127.38, 0.125791
-40.463, 147.551, 0.0935849
-40.4628, 147.551, 0.0936786
-40.435, 134.554, 0.112745
-40.638, 540.638, 0.014071
-40.638, 540.638, 0.0140851
-40.6246, 346.265, 0.0344283
-899.86, 57.9752, 1.23388
-901.581, 57.9752, 1.23511
-40.4969, 209.844, 0.0939179
-54.3056, 110.449, 0.339149
-54.3599, 110.449, 0.339489
-40.4367, 177.79, 0.130917
-40.4371, 180.435, 0.126845
-40.437, 180.435, 0.126972
-40.4367, 177.79, 0.130917
-40.6373, 540.638, 0.0167114
-40.6373, 540.638, 0.0167281
-40.6186, 346.322, 0.0408919
-1236.8, 58.0235, 1.46602
-1238.96, 58.0235, 1.46748
-40.4703, 213.096, 0.108251
-58.3226, 115.402, 0.369425
-58.391, 115.402, 0.369795
-40.4492, 183.061, 0.146791
-40.4431, 199.099, 0.123797
-40.443, 199.099, 0.12392
-40.6396, 541.179, 0.00240402
-40.6392, 345.182, 0.00587577
-40.6392, 345.182, 0.00588165
-46.8564, 57.4183, 0.209686
-40.6323, 196.679, 0.0180157
-40.6323, 196.679, 0.0180337
-40.4512, 93.4641, 0.0794524
-40.6058, 75.5163, 0.121253
-40.6072, 75.5163, 0.121375
-40.433, 87.8967, 0.0897913
-40.5674, 540.638, 0.0985874
-40.5672, 540.638, 0.098686
-40.571, 346.58, 0.241328
-40.4575, 420.217, 0.163552
-40.4573, 420.217, 0.163715
-40.44, 388.776, 0.191591
-40.5735, 540.638, 0.0937564
-40.5734, 540.638, 0.0938502
-40.522, 346.587, 0.229505
-40.555, 511.104, 0.104958
-40.5549, 511.104, 0.105063
-40.4433, 394.973, 0.176511
-40.5989, 540.638, 0.0720659
-40.5988, 540.638, 0.072138
-40.4394, 346.586, 0.176409
-40.5874, 540.638, 0.0823374
-40.5873, 540.638, 0.0824198
-40.4544, 346.592, 0.201554
-40.5521, 481.517, 0.103906
-40.552, 481.517, 0.10401
-40.4415, 372.095, 0.17476
-40.6255, 540.638, 0.0416853
-40.6254, 540.638, 0.041727
-40.5284, 346.518, 0.102031
-3855.68, 58.1879, 3.66204
-3858.41, 58.1879, 3.6657
-40.5283, 346.424, 0.102086
-40.528, 345.954, 0.10216
-40.5278, 345.954, 0.102262
-110.803, 142.023, 0.611647
-40.4544, 296.067, 0.139658
-40.4543, 296.067, 0.139798
-40.4491, 265.519, 0.17414
-40.4405, 282.81, 0.153114
-40.4404, 282.81, 0.153267
-40.6275, 541.179, 0.0384714
-40.5419, 346.159, 0.0941625
-40.5417, 346.159, 0.0942567
-3625.7, 58.2355, 3.37939
-40.5409, 345.319, 0.094623
-40.5407, 345.319, 0.0947177
-40.5392, 344.186, 0.0954408
-100.993, 141.435, 0.567919
-101.109, 141.435, 0.568487
-40.4975, 314.349, 0.114498
-40.4708, 297.507, 0.127625
-40.4706, 297.507, 0.127753
-41.8094, 205.334, 0.269223
-40.4391, 271.451, 0.153409
-40.4391, 271.451, 0.153563
-40.4384, 267.902, 0.157834
-40.6393, 540.638, 0.00665157
-40.6393, 540.638, 0.00665823
-40.6362, 345.899, 0.0162661
-179.691, 57.6701, 0.581736
-180.083, 57.6701, 0.582318
-40.593, 202.259, 0.0475184
-41.869, 99.9646, 0.193844
-41.8764, 99.9646, 0.194038
-40.5174, 161.82, 0.0742003
-40.4435, 126.496, 0.121119
-40.4437, 126.496, 0.12124
-40.4591, 143.544, 0.0942725
-40.4435, 126.496, 0.121119
-40.4437, 126.496, 0.12124
-40.6392, 541.179, 0.00750082
-40.6353, 345.622, 0.0183448
-40.6353, 345.622, 0.0183631
-235.816, 57.785, 0.656335
-40.5811, 201.936, 0.053708
-40.581, 201.936, 0.0537617
-43.1021, 99.8567, 0.219915
-40.4994, 163.529, 0.0818804
-40.4992, 163.529, 0.0819624
-40.4712, 128.532, 0.132771
-40.4641, 152.225, 0.0944846
-40.4639, 152.225, 0.0945791
-40.4352, 138.437, 0.11446
-40.6383, 540.638, 0.012966
-40.6383, 540.638, 0.012979
-40.6268, 346.234, 0.0317232
-767.726, 57.9499, 1.13673
-769.309, 57.9499, 1.13787
-40.5074, 207.465, 0.0885012
-54.0937, 106.963, 0.332995
-54.1472, 106.963, 0.333328
-40.4368, 174.393, 0.125321
-40.4364, 172.267, 0.128182
-40.4364, 172.267, 0.12831
-40.599, 541.179, 0.0719708
-40.4394, 346.24, 0.176176
-40.4394, 346.24, 0.176352
-40.6373, 928.936, 0.0220307
-40.6183, 593.547, 0.0538934
-40.6182, 593.547, 0.0539473
-1488.03, 99.4266, 1.93004
-40.4664, 362.862, 0.144314
-40.4663, 362.862, 0.144458
-64.0478, 194.565, 0.503467
-40.4638, 310.604, 0.197009
-40.4642, 310.604, 0.197207
-40.4462, 344.97, 0.160005
-40.6394, 928.008, 0.00698604
-40.6394, 928.008, 0.00699303
-40.6374, 593.109, 0.017075
-132.417, 98.468, 0.609368
-132.691, 98.468, 0.609978
-40.6081, 344.804, 0.0503018
-40.9796, 168.836, 0.208176
-40.9829, 168.836, 0.208384
-40.5386, 266.127, 0.0842643
-40.4373, 206.913, 0.138835
-40.4373, 206.913, 0.138974
-40.4373, 206.972, 0.139033
-40.6387, 928.008, 0.014071
-40.6387, 928.008, 0.0140851
-40.6308, 593.779, 0.0344113
-620.718, 99.0253, 1.23084
-621.945, 99.0253, 1.23207
-40.5432, 357.393, 0.0948996
-46.3354, 185.868, 0.349763
-46.361, 185.868, 0.350113
-40.4589, 298.056, 0.136402
-40.6007, 241.189, 0.207812
-40.6021, 241.189, 0.20802
-40.4394, 279.623, 0.15496
-40.4385, 275.135, 0.159733
-40.4385, 275.135, 0.159893
-40.6383, 928.936, 0.0167114
-40.6272, 593.337, 0.0408736
-40.6272, 593.337, 0.0409145
-881.751, 99.2514, 1.46274
-40.5101, 355.183, 0.114042
-40.5099, 355.183, 0.114156
-54.6015, 183.227, 0.429296
-40.4391, 298.051, 0.161942
-40.4391, 298.051, 0.162104
-40.4388, 294.818, 0.165843
-40.6396, 928.008, 0.00240402
-40.6396, 928.008, 0.00240643
-40.6394, 593.558, 0.00587804
-42.6298, 98.8411, 0.210092
-42.6404, 98.8411, 0.210303
-40.6352, 335.737, 0.0183318
-40.4933, 157.514, 0.0828755
-40.4931, 157.514, 0.0829584
-40.4642, 126.057, 0.129547
-40.4578, 146.4, 0.0959091
-40.4576, 146.4, 0.0960051
-40.5955, 928.936, 0.0985874
-40.4424, 594.074, 0.24128
-40.4425, 594.074, 0.241521
-40.5994, 928.936, 0.0937564
-40.441, 594.069, 0.229456
-40.441, 594.069, 0.229686
-40.6153, 928.936, 0.0720659
-40.4752, 594.025, 0.176365
-40.475, 594.025, 0.176541
-5560.64, 99.8275, 6.32616
-40.4751, 593.972, 0.176396
-40.4749, 593.972, 0.176573
-40.4742, 593.339, 0.177129
-230.15, 243.132, 1.05856
-230.528, 243.132, 1.05962
-40.4442, 519.683, 0.231084
-40.4434, 546.297, 0.208634
-40.4433, 546.297, 0.208843
-40.6082, 928.936, 0.0823374
-40.4523, 594.051, 0.201506
-40.4521, 594.051, 0.201708
-5878.05, 99.8493, 7.22861
-40.4523, 594.021, 0.201526
-40.4521, 594.021, 0.201728
-40.4522, 594.326, 0.201724
-291.965, 243.361, 1.20755
-292.541, 243.361, 1.20876
-40.5968, 493.891, 0.292453
-40.4412, 566.68, 0.221508
-40.4411, 566.68, 0.22173
-40.6313, 928.936, 0.0416853
-40.569, 593.868, 0.102002
-40.5688, 593.868, 0.102104
-3649.05, 99.6957, 3.65685
-40.4401, 426.283, 0.198272
-40.4401, 426.283, 0.19847
-40.6325, 928.936, 0.0384714
-40.5784, 593.837, 0.0941351
-40.5783, 593.837, 0.0942293
-3340.26, 99.6703, 3.37448
-40.4404, 409.94, 0.197855
-40.4404, 409.94, 0.198053
-40.4642, 451.787, 0.163157
-40.4399, 414.084, 0.193907
-40.4399, 414.084, 0.194101
-40.6394, 928.936, 0.00665157
-40.6377, 592.487, 0.0162571
-40.6376, 592.487, 0.0162734
-119.896, 98.5422, 0.580122
-40.6111, 344.863, 0.0477689
-40.611, 344.863, 0.0478167
-40.8115, 169.556, 0.196835
-40.5381, 260.332, 0.0836304
-40.5379, 260.332, 0.083714
-40.4375, 204.468, 0.135568
-40.4372, 201.912, 0.138732
-40.4373, 201.912, 0.138871
-40.6394, 928.936, 0.00750082
-40.6371, 592.581, 0.0183342
-40.6371, 592.581, 0.0183525
-154.107, 98.62, 0.654449
-40.6034, 344.193, 0.0541239
-40.6033, 344.193, 0.0541781
-41.2922, 168.614, 0.224781
-40.5337, 270.499, 0.0874747
-40.5335, 270.499, 0.0875622
-40.4384, 210.129, 0.144972
-40.4474, 224.224, 0.127128
-40.4473, 224.224, 0.127255
-40.4384, 210.129, 0.144972
-40.6388, 928.008, 0.012966
-40.6388, 928.008, 0.012979
-40.6321, 593.701, 0.0317069
-520.51, 98.9602, 1.13381
-521.714, 98.9602, 1.13495
-40.5479, 349.979, 0.0911226
-48.0624, 175.378, 0.361524
-48.0946, 175.378, 0.361886
-40.4597, 288.892, 0.133669
-40.653, 229.941, 0.210451
-40.6547, 229.941, 0.210662
-40.4394, 270.655, 0.152264
-40.4383, 266.08, 0.157224
-40.4383, 266.08, 0.157382
-40.6154, 928.936, 0.0719708
-40.4754, 594.024, 0.176132
-40.4752, 594.024, 0.176308
-5557.19, 99.8272, 6.3178
-40.4754, 593.971, 0.176164
-40.4752, 593.971, 0.17634
-40.4745, 593.313, 0.17691
-229.671, 243.126, 1.05721
-230.047, 243.126, 1.05826
-40.4438, 520.118, 0.230392
-40.4432, 545.459, 0.209002
-40.4431, 545.459, 0.209211
-40.7868, 0.0286724, 0.000189555
-40.6504, 0.0583861, 9.39389e-05
-40.6504, 0.0583861, 9.40329e-05
-239.604, 0.0286724, 0.00574877
-51.4731, 0.0590413, 0.00288191
-51.4987, 0.0590413, 0.00288479
-385.597, 0.0286724, 0.00877014
-69.1848, 0.0596222, 0.00444252
-69.2478, 0.0596222, 0.00444697
-43.6985, 0.0286724, 0.000803833
-40.7908, 0.0584353, 0.000398701
-40.7911, 0.0584353, 0.000399099
-122.893, 0.0286724, 0.00344605
-43.8544, 0.058723, 0.00171786
-43.8619, 0.058723, 0.00171958
-58.7823, 0.0286724, 0.00170295
-41.2964, 0.058525, 0.000845984
-41.2978, 0.058525, 0.000846831
-252.251, 0.0286724, 0.00599172
-52.5811, 0.0590825, 0.0030059
-52.6092, 0.0590825, 0.00300891
-415.102, 0.0286724, 0.00948571
-74.5348, 0.0598063, 0.00482107
-74.6088, 0.0598063, 0.00482589
-58.6854, 0.0286724, 0.00169901
-41.2931, 0.0585243, 0.000844015
-41.2945, 0.0585243, 0.000844859
-41.1667, 0.0286724, 0.000365183
-40.679, 0.0584214, 0.000181087
-40.679, 0.0584214, 0.000181268
-379.212, 0.0286724, 0.00862224
-68.1287, 0.0595774, 0.00436407
-68.1899, 0.0595774, 0.00436844
-42.6411, 0.0286724, 0.000670713
-40.7476, 0.0584084, 0.000332518
-40.7478, 0.0584084, 0.00033285
-414.422, 0.0286724, 0.00946853
-74.4006, 0.0597954, 0.00481138
-74.4743, 0.0597954, 0.0048162
-66.8975, 0.0286724, 0.00200194
-41.5712, 0.0585565, 0.000995064
-41.5732, 0.0585565, 0.000996059
-421.252, 0.0286724, 0.00964244
-75.763, 0.059819, 0.00490185
-75.8389, 0.059819, 0.00490676
-41.3477, 0.0130315, 0.000189555
-40.6927, 0.0264494, 9.36289e-05
-40.6928, 0.0264494, 9.37226e-05
-544.216, 0.0130315, 0.00574877
-106.837, 0.0269894, 0.00289955
-106.969, 0.0269894, 0.00290245
-661.71, 0.0130315, 0.00877014
-186.288, 0.0280632, 0.00462287
-186.534, 0.0280632, 0.00462749
-40.6403, 0.60658, 0.000356888
-61.0808, 0.0130184, 0.000803833
-61.128, 0.0130184, 0.000804638
-41.3835, 0.0265083, 0.000397535
-344.827, 0.0130184, 0.00344605
-345.212, 0.0130184, 0.0034495
-62.4992, 0.026698, 0.00171667
-140.653, 0.0130184, 0.00170295
-140.84, 0.0130184, 0.00170465
-44.7669, 0.0265658, 0.000844039
-559.206, 0.0130184, 0.00599172
-559.556, 0.0130184, 0.00599771
-112.369, 0.0269481, 0.00301398
-674.722, 0.0130184, 0.00948571
-674.867, 0.0130184, 0.0094952
-206.917, 0.0285483, 0.00510039
-40.6403, 0.65689, 0.00042632
-40.6403, 0.65689, 0.000426747
-140.032, 0.0130315, 0.00169901
-44.7539, 0.0265387, 0.000842067
-44.7639, 0.0265387, 0.000842909
-43.7721, 0.0130315, 0.000365183
-40.7964, 0.0264573, 0.000180432
-40.7967, 0.0264573, 0.000180613
-658.537, 0.0130315, 0.00862224
-182.068, 0.0279835, 0.00452949
-182.308, 0.0279835, 0.00453403
-40.6402, 0.59801, 0.000344959
-54.0284, 0.0130184, 0.000670713
-54.06, 0.0130184, 0.000671384
-41.1506, 0.0265011, 0.00033161
-674.46, 0.0130184, 0.00946853
-674.603, 0.0130184, 0.009478
-206.504, 0.0285817, 0.00509869
-40.6403, 0.66074, 0.000428709
-40.6403, 0.66074, 0.000429138
-174.463, 0.0130315, 0.00200194
-46.7241, 0.0265581, 0.000992946
-46.7387, 0.0265581, 0.00099394
-676.848, 0.0130315, 0.00964244
-211.936, 0.0286582, 0.00521676
-212.209, 0.0286582, 0.00522198
-40.6403, 0.673668, 0.000446947
-40.6836, 0.0578465, 0.000189555
-40.6837, 0.0578465, 0.000189745
-40.6421, 0.118663, 9.44546e-05
-93.5611, 0.0578465, 0.00574877
-93.6685, 0.0578465, 0.00575452
-42.5052, 0.119838, 0.00289422
-158.472, 0.0578465, 0.00877014
-158.674, 0.0578465, 0.00877891
-45.6202, 0.120583, 0.00444469
-41.244, 0.0578465, 0.000803833
-41.2453, 0.0578465, 0.000804638
-40.6831, 0.118844, 0.000401176
-57.9188, 0.0578465, 0.00344605
-57.9585, 0.0578465, 0.0034495
-41.2439, 0.119319, 0.001727
-43.9071, 0.0578465, 0.00170295
-43.9148, 0.0578465, 0.00170465
-40.7937, 0.118971, 0.000850847
-98.2025, 0.0578465, 0.00599172
-98.3177, 0.0578465, 0.00599771
-42.6857, 0.119897, 0.00301812
-175.268, 0.0578465, 0.00948571
-175.495, 0.0578465, 0.0094952
-46.6356, 0.119787, 0.00477345
-43.8894, 0.0578465, 0.00169901
-43.897, 0.0578465, 0.00170071
-40.793, 0.118971, 0.000848882
-40.7699, 0.0578465, 0.000365183
-40.7701, 0.0578465, 0.000365549
-40.6488, 0.1188, 0.000182186
-155.045, 0.0578465, 0.00862224
-155.246, 0.0578465, 0.00863087
-45.4268, 0.120493, 0.00436624
-41.0609, 0.0578465, 0.000670713
-41.0618, 0.0578465, 0.000671384
-40.67, 0.118743, 0.000334446
-174.867, 0.0578465, 0.00946853
-175.088, 0.0578465, 0.009478
-46.6071, 0.120769, 0.00480666
-45.4355, 0.0578465, 0.00200194
-45.447, 0.0578465, 0.00200395
-40.8491, 0.119011, 0.00100058
-178.995, 0.0578465, 0.00964244
-179.223, 0.0578465, 0.00965209
-46.867, 0.120795, 0.00489607
-40.6538, 0.0998966, 0.000189555
-40.6539, 0.0998966, 0.000189745
-40.6404, 0.206611, 9.52661e-05
-55.3333, 0.0998966, 0.00574877
-55.3672, 0.0998966, 0.00575452
-41.1311, 0.208557, 0.0029183
-78.0068, 0.0998966, 0.00877014
-78.0847, 0.0998966, 0.00877891
-41.8499, 0.209721, 0.00447924
-40.8401, 0.0998966, 0.000803833
-40.8404, 0.0998966, 0.000804638
-40.6529, 0.208344, 0.000407605
-45.0611, 0.0998966, 0.00344605
-45.0716, 0.0998966, 0.0034495
-40.8244, 0.207765, 0.00174219
-41.5224, 0.0998966, 0.00170295
-41.5243, 0.0998966, 0.00170465
-40.6963, 0.207469, 0.000859632
-56.7934, 0.0998966, 0.00599172
-56.8303, 0.0998966, 0.00599771
-41.1756, 0.208401, 0.00303917
-84.6339, 0.0998966, 0.00948571
-84.7239, 0.0998966, 0.0094952
-42.0816, 0.209965, 0.00485093
-41.5181, 0.0998966, 0.00169901
-41.52, 0.0998966, 0.00170071
-40.6962, 0.207476, 0.000857674
-40.6918, 0.0998966, 0.000365183
-40.6919, 0.0998966, 0.000365549
-40.6424, 0.206712, 0.000183627
-76.697, 0.0998966, 0.00862224
-76.7732, 0.0998966, 0.00863087
-41.8062, 0.209615, 0.00440124
-40.7789, 0.0998966, 0.000670713
-40.7792, 0.0998966, 0.000671384
-40.6489, 0.207011, 0.000337774
-84.4709, 0.0998966, 0.00946853
-84.5607, 0.0998966, 0.009478
-42.0756, 0.209952, 0.00484181
-41.9056, 0.0998966, 0.00200194
-41.9083, 0.0998966, 0.00200395
-40.7095, 0.207664, 0.00101158
-86.1339, 0.0998966, 0.00964244
-86.2278, 0.0998966, 0.00965209
-42.1368, 0.209932, 0.00493022
-40.7078, 0.0462242, 0.000189555
-40.7079, 0.0462242, 0.000189745
-40.6436, 0.0952343, 9.48805e-05
-125.113, 0.0462242, 0.00574877
-125.274, 0.0462242, 0.00575452
-43.9006, 0.0955491, 0.00288747
-215.73, 0.0462242, 0.00877014
-216.001, 0.0462242, 0.00877891
-49.4808, 0.0962069, 0.0044373
-41.6357, 0.0462242, 0.000803833
-41.6378, 0.0462242, 0.000804638
-40.7063, 0.0947387, 0.000400186
-70.0003, 0.0462242, 0.00344605
-70.0652, 0.0462242, 0.0034495
-41.6528, 0.0951417, 0.00172315
-46.3199, 0.0462242, 0.00170295
-46.3334, 0.0462242, 0.00170465
-40.8797, 0.0948474, 0.000848809
-131.956, 0.0462242, 0.00599172
-132.126, 0.0462242, 0.00599771
-44.2373, 0.0956108, 0.00301155
-237.725, 0.0462242, 0.00948571
-238.017, 0.0462242, 0.0094952
-51.266, 0.0963695, 0.00480809
-46.2888, 0.0462242, 0.00169901
-46.3022, 0.0462242, 0.00170071
-40.8787, 0.0948475, 0.000846844
-40.8465, 0.0462242, 0.000365183
-40.8469, 0.0462242, 0.000365549
-40.6542, 0.0946258, 0.000181583
-211.166, 0.0462242, 0.00862224
-211.431, 0.0462242, 0.00863087
-49.1341, 0.0961849, 0.0043614
-41.3131, 0.0462242, 0.000670713
-41.3146, 0.0462242, 0.000671384
-40.6884, 0.0946942, 0.000333751
-237.195, 0.0462242, 0.00946853
-237.488, 0.0462242, 0.009478
-51.2211, 0.0963591, 0.00479881
-48.9941, 0.0462242, 0.00200194
-49.0141, 0.0462242, 0.00200395
-40.9664, 0.0948882, 0.00099828
-242.507, 0.0462242, 0.00964244
-242.804, 0.0462242, 0.00965209
-51.6809, 0.0963977, 0.00488907
-40.6822, 0.0587961, 0.000189555
-40.6822, 0.0587961, 0.000189745
-40.642, 0.120633, 9.44722e-05
-91.7246, 0.0587961, 0.00574877
-91.8298, 0.0587961, 0.00575452
-42.431, 0.121802, 0.00289414
-154.935, 0.0587961, 0.00877014
-155.136, 0.0587961, 0.00877891
-45.4174, 0.122527, 0.00444332
-41.2231, 0.0587961, 0.000803833
-41.2243, 0.0587961, 0.000804638
-40.6816, 0.120836, 0.000401318
-57.2525, 0.0587961, 0.00344605
-57.2909, 0.0587961, 0.0034495
-41.2216, 0.121294, 0.00172724
-43.7802, 0.0587961, 0.00170295
-43.7875, 0.0587961, 0.00170465
-40.7884, 0.120958, 0.000851098
-96.2304, 0.0587961, 0.00599172
-96.3433, 0.0587961, 0.00599771
-42.6055, 0.121861, 0.00301799
-171.368, 0.0587961, 0.00948571
-171.588, 0.0587961, 0.0094952
-46.3844, 0.122719, 0.00481399
-43.7634, 0.0587961, 0.00169901
-43.7706, 0.0587961, 0.00170071
-40.7877, 0.120959, 0.000849134
-40.7658, 0.0587961, 0.000365183
-40.7661, 0.0587961, 0.000365549
-40.6484, 0.120789, 0.000182246
-151.581, 0.0587961, 0.00862224
-151.775, 0.0587961, 0.00863087
-45.2299, 0.122519, 0.00436809
-41.0458, 0.0587961, 0.000670713
-41.0466, 0.0587961, 0.000671384
-40.669, 0.120723, 0.000334534
-170.968, 0.0587961, 0.00946853
-171.188, 0.0587961, 0.009478
-46.3598, 0.122708, 0.0048048
-45.2451, 0.0587961, 0.00200194
-45.2561, 0.0587961, 0.00200395
-40.8432, 0.120992, 0.00100082
-174.984, 0.0587961, 0.00964244
-175.211, 0.0587961, 0.00965209
-46.6152, 0.121694, 0.00484979
-40.6589, 0.086249, 0.000189555
-40.6589, 0.086249, 0.000189745
-40.6407, 0.177901, 9.49948e-05
-61.7341, 0.086249, 0.00574877
-61.7815, 0.086249, 0.00575452
-41.344, 0.179592, 0.00291003
-92.7647, 0.086249, 0.00877014
-92.8701, 0.086249, 0.00877891
-42.4108, 0.18055, 0.00446513
-40.9007, 0.086249, 0.000803833
-40.9012, 0.086249, 0.000804638
-40.658, 0.178524, 0.000404322
-47.0593, 0.086249, 0.00344605
-47.0747, 0.086249, 0.0034495
-40.8883, 0.178867, 0.00173687
-41.8891, 0.086249, 0.00170295
-41.8921, 0.086249, 0.00170465
-40.7107, 0.178327, 0.000855573
-63.7836, 0.086249, 0.00599172
-63.8354, 0.086249, 0.00599771
-41.4049, 0.17965, 0.00303407
-101.574, 0.086249, 0.00948571
-101.694, 0.086249, 0.0094952
-42.7554, 0.1808, 0.00483677
-41.8824, 0.086249, 0.00169901
-41.8853, 0.086249, 0.00170071
-40.7104, 0.178329, 0.000853598
-40.7072, 0.086249, 0.000365183
-40.7073, 0.086249, 0.000365549
-40.6435, 0.179923, 0.000185224
-90.9911, 0.086249, 0.00862224
-91.0937, 0.086249, 0.00863087
-42.3471, 0.179631, 0.00436562
-40.8302, 0.086249, 0.000670713
-40.8306, 0.086249, 0.000671384
-40.6525, 0.178053, 0.000336426
-101.358, 0.086249, 0.00946853
-101.477, 0.086249, 0.009478
-42.7466, 0.180787, 0.00482764
-42.4362, 0.086249, 0.00200194
-42.4404, 0.086249, 0.00200395
-40.7312, 0.178439, 0.00100645
-103.551, 0.086249, 0.00964244
-103.672, 0.086249, 0.00965209
-42.8374, 0.180915, 0.00492012
-40.6615, 0.0811303, 0.000189555
-40.6616, 0.0811303, 0.000189745
-40.6408, 0.167175, 9.48951e-05
-65.0808, 0.0811303, 0.00574877
-65.135, 0.0811303, 0.00575452
-41.4508, 0.168772, 0.00290704
-100.204, 0.0811303, 0.00877014
-100.323, 0.0811303, 0.00877891
-42.7129, 0.169537, 0.00445662
-40.9347, 0.0811303, 0.000803833
-40.9353, 0.0811303, 0.000804638
-40.6606, 0.167579, 0.000403433
-48.1266, 0.0811303, 0.00344605
-48.1444, 0.0811303, 0.0034495
-40.924, 0.168091, 0.0017351
-42.0796, 0.0811303, 0.00170295
-42.0828, 0.0811303, 0.00170465
-40.7185, 0.167742, 0.000855562
-67.4279, 0.0811303, 0.00599172
-67.4871, 0.0811303, 0.00599771
-41.5257, 0.168828, 0.00303098
-110.06, 0.0811303, 0.00948571
-110.195, 0.0811303, 0.0094952
-43.125, 0.169886, 0.00483106
-42.0723, 0.0811303, 0.00169901
-42.0754, 0.0811303, 0.00170071
-40.7182, 0.167746, 0.000853602
-40.713, 0.0811303, 0.000365183
-40.7131, 0.0811303, 0.000365549
-40.644, 0.16856, 0.000184418
-98.2381, 0.0811303, 0.00862224
-98.3526, 0.0811303, 0.00863087
-42.6335, 0.169651, 0.00438465
-40.8536, 0.0811303, 0.000670713
-40.854, 0.0811303, 0.000671384
-40.6543, 0.168147, 0.000337828
-109.817, 0.0811303, 0.00946853
-109.951, 0.0811303, 0.009478
-43.1149, 0.169874, 0.00482193
-42.7244, 0.0811303, 0.00200194
-42.7291, 0.0811303, 0.00200395
-40.743, 0.167806, 0.00100618
-112.277, 0.0811303, 0.00964244
-112.413, 0.0811303, 0.00965209
-43.2187, 0.169999, 0.00491443
-44.2626, 0.00638465, 0.000189555
-44.2712, 0.00638465, 0.000189745
-40.8177, 0.0129682, 9.35103e-05
-719.125, 0.00638465, 0.00574877
-719.201, 0.00638465, 0.00575452
-279.316, 0.0141361, 0.00312942
-40.6416, 0.338005, 0.000274804
-40.6416, 0.338005, 0.000275079
-724.513, 0.00639104, 0.00877014
-483.534, 0.0064901, 0.0238365
-482.837, 0.0064901, 0.0238604
-40.6397, 0.00693656, 1.30073
-135.04, 0.00638465, 0.000803833
-135.22, 0.00638465, 0.000804638
-44.4865, 0.0129916, 0.00039726
-624.17, 0.00638465, 0.00344605
-624.471, 0.00638465, 0.0034495
-141.068, 0.0131267, 0.00172116
-353.303, 0.00638465, 0.00170295
-353.692, 0.00638465, 0.00170465
-63.4647, 0.013031, 0.000844193
-721.927, 0.00638465, 0.00599172
-721.986, 0.00638465, 0.00599771
-296.576, 0.0144929, 0.0033745
-40.6418, 0.382876, 0.0003395
-40.6418, 0.382876, 0.00033984
-720.987, 0.00639104, 0.00948571
-290.177, 0.00521195, 0.0252538
-289.215, 0.00521195, 0.0252791
-40.6397, 0.0023168, 1.26869
-352.398, 0.00638465, 0.00169901
-352.789, 0.00638465, 0.00170071
-63.3435, 0.0130306, 0.00084221
-57.964, 0.00638465, 0.000365183
-58.0045, 0.00638465, 0.000365549
-41.281, 0.0129746, 0.000180239
-725.118, 0.00638465, 0.00862224
-725.084, 0.00638465, 0.00863087
-531.834, 0.00701449, 0.0233362
-40.6397, 0.0101686, 1.25218
-40.6397, 0.0101686, 1.25343
-106.579, 0.00639104, 0.000670713
-43.1509, 0.0129733, 0.000331336
-43.1568, 0.0129733, 0.000331667
-721.083, 0.00639104, 0.00946853
-293.804, 0.00522937, 0.0252254
-292.841, 0.00522937, 0.0252506
-40.6397, 0.00235576, 1.27074
-418.474, 0.00638465, 0.00200194
-418.886, 0.00638465, 0.00200395
-73.5065, 0.0130475, 0.000993686
-720.082, 0.00638465, 0.00964244
-720.026, 0.00638465, 0.00965209
-259.873, 0.00507346, 0.0255122
-40.6397, 0.0020128, 1.25024
-40.6397, 0.0020128, 1.25149
-40.9997, 0.018029, 0.000189555
-40.6671, 0.0366311, 9.37277e-05
-40.6672, 0.0366311, 9.38215e-05
-412.59, 0.018029, 0.00574877
-73.3329, 0.0371832, 0.00288667
-73.4049, 0.0371832, 0.00288956
-568.459, 0.018029, 0.00877014
-119.24, 0.0378827, 0.00449349
-119.392, 0.0378827, 0.00449799
-50.0518, 0.018029, 0.000803833
-41.0152, 0.0366662, 0.000397849
-41.016, 0.0366662, 0.000398247
-230.473, 0.018029, 0.00344605
-50.7094, 0.0368944, 0.00171641
-50.7334, 0.0368944, 0.00171813
-92.4357, 0.018029, 0.00170295
-42.5368, 0.0367381, 0.000844533
-42.5413, 0.0367381, 0.000845378
-428.852, 0.018029, 0.00599172
-76.4294, 0.0372121, 0.00301113
-76.5077, 0.0372121, 0.00301414
-592.115, 0.018029, 0.00948571
-131.985, 0.0381397, 0.00489718
-132.159, 0.0381397, 0.00490208
-92.1851, 0.018029, 0.00169901
-42.5265, 0.0367375, 0.000842562
-42.5309, 0.0367375, 0.000843405
-42.1042, 0.018029, 0.000365183
-40.7273, 0.036643, 0.000180628
-40.7274, 0.036643, 0.000180809
-563.017, 0.018029, 0.00862224
-116.671, 0.0378331, 0.0044113
-116.82, 0.0378331, 0.00441571
-46.7398, 0.018029, 0.000670713
-40.9032, 0.0366569, 0.000331877
-40.9036, 0.0366569, 0.000332209
-591.595, 0.018029, 0.00946853
-131.665, 0.0381234, 0.00488594
-131.838, 0.0381234, 0.00489083
-112.719, 0.018029, 0.00200194
-43.4048, 0.0367636, 0.000993512
-43.4114, 0.0367636, 0.000994506
-596.736, 0.018029, 0.00964244
-134.866, 0.0382107, 0.00498863
-135.04, 0.0382107, 0.00499362
-40.7098, 0.0451207, 0.000189555
-40.6439, 0.0926776, 9.47766e-05
-40.6439, 0.0926776, 9.48714e-05
-129.272, 0.0451207, 0.00574877
-44.1239, 0.0931004, 0.00288808
-44.1322, 0.0931004, 0.00289097
-222.842, 0.0451207, 0.00877014
-50.0869, 0.0937279, 0.00443757
-50.1091, 0.0937279, 0.00444201
-41.6912, 0.0451207, 0.000803833
-40.7087, 0.0922562, 0.000400025
-40.7087, 0.0922562, 0.000400425
-71.6741, 0.0451207, 0.00344605
-41.7177, 0.0926538, 0.00172255
-41.7202, 0.0926538, 0.00172427
-46.6672, 0.0451207, 0.00170295
-40.8919, 0.0923723, 0.000848563
-40.8924, 0.0923723, 0.000849412
-136.373, 0.0451207, 0.00599172
-44.4829, 0.0931189, 0.00301076
-44.4918, 0.0931189, 0.00301378
-245.387, 0.0451207, 0.00948571
-51.9903, 0.0938967, 0.00480896
-52.0168, 0.0938967, 0.00481377
-46.634, 0.0451207, 0.00169901
-40.8908, 0.0923721, 0.000846596
-40.8913, 0.0923721, 0.000847443
-40.8561, 0.0451207, 0.000365183
-40.655, 0.0924416, 0.000182108
-40.6551, 0.0924416, 0.00018229
-218.152, 0.0451207, 0.00862224
-49.7161, 0.0937044, 0.00436156
-49.7375, 0.0937044, 0.00436592
-41.3508, 0.0451207, 0.000670713
-40.6911, 0.0922175, 0.000333634
-40.6912, 0.0922175, 0.000333968
-244.849, 0.0451207, 0.00946853
-51.9423, 0.0938864, 0.00479967
-51.9687, 0.0938864, 0.00480447
-49.506, 0.0451207, 0.00200194
-40.9856, 0.0924218, 0.0009981
-40.9863, 0.0924218, 0.000999098
-250.285, 0.0451207, 0.00964244
-52.4321, 0.0939267, 0.0048901
-52.4596, 0.0939267, 0.00489499
-40.6924, 0.0529166, 0.000189555
-40.6427, 0.108231, 9.43631e-05
-40.6427, 0.108231, 9.44575e-05
-104.656, 0.0529166, 0.00574877
-42.9745, 0.109282, 0.00289075
-42.98, 0.109282, 0.00289364
-179.325, 0.0529166, 0.00877014
-46.936, 0.109988, 0.00444041
-46.9507, 0.109988, 0.00444485
-41.3779, 0.0529166, 0.000803833
-40.6924, 0.10833, 0.000400533
-40.6925, 0.10833, 0.000400934
-62.0299, 0.0529166, 0.00344605
-41.3897, 0.10882, 0.00172514
-41.3914, 0.10882, 0.00172687
-44.7125, 0.0529166, 0.00170295
-40.8277, 0.108521, 0.000850086
-40.8281, 0.108521, 0.000850937
-110.11, 0.0529166, 0.00599172
-43.2136, 0.109341, 0.00301465
-43.2197, 0.109341, 0.00301767
-198.182, 0.0529166, 0.00948571
-48.2135, 0.110197, 0.00481258
-48.2315, 0.110197, 0.0048174
-44.6906, 0.0529166, 0.00169901
-40.8268, 0.108521, 0.000848124
-40.8272, 0.108521, 0.000848973
-40.7953, 0.0529166, 0.000365183
-40.6507, 0.108294, 0.000181901
-40.6507, 0.108294, 0.000182083
-175.444, 0.0529166, 0.00862224
-46.6889, 0.109973, 0.0043649
-46.7033, 0.109973, 0.00436927
-41.1454, 0.0529166, 0.000670713
-40.6765, 0.108459, 0.000334612
-40.6765, 0.108459, 0.000334947
-197.731, 0.0529166, 0.00946853
-48.1812, 0.110186, 0.00480336
-48.199, 0.110186, 0.00480817
-46.6198, 0.0529166, 0.00200194
-40.8877, 0.10855, 0.000999618
-40.8882, 0.10855, 0.00100062
-202.332, 0.0529166, 0.00964244
-48.5106, 0.110217, 0.00489308
-48.529, 0.110217, 0.00489798
-40.6602, 0.0836477, 0.000189555
-40.6408, 0.1721, 9.49424e-05
-40.6408, 0.1721, 9.50374e-05
-63.3523, 0.0836477, 0.00574877
-41.3984, 0.173711, 0.00290794
-41.4, 0.173711, 0.00291085
-96.3866, 0.0836477, 0.00877014
-42.5648, 0.174649, 0.00446219
-42.5692, 0.174649, 0.00446665
-40.917, 0.0836477, 0.000803833
-40.6594, 0.172598, 0.000403837
-40.6594, 0.172598, 0.000404241
-47.5719, 0.0836477, 0.00344605
-40.9066, 0.17306, 0.00173616
-40.9071, 0.17306, 0.0017379
-41.9819, 0.0836477, 0.00170295
-40.7147, 0.172766, 0.000856422
-40.7148, 0.172766, 0.000857279
-65.5448, 0.0836477, 0.00599172
-41.4665, 0.173832, 0.00303309
-41.4682, 0.173832, 0.00303613
-105.71, 0.0836477, 0.00948571
-42.9469, 0.1749, 0.00483384
-42.9523, 0.1749, 0.00483868
-41.9753, 0.0836477, 0.00169901
-40.7144, 0.172771, 0.000854467
-40.7145, 0.172771, 0.000855322
-40.7099, 0.0836477, 0.000365183
-40.6438, 0.173762, 0.000184782
-40.6438, 0.173762, 0.000184966
-94.5193, 0.0836477, 0.00862224
-42.4925, 0.174667, 0.00438743
-42.4966, 0.174667, 0.00439182
-40.8432, 0.0836477, 0.000670713
-40.6534, 0.173296, 0.000338403
-40.6534, 0.173296, 0.000338742
-105.48, 0.0836477, 0.00946853
-42.9371, 0.174887, 0.00482471
-42.9425, 0.174887, 0.00482954
-42.5788, 0.0836477, 0.00200194
-40.7373, 0.172591, 0.00100571
-40.7375, 0.172591, 0.00100672
-107.805, 0.0836477, 0.00964244
-43.0363, 0.175013, 0.0049172
-43.0417, 0.175013, 0.00492212
-40.6563, 0.0924951, 0.000189555
-40.6406, 0.190636, 9.51162e-05
-40.6406, 0.190636, 9.52114e-05
-58.423, 0.0924951, 0.00574877
-41.2356, 0.192438, 0.00291369
-41.2369, 0.192438, 0.00291661
-85.2218, 0.0924951, 0.00877014
-42.1254, 0.193495, 0.00447163
-42.1288, 0.193495, 0.0044761
-40.8685, 0.0924951, 0.000803833
-40.6554, 0.191644, 0.000405612
-40.6555, 0.191644, 0.000406017
-46.0153, 0.0924951, 0.00344605
-40.8553, 0.191719, 0.00173959
-40.8557, 0.191719, 0.00174133
-41.6947, 0.0924951, 0.00170295
-40.7033, 0.1912, 0.000857184
-40.7034, 0.1912, 0.000858042
-60.1706, 0.0924951, 0.00599172
-41.2925, 0.192499, 0.00303788
-41.2939, 0.192499, 0.00304092
-92.9366, 0.0924951, 0.00948571
-42.4114, 0.193742, 0.00484326
-42.4154, 0.193742, 0.00484811
-41.6893, 0.0924951, 0.00169901
-40.7031, 0.191203, 0.000855214
-40.7032, 0.191203, 0.00085607
-40.7009, 0.0924951, 0.000365183
-40.643, 0.190729, 0.000183339
-40.643, 0.190729, 0.000183522
-83.6832, 0.0924951, 0.00862224
-42.0689, 0.193392, 0.00439365
-42.0721, 0.193392, 0.00439805
-40.8034, 0.0924951, 0.000670713
-40.6507, 0.190873, 0.000336996
-40.6507, 0.190873, 0.000337333
-92.7469, 0.0924951, 0.00946853
-42.4043, 0.193729, 0.00483414
-42.4082, 0.193729, 0.00483898
-42.1542, 0.0924951, 0.00200194
-40.7201, 0.191336, 0.00100844
-40.7203, 0.191336, 0.00100945
-94.6738, 0.0924951, 0.00964244
-42.4776, 0.193715, 0.00492254
-42.4817, 0.193715, 0.00492747
-40.6931, 0.0525955, 0.000189555
-40.6427, 0.107568, 9.43573e-05
-40.6427, 0.107568, 9.44517e-05
-105.485, 0.0525955, 0.00574877
-43.0106, 0.108622, 0.00289083
-43.0162, 0.108622, 0.00289372
-180.837, 0.0525955, 0.00877014
-47.0342, 0.109335, 0.00444104
-47.0492, 0.109335, 0.00444549
-41.3883, 0.0525955, 0.000803833
-40.6931, 0.107663, 0.000400497
-40.6932, 0.107663, 0.000400897
-62.3418, 0.0525955, 0.00344605
-41.4009, 0.108155, 0.00172507
-41.4026, 0.108155, 0.0017268
-44.7729, 0.0525955, 0.00170295
-40.8303, 0.107851, 0.00085
-40.8307, 0.107851, 0.00085085
-110.995, 0.0525955, 0.00599172
-43.254, 0.108682, 0.00301476
-43.2602, 0.108682, 0.00301778
-199.832, 0.0525955, 0.00948571
-48.3331, 0.109469, 0.00480976
-48.3513, 0.109469, 0.00481458
-44.7506, 0.0525955, 0.00169901
-40.8294, 0.107852, 0.000848037
-40.8298, 0.107852, 0.000848885
-40.7972, 0.0525955, 0.000365183
-40.6508, 0.107627, 0.000181884
-40.6508, 0.107627, 0.000182066
-176.914, 0.0525955, 0.00862224
-46.7856, 0.108875, 0.0043465
-46.8002, 0.108875, 0.00435085
-41.1515, 0.0525955, 0.000670713
-40.6769, 0.107785, 0.000334562
-40.677, 0.107785, 0.000334897
-199.369, 0.0525955, 0.00946853
-48.3002, 0.109458, 0.00480054
-48.3183, 0.109458, 0.00480534
-46.7107, 0.0525955, 0.00200194
-40.8907, 0.107883, 0.000999541
-40.8912, 0.107883, 0.00100054
-204.01, 0.0525955, 0.00964244
-48.6336, 0.109567, 0.00489398
-48.6524, 0.109567, 0.00489888
