-363.892, 154.221, 0.0637536
-325.516, 99.1304, 0.156422
-325.438, 99.1304, 0.156578
-1462.6, 17.007, 5.66848
-322.22, 97.5285, 0.161696
-322.137, 97.5285, 0.161858
-318.561, 95.9666, 0.167438
-643.436, 40.3589, 0.974228
-645.074, 40.3589, 0.975203
-209.996, 69.1837, 0.325928
-152.731, 55.6685, 0.506257
-152.737, 55.6685, 0.506763
-366.653, 154.221, 0.0437503
-347.316, 99.0256, 0.107287
-347.275, 99.0256, 0.107394
-2265.7, 16.9173, 3.87983
-346.362, 98.1333, 0.109276
-346.319, 98.1333, 0.109386
-345.358, 97.317, 0.11137
-230.58, 40.5345, 0.657341
-231.084, 40.5345, 0.657999
-335.041, 90.0525, 0.13036
-160.155, 51.0174, 0.412164
-160.078, 51.0174, 0.412576
-151.41, 47.5848, 0.475707
-151.291, 47.2056, 0.482513
-151.296, 47.2056, 0.482996
-368.688, 154.221, 0.0188756
-364.854, 98.8907, 0.0462568
-364.846, 98.8907, 0.0463031
-1969.79, 16.8023, 1.66829
-363.29, 92.856, 0.052536
-363.279, 92.856, 0.0525886
-360.151, 85.1272, 0.0627531
-176.621, 37.782, 0.323559
-176.495, 37.782, 0.323882
-168.719, 36.8257, 0.341459
-161.355, 35.8844, 0.359084
-161.239, 35.8844, 0.359443
-487.52, 24.5671, 0.773987
-147.417, 33.5662, 0.410987
-147.395, 33.5662, 0.411398
-147.034, 33.3257, 0.41785
-206.626, 28.5846, 0.568692
-207.065, 28.5846, 0.569261
-147.034, 33.3257, 0.41785
-368.047, 154.067, 0.0290373
-368.045, 154.067, 0.0290664
-359.189, 99.0461, 0.0711792
-2500.35, 16.8334, 2.57003
-2500.8, 16.8334, 2.5726
-358.768, 98.2056, 0.0724181
-358.305, 97.2487, 0.0737188
-358.284, 97.2487, 0.0737925
-150.322, 40.5007, 0.435269
-149.835, 40.2669, 0.439512
-149.805, 40.2669, 0.439952
-149.114, 39.8331, 0.450168
-1031.77, 25.8816, 1.07561
-1033.95, 25.8816, 1.07669
-148.992, 39.6544, 0.454285
-148.952, 39.523, 0.456423
-148.957, 39.523, 0.45688
-365.256, 154.221, 0.054744
-336.033, 99.0834, 0.134285
-335.972, 99.0834, 0.13442
-1825.37, 16.9667, 4.86175
-334.135, 97.8886, 0.137638
-334.071, 97.8886, 0.137776
-332.086, 96.7556, 0.141221
-417.007, 40.4765, 0.828601
-418.109, 40.4765, 0.82943
-207.625, 64.176, 0.325341
-152.227, 52.0904, 0.496193
-152.231, 52.0904, 0.496689
-369.088, 154.221, 0.00734162
-368.496, 98.8092, 0.0179841
-368.495, 98.8092, 0.0180021
-371.676, 16.7332, 0.647553
-324.224, 41.1557, 0.105214
-324.145, 41.1557, 0.105319
-150.257, 23.3552, 0.33053
-140.78, 21.8431, 0.377545
-140.78, 21.8431, 0.377923
-140.764, 21.7992, 0.379845
-187.999, 19.0799, 0.495953
-188.368, 19.0799, 0.496449
-140.764, 21.7992, 0.379845
-359.214, 154.067, 0.0882172
-359.194, 154.067, 0.0883054
-292.935, 99.3557, 0.216579
-723.399, 17.0982, 7.86805
-721.424, 17.0982, 7.87592
-280.721, 95.776, 0.233437
-265.929, 91.9569, 0.253152
-265.774, 91.9569, 0.253406
-1525.22, 39.6918, 1.41132
-189.601, 74.6024, 0.388083
-189.467, 74.6024, 0.388472
-203.522, 56.6327, 0.682806
-153.946, 65.1893, 0.511189
-153.915, 65.1893, 0.5117
-153.592, 64.0608, 0.530836
-367.088, 154.067, 0.0397159
-367.084, 154.067, 0.0397557
-350.981, 99.1033, 0.0973834
-2392.5, 16.8821, 3.52018
-2391.39, 16.8821, 3.52371
-350.234, 98.2687, 0.0990682
-349.415, 97.3178, 0.100837
-349.378, 97.3178, 0.100938
-188.253, 40.5736, 0.595788
-338.532, 88.6085, 0.121954
-338.475, 88.6085, 0.122076
-160.21, 48.947, 0.407224
-150.812, 45.2415, 0.476752
-150.817, 45.2415, 0.477229
-361.74, 154.221, 0.0759323
-309.865, 99.1934, 0.186361
-309.763, 99.1934, 0.186547
-1045.41, 17.0611, 6.76186
-303.307, 96.7911, 0.195914
-303.196, 96.7911, 0.19611
-295.72, 94.383, 0.206663
-1037.94, 40.0881, 1.18213
-1040.33, 40.0881, 1.18331
-199.349, 72.1558, 0.357325
-153.182, 60.1706, 0.516458
-153.189, 60.1706, 0.516975
-360.529, 154.221, 0.0820515
-301.521, 99.2249, 0.20141
-301.407, 99.2249, 0.201612
-873.939, 17.0881, 7.31245
-292.498, 96.2891, 0.214142
-292.372, 96.2891, 0.214356
-281.849, 93.3206, 0.228741
-1270.85, 39.8935, 1.29331
-1273.57, 39.8935, 1.29461
-194.08, 73.3918, 0.373483
-154.872, 60.6695, 0.549692
-154.923, 60.6695, 0.550242
-154.587, 63.8734, 0.495899
-365.478, 154.067, 0.053118
-365.471, 154.067, 0.0531711
-337.844, 99.1741, 0.130291
-1889.54, 16.9425, 4.71634
-1887.28, 16.9425, 4.72106
-336.127, 98.033, 0.133391
-334.22, 96.763, 0.136695
-334.156, 96.763, 0.136832
-383.178, 40.5301, 0.802933
-202.72, 62.3682, 0.333728
-202.574, 62.3682, 0.334062
-152.213, 51.1183, 0.500995
-152.269, 51.8727, 0.485312
-152.258, 51.8727, 0.485797
-152.213, 51.1183, 0.500995
-362.082, 154.067, 0.0740821
-362.069, 154.067, 0.0741562
-312.378, 99.2831, 0.181811
-1099.3, 17.0359, 6.59554
-1096.94, 17.0359, 6.60213
-306.481, 97.033, 0.190509
-299.596, 94.5966, 0.200237
-299.479, 94.5966, 0.200437
-970.797, 40.1841, 1.1492
-201.303, 71.7694, 0.351591
-201.17, 71.7694, 0.351943
-153.127, 59.6016, 0.51451
-368.514, 154.067, 0.0220959
-368.513, 154.067, 0.022118
-363.302, 99.0079, 0.0541534
-2231.24, 16.801, 1.9538
-2232.75, 16.801, 1.95576
-362.774, 97.2847, 0.0561112
-362.164, 95.411, 0.0582445
-362.15, 95.411, 0.0583028
-173.591, 40.0776, 0.33734
-167.84, 39.2222, 0.351675
-167.722, 39.2222, 0.352027
-162.428, 38.4926, 0.366027
-598.197, 25.4179, 0.845661
-599.682, 25.4179, 0.846508
-148.931, 36.1443, 0.415728
-147.537, 35.0804, 0.440731
-147.553, 35.0804, 0.441172
-357.087, 154.221, 0.0975454
-279.489, 99.3037, 0.239536
-279.348, 99.3037, 0.239776
-543.352, 17.1561, 8.71018
-260.769, 94.5252, 0.26496
-260.608, 94.5252, 0.265225
-238.178, 89.6995, 0.295541
-1946.69, 39.1896, 1.60444
-1950.11, 39.1896, 1.60604
-184.992, 76.8376, 0.405609
-365.452, 53.2978, 0.855408
-366.387, 53.2978, 0.856264
-156.897, 69.346, 0.50031
-153.922, 66.6788, 0.540994
-153.942, 66.6788, 0.541536
-367.773, 154.221, 0.032458
-356.787, 98.9655, 0.0795715
-356.763, 98.9655, 0.0796511
-2520.77, 16.866, 2.87411
-356.312, 98.1955, 0.0808407
-356.287, 98.1955, 0.0809216
-355.816, 97.5066, 0.0821684
-151.016, 40.5124, 0.485964
-151.079, 40.5124, 0.48645
-318.153, 72.9886, 0.147749
-150.862, 42.4169, 0.442777
-150.826, 42.4169, 0.44322
-367.218, 427.459, 0.0637536
-351.796, 273.748, 0.156136
-351.763, 273.748, 0.156293
-5770.22, 46.2754, 5.61698
-351.312, 272.183, 0.157951
-351.278, 272.183, 0.158109
-350.821, 270.864, 0.159825
-257.988, 111.845, 0.947488
-258.535, 111.845, 0.948436
-344.937, 255.486, 0.179796
-164.702, 142.94, 0.578052
-164.652, 142.94, 0.57863
-160.005, 135.499, 0.645074
-159.4, 132.355, 0.674956
-159.403, 132.355, 0.675631
-368.242, 427.459, 0.0437503
-360.788, 273.635, 0.107125
-360.772, 273.635, 0.107232
-5194.94, 46.1795, 3.85062
-360.452, 271.439, 0.108876
-360.435, 271.439, 0.108985
-360.101, 269.475, 0.110701
-158.835, 111.442, 0.652891
-158.851, 111.442, 0.653545
-279.002, 163.057, 0.304186
-158.722, 112.541, 0.640123
-158.721, 112.541, 0.640764
-368.989, 427.459, 0.0188756
-367.568, 273.444, 0.046202
-367.565, 273.444, 0.0462483
-1955.14, 46.0191, 1.65844
-349.619, 163.875, 0.129177
-349.582, 163.875, 0.129306
-171.157, 86.0189, 0.472254
-158.629, 81.1472, 0.529847
-158.57, 81.1472, 0.530378
-155.721, 78.2788, 0.570702
-368.754, 427.032, 0.0290373
-368.753, 427.032, 0.0290664
-365.425, 273.812, 0.0710871
-3688.75, 46.0519, 2.55344
-3692.84, 46.0519, 2.55599
-348.33, 192.396, 0.144493
-275.165, 136.6, 0.287055
-275.019, 136.6, 0.287342
-236.99, 124.445, 0.346888
-350.035, 75.6651, 0.941147
-350.92, 75.6651, 0.942088
-165.355, 100.742, 0.530452
-159.24, 91.725, 0.639191
-159.304, 91.725, 0.639831
-367.725, 427.459, 0.054744
-356.212, 273.698, 0.134059
-356.187, 273.698, 0.134193
-5666.44, 46.2332, 4.82101
-355.812, 271.984, 0.135766
-355.786, 271.984, 0.135902
-355.403, 270.514, 0.137532
-191.038, 111.722, 0.814276
-191.358, 111.722, 0.815091
-349.772, 251.883, 0.158781
-166.438, 134.718, 0.558608
-166.379, 134.718, 0.559167
-159.174, 123.863, 0.66289
-369.134, 427.032, 0.00734162
-369.134, 427.032, 0.00734897
-368.918, 273.426, 0.0179606
-203.575, 45.7287, 0.643333
-203.98, 45.7287, 0.643977
-368.915, 272.793, 0.0180442
-260.811, 75.137, 0.238034
-260.651, 75.137, 0.238272
-153.743, 53.7313, 0.466741
-365.458, 427.032, 0.0882172
-365.45, 427.032, 0.0883054
-337.122, 274.154, 0.216101
-5294.66, 46.34, 7.78156
-5291.74, 46.34, 7.78935
-336.131, 272.362, 0.218978
-335.057, 270.271, 0.22196
-334.994, 270.271, 0.222182
-616.401, 112.024, 1.31423
-232.344, 192.857, 0.438439
-232.164, 192.857, 0.438878
-161.15, 148.914, 0.740135
-159.88, 156.095, 0.671702
-159.867, 156.095, 0.672374
-368.403, 427.459, 0.0397159
-362.233, 273.61, 0.0972423
-362.219, 273.61, 0.0973396
-4895.55, 46.1587, 3.49476
-361.822, 270.416, 0.0995668
-361.807, 270.416, 0.0996664
-361.381, 267.434, 0.102017
-160.139, 110.994, 0.597099
-160.097, 110.994, 0.597696
-159.776, 110.668, 0.601851
-158.792, 109.058, 0.618619
-158.774, 109.058, 0.619237
-1194.53, 70.986, 1.47035
-158.528, 108.249, 0.627948
-158.521, 108.249, 0.628576
-158.478, 107.898, 0.633346
-328.74, 87.4294, 0.965007
-329.647, 87.4294, 0.965973
-158.475, 107.805, 0.634437
-366.409, 427.032, 0.0759323
-366.404, 427.032, 0.0760083
-344.966, 274.088, 0.185985
-5631.07, 46.2848, 6.69397
-5629.58, 46.2848, 6.70067
-344.262, 272.43, 0.188274
-343.498, 270.475, 0.190643
-343.45, 270.475, 0.190833
-399.491, 112, 1.12967
-219.356, 176.387, 0.451301
-219.174, 176.387, 0.451753
-159.818, 141.731, 0.702826
-159.602, 144.117, 0.678193
-159.598, 144.117, 0.678871
-365.956, 427.459, 0.0820515
-341.144, 273.847, 0.200985
-341.092, 273.847, 0.201186
-5487.03, 46.3587, 7.23556
-340.294, 272.105, 0.203587
-340.24, 272.105, 0.203791
-339.426, 270.607, 0.206283
-499.514, 111.892, 1.22171
-500.958, 111.892, 1.22293
-231.583, 187.131, 0.433994
-160.335, 145.35, 0.720895
-160.367, 145.35, 0.721616
-159.759, 150.426, 0.674038
-367.808, 427.032, 0.053118
-367.805, 427.032, 0.0531711
-356.958, 273.963, 0.130075
-5622.14, 46.1792, 4.67742
-5623.71, 46.1792, 4.6821
-356.581, 272.252, 0.131727
-356.172, 270.243, 0.133436
-356.147, 270.243, 0.13357
-182.196, 111.824, 0.790024
-349.936, 249.103, 0.157214
-349.9, 249.103, 0.157371
-165.885, 132.319, 0.562994
-159.117, 122.171, 0.65977
-159.12, 122.171, 0.66043
-366.543, 427.459, 0.0740821
-346.047, 273.804, 0.18145
-346.003, 273.804, 0.181632
-5671.94, 46.3227, 6.53027
-345.385, 272.179, 0.183641
-345.34, 272.179, 0.183825
-344.714, 270.799, 0.185906
-373.353, 111.889, 1.10182
-374.37, 111.889, 1.10293
-209.83, 171.153, 0.468726
-159.719, 140.344, 0.697859
-159.735, 140.344, 0.698558
-159.566, 142.364, 0.679415
-368.925, 427.032, 0.0220959
-368.924, 427.032, 0.022118
-366.985, 273.753, 0.0540878
-2555.11, 46.0024, 1.942
-2559.1, 46.0024, 1.94394
-346.529, 169.393, 0.141865
-177.502, 94.3272, 0.458956
-177.394, 94.3272, 0.459415
-166.559, 90.2346, 0.502739
-156.652, 82.9608, 0.59401
-156.678, 82.9608, 0.594604
-364.649, 427.459, 0.0975454
-330.569, 273.928, 0.238973
-330.499, 273.928, 0.239212
-4970.57, 46.4278, 8.60821
-329.256, 271.932, 0.242526
-329.183, 271.932, 0.242769
-327.905, 270.172, 0.246222
-805.686, 111.886, 1.45586
-807.762, 111.886, 1.45732
-228.703, 199.388, 0.45457
-160.525, 156.94, 0.735428
-160.556, 156.94, 0.736164
-159.707, 162.113, 0.69023
-368.653, 427.032, 0.032458
-368.652, 427.032, 0.0324904
-364.507, 273.836, 0.0794647
-4147.31, 46.0726, 2.85488
-4151.31, 46.0726, 2.85773
-353.771, 214.359, 0.130017
-330.366, 175.879, 0.193148
-330.295, 175.879, 0.193341
-184.664, 90.1079, 0.742572
-290.273, 149.316, 0.268446
-290.144, 149.316, 0.268715
-159.241, 101.374, 0.585958
-367.958, 694.124, 0.0637536
-367.956, 694.124, 0.0638174
-358.247, 445.038, 0.156071
-7151.54, 74.8281, 5.60524
-7154.54, 74.8281, 5.61085
-357.903, 442.219, 0.158077
-357.531, 438.921, 0.160151
-357.508, 438.921, 0.160311
-187.537, 181.409, 0.947461
-352.015, 405.105, 0.18815
-351.982, 405.105, 0.188338
-168.692, 213.748, 0.68138
-161.243, 200.635, 0.772278
-161.27, 200.635, 0.773051
-368.593, 694.818, 0.0437503
-363.94, 444.455, 0.107086
-363.929, 444.455, 0.107193
-5539.39, 74.7866, 3.84356
-356.022, 368.117, 0.156337
-355.996, 368.117, 0.156494
-343.082, 319.209, 0.208567
-185.882, 154.353, 0.895343
-186.139, 154.353, 0.896239
-323.134, 282.161, 0.267193
-160.04, 175.533, 0.691605
-160.011, 175.533, 0.692297
-369.055, 694.818, 0.0188756
-368.175, 444.125, 0.046184
-368.173, 444.125, 0.0462302
-1514.78, 74.5096, 1.6552
-355.094, 258.92, 0.136159
-355.067, 258.92, 0.136295
-167.1, 129.05, 0.55064
-159.03, 119.036, 0.646083
-159.024, 119.036, 0.64673
-158.982, 118.495, 0.653306
-368.91, 694.124, 0.0290373
-368.909, 694.124, 0.0290664
-366.843, 444.753, 0.0710619
-3374.26, 74.5894, 2.54891
-3379.35, 74.5894, 2.55146
-345.968, 277.549, 0.182995
-169.76, 156.58, 0.575817
-169.638, 156.58, 0.576393
-161.157, 149.703, 0.631367
-160.428, 147.763, 0.646811
-160.404, 147.763, 0.647458
-612.645, 105.089, 1.284
-159.925, 146.153, 0.661179
-159.908, 146.153, 0.66184
-159.589, 144.171, 0.680912
-235.03, 122.965, 0.935037
-235.58, 122.965, 0.935972
-159.589, 144.171, 0.680912
-368.273, 694.124, 0.054744
-368.271, 694.124, 0.0547988
-361.056, 444.979, 0.134007
-6590.53, 74.7791, 4.81155
-6594.85, 74.7791, 4.81636
-360.581, 439.836, 0.137174
-359.985, 433.5, 0.140947
-359.967, 433.5, 0.141088
-165.625, 180.227, 0.823513
-348.507, 366.583, 0.197397
-348.468, 366.583, 0.197595
-161.242, 193.344, 0.715112
-369.144, 694.124, 0.00734162
-369.144, 694.124, 0.00734897
-369.011, 443.938, 0.0179504
-165.415, 73.9085, 0.641505
-165.56, 73.9085, 0.642146
-369.008, 442.113, 0.0180986
-237.612, 104.891, 0.31897
-237.435, 104.891, 0.319289
-156.549, 79.956, 0.549409
-366.867, 694.124, 0.0882172
-366.862, 694.124, 0.0883054
-348.732, 445.181, 0.215993
-7709.96, 74.9487, 7.7623
-7709.86, 74.9487, 7.77006
-348.228, 442.917, 0.21822
-347.683, 440.184, 0.22051
-347.642, 440.184, 0.220731
-386.402, 181.817, 1.30831
-229.31, 283.007, 0.53617
-229.129, 283.007, 0.536706
-164.346, 225.966, 0.844905
-166.391, 240.515, 0.743743
-166.312, 240.515, 0.744487
-164.346, 225.966, 0.844905
-368.693, 694.124, 0.0397159
-368.692, 694.124, 0.0397557
-364.851, 444.866, 0.0972073
-5035.51, 74.6835, 3.48848
-5040.77, 74.6835, 3.49197
-348.102, 321.242, 0.186874
-288.98, 238.354, 0.339522
-288.849, 238.354, 0.339861
-257.695, 219.177, 0.402595
-403.552, 127.877, 1.18509
-404.624, 127.877, 1.18628
-165.676, 174.98, 0.632718
-160.009, 163.46, 0.723966
-160.027, 163.46, 0.72469
-367.46, 694.818, 0.0759323
-353.828, 444.666, 0.1859
-353.798, 444.666, 0.186086
-7577.19, 74.9646, 6.67873
-353.406, 442.176, 0.188011
-353.376, 442.176, 0.188199
-352.98, 440.091, 0.190189
-259.368, 181.453, 1.12704
-259.987, 181.453, 1.12817
-349.102, 420.841, 0.208084
-174.25, 233.474, 0.678944
-174.124, 233.474, 0.679623
-163.091, 213.298, 0.815881
-367.174, 694.124, 0.0820515
-367.17, 694.124, 0.0821336
-351.378, 445.146, 0.200889
-7671.58, 74.9194, 7.21837
-7672.66, 74.9194, 7.2256
-350.895, 442.671, 0.203154
-350.372, 439.722, 0.20549
-350.336, 439.722, 0.205696
-315.948, 181.686, 1.21791
-346.721, 423.681, 0.221436
-346.678, 423.681, 0.221658
-173.469, 240.416, 0.693406
-164.528, 218.553, 0.838273
-164.611, 218.553, 0.839112
-368.326, 694.818, 0.053118
-361.514, 444.524, 0.130025
-361.499, 444.524, 0.130155
-6465.61, 74.8446, 4.66834
-361.082, 439.578, 0.13298
-361.066, 439.578, 0.133113
-360.56, 434.344, 0.136492
-163.314, 180.12, 0.798243
-163.378, 180.12, 0.799042
-345.699, 352.875, 0.20717
-160.55, 189.394, 0.721667
-160.531, 189.394, 0.722389
-367.541, 694.818, 0.0740821
-354.541, 444.655, 0.181368
-354.513, 444.655, 0.18155
-7533.56, 74.9555, 6.5156
-354.157, 442.278, 0.183334
-354.128, 442.278, 0.183517
-353.77, 440.309, 0.185358
-244.603, 181.487, 1.09896
-245.154, 181.487, 1.10006
-349.782, 419.718, 0.204093
-174.148, 231.105, 0.67602
-174.023, 231.105, 0.676696
-162.72, 211.574, 0.80896
-369.015, 694.124, 0.0220959
-369.015, 694.124, 0.022118
-367.814, 444.643, 0.0540677
-2104.37, 74.4966, 1.93839
-2108.48, 74.4966, 1.94033
-351.817, 264.322, 0.153373
-164.338, 135.966, 0.580271
-164.285, 135.966, 0.580851
-160.323, 130.594, 0.630377
-159.262, 126.806, 0.667355
-159.266, 126.806, 0.668023
-366.363, 694.818, 0.0975454
-344.409, 444.788, 0.238847
-344.362, 444.788, 0.239086
-7677.76, 75.0673, 8.58558
-343.774, 442.417, 0.241429
-343.727, 442.417, 0.24167
-343.137, 440.455, 0.244088
-522.808, 181.653, 1.44763
-524.386, 181.653, 1.44908
-248.313, 307.937, 0.501546
-165.274, 234.651, 0.864866
-165.36, 234.651, 0.865731
-171.528, 255.908, 0.727854
-165.274, 234.651, 0.864866
-165.36, 234.651, 0.865731
-368.848, 694.818, 0.032458
-366.267, 444.35, 0.0794367
-366.262, 444.35, 0.0795161
-3954.29, 74.6985, 2.84983
-344.523, 286.337, 0.191855
-344.476, 286.337, 0.192047
-188.604, 172.556, 0.531115
-167.79, 162.632, 0.596945
-167.678, 162.632, 0.597542
-159.702, 152.45, 0.680999
-747.457, 106.607, 1.3931
-749.409, 106.607, 1.3945
-159.663, 151.924, 0.685744
-159.649, 151.439, 0.688774
-159.648, 151.439, 0.689463
-255.001, 127.188, 0.979557
-159.646, 151.247, 0.690523
-159.647, 151.247, 0.691214
-329.568, 13.5241, 0.0637536
-210.018, 11.3873, 0.170767
-209.838, 11.3873, 0.170938
-156.632, 5.75233, 8.7903
-437.862, 8.92941, 0.693326
-438.709, 8.92941, 0.69402
-71.8267, 6.03044, 6.69637
-44.4012, 6.26474, 5.3449
-44.3797, 6.26474, 5.35024
-346.441, 13.5241, 0.0437503
-266.976, 9.15734, 0.109922
-266.857, 9.15734, 0.110032
-307.175, 1.9346, 4.38028
-182.457, 4.27885, 0.666576
-182.67, 4.27885, 0.667243
-115.879, 5.30279, 0.401936
-103.666, 5.70714, 0.336921
-103.711, 5.70714, 0.337258
-364.455, 13.5241, 0.0188756
-339.426, 9.01374, 0.0471018
-339.385, 9.01374, 0.047149
-180.311, 1.78759, 1.82635
-308.286, 7.46771, 0.0720566
-308.198, 7.46771, 0.0721287
-57.4594, 2.7789, 0.67401
-46.2299, 2.54991, 0.816714
-46.2233, 2.54991, 0.817532
-42.7142, 2.3843, 0.952677
-358.475, 13.5105, 0.0290373
-358.455, 13.5105, 0.0290664
-310.994, 9.08252, 0.0726691
-249.526, 1.84573, 2.85051
-249.706, 1.84573, 2.85336
-212.177, 6.76249, 0.143388
-108.425, 3.41757, 0.689358
-108.506, 3.41757, 0.690048
-43.1157, 2.59411, 1.30413
-335.672, 13.5105, 0.054744
-335.639, 13.5105, 0.0547988
-245.744, 14.2692, 0.148596
-751.618, 17.6658, 8.06648
-749.58, 17.6658, 8.07455
-225.21, 14.3646, 0.168235
-203.978, 14.4535, 0.192245
-203.811, 14.4535, 0.192438
-1379.39, 15.9951, 1.24529
-158.901, 14.6712, 0.253946
-158.759, 14.6712, 0.254201
-134.06, 14.8931, 0.329662
-368.416, 13.5105, 0.00734162
-368.414, 13.5105, 0.00734897
-362.971, 8.95343, 0.018257
-94.1909, 1.71825, 0.698196
-94.2179, 1.71825, 0.698895
-357.932, 7.92517, 0.0239031
-63.5484, 2.27539, 0.375465
-63.4745, 2.27539, 0.37584
-59.4626, 2.09894, 0.449739
-306.726, 13.5105, 0.0882172
-306.631, 13.5105, 0.0883054
-152.56, 9.59138, 0.225634
-355.58, 2.42407, 9.65637
-355.634, 2.42407, 9.66603
-257.66, 6.84333, 0.5677
-118.937, 8.61934, 0.301339
-118.91, 8.61934, 0.30164
-350.095, 13.5241, 0.0397159
-280.321, 9.13466, 0.099681
-280.192, 9.13466, 0.0997807
-295.015, 1.91075, 3.95552
-164.302, 4.06391, 0.669301
-164.49, 4.06391, 0.669971
-319.183, 13.5241, 0.0759323
-177.185, 10.074, 0.197512
-177.004, 10.074, 0.197709
-322.945, 3.11707, 9.04181
-419.776, 6.65567, 0.761845
-420.391, 6.65567, 0.762607
-127.635, 9.15346, 0.270735
-119.45, 8.60607, 0.329876
-119.488, 8.60607, 0.330206
-313.204, 13.5241, 0.0820515
-164.301, 9.77542, 0.211356
-164.138, 9.77542, 0.211567
-344.957, 2.68177, 9.30511
-298.715, 6.78189, 0.615596
-299.263, 6.78189, 0.616212
-120.491, 8.75095, 0.293001
-337.065, 13.5105, 0.053118
-337.009, 13.5105, 0.0531711
-239.439, 9.21822, 0.133773
-328.126, 1.9878, 5.38116
-328.237, 1.9878, 5.38655
-195.89, 5.01683, 0.57952
-113.849, 6.82984, 0.274891
-113.787, 6.82984, 0.275166
-109.027, 6.25403, 0.340706
-320.878, 13.5105, 0.0740821
-320.81, 13.5105, 0.0741562
-181.849, 10.2057, 0.193394
-312.15, 3.30638, 8.98171
-312.304, 3.30638, 8.9907
-481.902, 6.61741, 0.84675
-132.714, 9.35459, 0.259336
-132.599, 9.35459, 0.259595
-130.951, 8.39891, 0.37572
-119.631, 8.89303, 0.308151
-119.617, 8.89303, 0.308459
-362.797, 13.5241, 0.0220959
-331.619, 9.0328, 0.0551891
-331.561, 9.0328, 0.0552444
-205.163, 1.80657, 2.14792
-271.067, 6.9819, 0.0991184
-270.933, 6.9819, 0.0992176
-69.9581, 2.95594, 0.701181
-50.3288, 2.66146, 0.888103
-50.3149, 2.66146, 0.888992
-44.2102, 2.54374, 0.986554
-80.3792, 2.14156, 1.45569
-80.4926, 2.14156, 1.45715
-44.2102, 2.54374, 0.986554
-296.318, 13.5105, 0.0975454
-296.206, 13.5105, 0.097643
-138.618, 9.41524, 0.247755
-362.759, 2.2095, 10.3107
-362.789, 2.2095, 10.321
-226.607, 7.01699, 0.528035
-118.636, 8.65018, 0.307355
-118.619, 8.65018, 0.307663
-356.014, 13.5241, 0.032458
-302.23, 9.09323, 0.0813062
-302.141, 9.09323, 0.0813875
-266.418, 1.86781, 3.20135
-146.881, 6.1384, 0.202269
-146.721, 6.1384, 0.202472
-128.775, 3.70716, 0.65295
-361.814, 109.074, 0.0637536
-361.799, 109.074, 0.0638174
-311.086, 70.4183, 0.156604
-555.864, 12.1723, 5.7016
-554.356, 12.1723, 5.70731
-300.848, 67.7791, 0.169355
-287.866, 64.9166, 0.184633
-287.735, 64.9166, 0.184818
-900.525, 28.1383, 1.02601
-194.87, 49.519, 0.321555
-194.704, 49.519, 0.321876
-150.223, 42.0878, 0.449619
-149.698, 41.2304, 0.468028
-149.713, 41.2304, 0.468496
-365.653, 109.183, 0.0437503
-339.434, 70.2436, 0.10739
-339.379, 70.2436, 0.107498
-1187.41, 12.0943, 3.89849
-337.252, 69.1724, 0.110811
-337.194, 69.1724, 0.110922
-334.824, 68.1291, 0.114534
-302.303, 28.6763, 0.668215
-303.088, 28.6763, 0.668883
-322.332, 63.5829, 0.131867
-156.738, 37.6736, 0.382895
-156.641, 37.6736, 0.383278
-147.593, 35.1496, 0.441998
-368.497, 109.074, 0.0188756
-368.495, 109.074, 0.0188945
-363.178, 70.1808, 0.0462893
-1579.9, 11.9684, 1.67416
-2783.9, 0.0133507, 0.00834484
-1136.75, 0.0284543, 0.00434523
-1137.7, 0.0284543, 0.00434958
-369.184, 0.590066, 0.000319443
-2846.35, 0.0133373, 0.00927163
-2846.85, 0.0133373, 0.00928091
-1243.19, 0.0290413, 0.00494139
-369.187, 0.649582, 0.000398678
-369.187, 0.649582, 0.000399077
-1214.34, 0.0133507, 0.0021615
-474.152, 0.027222, 0.00107262
-474.323, 0.027222, 0.0010737
-1484.15, 0.0133507, 0.00274871
-523.453, 0.0272661, 0.00136627
-523.698, 0.0272661, 0.00136764
-2622.36, 0.0133507, 0.00684324
-962.815, 0.0278936, 0.00348433
-963.608, 0.0278936, 0.00348782
-610.131, 0.0133507, 0.000880327
-393.185, 0.027141, 0.000435534
-393.222, 0.027141, 0.00043597
-997.144, 0.0133507, 0.00171145
-440.926, 0.0271899, 0.000848272
-441.045, 0.0271899, 0.00084912
-1850.53, 0.0133507, 0.00365504
-609.762, 0.0273477, 0.00182235
-610.13, 0.0273477, 0.00182418
-2397.47, 0.0133507, 0.0055592
-815.522, 0.0276033, 0.00279885
-816.153, 0.0276033, 0.00280165
-2825.33, 0.0133507, 0.0089256
-1203.92, 0.0287644, 0.0047075
-1204.92, 0.0287644, 0.00471221
-369.186, 0.622919, 0.000364253
-690.35, 0.0133373, 0.00106345
-690.825, 0.0133373, 0.00106451
-401.838, 0.0271799, 0.000526364
-2642.36, 0.0133373, 0.00698255
-2643.27, 0.0133373, 0.00698954
-978.063, 0.0279443, 0.00355844
-2676.02, 0.0133373, 0.00724833
-2676.88, 0.0133373, 0.00725558
-1008.84, 0.0280544, 0.00370992
-369.18, 0.546458, 0.000254609
-369.18, 0.546458, 0.000254864
-1992.35, 0.0133507, 0.00406207
-651.561, 0.0273883, 0.00202841
-651.985, 0.0273883, 0.00203044
-1722.33, 0.0133507, 0.00331828
-576.473, 0.027313, 0.0016523
-576.795, 0.027313, 0.00165395
-3017.23, 0.00473813, 0.00834484
-898.223, 0.00325006, 0.021079
-895.285, 0.00325006, 0.0211
-369.16, 0.000723098, 0.858169
-2991.21, 0.0047334, 0.00927163
-2990.93, 0.0047334, 0.00928091
-604.275, 0.00307636, 0.0228484
-369.16, 0.000546164, 0.842671
-369.16, 0.000546164, 0.843514
-2551.01, 0.00473813, 0.0021615
-888.93, 0.00969192, 0.00107613
-889.645, 0.00969192, 0.00107721
-2792.46, 0.00473813, 0.00274871
-1085.7, 0.00975585, 0.00137784
-1086.63, 0.00975585, 0.00137922
-369.201, 0.176225, 8.6992e-05
-3047.65, 0.0047334, 0.00684324
-3047.54, 0.0047334, 0.00685009
-2156.43, 0.00436638, 0.0185398
-369.16, 0.00314589, 0.998788
-369.16, 0.00314589, 0.999787
-1378.35, 0.00473813, 0.000880327
-502.884, 0.00962574, 0.000435236
-503.098, 0.00962574, 0.000435671
-2257.18, 0.00473813, 0.00171145
-741.891, 0.00966138, 0.000849319
-742.431, 0.00966138, 0.000850169
-2973.12, 0.00473813, 0.00365504
-1382.87, 0.00989726, 0.00186057
-1384.04, 0.00989726, 0.00186244
-369.231, 0.189373, 0.00012493
-3057.04, 0.0047334, 0.0055592
-3057.06, 0.0047334, 0.00556476
-2253.58, 0.0126966, 0.00469681
-369.98, 0.653989, 0.00239312
-369.982, 0.653989, 0.00239551
-3001.63, 0.00473813, 0.0089256
-686.883, 0.00312608, 0.0221715
-684.788, 0.00312608, 0.0221937
-369.16, 0.000595304, 0.844157
-1611.91, 0.0047334, 0.00106345
-1613.21, 0.0047334, 0.00106451
-549.471, 0.0096415, 0.00052611
-3045.5, 0.0047334, 0.00698255
-3045.39, 0.0047334, 0.00698954
-1975.4, 0.00410754, 0.018787
-369.16, 0.00231763, 0.984524
-369.16, 0.00231763, 0.985509
-3041, 0.00473813, 0.00724833
-1673.17, 0.00378253, 0.0192075
-1669.5, 0.00378253, 0.0192268
-369.16, 0.00154402, 0.947123
-3011.97, 0.0047334, 0.00406207
-3012.27, 0.0047334, 0.00406613
-1511.63, 0.0101694, 0.00213009
-369.248, 0.215579, 0.000161065
-369.248, 0.215579, 0.000161226
-2924.94, 0.00473813, 0.00331828
-1274.62, 0.00986497, 0.00168316
-1275.7, 0.00986497, 0.00168484
-369.219, 0.186303, 0.000111422
-2427.31, 0.0190377, 0.00834484
-2428.41, 0.0190377, 0.00835319
-839.581, 0.0398753, 0.00425123
-2537.97, 0.0190377, 0.00927163
-2538.95, 0.0190377, 0.00928091
-912.636, 0.0401726, 0.00476238
-897.955, 0.0190377, 0.0021615
-898.682, 0.0190377, 0.00216367
-427.024, 0.0389155, 0.00107318
-1095.49, 0.0190377, 0.00274871
-1096.42, 0.0190377, 0.00275146
-454.888, 0.0389647, 0.00136649
-2189.61, 0.0190377, 0.00684324
-2190.86, 0.0190377, 0.00685009
-723.904, 0.0395261, 0.00345327
-506.259, 0.0190377, 0.000880327
-506.479, 0.0190377, 0.000881208
-382.29, 0.0388162, 0.000435948
-749.44, 0.0190377, 0.00171145
-749.993, 0.0190377, 0.00171317
-408.448, 0.038879, 0.00084892
-1390.95, 0.0190377, 0.00365504
-1392.11, 0.0190377, 0.0036587
-504.903, 0.0387091, 0.00180498
-1918.55, 0.0190377, 0.0055592
-1919.89, 0.0190377, 0.00556476
-629.789, 0.0389348, 0.00276153
-2499.51, 0.0190377, 0.0089256
-2500.55, 0.0190377, 0.00893453
-885.249, 0.0400369, 0.0045674
-554.12, 0.0190377, 0.00106345
-554.41, 0.0190377, 0.00106451
-387.001, 0.0388306, 0.00052683
-2215.08, 0.0190377, 0.00698255
-2216.33, 0.0190377, 0.00698954
-734.444, 0.0395506, 0.0035259
-2261.6, 0.0190377, 0.00724833
-2262.84, 0.0190377, 0.00725558
-754.638, 0.0395948, 0.00366449
-1515.84, 0.0190377, 0.00406207
-1517.06, 0.0190377, 0.00406613
-529.623, 0.0390996, 0.0020266
-1283.63, 0.0190377, 0.00331828
-1284.7, 0.0190377, 0.0033216
-485.419, 0.0390232, 0.00165219
-1135.81, 0.0529372, 0.00834484
-1136.73, 0.0529372, 0.00835319
-460.029, 0.11012, 0.00421972
-1237.17, 0.0529372, 0.00927163
-1238.16, 0.0529372, 0.00928091
-476.72, 0.110379, 0.00470023
-477.056, 0.0529372, 0.0021615
-477.228, 0.0529372, 0.00216367
-379.003, 0.10886, 0.00107981
-527.365, 0.0529372, 0.00274871
-527.614, 0.0529372, 0.00275146
-383.874, 0.108955, 0.0013744
-966.83, 0.0529372, 0.00684324
-967.611, 0.0529372, 0.00685009
-435.102, 0.109766, 0.00344851
-393.855, 0.0529372, 0.000880327
-393.894, 0.0529372, 0.000881208
-371.681, 0.108743, 0.000439293
-443.067, 0.0529372, 0.00171145
-443.186, 0.0529372, 0.00171317
-376.066, 0.108805, 0.000854534
-614.87, 0.0529372, 0.00365504
-615.243, 0.0529372, 0.0036587
-392.663, 0.109113, 0.00183034
-821.169, 0.0529372, 0.0055592
-821.798, 0.0529372, 0.00556476
-416.056, 0.109486, 0.0027939
-1199.65, 0.0529372, 0.0089256
-1200.63, 0.0529372, 0.00893453
-470.388, 0.110245, 0.00451888
-402.981, 0.0529372, 0.00106345
-403.034, 0.0529372, 0.00106451
-372.325, 0.108768, 0.000530799
-982.593, 0.0529372, 0.00698255
-983.381, 0.0529372, 0.00698954
-437.334, 0.109587, 0.00351265
-1012.77, 0.0529372, 0.00724833
-1013.6, 0.0529372, 0.00725558
-441.531, 0.109852, 0.00365569
-657.029, 0.0529372, 0.00406207
-657.458, 0.0529372, 0.00406613
-397.107, 0.109187, 0.00203561
-581.197, 0.0529372, 0.00331828
-581.523, 0.0529372, 0.0033216
-389.206, 0.109058, 0.00166083
-994.657, 0.0616535, 0.00834484
-995.449, 0.0616535, 0.00835319
-438.619, 0.128428, 0.00422595
-1082.79, 0.0616535, 0.00927163
-1083.66, 0.0616535, 0.00928091
-451.517, 0.128659, 0.0047044
-452.618, 0.0616535, 0.0021615
-452.755, 0.0616535, 0.00216367
-376.78, 0.126988, 0.00108162
-492.093, 0.0616535, 0.00274871
-492.288, 0.0616535, 0.00275146
-380.339, 0.127116, 0.0013769
-850.646, 0.0616535, 0.00684324
-851.297, 0.0616535, 0.00685009
-419.427, 0.128036, 0.00345416
-388.104, 0.0616535, 0.000880327
-388.135, 0.0616535, 0.000881208
-371.037, 0.126805, 0.000439853
-426.184, 0.0616535, 0.00171145
-426.279, 0.0616535, 0.00171317
-374.323, 0.126894, 0.000855749
-561.579, 0.0616535, 0.00365504
-561.876, 0.0616535, 0.0036587
-387.007, 0.127296, 0.00183363
-729.23, 0.0616535, 0.0055592
-729.746, 0.0616535, 0.00556476
-404.854, 0.127715, 0.00279855
-1050.01, 0.0616535, 0.0089256
-1050.87, 0.0616535, 0.00893453
-446.616, 0.12853, 0.00452393
-395.091, 0.0616535, 0.00106345
-395.133, 0.0616535, 0.00106451
-371.728, 0.126878, 0.000531671
-863.994, 0.0616535, 0.00698255
-864.666, 0.0616535, 0.00698954
-421.145, 0.128042, 0.00352465
-889.492, 0.0616535, 0.00724833
-890.19, 0.0616535, 0.00725558
-424.405, 0.128113, 0.00366098
-595.421, 0.0616535, 0.00406207
-595.766, 0.0616535, 0.00406613
-390.559, 0.127377, 0.00203917
-534.717, 0.0616535, 0.00331828
-534.976, 0.0616535, 0.0033216
-384.396, 0.127221, 0.00166366
-3027.42, 0.00577287, 0.00834484
-3027.29, 0.00577287, 0.00835319
-1928.18, 0.0050824, 0.0224967
-369.16, 0.0030381, 1.18828
-369.16, 0.0030381, 1.18947
-3010.7, 0.00577865, 0.00927163
-1204.3, 0.0042574, 0.024034
-1200.82, 0.0042574, 0.024058
-369.16, 0.00126063, 1.08518
-2300.3, 0.00577287, 0.0021615
-2301.61, 0.00577287, 0.00216367
-759.693, 0.0118142, 0.00107446
-2593.15, 0.00577287, 0.00274871
-2594.26, 0.00577287, 0.00275146
-917.158, 0.0117854, 0.00136296
-3041.38, 0.00577287, 0.00684324
-3041.37, 0.00577287, 0.00685009
-2562.2, 0.015614, 0.0076343
-372.467, 0.831445, 0.0118249
-372.473, 0.831445, 0.0118367
-1162.78, 0.00577865, 0.000880327
-465.945, 0.0117386, 0.000435198
-466.102, 0.0117386, 0.000435633
-1981.5, 0.00577865, 0.00171145
-645.715, 0.0117741, 0.00084866
-646.136, 0.0117741, 0.000849509
-2851.39, 0.00577865, 0.00365504
-1166.04, 0.0119943, 0.00184782
-1167.03, 0.0119943, 0.00184967
-369.206, 0.223735, 0.000120706
-3026.48, 0.00577287, 0.0055592
-3026.64, 0.00577287, 0.00556476
-1673.96, 0.0131645, 0.00315166
-369.268, 0.354231, 0.000325571
-369.269, 0.354231, 0.000325897
-3017.5, 0.00577865, 0.0089256
-1426.61, 0.00445885, 0.0234529
-1422.99, 0.00445885, 0.0234764
-369.16, 0.00158847, 1.11798
-1366.63, 0.00577287, 0.00106345
-1367.8, 0.00577287, 0.00106451
-500.324, 0.011757, 0.000526026
-3041.07, 0.00577287, 0.00698255
-3041.05, 0.00577287, 0.00698954
-2784.39, 0.0149476, 0.00953048
-415.422, 0.668533, 0.0330764
-415.489, 0.668533, 0.0331095
-307.661, 43.8168, 0.130006
-3039.8, 0.00577287, 0.00724833
-3039.76, 0.00577287, 0.00725558
-2947.54, 0.0118432, 0.014545
-1451.38, 0.208739, 0.235836
-1450.64, 0.208739, 0.236072
-120.917, 20244.7, 16300.6
-2918.39, 0.00577287, 0.00406207
-2918.94, 0.00577287, 0.00406613
-1274.35, 0.0120596, 0.00206344
-369.216, 0.228521, 0.000137396
-369.216, 0.228521, 0.000137533
-2776.23, 0.00577865, 0.00331828
-1074.05, 0.0119317, 0.00166826
-1074.95, 0.0119317, 0.00166993
-369.198, 0.217959, 0.000106578
-2997.64, 0.00844037, 0.00834484
-2997.74, 0.00844037, 0.00835319
-1751.71, 0.0206534, 0.00532966
-369.235, 0.736788, 0.000886797
-369.235, 0.736788, 0.000887684
-3003.21, 0.00844881, 0.00927163
-2259.5, 0.0229167, 0.00883587
-2260.7, 0.0229167, 0.00884471
-368.021, 1.24667, 0.00728822
-1775.14, 0.00844037, 0.0021615
-1776.5, 0.00844037, 0.00216367
-588.343, 0.0171409, 0.00106613
-2102.11, 0.00844037, 0.00274871
-2103.47, 0.00844037, 0.00275146
-684.95, 0.0172907, 0.00136776
-2955.51, 0.00844037, 0.00684324
-2955.83, 0.00844037, 0.00685009
-1432.72, 0.0185308, 0.00368505
-369.22, 0.428404, 0.000309862
-369.22, 0.428404, 0.000310172
-845.633, 0.00844881, 0.000880327
-420.706, 0.0171646, 0.000435248
-420.791, 0.0171646, 0.000435684
-1474.17, 0.00844881, 0.00171145
-521.326, 0.0172054, 0.000848202
-521.568, 0.0172054, 0.000849051
-2468.38, 0.00844881, 0.00365504
-846.79, 0.0173651, 0.00182874
-847.461, 0.0173651, 0.00183056
-2856.07, 0.00844881, 0.0055592
-1199.24, 0.0177917, 0.00285531
-1200.27, 0.0177917, 0.00285817
-369.202, 0.351625, 0.000198709
-3002.44, 0.00844037, 0.0089256
-3002.48, 0.00844037, 0.00893453
-1993.65, 0.0222311, 0.0069304
-369.093, 1.06459, 0.00251907
-369.093, 1.06459, 0.00252159
-986.659, 0.00844881, 0.00106345
-439.559, 0.0171734, 0.000526057
-439.675, 0.0171734, 0.000526583
-2961.53, 0.00844881, 0.00698255
-1459.3, 0.0186139, 0.00378652
-1460.48, 0.0186139, 0.00379031
-369.222, 0.440734, 0.000327449
-2972.47, 0.00844037, 0.00724833
-2972.72, 0.00844037, 0.00725558
-1508.22, 0.018917, 0.00401044
-369.226, 0.474944, 0.000375846
-369.226, 0.474944, 0.000376222
-2587.66, 0.00844881, 0.00406207
-921.737, 0.0174226, 0.00203943
-922.493, 0.0174226, 0.00204147
-2349.57, 0.00844881, 0.00331828
-785.639, 0.0173261, 0.00165638
-786.232, 0.0173261, 0.00165803
-677.426, 0.0993345, 0.00834484
-398.092, 0.207736, 0.00425328
-398.137, 0.207736, 0.00425753
-727.442, 0.0993345, 0.00927163
-403.497, 0.208103, 0.00473483
-403.554, 0.208103, 0.00473957
-405.649, 0.0993345, 0.0021615
-372.331, 0.205901, 0.00109118
-372.336, 0.205901, 0.00109227
-423.446, 0.0993345, 0.00274871
-373.846, 0.205931, 0.00138782
-373.855, 0.205931, 0.00138921
-599.337, 0.0993345, 0.00684324
-390.022, 0.207246, 0.00347894
-390.055, 0.207246, 0.00348242
-377.494, 0.0993345, 0.000880327
-369.856, 0.206166, 0.00044502
-369.858, 0.206166, 0.000445465
-393.968, 0.0993345, 0.00171145
-371.498, 0.205911, 0.000864021
-371.5, 0.205911, 0.000864886
-455.433, 0.0993345, 0.00365504
-376.618, 0.206296, 0.00184893
-376.629, 0.206296, 0.00185078
-536.814, 0.0993345, 0.0055592
-383.936, 0.206861, 0.00282047
-383.96, 0.206861, 0.00282329
-708.67, 0.0993345, 0.0089256
-401.402, 0.207993, 0.00455547
-401.455, 0.207993, 0.00456003
-380.471, 0.0993345, 0.00106345
-370.158, 0.205585, 0.000535974
-370.16, 0.205585, 0.00053651
-606.399, 0.0993345, 0.00698255
-390.702, 0.207315, 0.00355107
-390.736, 0.207315, 0.00355462
-619.972, 0.0993345, 0.00724833
-392.048, 0.207382, 0.00368753
-392.086, 0.207382, 0.00369122
-471.392, 0.0993345, 0.00406207
-377.972, 0.206398, 0.00205592
-377.987, 0.206398, 0.00205798
-442.914, 0.0993345, 0.00331828
-375.656, 0.206185, 0.00167761
-375.665, 0.206185, 0.00167929
-783.298, 0.0820752, 0.00834484
-410.596, 0.171138, 0.00423966
-410.663, 0.171138, 0.0042439
-847.301, 0.0820752, 0.00927163
-418.401, 0.171412, 0.00471874
-418.483, 0.171412, 0.00472347
-420.171, 0.0820752, 0.0021615
-373.663, 0.169441, 0.00108651
-373.67, 0.169441, 0.0010876
-444.768, 0.0820752, 0.00274871
-375.979, 0.169596, 0.00138301
-375.989, 0.169596, 0.00138439
-681.641, 0.0820752, 0.00684324
-399.119, 0.170713, 0.00346741
-399.166, 0.170713, 0.00347087
-380.728, 0.0820752, 0.000880327
-370.207, 0.169184, 0.000441801
-370.209, 0.169184, 0.000442243
-403.888, 0.0820752, 0.00171145
-372.276, 0.169463, 0.000860405
-372.281, 0.169463, 0.000861266
-488.842, 0.0820752, 0.00365504
-379.805, 0.169817, 0.00184157
-379.823, 0.169817, 0.00184341
-598.816, 0.0820752, 0.0055592
-390.435, 0.170334, 0.00281007
-390.468, 0.170334, 0.00281288
-823.331, 0.0820752, 0.0089256
-415.392, 0.171296, 0.00453928
-415.468, 0.171296, 0.00454382
-384.971, 0.0820752, 0.00106345
-370.655, 0.169455, 0.000534606
-370.658, 0.169455, 0.000535141
-690.91, 0.0820752, 0.00698255
-400.09, 0.170711, 0.00353794
-400.139, 0.170711, 0.00354148
-708.666, 0.0820752, 0.00724833
-402.01, 0.170774, 0.00367409
-402.063, 0.170774, 0.00367776
-510.616, 0.0820752, 0.00406207
-381.949, 0.169906, 0.00204779
-381.968, 0.169906, 0.00204984
-471.71, 0.0820752, 0.00331828
-378.21, 0.169744, 0.00167114
-378.224, 0.169744, 0.00167281
-2717.25, 0.0144718, 0.00834484
-1059.56, 0.0306357, 0.00431158
-1060.44, 0.0306357, 0.0043159
-369.179, 0.618342, 0.000307264
-2791.84, 0.0144573, 0.00927163
-2792.46, 0.0144573, 0.00928091
-1157.34, 0.0311161, 0.00487225
-369.181, 0.664369, 0.000371556
-369.181, 0.664369, 0.000371928
-1132.78, 0.0144718, 0.0021615
-461.049, 0.0295092, 0.00107267
-461.197, 0.0295092, 0.00107375
-1386.79, 0.0144718, 0.00274871
-504.503, 0.0295554, 0.00136626
-504.719, 0.0295554, 0.00136762
-2534.57, 0.0144718, 0.00684324
-899.875, 0.0301513, 0.00347372
-900.592, 0.0301513, 0.0034772
-581.615, 0.0144718, 0.000880327
-390.012, 0.0294244, 0.000435599
-390.048, 0.0294244, 0.000436035
-931.925, 0.0144718, 0.00171145
-431.861, 0.0294786, 0.000848432
-431.963, 0.0294786, 0.000849281
-1740.37, 0.0144718, 0.00365504
-581.083, 0.0296351, 0.00182179
-581.411, 0.0296351, 0.00182361
-2293.39, 0.0144718, 0.0055592
-765.874, 0.0298827, 0.00279504
-766.445, 0.0298827, 0.00279783
-2766.37, 0.0144718, 0.0089256
-1121.48, 0.0309011, 0.00465772
-1122.41, 0.0309011, 0.00466238
-369.181, 0.645593, 0.000345396
-653.393, 0.0144573, 0.00106345
-653.823, 0.0144573, 0.00106451
-397.607, 0.0294653, 0.000526419
-2556.63, 0.0144573, 0.00698255
-2557.65, 0.0144573, 0.00698954
-913.892, 0.0302259, 0.00355011
-2594.08, 0.0144573, 0.00724833
-2595.06, 0.0144573, 0.00725558
-942.049, 0.0302902, 0.0036938
-1881.86, 0.0144573, 0.00406207
-1883.21, 0.0144573, 0.00406613
-617.968, 0.0297081, 0.00202772
-1616.76, 0.0144573, 0.00331828
-1618.03, 0.0144573, 0.0033216
-551.192, 0.0296336, 0.00165215
-891.167, 0.0701253, 0.00834484
-891.856, 0.0701253, 0.00835319
-424.261, 0.146252, 0.00423146
-968.072, 0.0701253, 0.00927163
-968.848, 0.0701253, 0.00928091
-434.595, 0.146453, 0.00470841
-436.14, 0.0701253, 0.0021615
-436.251, 0.0701253, 0.00216367
-375.242, 0.144689, 0.00108358
-468.14, 0.0701253, 0.00274871
-468.301, 0.0701253, 0.00275146
-377.999, 0.144811, 0.00137918
-767.154, 0.0701253, 0.00684324
-767.715, 0.0701253, 0.00685009
-409.034, 0.145809, 0.00345872
-384.417, 0.0701253, 0.000880327
-384.44, 0.0701253, 0.000881208
-370.605, 0.144711, 0.000441387
-414.844, 0.0701253, 0.00171145
-414.917, 0.0701253, 0.00171317
-373.232, 0.144699, 0.00085803
-524.941, 0.0701253, 0.00365504
-525.185, 0.0701253, 0.0036587
-383.354, 0.145024, 0.00183677
-664.279, 0.0701253, 0.0055592
-664.711, 0.0701253, 0.00556476
-397.463, 0.145498, 0.00280333
-939.402, 0.0701253, 0.0089256
-940.137, 0.0701253, 0.00893453
-430.637, 0.146427, 0.00453182
-389.956, 0.0701253, 0.00106345
-389.992, 0.0701253, 0.00106451
-371.217, 0.144467, 0.000532264
-778.517, 0.0701253, 0.00698255
-779.085, 0.0701253, 0.00698954
-410.376, 0.145882, 0.00353103
-800.354, 0.0701253, 0.00724833
-800.946, 0.0701253, 0.00725558
-412.913, 0.145951, 0.0036673
-552.805, 0.0701253, 0.00406207
-553.09, 0.0701253, 0.00406613
-385.972, 0.145115, 0.00204266
-502.915, 0.0701253, 0.00331828
-503.128, 0.0701253, 0.0033216
-381.305, 0.144942, 0.00166655
-2900.59, 0.01113, 0.00834484
-2901, 0.01113, 0.00835319
-1332.56, 0.0243693, 0.00447819
-369.2, 0.557268, 0.0003714
-369.2, 0.557268, 0.000371772
-2936.12, 0.0111411, 0.00927163
-1466.48, 0.0252511, 0.00522516
-1467.65, 0.0252511, 0.00523039
-369.201, 0.669656, 0.000527077
-1418.69, 0.01113, 0.0021615
-1419.86, 0.01113, 0.00216367
-510.079, 0.0227387, 0.00107258
-1719.76, 0.01113, 0.00274871
-1721.07, 0.01113, 0.00275146
-574.929, 0.0227818, 0.00136661
-2789.58, 0.01113, 0.00684324
-2790.28, 0.01113, 0.00685009
-1124.02, 0.0235424, 0.00352452
-369.19, 0.468928, 0.000248
-369.19, 0.468928, 0.000248249
-686.978, 0.0111411, 0.000880327
-401.602, 0.0226427, 0.000435409
-401.658, 0.0226427, 0.000435844
-1164.28, 0.0111411, 0.00171145
-466.053, 0.0226875, 0.000848177
-466.21, 0.0226875, 0.000849026
-2101.7, 0.0111411, 0.00365504
-687.056, 0.022838, 0.00182371
-687.525, 0.022838, 0.00182553
-2609.81, 0.0111411, 0.0055592
-945.631, 0.0231411, 0.00281261
-946.407, 0.0231411, 0.00281542
-2924.84, 0.0111411, 0.0089256
-1416.02, 0.0248717, 0.00492543
-1417.17, 0.0248717, 0.00493036
-369.201, 0.620841, 0.000456741
-788.889, 0.01113, 0.00106345
-789.486, 0.01113, 0.00106451
-413.446, 0.0226751, 0.000526211
-2803.54, 0.01113, 0.00698255
-2804.21, 0.01113, 0.00698954
-1143.4, 0.0236012, 0.00360643
-369.191, 0.474811, 0.000256645
-369.191, 0.474811, 0.000256902
-2827.1, 0.0111411, 0.00724833
-1181.39, 0.0236934, 0.00376476
-1182.37, 0.0236934, 0.00376853
-369.193, 0.487072, 0.00027399
-2242.98, 0.01113, 0.00406207
-2244.28, 0.01113, 0.00406613
-739.905, 0.022908, 0.00203113
-1972.54, 0.01113, 0.00331828
-1973.89, 0.01113, 0.0033216
-643.787, 0.0228299, 0.00165337
-1132.89, 0.0530927, 0.00834484
-1133.82, 0.0530927, 0.00835319
-459.564, 0.110438, 0.00421948
-1234.03, 0.0530927, 0.00927163
-1235.02, 0.0530927, 0.00928091
-476.173, 0.110696, 0.00469987
-476.531, 0.0530927, 0.0021615
-476.703, 0.0530927, 0.00216367
-378.952, 0.109184, 0.00107985
-526.605, 0.0530927, 0.00274871
-526.853, 0.0530927, 0.00275146
-383.803, 0.109278, 0.00137444
-964.395, 0.0530927, 0.00684324
-965.176, 0.0530927, 0.00685009
-434.757, 0.110085, 0.00344841
-393.737, 0.0530927, 0.000880327
-393.775, 0.0530927, 0.000881208
-371.673, 0.10907, 0.000439322
-442.708, 0.0530927, 0.00171145
-442.825, 0.0530927, 0.00171317
-376.027, 0.10913, 0.000854578
-613.728, 0.0530927, 0.00365504
-614.1, 0.0530927, 0.0036587
-392.545, 0.109436, 0.00183038
-819.222, 0.0530927, 0.0055592
-819.85, 0.0530927, 0.00556476
-415.814, 0.109807, 0.00279388
-1196.54, 0.0530927, 0.0089256
-1197.53, 0.0530927, 0.00893453
-469.883, 0.110259, 0.00450529
-402.821, 0.0530927, 0.00106345
-402.873, 0.0530927, 0.00106451
-372.311, 0.109095, 0.000530835
-980.147, 0.0530927, 0.00698255
-980.93, 0.0530927, 0.00698954
-436.98, 0.110154, 0.00352095
-1010.19, 0.0530927, 0.00724833
-1011.02, 0.0530927, 0.00725558
-441.161, 0.110171, 0.00365556
-655.711, 0.0530927, 0.00406207
-656.139, 0.0530927, 0.00406613
-396.959, 0.109509, 0.00203564
-580.202, 0.0530927, 0.00331828
-580.527, 0.0530927, 0.0033216
-389.097, 0.109381, 0.00166087
-997.163, 0.0614725, 0.00834484
-997.955, 0.0614725, 0.00835319
-438.98, 0.128056, 0.00422611
-1085.56, 0.0614725, 0.00927163
-1086.43, 0.0614725, 0.00928091
-451.943, 0.128288, 0.00470467
-453.039, 0.0614725, 0.0021615
-453.177, 0.0614725, 0.00216367
-376.815, 0.12661, 0.00108157
-492.695, 0.0614725, 0.00274871
-492.891, 0.0614725, 0.00275146
-380.4, 0.126738, 0.00137684
-852.691, 0.0614725, 0.00684324
-853.344, 0.0614725, 0.00685009
-419.697, 0.127662, 0.0034542
-388.201, 0.0614725, 0.000880327
-388.233, 0.0614725, 0.000881208
-371.048, 0.126425, 0.000439827
-426.478, 0.0614725, 0.00171145
-426.574, 0.0614725, 0.00171317
-374.351, 0.126516, 0.00085571
-562.499, 0.0614725, 0.00365504
-562.797, 0.0614725, 0.0036587
-387.103, 0.126919, 0.00183357
-730.84, 0.0614725, 0.0055592
-731.358, 0.0614725, 0.00556476
-405.044, 0.127339, 0.00279854
-1052.72, 0.0614725, 0.0089256
-1053.58, 0.0614725, 0.00893453
-447.025, 0.128159, 0.00452416
-395.22, 0.0614725, 0.00106345
-395.263, 0.0614725, 0.00106451
-371.737, 0.126497, 0.000531634
-866.105, 0.0614725, 0.00698255
-866.778, 0.0614725, 0.00698954
-421.425, 0.127668, 0.0035247
-891.687, 0.0614725, 0.00724833
-892.385, 0.0614725, 0.00725558
-424.691, 0.127739, 0.00366105
-596.489, 0.0614725, 0.00406207
-596.835, 0.0614725, 0.00406613
-390.664, 0.127, 0.00203912
-535.518, 0.0614725, 0.00331828
-535.778, 0.0614725, 0.0033216
-384.474, 0.126844, 0.0016636
-794.299, 0.0806516, 0.00834484
-794.88, 0.0806516, 0.00835319
-411.785, 0.16851, 0.00423975
-859.719, 0.0806516, 0.00927163
-860.372, 0.0806516, 0.00928091
-419.861, 0.168792, 0.00471923
-421.762, 0.0806516, 0.0021615
-421.85, 0.0806516, 0.00216367
-373.798, 0.166772, 0.00108608
-447.08, 0.0806516, 0.00274871
-447.207, 0.0806516, 0.00275146
-376.147, 0.166925, 0.00138246
-690.315, 0.0806516, 0.00684324
-690.782, 0.0806516, 0.00685009
-399.964, 0.167998, 0.00346541
-381.101, 0.0806516, 0.000880327
-381.122, 0.0806516, 0.000881208
-370.242, 0.166513, 0.00044161
-404.942, 0.0806516, 0.00171145
-405, 0.0806516, 0.00171317
-372.357, 0.166775, 0.000859958
-492.425, 0.0806516, 0.00365504
-492.621, 0.0806516, 0.0036587
-380.129, 0.167149, 0.00184091
-605.415, 0.0806516, 0.0055592
-605.771, 0.0806516, 0.00556476
-391.03, 0.167639, 0.00280871
-835.254, 0.0806516, 0.0089256
-835.883, 0.0806516, 0.00893453
-416.752, 0.168673, 0.0045396
-385.441, 0.0806516, 0.00106345
-385.466, 0.0806516, 0.00106451
-370.704, 0.166755, 0.000534286
-699.809, 0.0806516, 0.00698255
-700.285, 0.0806516, 0.00698954
-400.972, 0.168071, 0.00353762
-718.017, 0.0806516, 0.00724833
-718.516, 0.0806516, 0.00725558
-402.966, 0.168136, 0.00367381
-514.829, 0.0806516, 0.00406207
-515.058, 0.0806516, 0.00406613
-382.285, 0.167246, 0.00204717
-474.794, 0.0806516, 0.00331828
-474.963, 0.0806516, 0.0033216
-378.473, 0.167073, 0.00167049
