2       , nan         , array([ 833.364    ,  0.0407648  ])
[8.32530969e+02 4.07648457e-02]
4       , nan         , array([ 832.531    ,  0.00591301 ])
6       , nan         , array([ 832.531    ,  0.00591893 ])
[8.32530969e+02 5.91300925e-03]
8       , nan         , array([ 833.364    ,  0.0917514  ])
[8.32530969e+02 9.17513932e-02]
10      , nan         , array([ 832.531    ,  0.0974469  ])
12      , nan         , array([ 832.531    ,  0.0975444  ])
[8.32530969e+02 9.74469222e-02]
14      , nan         , array([ 833.364    ,  0.0130778  ])
[8.32530969e+02 1.30778419e-02]
16      , nan         , array([ 832.531    ,  0.0850221  ])
18      , nan         , array([ 832.531    ,  0.0851072  ])
[8.32530969e+02 8.50221322e-02]
20      , nan         , array([ 833.364    ,  0.0951968  ])
[8.32530969e+02 9.51967524e-02]
22      , nan         , array([ 832.531    ,  0.0566933  ])
24      , nan         , array([ 832.531    ,  0.05675    ])
[8.32530969e+02 5.66932865e-02]
26      , nan         , array([ 833.364    ,  0.0110661  ])
[8.32530969e+02 1.10661396e-02]
28      , nan         , array([ 832.531    ,  0.0223855  ])
30      , nan         , array([ 832.531    ,  0.0224079  ])
[8.32530969e+02 2.23855048e-02]
32      , nan         , array([ 833.364    ,  0.00309746 ])
[8.32530969e+02 3.09746396e-03]
34      , nan         , array([ 832.531    ,  0.0961923  ])
36      , nan         , array([ 832.531    ,  0.0962885  ])
[8.32530969e+02 9.61922687e-02]
38      , nan         , array([ 833.364    ,  0.0402605  ])
[8.32530969e+02 4.02604990e-02]
40      , nan         , array([ 832.531    ,  0.0575722  ])
42      , nan         , array([ 832.531    ,  0.0576298  ])
[8.32530969e+02 5.75721575e-02]
44      , nan         , array([ 833.364    ,  0.087764   ])
[8.32530969e+02 8.77640195e-02]
46      , nan         , array([ 648.547    ,  0.0407648  ])
48      , nan         , array([ 648.547    ,  0.0408056  ])
[6.48546669e+02 4.07648457e-02]
50      , nan         , array([ 649.196    ,  0.00591301 ])
[6.48546669e+02 5.91300925e-03]
52      , nan         , array([ 648.547    ,  0.0917514  ])
54      , nan         , array([ 648.547    ,  0.0918432  ])
[6.48546669e+02 9.17513932e-02]
56      , nan         , array([ 649.196    ,  0.0974469  ])
[6.48546669e+02 9.74469222e-02]
58      , nan         , array([ 648.547    ,  0.0130778  ])
60      , nan         , array([ 648.547    ,  0.0130909  ])
[6.48546669e+02 1.30778419e-02]
62      , nan         , array([ 649.196    ,  0.0850221  ])
[6.48546669e+02 8.50221322e-02]
64      , nan         , array([ 648.547    ,  0.0951968  ])
66      , nan         , array([ 648.547    ,  0.095292   ])
[6.48546669e+02 9.51967524e-02]
68      , nan         , array([ 649.196    ,  0.0566933  ])
[6.48546669e+02 5.66932865e-02]
70      , nan         , array([ 648.547    ,  0.0110661  ])
72      , nan         , array([ 648.547    ,  0.0110772  ])
[6.48546669e+02 1.10661396e-02]
74      , nan         , array([ 649.196    ,  0.0223855  ])
[6.48546669e+02 2.23855048e-02]
76      , nan         , array([ 648.547    ,  0.00309746 ])
78      , nan         , array([ 648.547    ,  0.00310056 ])
[6.48546669e+02 3.09746396e-03]
80      , nan         , array([ 649.196    ,  0.0961923  ])
[6.48546669e+02 9.61922687e-02]
82      , nan         , array([ 648.547    ,  0.0402605  ])
84      , nan         , array([ 648.547    ,  0.0403008  ])
[6.48546669e+02 4.02604990e-02]
86      , nan         , array([ 649.196    ,  0.0575722  ])
[6.48546669e+02 5.75721575e-02]
88      , nan         , array([ 648.547    ,  0.087764   ])
90      , nan         , array([ 648.547    ,  0.0878518  ])
[6.48546669e+02 8.77640195e-02]
92      , nan         , array([ 112.382    ,  0.0407648  ])
[1.12269412e+02 4.07648457e-02]
94      , nan         , array([ 112.269    ,  0.00591301 ])
96      , nan         , array([ 112.269    ,  0.00591893 ])
[1.12269412e+02 5.91300925e-03]
98      , nan         , array([ 112.382    ,  0.0917514  ])
[1.12269412e+02 9.17513932e-02]
100     , nan         , array([ 112.269    ,  0.0974469  ])
102     , nan         , array([ 112.269    ,  0.0975444  ])
[1.12269412e+02 9.74469222e-02]
104     , nan         , array([ 112.382    ,  0.0130778  ])
[1.12269412e+02 1.30778419e-02]
106     , nan         , array([ 112.269    ,  0.0850221  ])
108     , nan         , array([ 112.269    ,  0.0851072  ])
[1.12269412e+02 8.50221322e-02]
110     , nan         , array([ 112.382    ,  0.0951968  ])
[1.12269412e+02 9.51967524e-02]
112     , nan         , array([ 112.269    ,  0.0566933  ])
114     , nan         , array([ 112.269    ,  0.05675    ])
[1.12269412e+02 5.66932865e-02]
116     , nan         , array([ 112.382    ,  0.0110661  ])
[1.12269412e+02 1.10661396e-02]
118     , nan         , array([ 112.269    ,  0.0223855  ])
120     , nan         , array([ 112.269    ,  0.0224079  ])
[1.12269412e+02 2.23855048e-02]
122     , nan         , array([ 112.382    ,  0.00309746 ])
[1.12269412e+02 3.09746396e-03]
124     , nan         , array([ 112.269    ,  0.0961923  ])
126     , nan         , array([ 112.269    ,  0.0962885  ])
[1.12269412e+02 9.61922687e-02]
128     , nan         , array([ 112.382    ,  0.0402605  ])
[1.12269412e+02 4.02604990e-02]
130     , nan         , array([ 112.269    ,  0.0575722  ])
132     , nan         , array([ 112.269    ,  0.0576298  ])
[1.12269412e+02 5.75721575e-02]
134     , nan         , array([ 112.382    ,  0.087764   ])
[1.12269412e+02 8.77640195e-02]
136     , nan         , array([ 484.914    ,  0.0407648  ])
138     , nan         , array([ 484.914    ,  0.0408056  ])
[4.84913693e+02 4.07648457e-02]
140     , nan         , array([ 485.399    ,  0.00591301 ])
[4.84913693e+02 5.91300925e-03]
142     , nan         , array([ 484.914    ,  0.0917514  ])
144     , nan         , array([ 484.914    ,  0.0918432  ])
[4.84913693e+02 9.17513932e-02]
146     , nan         , array([ 485.399    ,  0.0974469  ])
[4.84913693e+02 9.74469222e-02]
148     , nan         , array([ 484.914    ,  0.0130778  ])
150     , nan         , array([ 484.914    ,  0.0130909  ])
[4.84913693e+02 1.30778419e-02]
152     , nan         , array([ 485.399    ,  0.0850221  ])
[4.84913693e+02 8.50221322e-02]
154     , nan         , array([ 484.914    ,  0.0951968  ])
156     , nan         , array([ 484.914    ,  0.095292   ])
[4.84913693e+02 9.51967524e-02]
158     , nan         , array([ 485.399    ,  0.0566933  ])
[4.84913693e+02 5.66932865e-02]
160     , nan         , array([ 484.914    ,  0.0110661  ])
162     , nan         , array([ 484.914    ,  0.0110772  ])
[4.84913693e+02 1.10661396e-02]
164     , nan         , array([ 485.399    ,  0.0223855  ])
[4.84913693e+02 2.23855048e-02]
166     , nan         , array([ 484.914    ,  0.00309746 ])
168     , nan         , array([ 484.914    ,  0.00310056 ])
[4.84913693e+02 3.09746396e-03]
170     , nan         , array([ 485.399    ,  0.0961923  ])
[4.84913693e+02 9.61922687e-02]
172     , nan         , array([ 484.914    ,  0.0402605  ])
174     , nan         , array([ 484.914    ,  0.0403008  ])
[4.84913693e+02 4.02604990e-02]
176     , nan         , array([ 485.399    ,  0.0575722  ])
[4.84913693e+02 5.75721575e-02]
178     , nan         , array([ 484.914    ,  0.087764   ])
180     , nan         , array([ 484.914    ,  0.0878518  ])
[4.84913693e+02 8.77640195e-02]
182     , nan         , array([ 498.834    ,  0.0407648  ])
[4.98335880e+02 4.07648457e-02]
184     , nan         , array([ 498.336    ,  0.00591301 ])
186     , nan         , array([ 498.336    ,  0.00591893 ])
[4.98335880e+02 5.91300925e-03]
188     , nan         , array([ 498.834    ,  0.0917514  ])
[4.98335880e+02 9.17513932e-02]
190     , nan         , array([ 498.336    ,  0.0974469  ])
192     , nan         , array([ 498.336    ,  0.0975444  ])
[4.98335880e+02 9.74469222e-02]
194     , nan         , array([ 498.834    ,  0.0130778  ])
[4.98335880e+02 1.30778419e-02]
196     , nan         , array([ 498.336    ,  0.0850221  ])
198     , nan         , array([ 498.336    ,  0.0851072  ])
[4.98335880e+02 8.50221322e-02]
200     , nan         , array([ 498.834    ,  0.0951968  ])
[4.98335880e+02 9.51967524e-02]
202     , nan         , array([ 498.336    ,  0.0566933  ])
204     , nan         , array([ 498.336    ,  0.05675    ])
[4.98335880e+02 5.66932865e-02]
206     , nan         , array([ 498.834    ,  0.0110661  ])
[4.98335880e+02 1.10661396e-02]
208     , nan         , array([ 498.336    ,  0.0223855  ])
210     , nan         , array([ 498.336    ,  0.0224079  ])
[4.98335880e+02 2.23855048e-02]
212     , nan         , array([ 498.834    ,  0.00309746 ])
[4.98335880e+02 3.09746396e-03]
214     , nan         , array([ 498.336    ,  0.0961923  ])
216     , nan         , array([ 498.336    ,  0.0962885  ])
[4.98335880e+02 9.61922687e-02]
218     , nan         , array([ 498.834    ,  0.0402605  ])
[4.9833588e+02 4.0260499e-02]
220     , nan         , array([ 498.336    ,  0.0575722  ])
222     , nan         , array([ 498.336    ,  0.0576298  ])
[4.98335880e+02 5.75721575e-02]
224     , nan         , array([ 498.834    ,  0.087764   ])
[4.98335880e+02 8.77640195e-02]
226     , nan         , array([ 355.889    ,  0.0407648  ])
228     , nan         , array([ 355.889    ,  0.0408056  ])
[3.55888670e+02 4.07648457e-02]
230     , nan         , array([ 356.245    ,  0.00591301 ])
[3.55888670e+02 5.91300925e-03]
232     , nan         , array([ 355.889    ,  0.0917514  ])
234     , nan         , array([ 355.889    ,  0.0918432  ])
[3.55888670e+02 9.17513932e-02]
236     , nan         , array([ 356.245    ,  0.0974469  ])
[3.55888670e+02 9.74469222e-02]
238     , nan         , array([ 355.889    ,  0.0130778  ])
240     , nan         , array([ 355.889    ,  0.0130909  ])
[3.55888670e+02 1.30778419e-02]
242     , nan         , array([ 356.245    ,  0.0850221  ])
[3.55888670e+02 8.50221322e-02]
244     , nan         , array([ 355.889    ,  0.0951968  ])
246     , nan         , array([ 355.889    ,  0.095292   ])
[3.55888670e+02 9.51967524e-02]
248     , nan         , array([ 356.245    ,  0.0566933  ])
[3.55888670e+02 5.66932865e-02]
250     , nan         , array([ 355.889    ,  0.0110661  ])
252     , nan         , array([ 355.889    ,  0.0110772  ])
[3.55888670e+02 1.10661396e-02]
254     , nan         , array([ 356.245    ,  0.0223855  ])
[3.55888670e+02 2.23855048e-02]
256     , nan         , array([ 355.889    ,  0.00309746 ])
258     , nan         , array([ 355.889    ,  0.00310056 ])
[3.55888670e+02 3.09746396e-03]
260     , nan         , array([ 356.245    ,  0.0961923  ])
[3.55888670e+02 9.61922687e-02]
262     , nan         , array([ 355.889    ,  0.0402605  ])
264     , nan         , array([ 355.889    ,  0.0403008  ])
[3.5588867e+02 4.0260499e-02]
266     , nan         , array([ 356.245    ,  0.0575722  ])
[3.55888670e+02 5.75721575e-02]
268     , nan         , array([ 355.889    ,  0.087764   ])
270     , nan         , array([ 355.889    ,  0.0878518  ])
[3.55888670e+02 8.77640195e-02]
272     , nan         , array([ 96.6666    ,  0.0407648  ])
[9.65699761e+01 4.07648457e-02]
274     , nan         , array([ 96.57      ,  0.00591301 ])
276     , nan         , array([ 96.57      ,  0.00591893 ])
[9.65699761e+01 5.91300925e-03]
278     , nan         , array([ 96.6666    ,  0.0917514  ])
[9.65699761e+01 9.17513932e-02]
280     , nan         , array([ 96.57      ,  0.0974469  ])
282     , nan         , array([ 96.57      ,  0.0975444  ])
[96.56997606  0.09744692]
284     , nan         , array([ 96.6666    ,  0.0130778  ])
[9.65699761e+01 1.30778419e-02]
286     , nan         , array([ 96.57      ,  0.0850221  ])
288     , nan         , array([ 96.57      ,  0.0851072  ])
[9.65699761e+01 8.50221322e-02]
290     , nan         , array([ 96.6666    ,  0.0951968  ])
[9.65699761e+01 9.51967524e-02]
292     , nan         , array([ 96.57      ,  0.0566933  ])
294     , nan         , array([ 96.57      ,  0.05675    ])
[9.65699761e+01 5.66932865e-02]
296     , nan         , array([ 96.6666    ,  0.0110661  ])
[9.65699761e+01 1.10661396e-02]
298     , nan         , array([ 96.57      ,  0.0223855  ])
300     , nan         , array([ 96.57      ,  0.0224079  ])
[9.65699761e+01 2.23855048e-02]
302     , nan         , array([ 96.6666    ,  0.00309746 ])
[9.65699761e+01 3.09746396e-03]
304     , nan         , array([ 96.57      ,  0.0961923  ])
306     , nan         , array([ 96.57      ,  0.0962885  ])
[9.65699761e+01 9.61922687e-02]
308     , nan         , array([ 96.6666    ,  0.0402605  ])
[9.65699761e+01 4.02604990e-02]
310     , nan         , array([ 96.57      ,  0.0575722  ])
312     , nan         , array([ 96.57      ,  0.0576298  ])
[9.65699761e+01 5.75721575e-02]
314     , nan         , array([ 96.6666    ,  0.087764   ])
[9.65699761e+01 8.77640195e-02]
316     , nan         , array([ 988.481    ,  0.0407648  ])
318     , nan         , array([ 988.481    ,  0.0408056  ])
[9.88481317e+02 4.07648457e-02]
320     , nan         , array([ 989.47     ,  0.00591301 ])
[9.88481317e+02 5.91300925e-03]
322     , nan         , array([ 988.481    ,  0.0917514  ])
324     , nan         , array([ 988.481    ,  0.0918432  ])
[9.88481317e+02 9.17513932e-02]
326     , nan         , array([ 989.47     ,  0.0974469  ])
[9.88481317e+02 9.74469222e-02]
328     , nan         , array([ 988.481    ,  0.0130778  ])
330     , nan         , array([ 988.481    ,  0.0130909  ])
[9.88481317e+02 1.30778419e-02]
332     , nan         , array([ 989.47     ,  0.0850221  ])
[9.88481317e+02 8.50221322e-02]
334     , nan         , array([ 988.481    ,  0.0951968  ])
336     , nan         , array([ 988.481    ,  0.095292   ])
[9.88481317e+02 9.51967524e-02]
338     , nan         , array([ 989.47     ,  0.0566933  ])
[9.88481317e+02 5.66932865e-02]
340     , nan         , array([ 988.481    ,  0.0110661  ])
342     , nan         , array([ 988.481    ,  0.0110772  ])
[9.88481317e+02 1.10661396e-02]
344     , nan         , array([ 989.47     ,  0.0223855  ])
[9.88481317e+02 2.23855048e-02]
346     , nan         , array([ 988.481    ,  0.00309746 ])
348     , nan         , array([ 988.481    ,  0.00310056 ])
[9.88481317e+02 3.09746396e-03]
350     , nan         , array([ 989.47     ,  0.0961923  ])
[9.88481317e+02 9.61922687e-02]
352     , nan         , array([ 988.481    ,  0.0402605  ])
354     , nan         , array([ 988.481    ,  0.0403008  ])
[9.88481317e+02 4.02604990e-02]
356     , nan         , array([ 989.47     ,  0.0575722  ])
[9.88481317e+02 5.75721575e-02]
358     , nan         , array([ 988.481    ,  0.087764   ])
360     , nan         , array([ 988.481    ,  0.0878518  ])
[9.88481317e+02 8.77640195e-02]
362     , nan         , array([ 427.219    ,  0.0407648  ])
[4.26791973e+02 4.07648457e-02]
364     , nan         , array([ 426.792    ,  0.00591301 ])
366     , nan         , array([ 426.792    ,  0.00591893 ])
[4.26791973e+02 5.91300925e-03]
368     , nan         , array([ 427.219    ,  0.0917514  ])
[4.26791973e+02 9.17513932e-02]
370     , nan         , array([ 426.792    ,  0.0974469  ])
372     , nan         , array([ 426.792    ,  0.0975444  ])
[4.26791973e+02 9.74469222e-02]
374     , nan         , array([ 427.219    ,  0.0130778  ])
[4.26791973e+02 1.30778419e-02]
376     , nan         , array([ 426.792    ,  0.0850221  ])
378     , nan         , array([ 426.792    ,  0.0851072  ])
[4.26791973e+02 8.50221322e-02]
380     , nan         , array([ 427.219    ,  0.0951968  ])
[4.26791973e+02 9.51967524e-02]
382     , nan         , array([ 426.792    ,  0.0566933  ])
384     , nan         , array([ 426.792    ,  0.05675    ])
[4.26791973e+02 5.66932865e-02]
386     , nan         , array([ 427.219    ,  0.0110661  ])
[4.26791973e+02 1.10661396e-02]
388     , nan         , array([ 426.792    ,  0.0223855  ])
390     , nan         , array([ 426.792    ,  0.0224079  ])
[4.26791973e+02 2.23855048e-02]
392     , nan         , array([ 427.219    ,  0.00309746 ])
[4.26791973e+02 3.09746396e-03]
394     , nan         , array([ 426.792    ,  0.0961923  ])
396     , nan         , array([ 426.792    ,  0.0962885  ])
[4.26791973e+02 9.61922687e-02]
398     , nan         , array([ 427.219    ,  0.0402605  ])
[4.26791973e+02 4.02604990e-02]
400     , nan         , array([ 426.792    ,  0.0575722  ])
402     , nan         , array([ 426.792    ,  0.0576298  ])
[4.26791973e+02 5.75721575e-02]
404     , nan         , array([ 427.219    ,  0.087764   ])
[4.26791973e+02 8.77640195e-02]
406     , nan         , array([ 620.502    ,  0.0407648  ])
408     , nan         , array([ 620.502    ,  0.0408056  ])
[6.20502425e+02 4.07648457e-02]
410     , nan         , array([ 621.123    ,  0.00591301 ])
[6.20502425e+02 5.91300925e-03]
412     , nan         , array([ 620.502    ,  0.0917514  ])
414     , nan         , array([ 620.502    ,  0.0918432  ])
[6.20502425e+02 9.17513932e-02]
416     , nan         , array([ 621.123    ,  0.0974469  ])
[6.20502425e+02 9.74469222e-02]
418     , nan         , array([ 620.502    ,  0.0130778  ])
420     , nan         , array([ 620.502    ,  0.0130909  ])
[6.20502425e+02 1.30778419e-02]
422     , nan         , array([ 621.123    ,  0.0850221  ])
[6.20502425e+02 8.50221322e-02]
424     , nan         , array([ 620.502    ,  0.0951968  ])
426     , nan         , array([ 620.502    ,  0.095292   ])
[6.20502425e+02 9.51967524e-02]
428     , nan         , array([ 621.123    ,  0.0566933  ])
[6.20502425e+02 5.66932865e-02]
430     , nan         , array([ 620.502    ,  0.0110661  ])
432     , nan         , array([ 620.502    ,  0.0110772  ])
[6.20502425e+02 1.10661396e-02]
434     , nan         , array([ 621.123    ,  0.0223855  ])
[6.20502425e+02 2.23855048e-02]
436     , nan         , array([ 620.502    ,  0.00309746 ])
438     , nan         , array([ 620.502    ,  0.00310056 ])
[6.20502425e+02 3.09746396e-03]
440     , nan         , array([ 621.123    ,  0.0961923  ])
[6.20502425e+02 9.61922687e-02]
442     , nan         , array([ 620.502    ,  0.0402605  ])
444     , nan         , array([ 620.502    ,  0.0403008  ])
[6.20502425e+02 4.02604990e-02]
446     , nan         , array([ 621.123    ,  0.0575722  ])
[6.20502425e+02 5.75721575e-02]
448     , nan         , array([ 620.502    ,  0.087764   ])
450     , nan         , array([ 620.502    ,  0.0878518  ])
[6.20502425e+02 8.77640195e-02]
452     , nan         , array([ 120.229    ,  0.0407648  ])
[1.20109039e+02 4.07648457e-02]
454     , nan         , array([ 120.109    ,  0.00591301 ])
456     , nan         , array([ 120.109    ,  0.00591893 ])
[1.20109039e+02 5.91300925e-03]
458     , nan         , array([ 120.229    ,  0.0917514  ])
[1.20109039e+02 9.17513932e-02]
460     , nan         , array([ 120.109    ,  0.0974469  ])
462     , nan         , array([ 120.109    ,  0.0975444  ])
[1.20109039e+02 9.74469222e-02]
464     , nan         , array([ 120.229    ,  0.0130778  ])
[1.20109039e+02 1.30778419e-02]
466     , nan         , array([ 120.109    ,  0.0850221  ])
468     , nan         , array([ 120.109    ,  0.0851072  ])
[1.20109039e+02 8.50221322e-02]
470     , nan         , array([ 120.229    ,  0.0951968  ])
[1.20109039e+02 9.51967524e-02]
472     , nan         , array([ 120.109    ,  0.0566933  ])
474     , nan         , array([ 120.109    ,  0.05675    ])
[1.20109039e+02 5.66932865e-02]
476     , nan         , array([ 120.229    ,  0.0110661  ])
[1.20109039e+02 1.10661396e-02]
478     , nan         , array([ 120.109    ,  0.0223855  ])
480     , nan         , array([ 120.109    ,  0.0224079  ])
[1.20109039e+02 2.23855048e-02]
482     , nan         , array([ 120.229    ,  0.00309746 ])
[1.20109039e+02 3.09746396e-03]
484     , nan         , array([ 120.109    ,  0.0961923  ])
486     , nan         , array([ 120.109    ,  0.0962885  ])
[1.20109039e+02 9.61922687e-02]
488     , nan         , array([ 120.229    ,  0.0402605  ])
[1.20109039e+02 4.02604990e-02]
490     , nan         , array([ 120.109    ,  0.0575722  ])
492     , nan         , array([ 120.109    ,  0.0576298  ])
[1.20109039e+02 5.75721575e-02]
494     , nan         , array([ 120.229    ,  0.087764   ])
[1.20109039e+02 8.77640195e-02]
496     , nan         , array([ 258.543    ,  0.0407648  ])
498     , nan         , array([ 258.543    ,  0.0408056  ])
[2.58542546e+02 4.07648457e-02]
500     , nan         , array([ 258.801    ,  0.00591301 ])
[2.58542546e+02 5.91300925e-03]
502     , nan         , array([ 258.543    ,  0.0917514  ])
504     , nan         , array([ 258.543    ,  0.0918432  ])
[2.58542546e+02 9.17513932e-02]
506     , nan         , array([ 258.801    ,  0.0974469  ])
[2.58542546e+02 9.74469222e-02]
508     , nan         , array([ 258.543    ,  0.0130778  ])
510     , nan         , array([ 258.543    ,  0.0130909  ])
[2.58542546e+02 1.30778419e-02]
512     , nan         , array([ 258.801    ,  0.0850221  ])
[2.58542546e+02 8.50221322e-02]
514     , nan         , array([ 258.543    ,  0.0951968  ])
516     , nan         , array([ 258.543    ,  0.095292   ])
[2.58542546e+02 9.51967524e-02]
518     , nan         , array([ 258.801    ,  0.0566933  ])
[2.58542546e+02 5.66932865e-02]
520     , nan         , array([ 258.543    ,  0.0110661  ])
522     , nan         , array([ 258.543    ,  0.0110772  ])
[2.58542546e+02 1.10661396e-02]
524     , nan         , array([ 258.801    ,  0.0223855  ])
[2.58542546e+02 2.23855048e-02]
526     , nan         , array([ 258.543    ,  0.00309746 ])
528     , nan         , array([ 258.543    ,  0.00310056 ])
[2.58542546e+02 3.09746396e-03]
530     , nan         , array([ 258.801    ,  0.0961923  ])
[2.58542546e+02 9.61922687e-02]
532     , nan         , array([ 258.543    ,  0.0402605  ])
534     , nan         , array([ 258.543    ,  0.0403008  ])
[2.58542546e+02 4.02604990e-02]
536     , nan         , array([ 258.801    ,  0.0575722  ])
[2.58542546e+02 5.75721575e-02]
538     , nan         , array([ 258.543    ,  0.087764   ])
540     , nan         , array([ 258.543    ,  0.0878518  ])
[2.58542546e+02 8.77640195e-02]
542     , nan         , array([ 691.983    ,  0.0407648  ])
[6.91291398e+02 4.07648457e-02]
544     , nan         , array([ 691.291    ,  0.00591301 ])
546     , nan         , array([ 691.291    ,  0.00591893 ])
[6.91291398e+02 5.91300925e-03]
548     , nan         , array([ 691.983    ,  0.0917514  ])
[6.91291398e+02 9.17513932e-02]
550     , nan         , array([ 691.291    ,  0.0974469  ])
552     , nan         , array([ 691.291    ,  0.0975444  ])
[6.91291398e+02 9.74469222e-02]
554     , nan         , array([ 691.983    ,  0.0130778  ])
[6.91291398e+02 1.30778419e-02]
556     , nan         , array([ 691.291    ,  0.0850221  ])
558     , nan         , array([ 691.291    ,  0.0851072  ])
[6.91291398e+02 8.50221322e-02]
560     , nan         , array([ 691.983    ,  0.0951968  ])
[6.91291398e+02 9.51967524e-02]
562     , nan         , array([ 691.291    ,  0.0566933  ])
564     , nan         , array([ 691.291    ,  0.05675    ])
[6.91291398e+02 5.66932865e-02]
566     , nan         , array([ 691.983    ,  0.0110661  ])
[6.91291398e+02 1.10661396e-02]
568     , nan         , array([ 691.291    ,  0.0223855  ])
570     , nan         , array([ 691.291    ,  0.0224079  ])
[6.91291398e+02 2.23855048e-02]
572     , nan         , array([ 691.983    ,  0.00309746 ])
[6.91291398e+02 3.09746396e-03]
574     , nan         , array([ 691.291    ,  0.0961923  ])
576     , nan         , array([ 691.291    ,  0.0962885  ])
[6.91291398e+02 9.61922687e-02]
578     , nan         , array([ 691.983    ,  0.0402605  ])
[6.91291398e+02 4.02604990e-02]
580     , nan         , array([ 691.291    ,  0.0575722  ])
582     , nan         , array([ 691.291    ,  0.0576298  ])
[6.91291398e+02 5.75721575e-02]
584     , nan         , array([ 691.983    ,  0.087764   ])
[6.91291398e+02 8.77640195e-02]
586     , nan         , array([ 810.001    ,  0.0407648  ])
588     , nan         , array([ 810.001    ,  0.0408056  ])
[8.10001286e+02 4.07648457e-02]
590     , nan         , array([ 810.812    ,  0.00591301 ])
[8.10001286e+02 5.91300925e-03]
592     , nan         , array([ 810.001    ,  0.0917514  ])
594     , nan         , array([ 810.001    ,  0.0918432  ])
[8.10001286e+02 9.17513932e-02]
596     , nan         , array([ 810.812    ,  0.0974469  ])
[8.10001286e+02 9.74469222e-02]
598     , nan         , array([ 810.001    ,  0.0130778  ])
600     , nan         , array([ 810.001    ,  0.0130909  ])
[8.10001286e+02 1.30778419e-02]
602     , nan         , array([ 810.812    ,  0.0850221  ])
[8.10001286e+02 8.50221322e-02]
604     , nan         , array([ 810.001    ,  0.0951968  ])
606     , nan         , array([ 810.001    ,  0.095292   ])
[8.10001286e+02 9.51967524e-02]
608     , nan         , array([ 810.812    ,  0.0566933  ])
[8.10001286e+02 5.66932865e-02]
610     , nan         , array([ 810.001    ,  0.0110661  ])
612     , nan         , array([ 810.001    ,  0.0110772  ])
[8.10001286e+02 1.10661396e-02]
614     , nan         , array([ 810.812    ,  0.0223855  ])
[8.10001286e+02 2.23855048e-02]
616     , nan         , array([ 810.001    ,  0.00309746 ])
618     , nan         , array([ 810.001    ,  0.00310056 ])
[8.10001286e+02 3.09746396e-03]
620     , nan         , array([ 810.812    ,  0.0961923  ])
[8.10001286e+02 9.61922687e-02]
622     , nan         , array([ 810.001    ,  0.0402605  ])
624     , nan         , array([ 810.001    ,  0.0403008  ])
[8.10001286e+02 4.02604990e-02]
626     , nan         , array([ 810.812    ,  0.0575722  ])
[8.10001286e+02 5.75721575e-02]
628     , nan         , array([ 810.001    ,  0.087764   ])
630     , nan         , array([ 810.001    ,  0.0878518  ])
[8.10001286e+02 8.77640195e-02]
632     , nan         , array([ 373.613    ,  0.0407648  ])
[3.73239398e+02 4.07648457e-02]
634     , nan         , array([ 373.239    ,  0.00591301 ])
636     , nan         , array([ 373.239    ,  0.00591893 ])
[3.73239398e+02 5.91300925e-03]
638     , nan         , array([ 373.613    ,  0.0917514  ])
[3.73239398e+02 9.17513932e-02]
640     , nan         , array([ 373.239    ,  0.0974469  ])
642     , nan         , array([ 373.239    ,  0.0975444  ])
[3.73239398e+02 9.74469222e-02]
644     , nan         , array([ 373.613    ,  0.0130778  ])
[3.73239398e+02 1.30778419e-02]
646     , nan         , array([ 373.239    ,  0.0850221  ])
648     , nan         , array([ 373.239    ,  0.0851072  ])
[3.73239398e+02 8.50221322e-02]
650     , nan         , array([ 373.613    ,  0.0951968  ])
[3.73239398e+02 9.51967524e-02]
652     , nan         , array([ 373.239    ,  0.0566933  ])
654     , nan         , array([ 373.239    ,  0.05675    ])
[3.73239398e+02 5.66932865e-02]
656     , nan         , array([ 373.613    ,  0.0110661  ])
[3.73239398e+02 1.10661396e-02]
658     , nan         , array([ 373.239    ,  0.0223855  ])
660     , nan         , array([ 373.239    ,  0.0224079  ])
[3.73239398e+02 2.23855048e-02]
662     , nan         , array([ 373.613    ,  0.00309746 ])
[3.73239398e+02 3.09746396e-03]
664     , nan         , array([ 373.239    ,  0.0961923  ])
666     , nan         , array([ 373.239    ,  0.0962885  ])
[3.73239398e+02 9.61922687e-02]
668     , nan         , array([ 373.613    ,  0.0402605  ])
[3.73239398e+02 4.02604990e-02]
670     , nan         , array([ 373.239    ,  0.0575722  ])
672     , nan         , array([ 373.239    ,  0.0576298  ])
[3.73239398e+02 5.75721575e-02]
674     , nan         , array([ 373.613    ,  0.087764   ])
[3.73239398e+02 8.77640195e-02]
2       , nan         , array([ 0.0677222  ,  0.00115479 ])
[0.06765456 0.00115479]
4       , nan         , array([ 0.0676546  ,  0.00129555 ])
6       , nan         , array([ 0.0676546  ,  0.00129685 ])
[0.06765456 0.00129555]
8       , nan         , array([ 0.0677222  ,  0.00369196 ])
[0.06765456 0.00369196]
10      , nan         , array([ 0.0676546  ,  0.00255675 ])
12      , nan         , array([ 0.0676546  ,  0.0025593  ])
[0.06765456 0.00255675]
14      , nan         , array([ 0.0677222  ,  0.000928973])
[0.06765456 0.00092897]
16      , nan         , array([ 0.0676546  ,  0.00153972 ])
18      , nan         , array([ 0.0676546  ,  0.00154126 ])
[0.06765456 0.00153972]
20      , nan         , array([ 0.0677222  ,  0.00376248 ])
[0.06765456 0.00376248]
22      , nan         , array([ 0.0676546  ,  0.00687331 ])
24      , nan         , array([ 0.0676546  ,  0.00688019 ])
[0.06765456 0.00687331]
26      , nan         , array([ 0.0677222  ,  0.000660129])
[0.06765456 0.00066013]
28      , nan         , array([ 0.0676546  ,  0.00222751 ])
30      , nan         , array([ 0.0676546  ,  0.00222974 ])
[0.06765456 0.00222751]
32      , nan         , array([ 0.0677222  ,  0.00612531 ])
[0.06765456 0.00612531]
34      , nan         , array([ 0.0676546  ,  0.00314719 ])
36      , nan         , array([ 0.0676546  ,  0.00315033 ])
[0.06765456 0.00314719]
38      , nan         , array([ 0.0677222  ,  0.0026683  ])
[0.06765456 0.0026683 ]
40      , nan         , array([ 0.0676546  ,  0.0068194  ])
42      , nan         , array([ 0.0676546  ,  0.00682623 ])
[0.06765456 0.0068194 ]
44      , nan         , array([ 0.0677222  ,  0.00129958 ])
[0.06765456 0.00129958]
46      , nan         , array([ 0.077339   ,  0.00115479 ])
48      , nan         , array([ 0.077339   ,  0.00115595 ])
[0.07733898 0.00115479]
50      , nan         , array([ 0.0774164  ,  0.00129555 ])
[0.07733898 0.00129555]
52      , nan         , array([ 0.077339   ,  0.00369196 ])
54      , nan         , array([ 0.077339   ,  0.00369565 ])
[0.07733898 0.00369196]
56      , nan         , array([ 0.0774164  ,  0.00255675 ])
[0.07733898 0.00255675]
58      , nan         , array([ 0.077339   ,  0.000928973])
60      , nan         , array([ 0.077339   ,  0.000929902])
[0.07733898 0.00092897]
62      , nan         , array([ 0.0774164  ,  0.00153972 ])
[0.07733898 0.00153972]
64      , nan         , array([ 0.077339   ,  0.00376248 ])
66      , nan         , array([ 0.077339   ,  0.00376624 ])
[0.07733898 0.00376248]
68      , nan         , array([ 0.0774164  ,  0.00687331 ])
[0.07733898 0.00687331]
70      , nan         , array([ 0.077339   ,  0.000660129])
72      , nan         , array([ 0.077339   ,  0.000660789])
[0.07733898 0.00066013]
74      , nan         , array([ 0.0774164  ,  0.00222751 ])
[0.07733898 0.00222751]
76      , nan         , array([ 0.077339   ,  0.00612531 ])
78      , nan         , array([ 0.077339   ,  0.00613143 ])
[0.07733898 0.00612531]
80      , nan         , array([ 0.0774164  ,  0.00314719 ])
[0.07733898 0.00314719]
82      , nan         , array([ 0.077339   ,  0.0026683  ])
84      , nan         , array([ 0.077339   ,  0.00267097 ])
[0.07733898 0.0026683 ]
86      , nan         , array([ 0.0774164  ,  0.0068194  ])
[0.07733898 0.0068194 ]
88      , nan         , array([ 0.077339   ,  0.00129958 ])
90      , nan         , array([ 0.077339   ,  0.00130088 ])
[0.07733898 0.00129958]
92      , nan         , array([ 0.0320758  ,  0.00115479 ])
[0.03204372 0.00115479]
94      , nan         , array([ 0.0320437  ,  0.00129555 ])
96      , nan         , array([ 0.0320437  ,  0.00129685 ])
[0.03204372 0.00129555]
98      , nan         , array([ 0.0320758  ,  0.00369196 ])
[0.03204372 0.00369196]
100     , nan         , array([ 0.0320437  ,  0.00255675 ])
102     , nan         , array([ 0.0320437  ,  0.0025593  ])
[0.03204372 0.00255675]
104     , nan         , array([ 0.0320758  ,  0.000928973])
[0.03204372 0.00092897]
106     , nan         , array([ 0.0320437  ,  0.00153972 ])
108     , nan         , array([ 0.0320437  ,  0.00154126 ])
[0.03204372 0.00153972]
110     , nan         , array([ 0.0320758  ,  0.00376248 ])
[0.03204372 0.00376248]
112     , nan         , array([ 0.0320437  ,  0.00687331 ])
114     , nan         , array([ 0.0320437  ,  0.00688019 ])
[0.03204372 0.00687331]
116     , nan         , array([ 0.0320758  ,  0.000660129])
[0.03204372 0.00066013]
118     , nan         , array([ 0.0320437  ,  0.00222751 ])
120     , nan         , array([ 0.0320437  ,  0.00222974 ])
[0.03204372 0.00222751]
122     , nan         , array([ 0.0320758  ,  0.00612531 ])
[0.03204372 0.00612531]
124     , nan         , array([ 0.0320437  ,  0.00314719 ])
126     , nan         , array([ 0.0320437  ,  0.00315033 ])
[0.03204372 0.00314719]
128     , nan         , array([ 0.0320758  ,  0.0026683  ])
[0.03204372 0.0026683 ]
130     , nan         , array([ 0.0320437  ,  0.0068194  ])
132     , nan         , array([ 0.0320437  ,  0.00682623 ])
[0.03204372 0.0068194 ]
134     , nan         , array([ 0.0320758  ,  0.00129958 ])
[0.03204372 0.00129958]
136     , nan         , array([ 0.0403514  ,  0.00115479 ])
138     , nan         , array([ 0.0403514  ,  0.00115595 ])
[0.04035135 0.00115479]
140     , nan         , array([ 0.0403917  ,  0.00129555 ])
[0.04035135 0.00129555]
142     , nan         , array([ 0.0403514  ,  0.00369196 ])
144     , nan         , array([ 0.0403514  ,  0.00369565 ])
[0.04035135 0.00369196]
146     , nan         , array([ 0.0403917  ,  0.00255675 ])
[0.04035135 0.00255675]
148     , nan         , array([ 0.0403514  ,  0.000928973])
150     , nan         , array([ 0.0403514  ,  0.000929902])
[0.04035135 0.00092897]
152     , nan         , array([ 0.0403917  ,  0.00153972 ])
[0.04035135 0.00153972]
154     , nan         , array([ 0.0403514  ,  0.00376248 ])
156     , nan         , array([ 0.0403514  ,  0.00376624 ])
[0.04035135 0.00376248]
158     , nan         , array([ 0.0403917  ,  0.00687331 ])
[0.04035135 0.00687331]
160     , nan         , array([ 0.0403514  ,  0.000660129])
162     , nan         , array([ 0.0403514  ,  0.000660789])
[0.04035135 0.00066013]
164     , nan         , array([ 0.0403917  ,  0.00222751 ])
[0.04035135 0.00222751]
166     , nan         , array([ 0.0403514  ,  0.00612531 ])
168     , nan         , array([ 0.0403514  ,  0.00613143 ])
[0.04035135 0.00612531]
170     , nan         , array([ 0.0403917  ,  0.00314719 ])
[0.04035135 0.00314719]
172     , nan         , array([ 0.0403514  ,  0.0026683  ])
174     , nan         , array([ 0.0403514  ,  0.00267097 ])
[0.04035135 0.0026683 ]
176     , nan         , array([ 0.0403917  ,  0.0068194  ])
[0.04035135 0.0068194 ]
178     , nan         , array([ 0.0403514  ,  0.00129958 ])
180     , nan         , array([ 0.0403514  ,  0.00130088 ])
[0.04035135 0.00129958]
182     , nan         , array([ 0.00562336 ,  0.00115479 ])
[0.00561774 0.00115479]
184     , nan         , array([ 0.00561774 ,  0.00129555 ])
186     , nan         , array([ 0.00561774 ,  0.00129685 ])
[0.00561774 0.00129555]
188     , nan         , array([ 0.00562336 ,  0.00369196 ])
[0.00561774 0.00369196]
190     , nan         , array([ 0.00561774 ,  0.00255675 ])
192     , nan         , array([ 0.00561774 ,  0.0025593  ])
[0.00561774 0.00255675]
194     , nan         , array([ 0.00562336 ,  0.000928973])
[0.00561774 0.00092897]
196     , nan         , array([ 0.00561774 ,  0.00153972 ])
198     , nan         , array([ 0.00561774 ,  0.00154126 ])
[0.00561774 0.00153972]
200     , nan         , array([ 0.00562336 ,  0.00376248 ])
[0.00561774 0.00376248]
202     , nan         , array([ 0.00561774 ,  0.00687331 ])
204     , nan         , array([ 0.00561774 ,  0.00688019 ])
[0.00561774 0.00687331]
206     , nan         , array([ 0.00562336 ,  0.000660129])
[0.00561774 0.00066013]
208     , nan         , array([ 0.00561774 ,  0.00222751 ])
210     , nan         , array([ 0.00561774 ,  0.00222974 ])
[0.00561774 0.00222751]
212     , nan         , array([ 0.00562336 ,  0.00612531 ])
[0.00561774 0.00612531]
214     , nan         , array([ 0.00561774 ,  0.00314719 ])
216     , nan         , array([ 0.00561774 ,  0.00315033 ])
[0.00561774 0.00314719]
218     , nan         , array([ 0.00562336 ,  0.0026683  ])
[0.00561774 0.0026683 ]
220     , nan         , array([ 0.00561774 ,  0.0068194  ])
222     , nan         , array([ 0.00561774 ,  0.00682623 ])
[0.00561774 0.0068194 ]
224     , nan         , array([ 0.00562336 ,  0.00129958 ])
[0.00561774 0.00129958]
226     , nan         , array([ 0.0206012  ,  0.00115479 ])
228     , nan         , array([ 0.0206012  ,  0.00115595 ])
[0.02060118 0.00115479]
230     , nan         , array([ 0.0206218  ,  0.00129555 ])
[0.02060118 0.00129555]
232     , nan         , array([ 0.0206012  ,  0.00369196 ])
234     , nan         , array([ 0.0206012  ,  0.00369565 ])
[0.02060118 0.00369196]
236     , nan         , array([ 0.0206218  ,  0.00255675 ])
[0.02060118 0.00255675]
238     , nan         , array([ 0.0206012  ,  0.000928973])
240     , nan         , array([ 0.0206012  ,  0.000929902])
[0.02060118 0.00092897]
242     , nan         , array([ 0.0206218  ,  0.00153972 ])
[0.02060118 0.00153972]
244     , nan         , array([ 0.0206012  ,  0.00376248 ])
246     , nan         , array([ 0.0206012  ,  0.00376624 ])
[0.02060118 0.00376248]
248     , nan         , array([ 0.0206218  ,  0.00687331 ])
[0.02060118 0.00687331]
250     , nan         , array([ 0.0206012  ,  0.000660129])
252     , nan         , array([ 0.0206012  ,  0.000660789])
[0.02060118 0.00066013]
254     , nan         , array([ 0.0206218  ,  0.00222751 ])
[0.02060118 0.00222751]
256     , nan         , array([ 0.0206012  ,  0.00612531 ])
258     , nan         , array([ 0.0206012  ,  0.00613143 ])
[0.02060118 0.00612531]
260     , nan         , array([ 0.0206218  ,  0.00314719 ])
[0.02060118 0.00314719]
262     , nan         , array([ 0.0206012  ,  0.0026683  ])
264     , nan         , array([ 0.0206012  ,  0.00267097 ])
[0.02060118 0.0026683 ]
266     , nan         , array([ 0.0206218  ,  0.0068194  ])
[0.02060118 0.0068194 ]
268     , nan         , array([ 0.0206012  ,  0.00129958 ])
270     , nan         , array([ 0.0206012  ,  0.00130088 ])
[0.02060118 0.00129958]
272     , nan         , array([ 0.0475683  ,  0.00115479 ])
[0.04752076 0.00115479]
274     , nan         , array([ 0.0475208  ,  0.00129555 ])
276     , nan         , array([ 0.0475208  ,  0.00129685 ])
[0.04752076 0.00129555]
278     , nan         , array([ 0.0475683  ,  0.00369196 ])
[0.04752076 0.00369196]
280     , nan         , array([ 0.0475208  ,  0.00255675 ])
282     , nan         , array([ 0.0475208  ,  0.0025593  ])
[0.04752076 0.00255675]
284     , nan         , array([ 0.0475683  ,  0.000928973])
[0.04752076 0.00092897]
286     , nan         , array([ 0.0475208  ,  0.00153972 ])
288     , nan         , array([ 0.0475208  ,  0.00154126 ])
[0.04752076 0.00153972]
290     , nan         , array([ 0.0475683  ,  0.00376248 ])
[0.04752076 0.00376248]
292     , nan         , array([ 0.0475208  ,  0.00687331 ])
294     , nan         , array([ 0.0475208  ,  0.00688019 ])
[0.04752076 0.00687331]
296     , nan         , array([ 0.0475683  ,  0.000660129])
[0.04752076 0.00066013]
298     , nan         , array([ 0.0475208  ,  0.00222751 ])
300     , nan         , array([ 0.0475208  ,  0.00222974 ])
[0.04752076 0.00222751]
302     , nan         , array([ 0.0475683  ,  0.00612531 ])
[0.04752076 0.00612531]
304     , nan         , array([ 0.0475208  ,  0.00314719 ])
306     , nan         , array([ 0.0475208  ,  0.00315033 ])
[0.04752076 0.00314719]
308     , nan         , array([ 0.0475683  ,  0.0026683  ])
[0.04752076 0.0026683 ]
310     , nan         , array([ 0.0475208  ,  0.0068194  ])
312     , nan         , array([ 0.0475208  ,  0.00682623 ])
[0.04752076 0.0068194 ]
314     , nan         , array([ 0.0475683  ,  0.00129958 ])
[0.04752076 0.00129958]
316     , nan         , array([ 0.0822183  ,  0.00115479 ])
318     , nan         , array([ 0.0822183  ,  0.00115595 ])
[0.08221833 0.00115479]
320     , nan         , array([ 0.0823006  ,  0.00129555 ])
[0.08221833 0.00129555]
322     , nan         , array([ 0.0822183  ,  0.00369196 ])
324     , nan         , array([ 0.0822183  ,  0.00369565 ])
[0.08221833 0.00369196]
326     , nan         , array([ 0.0823006  ,  0.00255675 ])
[0.08221833 0.00255675]
328     , nan         , array([ 0.0822183  ,  0.000928973])
330     , nan         , array([ 0.0822183  ,  0.000929902])
[0.08221833 0.00092897]
332     , nan         , array([ 0.0823006  ,  0.00153972 ])
[0.08221833 0.00153972]
334     , nan         , array([ 0.0822183  ,  0.00376248 ])
336     , nan         , array([ 0.0822183  ,  0.00376624 ])
[0.08221833 0.00376248]
338     , nan         , array([ 0.0823006  ,  0.00687331 ])
[0.08221833 0.00687331]
340     , nan         , array([ 0.0822183  ,  0.000660129])
342     , nan         , array([ 0.0822183  ,  0.000660789])
[0.08221833 0.00066013]
344     , nan         , array([ 0.0823006  ,  0.00222751 ])
[0.08221833 0.00222751]
346     , nan         , array([ 0.0822183  ,  0.00612531 ])
348     , nan         , array([ 0.0822183  ,  0.00613143 ])
[0.08221833 0.00612531]
350     , nan         , array([ 0.0823006  ,  0.00314719 ])
[0.08221833 0.00314719]
352     , nan         , array([ 0.0822183  ,  0.0026683  ])
354     , nan         , array([ 0.0822183  ,  0.00267097 ])
[0.08221833 0.0026683 ]
356     , nan         , array([ 0.0823006  ,  0.0068194  ])
[0.08221833 0.0068194 ]
358     , nan         , array([ 0.0822183  ,  0.00129958 ])
360     , nan         , array([ 0.0822183  ,  0.00130088 ])
[0.08221833 0.00129958]
362     , nan         , array([ 0.00920311 ,  0.00115479 ])
[0.00919391 0.00115479]
364     , nan         , array([ 0.00919391 ,  0.00129555 ])
366     , nan         , array([ 0.00919391 ,  0.00129685 ])
[0.00919391 0.00129555]
368     , nan         , array([ 0.00920311 ,  0.00369196 ])
[0.00919391 0.00369196]
370     , nan         , array([ 0.00919391 ,  0.00255675 ])
372     , nan         , array([ 0.00919391 ,  0.0025593  ])
[0.00919391 0.00255675]
374     , nan         , array([ 0.00920311 ,  0.000928973])
[0.00919391 0.00092897]
376     , nan         , array([ 0.00919391 ,  0.00153972 ])
378     , nan         , array([ 0.00919391 ,  0.00154126 ])
[0.00919391 0.00153972]
380     , nan         , array([ 0.00920311 ,  0.00376248 ])
[0.00919391 0.00376248]
382     , nan         , array([ 0.00919391 ,  0.00687331 ])
384     , nan         , array([ 0.00919391 ,  0.00688019 ])
[0.00919391 0.00687331]
386     , nan         , array([ 0.00920311 ,  0.000660129])
[0.00919391 0.00066013]
388     , nan         , array([ 0.00919391 ,  0.00222751 ])
390     , nan         , array([ 0.00919391 ,  0.00222974 ])
[0.00919391 0.00222751]
392     , nan         , array([ 0.00920311 ,  0.00612531 ])
[0.00919391 0.00612531]
394     , nan         , array([ 0.00919391 ,  0.00314719 ])
396     , nan         , array([ 0.00919391 ,  0.00315033 ])
[0.00919391 0.00314719]
398     , nan         , array([ 0.00920311 ,  0.0026683  ])
[0.00919391 0.0026683 ]
400     , nan         , array([ 0.00919391 ,  0.0068194  ])
402     , nan         , array([ 0.00919391 ,  0.00682623 ])
[0.00919391 0.0068194 ]
404     , nan         , array([ 0.00920311 ,  0.00129958 ])
[0.00919391 0.00129958]
406     , nan         , array([ 0.062428   ,  0.00115479 ])
408     , nan         , array([ 0.062428   ,  0.00115595 ])
[0.06242796 0.00115479]
410     , nan         , array([ 0.0624904  ,  0.00129555 ])
[0.06242796 0.00129555]
412     , nan         , array([ 0.062428   ,  0.00369196 ])
414     , nan         , array([ 0.062428   ,  0.00369565 ])
[0.06242796 0.00369196]
416     , nan         , array([ 0.0624904  ,  0.00255675 ])
[0.06242796 0.00255675]
418     , nan         , array([ 0.062428   ,  0.000928973])
420     , nan         , array([ 0.062428   ,  0.000929902])
[0.06242796 0.00092897]
422     , nan         , array([ 0.0624904  ,  0.00153972 ])
[0.06242796 0.00153972]
424     , nan         , array([ 0.062428   ,  0.00376248 ])
426     , nan         , array([ 0.062428   ,  0.00376624 ])
[0.06242796 0.00376248]
428     , nan         , array([ 0.0624904  ,  0.00687331 ])
[0.06242796 0.00687331]
430     , nan         , array([ 0.062428   ,  0.000660129])
432     , nan         , array([ 0.062428   ,  0.000660789])
[0.06242796 0.00066013]
434     , nan         , array([ 0.0624904  ,  0.00222751 ])
[0.06242796 0.00222751]
436     , nan         , array([ 0.062428   ,  0.00612531 ])
438     , nan         , array([ 0.062428   ,  0.00613143 ])
[0.06242796 0.00612531]
440     , nan         , array([ 0.0624904  ,  0.00314719 ])
[0.06242796 0.00314719]
442     , nan         , array([ 0.062428   ,  0.0026683  ])
444     , nan         , array([ 0.062428   ,  0.00267097 ])
[0.06242796 0.0026683 ]
446     , nan         , array([ 0.0624904  ,  0.0068194  ])
[0.06242796 0.0068194 ]
448     , nan         , array([ 0.062428   ,  0.00129958 ])
450     , nan         , array([ 0.062428   ,  0.00130088 ])
[0.06242796 0.00129958]
452     , nan         , array([ 0.0573394  ,  0.00115479 ])
[0.05728212 0.00115479]
454     , nan         , array([ 0.0572821  ,  0.00129555 ])
456     , nan         , array([ 0.0572821  ,  0.00129685 ])
[0.05728212 0.00129555]
458     , nan         , array([ 0.0573394  ,  0.00369196 ])
[0.05728212 0.00369196]
460     , nan         , array([ 0.0572821  ,  0.00255675 ])
462     , nan         , array([ 0.0572821  ,  0.0025593  ])
[0.05728212 0.00255675]
464     , nan         , array([ 0.0573394  ,  0.000928973])
[0.05728212 0.00092897]
466     , nan         , array([ 0.0572821  ,  0.00153972 ])
468     , nan         , array([ 0.0572821  ,  0.00154126 ])
[0.05728212 0.00153972]
470     , nan         , array([ 0.0573394  ,  0.00376248 ])
[0.05728212 0.00376248]
472     , nan         , array([ 0.0572821  ,  0.00687331 ])
474     , nan         , array([ 0.0572821  ,  0.00688019 ])
[0.05728212 0.00687331]
476     , nan         , array([ 0.0573394  ,  0.000660129])
[0.05728212 0.00066013]
478     , nan         , array([ 0.0572821  ,  0.00222751 ])
480     , nan         , array([ 0.0572821  ,  0.00222974 ])
[0.05728212 0.00222751]
482     , nan         , array([ 0.0573394  ,  0.00612531 ])
[0.05728212 0.00612531]
484     , nan         , array([ 0.0572821  ,  0.00314719 ])
486     , nan         , array([ 0.0572821  ,  0.00315033 ])
[0.05728212 0.00314719]
488     , nan         , array([ 0.0573394  ,  0.0026683  ])
[0.05728212 0.0026683 ]
490     , nan         , array([ 0.0572821  ,  0.0068194  ])
492     , nan         , array([ 0.0572821  ,  0.00682623 ])
[0.05728212 0.0068194 ]
494     , nan         , array([ 0.0573394  ,  0.00129958 ])
[0.05728212 0.00129958]
496     , nan         , array([ 0.0400418  ,  0.00115479 ])
498     , nan         , array([ 0.0400418  ,  0.00115595 ])
[0.04004184 0.00115479]
500     , nan         , array([ 0.0400819  ,  0.00129555 ])
[0.04004184 0.00129555]
502     , nan         , array([ 0.0400418  ,  0.00369196 ])
504     , nan         , array([ 0.0400418  ,  0.00369565 ])
[0.04004184 0.00369196]
506     , nan         , array([ 0.0400819  ,  0.00255675 ])
[0.04004184 0.00255675]
508     , nan         , array([ 0.0400418  ,  0.000928973])
510     , nan         , array([ 0.0400418  ,  0.000929902])
[0.04004184 0.00092897]
512     , nan         , array([ 0.0400819  ,  0.00153972 ])
[0.04004184 0.00153972]
514     , nan         , array([ 0.0400418  ,  0.00376248 ])
516     , nan         , array([ 0.0400418  ,  0.00376624 ])
[0.04004184 0.00376248]
518     , nan         , array([ 0.0400819  ,  0.00687331 ])
[0.04004184 0.00687331]
520     , nan         , array([ 0.0400418  ,  0.000660129])
522     , nan         , array([ 0.0400418  ,  0.000660789])
[0.04004184 0.00066013]
524     , nan         , array([ 0.0400819  ,  0.00222751 ])
[0.04004184 0.00222751]
526     , nan         , array([ 0.0400418  ,  0.00612531 ])
528     , nan         , array([ 0.0400418  ,  0.00613143 ])
[0.04004184 0.00612531]
530     , nan         , array([ 0.0400819  ,  0.00314719 ])
[0.04004184 0.00314719]
532     , nan         , array([ 0.0400418  ,  0.0026683  ])
534     , nan         , array([ 0.0400418  ,  0.00267097 ])
[0.04004184 0.0026683 ]
536     , nan         , array([ 0.0400819  ,  0.0068194  ])
[0.04004184 0.0068194 ]
538     , nan         , array([ 0.0400418  ,  0.00129958 ])
540     , nan         , array([ 0.0400418  ,  0.00130088 ])
[0.04004184 0.00129958]
542     , nan         , array([ 0.0310625  ,  0.00115479 ])
[0.03103147 0.00115479]
544     , nan         , array([ 0.0310315  ,  0.00129555 ])
546     , nan         , array([ 0.0310315  ,  0.00129685 ])
[0.03103147 0.00129555]
548     , nan         , array([ 0.0310625  ,  0.00369196 ])
[0.03103147 0.00369196]
550     , nan         , array([ 0.0310315  ,  0.00255675 ])
552     , nan         , array([ 0.0310315  ,  0.0025593  ])
[0.03103147 0.00255675]
554     , nan         , array([ 0.0310625  ,  0.000928973])
[0.03103147 0.00092897]
556     , nan         , array([ 0.0310315  ,  0.00153972 ])
558     , nan         , array([ 0.0310315  ,  0.00154126 ])
[0.03103147 0.00153972]
560     , nan         , array([ 0.0310625  ,  0.00376248 ])
[0.03103147 0.00376248]
562     , nan         , array([ 0.0310315  ,  0.00687331 ])
564     , nan         , array([ 0.0310315  ,  0.00688019 ])
[0.03103147 0.00687331]
566     , nan         , array([ 0.0310625  ,  0.000660129])
[0.03103147 0.00066013]
568     , nan         , array([ 0.0310315  ,  0.00222751 ])
570     , nan         , array([ 0.0310315  ,  0.00222974 ])
[0.03103147 0.00222751]
572     , nan         , array([ 0.0310625  ,  0.00612531 ])
[0.03103147 0.00612531]
574     , nan         , array([ 0.0310315  ,  0.00314719 ])
576     , nan         , array([ 0.0310315  ,  0.00315033 ])
[0.03103147 0.00314719]
578     , nan         , array([ 0.0310625  ,  0.0026683  ])
[0.03103147 0.0026683 ]
580     , nan         , array([ 0.0310315  ,  0.0068194  ])
582     , nan         , array([ 0.0310315  ,  0.00682623 ])
[0.03103147 0.0068194 ]
584     , nan         , array([ 0.0310625  ,  0.00129958 ])
[0.03103147 0.00129958]
586     , nan         , array([ 0.0184043  ,  0.00115479 ])
588     , nan         , array([ 0.0184043  ,  0.00115595 ])
[0.01840429 0.00115479]
590     , nan         , array([ 0.0184227  ,  0.00129555 ])
[0.01840429 0.00129555]
592     , nan         , array([ 0.0184043  ,  0.00369196 ])
594     , nan         , array([ 0.0184043  ,  0.00369565 ])
[0.01840429 0.00369196]
596     , nan         , array([ 0.0184227  ,  0.00255675 ])
[0.01840429 0.00255675]
598     , nan         , array([ 0.0184043  ,  0.000928973])
600     , nan         , array([ 0.0184043  ,  0.000929902])
[0.01840429 0.00092897]
602     , nan         , array([ 0.0184227  ,  0.00153972 ])
[0.01840429 0.00153972]
604     , nan         , array([ 0.0184043  ,  0.00376248 ])
606     , nan         , array([ 0.0184043  ,  0.00376624 ])
[0.01840429 0.00376248]
608     , nan         , array([ 0.0184227  ,  0.00687331 ])
[0.01840429 0.00687331]
610     , nan         , array([ 0.0184043  ,  0.000660129])
612     , nan         , array([ 0.0184043  ,  0.000660789])
[0.01840429 0.00066013]
614     , nan         , array([ 0.0184227  ,  0.00222751 ])
[0.01840429 0.00222751]
616     , nan         , array([ 0.0184043  ,  0.00612531 ])
618     , nan         , array([ 0.0184043  ,  0.00613143 ])
[0.01840429 0.00612531]
620     , nan         , array([ 0.0184227  ,  0.00314719 ])
[0.01840429 0.00314719]
622     , nan         , array([ 0.0184043  ,  0.0026683  ])
624     , nan         , array([ 0.0184043  ,  0.00267097 ])
[0.01840429 0.0026683 ]
626     , nan         , array([ 0.0184227  ,  0.0068194  ])
[0.01840429 0.0068194 ]
628     , nan         , array([ 0.0184043  ,  0.00129958 ])
630     , nan         , array([ 0.0184043  ,  0.00130088 ])
[0.01840429 0.00129958]
632     , nan         , array([ 0.0394202  ,  0.00115479 ])
[0.03938079 0.00115479]
634     , nan         , array([ 0.0393808  ,  0.00129555 ])
636     , nan         , array([ 0.0393808  ,  0.00129685 ])
[0.03938079 0.00129555]
638     , nan         , array([ 0.0394202  ,  0.00369196 ])
[0.03938079 0.00369196]
640     , nan         , array([ 0.0393808  ,  0.00255675 ])
642     , nan         , array([ 0.0393808  ,  0.0025593  ])
[0.03938079 0.00255675]
644     , nan         , array([ 0.0394202  ,  0.000928973])
[0.03938079 0.00092897]
646     , nan         , array([ 0.0393808  ,  0.00153972 ])
648     , nan         , array([ 0.0393808  ,  0.00154126 ])
[0.03938079 0.00153972]
650     , nan         , array([ 0.0394202  ,  0.00376248 ])
[0.03938079 0.00376248]
652     , nan         , array([ 0.0393808  ,  0.00687331 ])
654     , nan         , array([ 0.0393808  ,  0.00688019 ])
[0.03938079 0.00687331]
656     , nan         , array([ 0.0394202  ,  0.000660129])
[0.03938079 0.00066013]
658     , nan         , array([ 0.0393808  ,  0.00222751 ])
660     , nan         , array([ 0.0393808  ,  0.00222974 ])
[0.03938079 0.00222751]
662     , nan         , array([ 0.0394202  ,  0.00612531 ])
[0.03938079 0.00612531]
664     , nan         , array([ 0.0393808  ,  0.00314719 ])
666     , nan         , array([ 0.0393808  ,  0.00315033 ])
[0.03938079 0.00314719]
668     , nan         , array([ 0.0394202  ,  0.0026683  ])
[0.03938079 0.0026683 ]
670     , nan         , array([ 0.0393808  ,  0.0068194  ])
672     , nan         , array([ 0.0393808  ,  0.00682623 ])
[0.03938079 0.0068194 ]
674     , nan         , array([ 0.0394202  ,  0.00129958 ])
[0.03938079 0.00129958]
