2       , -201.983    , array([ 103.055    ,  0.0939001  ])
4       , -168.858    , array([ 66.4661    ,  0.230768   ])
6       , -168.826    , array([ 66.4661    ,  0.230999   ])
8       , -300.072    , array([ 11.5581    ,  8.4181     ])
10      , -167.253    , array([ 65.1024    ,  0.240811   ])
12      , -167.225    , array([ 65.1024    ,  0.241052   ])
14      , -165.301    , array([ 61.1767    ,  0.274204   ])
[61.11555586  0.27420401]
16      , -209.084    , array([ 102.952    ,  0.0215623  ])
18      , -209.083    , array([ 102.952    ,  0.0215839  ])
20      , -205.693    , array([ 66.2536    ,  0.0528825  ])
22      , -2563.59    , array([ 11.3065    ,  1.91327    ])
24      , -2563.95    , array([ 11.3065    ,  1.91519    ])
26      , -205.642    , array([ 66.0687    ,  0.0531835  ])
28      , -205.585    , array([ 65.8166    ,  0.0534892  ])
30      , -205.577    , array([ 65.8166    ,  0.0535427  ])
32      , -186.904    , array([ 27.3065    ,  0.319906   ])
34      , -204.743    , array([ 63.2041    ,  0.0580747  ])
36      , -204.734    , array([ 63.2041    ,  0.0581328  ])
38      , -168.542    , array([ 35.4101    ,  0.188727   ])
40      , -163.894    , array([ 31.5231    ,  0.238506   ])
42      , -163.901    , array([ 31.5231    ,  0.238745   ])
[31.5231128   0.23850602]
44      , -206.914    , array([ 103.055    ,  0.0537508  ])
46      , -189.697    , array([ 66.3209    ,  0.131957   ])
48      , -189.665    , array([ 66.3209    ,  0.132089   ])
50      , -1251.41    , array([ 11.4325    ,  4.79309    ])
52      , -189.117    , array([ 65.8467    ,  0.133905   ])
54      , -189.084    , array([ 65.8467    ,  0.134039   ])
56      , -188.531    , array([ 65.4341    ,  0.135912   ])
58      , -1043.46    , array([ 27.3236    ,  0.807118   ])
60      , -1045.64    , array([ 27.3236    ,  0.807925   ])
62      , -168.166    , array([ 52.9139    ,  0.209713   ])
64      , -169.779    , array([ 43.5623    ,  0.311334   ])
66      , -169.84     , array([ 43.5623    ,  0.311646   ])
68      , -165.21     , array([ 48.1977    ,  0.253762   ])
70      , -165.027    , array([ 47.0836    ,  0.265634   ])
72      , -165.028    , array([ 47.0836    ,  0.2659     ])
[47.08355322  0.26563381]
74      , -204.852    , array([ 103.055    ,  0.0727771  ])
76      , -178.609    , array([ 66.3934    ,  0.178761   ])
78      , -178.569    , array([ 66.3934    ,  0.17894    ])
80      , -638.195    , array([ 11.4951    ,  6.50706    ])
82      , -177.2      , array([ 65.4805    ,  0.183904   ])
84      , -177.16     , array([ 65.4805    ,  0.184088   ])
86      , -175.812    , array([ 64.648     ,  0.189175   ])
88      , -1922.93    , array([ 27.2332    ,  1.10949    ])
90      , -1926.26    , array([ 27.2332    ,  1.1106     ])
92      , -165.923    , array([ 56.895     ,  0.245766   ])
94      , -165.6      , array([ 55.9617    ,  0.253716   ])
96      , -165.591    , array([ 55.9617    ,  0.25397    ])
[55.96167748  0.25371571]
98      , -207.436    , array([ 103.055    ,  0.0479094  ])
100     , -193.106    , array([ 66.2976    ,  0.117596   ])
102     , -193.079    , array([ 66.2976    ,  0.117713   ])
104     , -1520.04    , array([ 11.4124    ,  4.26852    ])
106     , -192.707    , array([ 65.9201    ,  0.118974   ])
108     , -192.679    , array([ 65.9201    ,  0.119093   ])
110     , -192.307    , array([ 65.6047    ,  0.120389   ])
112     , -809.56     , array([ 27.3352    ,  0.716857   ])
114     , -811.332    , array([ 27.3352    ,  0.717574   ])
116     , -170.684    , array([ 51.966     ,  0.193684   ])
118     , -169.624    , array([ 41.4997    ,  0.305835   ])
120     , -169.685    , array([ 41.4997    ,  0.306141   ])
122     , -166.136    , array([ 47.534     ,  0.232317   ])
124     , -164.931    , array([ 44.7965    ,  0.261669   ])
126     , -164.932    , array([ 44.7965    ,  0.261931   ])
[44.79649477  0.26166939]
128     , -209.488    , array([ 103.055    ,  0.00539322 ])
130     , -209.264    , array([ 66.1047    ,  0.0132189  ])
132     , -209.263    , array([ 66.1047    ,  0.0132322  ])
134     , -506.268    , array([ 11.2473    ,  0.477079   ])
136     , -205.965    , array([ 38.6149    ,  0.0392338  ])
138     , -205.958    , array([ 38.6149    ,  0.039273   ])
140     , -165.533    , array([ 19.2689    ,  0.160493   ])
142     , -161.696    , array([ 17.3386    ,  0.19831    ])
144     , -161.7      , array([ 17.3386    ,  0.198508   ])
[17.33861655  0.19830993]
146     , -201.166    , array([ 103.055    ,  0.0992835  ])
148     , -167.198    , array([ 66.4829    ,  0.244028   ])
150     , -167.171    , array([ 66.4829    ,  0.244273   ])
152     , -249.06     , array([ 11.5728    ,  8.90621    ])
154     , -165.943    , array([ 65.1327    ,  0.254546   ])
156     , -165.923    , array([ 65.1327    ,  0.2548     ])
158     , -165.301    , array([ 62.6551    ,  0.276245   ])
[62.59244591  0.27624457]
160     , -209.507    , array([ 102.952    ,  0.00300865 ])
162     , -209.507    , array([ 102.952    ,  0.00301166 ])
164     , -209.437    , array([ 66.1383    ,  0.00737249 ])
166     , -192.826    , array([ 11.2085    ,  0.265819   ])
168     , -193.025    , array([ 11.2085    ,  0.266085   ])
170     , -209.436    , array([ 66.0326    ,  0.00739635 ])
172     , -186.76     , array([ 19.7554    ,  0.0845644  ])
174     , -186.739    , array([ 19.7554    ,  0.084649   ])
176     , -160.737    , array([ 13.8277    ,  0.174245   ])
[13.81385773  0.17424455]
178     , -209.334    , array([ 102.952    ,  0.0139639  ])
180     , -209.333    , array([ 102.952    ,  0.0139779  ])
182     , -207.869    , array([ 66.2196    ,  0.0342383  ])
184     , -2066.07    , array([ 11.2775    ,  1.23748    ])
186     , -2067.79    , array([ 11.2775    ,  1.23872    ])
188     , -207.803    , array([ 65.6916    ,  0.0347986  ])
190     , -207.721    , array([ 65.0142    ,  0.0354659  ])
192     , -207.717    , array([ 65.0142    ,  0.0355013  ])
194     , -163.416    , array([ 27.1047    ,  0.209495   ])
196     , -163.303    , array([ 26.9862    ,  0.210938   ])
198     , -163.293    , array([ 26.9862    ,  0.211149   ])
200     , -163.112    , array([ 26.7126    ,  0.215778   ])
[26.68589977  0.21577838]
202     , -209.414    , array([ 102.952    ,  0.0104331  ])
204     , -209.413    , array([ 102.952    ,  0.0104436  ])
206     , -208.587    , array([ 66.2025    ,  0.025578   ])
208     , -1519.9     , array([ 11.263     ,  0.923996   ])
210     , -1521.81    , array([ 11.263     ,  0.924921   ])
212     , -203.851    , array([ 45.631     ,  0.0543686  ])
214     , -180.993    , array([ 31.1367    ,  0.117709   ])
216     , -180.953    , array([ 31.1367    ,  0.117827   ])
218     , -176.637    , array([ 29.158     ,  0.134732   ])
220     , -241.198    , array([ 18.1129    ,  0.352834   ])
222     , -241.576    , array([ 18.1129    ,  0.353187   ])
224     , -164.941    , array([ 24.9667    ,  0.184517   ])
226     , -163.175    , array([ 22.7767    ,  0.221792   ])
228     , -163.188    , array([ 22.7767    ,  0.222014   ])
[22.77669993  0.22179213]
230     , -204.721    , array([ 103.055    ,  0.0738413  ])
232     , -178.027    , array([ 66.3973    ,  0.18138    ])
234     , -177.986    , array([ 66.3973    ,  0.181562   ])
236     , -614.187    , array([ 11.4984    ,  6.60316    ])
238     , -176.571    , array([ 65.4562    ,  0.186764   ])
240     , -176.531    , array([ 65.4562    ,  0.186951   ])
242     , -175.145    , array([ 64.599     ,  0.19227    ])
244     , -1974.76    , array([ 27.2269    ,  1.12676    ])
246     , -1978.13    , array([ 27.2269    ,  1.12789    ])
248     , -165.909    , array([ 57.247     ,  0.246278   ])
250     , -165.608    , array([ 56.3548    ,  0.253812   ])
252     , -165.6      , array([ 56.3548    ,  0.254066   ])
[56.35484924  0.25381181]
254     , -203.685    , array([ 103.055    ,  0.0818743  ])
256     , -173.887    , array([ 66.4259    ,  0.201154   ])
258     , -173.848    , array([ 66.4259    ,  0.201355   ])
260     , -459.95     , array([ 11.5232    ,  7.32918    ])
262     , -172.16     , array([ 65.2752    ,  0.208495   ])
264     , -172.122    , array([ 65.2752    ,  0.208704   ])
266     , -165.249    , array([ 56.908     ,  0.276822   ])
[56.85109631  0.27682196]
268     , -209.421    , array([ 102.952    ,  0.010055   ])
270     , -209.421    , array([ 102.952    ,  0.0100651  ])
272     , -208.652    , array([ 66.2005    ,  0.0246506  ])
274     , -1448.99    , array([ 11.2613    ,  0.890443   ])
276     , -1450.87    , array([ 11.2613    ,  0.891334   ])
278     , -203.791    , array([ 44.8598    ,  0.0542318  ])
280     , -178.54     , array([ 29.6362    ,  0.125358   ])
282     , -178.516    , array([ 29.6362    ,  0.125483   ])
284     , -176.442    , array([ 28.5867    ,  0.135132   ])
286     , -235.939    , array([ 17.9332    ,  0.346882   ])
288     , -236.298    , array([ 17.9332    ,  0.347229   ])
290     , -164.619    , array([ 24.4882    ,  0.184897   ])
292     , -163.082    , array([ 22.4503    ,  0.220041   ])
294     , -163.094    , array([ 22.4503    ,  0.220261   ])
[22.45034752  0.22004057]
296     , -201.635    , array([ 103.055    ,  0.0962186  ])
298     , -168.093    , array([ 66.4734    ,  0.236479   ])
300     , -168.063    , array([ 66.4734    ,  0.236715   ])
302     , -276.795    , array([ 11.5645    ,  8.62827    ])
304     , -166.615    , array([ 65.102     ,  0.246832   ])
306     , -166.59     , array([ 65.102     ,  0.247079   ])
308     , -165.302    , array([ 61.8315    ,  0.274985   ])
[61.76965081  0.27498487]
310     , -208.541    , array([ 102.952    ,  0.0325548  ])
312     , -208.539    , array([ 102.952    ,  0.0325873  ])
314     , -201.224    , array([ 66.3007    ,  0.0798698  ])
316     , -2316.85    , array([ 11.3467    ,  2.8937     ])
318     , -2315.27    , array([ 11.3467    ,  2.8966     ])
320     , -201.101    , array([ 66.0885    ,  0.0803923  ])
322     , -200.967    , array([ 65.8089    ,  0.0809241  ])
324     , -200.951    , array([ 65.8089    ,  0.081005   ])
326     , -344.368    , array([ 27.3534    ,  0.483911   ])
328     , -180.364    , array([ 48.9376    ,  0.147854   ])
330     , -180.325    , array([ 48.9376    ,  0.148002   ])
332     , -164.8      , array([ 37.1659    ,  0.25934    ])
334     , -165.395    , array([ 39.5816    ,  0.227688   ])
336     , -165.381    , array([ 39.5816    ,  0.227915   ])
338     , -164.8      , array([ 37.1659    ,  0.25934    ])
[37.12878246  0.25934013]
340     , -208.486    , array([ 823.639    ,  0.0939001  ])
342     , -208.484    , array([ 823.639    ,  0.0939941  ])
344     , -200.599    , array([ 528.043    ,  0.229864   ])
346     , -11395.9    , array([ 88.7624    ,  8.25445    ])
348     , -11396.8    , array([ 88.7624    ,  8.26271    ])
350     , -200.53     , array([ 527.163    ,  0.230636   ])
352     , -200.452    , array([ 525.753    ,  0.231415   ])
354     , -200.436    , array([ 525.753    ,  0.231647   ])
356     , -756.578    , array([ 216.242    ,  1.3821     ])
358     , -183.43     , array([ 408.696    ,  0.383859   ])
360     , -183.393    , array([ 408.696    ,  0.384243   ])
362     , -176.899    , array([ 309.416    ,  0.6728     ])
364     , -175.688    , array([ 376.446    ,  0.452793   ])
366     , -175.652    , array([ 376.446    ,  0.453246   ])
368     , -169.03     , array([ 336.847    ,  0.567234   ])
[336.51001073   0.56723421]
370     , -209.46     , array([ 823.639    ,  0.0215623  ])
372     , -209.46     , array([ 823.639    ,  0.0215839  ])
374     , -209.006    , array([ 527.434    ,  0.0527534  ])
376     , -2917.05    , array([ 88.2511    ,  1.89002    ])
378     , -2922.34    , array([ 88.2511    ,  1.89191    ])
380     , -203.695    , array([ 320.629    ,  0.142952   ])
382     , -174.282    , array([ 170.262    ,  0.506837   ])
384     , -174.361    , array([ 170.262    ,  0.507344   ])
386     , -201.043    , array([ 295.885    ,  0.167899   ])
388     , -169.857    , array([ 194.232    ,  0.389312   ])
390     , -169.832    , array([ 194.232    ,  0.389701   ])
[194.23225453   0.38931159]
392     , -209.176    , array([ 824.463    ,  0.0537508  ])
394     , -206.427    , array([ 527.301    ,  0.131553   ])
396     , -206.421    , array([ 527.301    ,  0.131685   ])
398     , -9191.55    , array([ 88.6708    ,  4.72027    ])
400     , -206.361    , array([ 525.003    ,  0.132712   ])
402     , -206.355    , array([ 525.003    ,  0.132844   ])
404     , -206.269    , array([ 522.338    ,  0.134343   ])
2       , -1238.76    , array([ 0.0384062  ,  0.00929631 ])
4       , -324.948    , array([ 0.0797915  ,  0.00470454 ])
6       , -325.15     , array([ 0.0797915  ,  0.00470924 ])
[0.07979154 0.00470454]
8       , -302.649    , array([ 0.0384062  ,  0.00194144 ])
10      , -216.929    , array([ 0.0785325  ,  0.000966215])
12      , -216.941    , array([ 0.0785325  ,  0.000967182])
[0.07853245 0.00096622]
14      , -654.839    , array([ 0.0384062  ,  0.00493548 ])
16      , -247.138    , array([ 0.078948   ,  0.00246973 ])
18      , -247.206    , array([ 0.078948   ,  0.0024722  ])
[0.07894799 0.00246973]
20      , -767.895    , array([ 0.0384062  ,  0.00575508 ])
22      , -258.964    , array([ 0.0790911  ,  0.00288532 ])
24      , -259.051    , array([ 0.0790911  ,  0.00288821 ])
[0.0790911  0.00288532]
26      , -490.349    , array([ 0.0384062  ,  0.00368558 ])
28      , -231.954    , array([ 0.0785957  ,  0.00183576 ])
30      , -231.995    , array([ 0.0785957  ,  0.00183759 ])
[0.07859567 0.00183576]
32      , -995.051    , array([ 0.0384062  ,  0.00740676 ])
34      , -286.906    , array([ 0.0793798  ,  0.00372767 ])
36      , -287.044    , array([ 0.0793798  ,  0.0037314  ])
[0.07937978 0.00372767]
38      , -457.975    , array([ 0.0384062  ,  0.00342183 ])
40      , -229.168    , array([ 0.0787263  ,  0.00170731 ])
42      , -229.202    , array([ 0.0787263  ,  0.00170901 ])
[0.07872632 0.00170731]
44      , -624.237    , array([ 0.0384062  ,  0.00471001 ])
46      , -244.113    , array([ 0.0789264  ,  0.00235624 ])
48      , -244.174    , array([ 0.0789264  ,  0.00235859 ])
[0.07892639 0.00235624]
50      , -1020.5     , array([ 0.0384062  ,  0.00759605 ])
52      , -290.454    , array([ 0.0794259  ,  0.00382529 ])
54      , -290.596    , array([ 0.0794259  ,  0.00382911 ])
[0.07942594 0.00382529]
56      , -1149.4     , array([ 0.0384062  ,  0.00858133 ])
58      , -309.85     , array([ 0.0796477  ,  0.00433432 ])
60      , -310.027    , array([ 0.0796477  ,  0.00433865 ])
[0.07964768 0.00433432]
62      , -223.442    , array([ 0.0384062  ,  0.000666495])
64      , -210.849    , array([ 0.0784224  ,  0.000331225])
66      , -210.851    , array([ 0.0784224  ,  0.000331556])
[0.07842244 0.00033123]
68      , -690.657    , array([ 0.0384062  ,  0.00519676 ])
70      , -250.741    , array([ 0.079009   ,  0.00260258 ])
72      , -250.814    , array([ 0.079009   ,  0.00260518 ])
[0.07900901 0.00260258]
74      , -1028.08    , array([ 0.0384062  ,  0.00765297 ])
76      , -291.521    , array([ 0.0794522  ,  0.00385531 ])
78      , -291.666    , array([ 0.0794522  ,  0.00385916 ])
[0.07945225 0.00385531]
80      , -628.925    , array([ 0.0384062  ,  0.00474487 ])
82      , -244.569    , array([ 0.0789376  ,  0.00237403 ])
84      , -244.632    , array([ 0.0789376  ,  0.0023764  ])
[0.07893764 0.00237403]
86      , -839.314    , array([ 0.0384062  ,  0.00627005 ])
88      , -267.113    , array([ 0.0791917  ,  0.00314769 ])
90      , -267.217    , array([ 0.0791917  ,  0.00315084 ])
[0.07919169 0.00314769]
92      , -521.775    , array([ 0.0864198  ,  0.00929631 ])
94      , -233.64     , array([ 0.180459   ,  0.00473054 ])
96      , -233.682    , array([ 0.180459   ,  0.00473527 ])
[0.18045934 0.00473054]
98      , -230.241    , array([ 0.0864198  ,  0.00194144 ])
100     , -211.198    , array([ 0.178424   ,  0.000975973])
102     , -211.201    , array([ 0.178424   ,  0.000976949])
[0.17842419 0.00097597]
104     , -317.677    , array([ 0.0864198  ,  0.00493548 ])
106     , -217.544    , array([ 0.179137   ,  0.00249162 ])
108     , -217.557    , array([ 0.179137   ,  0.00249411 ])
[0.17913724 0.00249162]
110     , -350.724    , array([ 0.0864198  ,  0.00575508 ])
112     , -220.041    , array([ 0.179363   ,  0.0029093  ])
114     , -220.058    , array([ 0.179363   ,  0.00291221 ])
[0.17936262 0.0029093 ]
116     , -274.144    , array([ 0.0864198  ,  0.00368558 ])
118     , -214.401    , array([ 0.178805   ,  0.00185695 ])
120     , -214.41     , array([ 0.178805   ,  0.00185881 ])
[0.17880496 0.00185695]
122     , -425.858    , array([ 0.0864198  ,  0.00740676 ])
124     , -225.747    , array([ 0.179832   ,  0.00375479 ])
126     , -225.774    , array([ 0.179832   ,  0.00375854 ])
[0.17983161 0.00375479]
128     , -266.18     , array([ 0.0864198  ,  0.00342183 ])
130     , -213.824    , array([ 0.178723   ,  0.00172322 ])
132     , -213.831    , array([ 0.178723   ,  0.00172494 ])
[0.1787227  0.00172322]
134     , -309.174    , array([ 0.0864198  ,  0.00471001 ])
136     , -216.936    , array([ 0.179073   ,  0.00237689 ])
138     , -216.948    , array([ 0.179073   ,  0.00237927 ])
[0.17907332 0.00237689]
140     , -435.041    , array([ 0.0864198  ,  0.00759605 ])
142     , -226.467    , array([ 0.179239   ,  0.0038371  ])
144     , -226.496    , array([ 0.179239   ,  0.00384094 ])
[0.17923873 0.0038371 ]
146     , -484.527    , array([ 0.0864198  ,  0.00858133 ])
148     , -230.534    , array([ 0.180224   ,  0.00436051 ])
150     , -230.57     , array([ 0.180224   ,  0.00436487 ])
[0.18022371 0.00436051]
152     , -212.907    , array([ 0.0864198  ,  0.000666495])
154     , -209.779    , array([ 0.178094   ,  0.000334398])
156     , -209.78     , array([ 0.178094   ,  0.000334733])
[0.17809404 0.0003344 ]
158     , -327.862    , array([ 0.0864198  ,  0.00519676 ])
160     , -218.298    , array([ 0.179207   ,  0.00262462 ])
162     , -218.314    , array([ 0.179207   ,  0.00262725 ])
[0.17920731 0.00262462]
164     , -437.84     , array([ 0.0864198  ,  0.00765297 ])
166     , -226.68     , array([ 0.179885   ,  0.00388085 ])
168     , -226.71     , array([ 0.179885   ,  0.00388473 ])
[0.17988502 0.00388085]
170     , -310.473    , array([ 0.0864198  ,  0.00474487 ])
172     , -217.027    , array([ 0.179082   ,  0.00239461 ])
174     , -217.04     , array([ 0.179082   ,  0.002397   ])
[0.17908194 0.00239461]
176     , -373.033    , array([ 0.0864198  ,  0.00627005 ])
178     , -221.649    , array([ 0.179492   ,  0.00317207 ])
180     , -221.67     , array([ 0.179492   ,  0.00317524 ])
[0.17949162 0.00317207]
182     , -550.796    , array([ 0.0820255  ,  0.00929631 ])
184     , -236.325    , array([ 0.171106   ,  0.00472519 ])
186     , -236.374    , array([ 0.171106   ,  0.00472992 ])
[0.17110565 0.00472519]
188     , -232.408    , array([ 0.0820255  ,  0.00194144 ])
190     , -211.364    , array([ 0.169136   ,  0.000974663])
192     , -211.367    , array([ 0.169136   ,  0.000975639])
[0.16913603 0.00097466]
194     , -328.731    , array([ 0.0820255  ,  0.00493548 ])
196     , -218.411    , array([ 0.169883   ,  0.00248934 ])
198     , -218.427    , array([ 0.169883   ,  0.00249183 ])
[0.16988259 0.00248934]
200     , -364.96     , array([ 0.0820255  ,  0.00575508 ])
202     , -221.115    , array([ 0.170099   ,  0.00290667 ])
204     , -221.134    , array([ 0.170099   ,  0.00290958 ])
[0.17009888 0.00290667]
206     , -280.831    , array([ 0.0820255  ,  0.00368558 ])
208     , -214.933    , array([ 0.169589   ,  0.00185551 ])
210     , -214.943    , array([ 0.169589   ,  0.00185736 ])
[0.16958883 0.00185551]
212     , -446.923    , array([ 0.0820255  ,  0.00740676 ])
214     , -227.488    , array([ 0.170564   ,  0.00375185 ])
216     , -227.52     , array([ 0.170564   ,  0.00375561 ])
[0.17056386 0.00375185]
218     , -272.018    , array([ 0.0820255  ,  0.00342183 ])
220     , -214.273    , array([ 0.169516   ,  0.00172194 ])
222     , -214.281    , array([ 0.169516   ,  0.00172367 ])
[0.16951648 0.00172194]
224     , -319.387    , array([ 0.0820255  ,  0.00471001 ])
226     , -217.714    , array([ 0.169824   ,  0.00237475 ])
228     , -217.728    , array([ 0.169824   ,  0.00237713 ])
[0.16982428 0.00237475]
230     , -456.913    , array([ 0.0820255  ,  0.00759605 ])
232     , -228.306    , array([ 0.170589   ,  0.00384835 ])
234     , -228.34     , array([ 0.170589   ,  0.0038522  ])
[0.17058907 0.00384835]
236     , -510.541    , array([ 0.0820255  ,  0.00858133 ])
238     , -232.779    , array([ 0.170874   ,  0.00435538 ])
240     , -232.82     , array([ 0.170874   ,  0.00435974 ])
[0.17087434 0.00435538]
242     , -213.241    , array([ 0.0820255  ,  0.000666495])
244     , -209.81     , array([ 0.169806   ,  0.000336004])
246     , -209.811    , array([ 0.169806   ,  0.00033634 ])
[0.16980624 0.000336  ]
248     , -339.904    , array([ 0.0820255  ,  0.00519676 ])
250     , -219.272    , array([ 0.169955   ,  0.00262232 ])
252     , -219.29     , array([ 0.169955   ,  0.00262494 ])
[0.16995511 0.00262232]
254     , -459.955    , array([ 0.0820255  ,  0.00765297 ])
256     , -228.557    , array([ 0.170617   ,  0.00387788 ])
258     , -228.591    , array([ 0.170617   ,  0.00388176 ])
[0.17061747 0.00387788]
260     , -320.812    , array([ 0.0820255  ,  0.00474487 ])
262     , -217.819    , array([ 0.169832   ,  0.00239245 ])
264     , -217.833    , array([ 0.169832   ,  0.00239484 ])
[0.16983235 0.00239245]
266     , -389.353    , array([ 0.0820255  ,  0.00627005 ])
268     , -222.966    , array([ 0.170222   ,  0.00316922 ])
270     , -222.99     , array([ 0.170222   ,  0.00317239 ])
[0.17022226 0.00316922]
272     , -1073.68    , array([ 0.0442194  ,  0.00929631 ])
274     , -298.171    , array([ 0.0918602  ,  0.00470405 ])
276     , -298.328    , array([ 0.0918602  ,  0.00470876 ])
[0.09186025 0.00470405]
278     , -281.453    , array([ 0.0442194  ,  0.00194144 ])
280     , -215.222    , array([ 0.0905133  ,  0.000967247])
282     , -215.232    , array([ 0.0905133  ,  0.000968215])
[0.09051329 0.00096725]
284     , -564.263    , array([ 0.0442194  ,  0.00493548 ])
286     , -238.38     , array([ 0.0909937  ,  0.00247245 ])
288     , -238.432    , array([ 0.0909937  ,  0.00247493 ])
[0.09099372 0.00247245]
290     , -658.997    , array([ 0.0442194  ,  0.00575508 ])
292     , -247.436    , array([ 0.0911282  ,  0.0028875  ])
294     , -247.505    , array([ 0.0911282  ,  0.00289039 ])
[0.09112824 0.0028875 ]
296     , -429.796    , array([ 0.0442194  ,  0.00368558 ])
298     , -226.806    , array([ 0.0907808  ,  0.00184181 ])
300     , -226.834    , array([ 0.0907808  ,  0.00184365 ])
[0.09078084 0.00184181]
302     , -854.87     , array([ 0.0442194  ,  0.00740676 ])
304     , -268.838    , array([ 0.0914614  ,  0.00373054 ])
306     , -268.943    , array([ 0.0914614  ,  0.00373427 ])
[0.09146141 0.00373054]
308     , -403.794    , array([ 0.0442194  ,  0.00342183 ])
310     , -224.661    , array([ 0.0907305  ,  0.00170902 ])
312     , -224.688    , array([ 0.0907305  ,  0.00171073 ])
[0.09073052 0.00170902]
314     , -538.945    , array([ 0.0442194  ,  0.00471001 ])
316     , -236.064    , array([ 0.0909467  ,  0.00235823 ])
318     , -236.111    , array([ 0.0909467  ,  0.00236059 ])
[0.09094671 0.00235823]
320     , -877.25     , array([ 0.0442194  ,  0.00759605 ])
322     , -271.553    , array([ 0.0909201  ,  0.00380206 ])
324     , -271.664    , array([ 0.0909201  ,  0.00380587 ])
[0.09092009 0.00380206]
326     , -992.397    , array([ 0.0442194  ,  0.00858133 ])
328     , -286.507    , array([ 0.0916947  ,  0.00433388 ])
330     , -286.643    , array([ 0.0916947  ,  0.00433821 ])
[0.09169467 0.00433388]
332     , -220.366    , array([ 0.0442194  ,  0.000666495])
334     , -210.571    , array([ 0.0903635  ,  0.000331491])
336     , -210.573    , array([ 0.0903635  ,  0.000331823])
[0.09036351 0.00033149]
338     , -594.099    , array([ 0.0442194  ,  0.00519676 ])
340     , -241.147    , array([ 0.0910234  ,  0.00260423 ])
342     , -241.202    , array([ 0.0910234  ,  0.00260684 ])
[0.09102344 0.00260423]
344     , -884.01     , array([ 0.0442194  ,  0.00765297 ])
346     , -272.37     , array([ 0.0914839  ,  0.00385556 ])
348     , -272.482    , array([ 0.0914839  ,  0.00385941 ])
[0.09148393 0.00385556]
350     , -542.822    , array([ 0.0442194  ,  0.00474487 ])
352     , -236.413    , array([ 0.0909583  ,  0.002376   ])
354     , -236.461    , array([ 0.0909583  ,  0.00237838 ])
[0.09095826 0.002376  ]
356     , -719.805    , array([ 0.0442194  ,  0.00627005 ])
358     , -253.632    , array([ 0.0912202  ,  0.00314921 ])
360     , -253.711    , array([ 0.0912202  ,  0.00315236 ])
[0.09122015 0.00314921]
362     , -2575.43    , array([ 0.00841001 ,  0.00929631 ])
364     , -1863.02    , array([ 0.0228209  ,  0.00894402 ])
366     , -1864.19    , array([ 0.0228209  ,  0.00895297 ])
368     , -208.92     , array([ 1.24351    ,  0.00766341 ])
[1.24226295 0.00766341]
370     , -1249.04    , array([ 0.0084016  ,  0.00194144 ])
372     , -1250.24    , array([ 0.0084016  ,  0.00194338 ])
374     , -324.86     , array([ 0.0171518  ,  0.000962658])
[0.01713469 0.00096266]
376     , -2347.84    , array([ 0.0084016  ,  0.00493548 ])
378     , -2348.62    , array([ 0.0084016  ,  0.00494042 ])
380     , -749.838    , array([ 0.0175178  ,  0.00250197 ])
382     , -209.531    , array([ 0.329442   ,  0.000165233])
384     , -209.531    , array([ 0.329442   ,  0.000165398])
[3.29442209e-01 1.65232607e-04]
386     , -2451.14    , array([ 0.00841001 ,  0.00575508 ])
388     , -884.177    , array([ 0.0177614  ,  0.00296556 ])
390     , -885.101    , array([ 0.0177614  ,  0.00296853 ])
392     , -209.536    , array([ 0.355117   ,  0.000209088])
[3.54761677e-01 2.09088148e-04]
394     , -2061.32    , array([ 0.0084016  ,  0.00368558 ])
396     , -2062.46    , array([ 0.0084016  ,  0.00368927 ])
398     , -553.708    , array([ 0.017301   ,  0.00184383 ])
[0.01728367 0.00184383]
400     , -2550.33    , array([ 0.0084016  ,  0.00740676 ])
402     , -2550.56    , array([ 0.0084016  ,  0.00741417 ])
404     , -1160.44    , array([ 0.0189635  ,  0.0041382  ])
406     , -209.548    , array([ 0.489748   ,  0.00040322 ])
408     , -209.548    , array([ 0.489748   ,  0.000403624])
[4.89747780e-01 4.03220486e-04]
410     , -1972.25    , array([ 0.00841001 ,  0.00342183 ])
412     , -515.129    , array([ 0.0172532  ,  0.00170875 ])
414     , -515.627    , array([ 0.0172532  ,  0.00171046 ])
[0.01725322 0.00170875]
416     , -2308.5     , array([ 0.00841001 ,  0.00471001 ])
418     , -714.298    , array([ 0.0174503  ,  0.00238034 ])
420     , -715.059    , array([ 0.0174503  ,  0.00238272 ])
[0.0174503  0.00238034]
422     , -2555.46    , array([ 0.00841001 ,  0.00759605 ])
424     , -1193       , array([ 0.019051   ,  0.00427765 ])
426     , -1194.16    , array([ 0.019051   ,  0.00428193 ])
428     , -209.549    , array([ 0.504171   ,  0.000430207])
[5.03666982e-01 4.30206613e-04]
430     , -2572.35    , array([ 0.0084016  ,  0.00858133 ])
432     , -2572.43    , array([ 0.0084016  ,  0.00858992 ])
434     , -1434.87    , array([ 0.0211428  ,  0.00582471 ])
436     , -209.546    , array([ 0.843713   ,  0.00123638 ])
438     , -209.546    , array([ 0.843713   ,  0.00123762 ])
[0.84371289 0.00123638]
440     , -422.691    , array([ 0.00841001 ,  0.000666495])
442     , -226.706    , array([ 0.0170742  ,  0.000329301])
444     , -226.737    , array([ 0.0170742  ,  0.000329631])
[0.01707422 0.0003293 ]
446     , -2385.82    , array([ 0.00841001 ,  0.00519676 ])
448     , -793.049    , array([ 0.0175774  ,  0.00264705 ])
450     , -793.885    , array([ 0.0175774  ,  0.0026497  ])
452     , -209.533    , array([ 0.337101   ,  0.000178188])
[3.36763620e-01 1.78187546e-04]
454     , -2557.22    , array([ 0.0084016  ,  0.00765297 ])
456     , -2557.41    , array([ 0.0084016  ,  0.00766062 ])
458     , -1206.49    , array([ 0.0193042  ,  0.0043871  ])
460     , -209.549    , array([ 0.535347   ,  0.000473773])
462     , -209.549    , array([ 0.535347   ,  0.000474247])
[5.35347138e-01 4.73773442e-04]
464     , -2314.78    , array([ 0.00841001 ,  0.00474487 ])
466     , -719.933    , array([ 0.0174583  ,  0.00239913 ])
468     , -720.696    , array([ 0.0174583  ,  0.00240153 ])
[0.01745826 0.00239913]
470     , -2494.37    , array([ 0.00841001 ,  0.00627005 ])
472     , -968.842    , array([ 0.0180109  ,  0.00328333 ])
474     , -969.844    , array([ 0.0180109  ,  0.00328662 ])
476     , -209.54     , array([ 0.380768   ,  0.000246883])
[3.80387423e-01 2.46882851e-04]
478     , -1157.9     , array([ 0.0410892  ,  0.00929631 ])
480     , -1159       , array([ 0.0410892  ,  0.00930561 ])
482     , -310.906    , array([ 0.0855261  ,  0.00470392 ])
[0.08544063 0.00470392]
484     , -291.825    , array([ 0.0410892  ,  0.00194144 ])
486     , -291.972    , array([ 0.0410892  ,  0.00194338 ])
488     , -216.051    , array([ 0.0842279  ,  0.000966699])
[0.08414374 0.0009667 ]
490     , -609.349    , array([ 0.0410892  ,  0.00493548 ])
492     , -609.973    , array([ 0.0410892  ,  0.00494042 ])
494     , -242.517    , array([ 0.0846408  ,  0.00246999 ])
[0.08455622 0.00246999]
496     , -713.425    , array([ 0.0410892  ,  0.00575508 ])
498     , -714.172    , array([ 0.0410892  ,  0.00576084 ])
500     , -252.875    , array([ 0.0844378  ,  0.00287299 ])
[0.0843534  0.00287299]
502     , -459.747    , array([ 0.0410892  ,  0.00368558 ])
504     , -460.163    , array([ 0.0410892  ,  0.00368927 ])
506     , -229.197    , array([ 0.0844734  ,  0.00184068 ])
[0.08438896 0.00184068]
508     , -925.641    , array([ 0.0410892  ,  0.00740676 ])
510     , -926.593    , array([ 0.0410892  ,  0.00741417 ])
512     , -277.432    , array([ 0.0851001  ,  0.00372789 ])
[0.08501502 0.00372789]
514     , -430.524    , array([ 0.0410892  ,  0.00342183 ])
516     , -430.895    , array([ 0.0410892  ,  0.00342526 ])
518     , -226.853    , array([ 0.0844405  ,  0.00170827 ])
[0.0843561  0.00170827]
520     , -581.358    , array([ 0.0410892  ,  0.00471001 ])
522     , -581.938    , array([ 0.0410892  ,  0.00471473 ])
524     , -239.936    , array([ 0.0846399  ,  0.00235713 ])
[0.08455532 0.00235713]
526     , -949.671    , array([ 0.0410892  ,  0.00759605 ])
528     , -950.639    , array([ 0.0410892  ,  0.00760365 ])
530     , -280.52     , array([ 0.085144   ,  0.00382525 ])
[0.08505887 0.00382525]
532     , -1072.19    , array([ 0.0410892  ,  0.00858133 ])
534     , -1073.24    , array([ 0.0410892  ,  0.00858992 ])
536     , -297.598    , array([ 0.0853481  ,  0.00433245 ])
[0.08526277 0.00433245]
538     , -221.928    , array([ 0.0410892  ,  0.000666495])
540     , -221.948    , array([ 0.0410892  ,  0.000667162])
542     , -210.731    , array([ 0.0841609  ,  0.000331596])
[0.08407676 0.0003316 ]
544     , -642.265    , array([ 0.0410892  ,  0.00519676 ])
546     , -642.921    , array([ 0.0410892  ,  0.00520196 ])
548     , -245.683    , array([ 0.0847197  ,  0.00260328 ])
[0.08463505 0.00260328]
550     , -956.884    , array([ 0.0410892  ,  0.00765297 ])
552     , -957.849    , array([ 0.0410892  ,  0.00766062 ])
554     , -281.461    , array([ 0.0851705  ,  0.00385519 ])
[0.08508542 0.00385519]
556     , -585.646    , array([ 0.0410892  ,  0.00474487 ])
558     , -586.23     , array([ 0.0410892  ,  0.00474962 ])
560     , -240.341    , array([ 0.0846513  ,  0.00237491 ])
[0.08456672 0.00237491]
562     , -779.757    , array([ 0.0410892  ,  0.00627005 ])
564     , -780.573    , array([ 0.0410892  ,  0.00627632 ])
566     , -260.018    , array([ 0.0848908  ,  0.00314759 ])
[0.08480591 0.00314759]
568     , -457.31     , array([ 0.0986563  ,  0.00929631 ])
570     , -457.711    , array([ 0.0986563  ,  0.00930561 ])
572     , -227.93     , array([ 0.206822   ,  0.00474054 ])
[0.20661528 0.00474054]
574     , -225.756    , array([ 0.0986563  ,  0.00194144 ])
576     , -225.785    , array([ 0.0986563  ,  0.00194338 ])
578     , -210.856    , array([ 0.20454    ,  0.000978225])
[0.20433588 0.00097822]
580     , -293.798    , array([ 0.0986563  ,  0.00493548 ])
582     , -293.946    , array([ 0.0986563  ,  0.00494042 ])
584     , -215.762    , array([ 0.205414   ,  0.00249817 ])
[0.2052087  0.00249817]
586     , -319.815    , array([ 0.0986563  ,  0.00575508 ])
588     , -320.007    , array([ 0.0986563  ,  0.00576084 ])
590     , -217.538    , array([ 0.205658   ,  0.00291675 ])
[0.20545221 0.00291675]
592     , -259.785    , array([ 0.0986563  ,  0.00368558 ])
594     , -259.874    , array([ 0.0986563  ,  0.00368927 ])
596     , -213.3      , array([ 0.205097   ,  0.00186243 ])
[0.20489172 0.00186243]
598     , -379.62     , array([ 0.0986563  ,  0.00740676 ])
600     , -379.906    , array([ 0.0986563  ,  0.00741417 ])
602     , -221.911    , array([ 0.206196   ,  0.00376449 ])
[0.20598974 0.00376449]
604     , -253.578    , array([ 0.0986563  ,  0.00342183 ])
606     , -253.657    , array([ 0.0986563  ,  0.00342526 ])
608     , -212.902    , array([ 0.204976   ,  0.00172806 ])
[0.2047711  0.00172806]
610     , -287.15     , array([ 0.0986563  ,  0.00471001 ])
612     , -287.288    , array([ 0.0986563  ,  0.00471473 ])
614     , -215.275    , array([ 0.205329   ,  0.00238298 ])
[0.20512328 0.00238298]
616     , -387.011    , array([ 0.0986563  ,  0.00759605 ])
618     , -387.31     , array([ 0.0986563  ,  0.00760365 ])
620     , -222.474    , array([ 0.206227   ,  0.00386133 ])
[0.20602102 0.00386133]
622     , -426.963    , array([ 0.0986563  ,  0.00858133 ])
624     , -427.32     , array([ 0.0986563  ,  0.00858992 ])
626     , -225.531    , array([ 0.206593   ,  0.00437063 ])
[0.20638643 0.00437063]
628     , -212.146    , array([ 0.0986563  ,  0.000666495])
630     , -212.151    , array([ 0.0986563  ,  0.000667162])
632     , -209.712    , array([ 0.204419   ,  0.000335612])
[0.20421434 0.00033561]
634     , -301.801    , array([ 0.0986563  ,  0.00519676 ])
636     , -301.962    , array([ 0.0986563  ,  0.00520196 ])
638     , -216.282    , array([ 0.205506   ,  0.00263169 ])
[0.20530055 0.00263169]
640     , -389.257    , array([ 0.0986563  ,  0.00765297 ])
642     , -389.559    , array([ 0.0986563  ,  0.00766062 ])
644     , -222.647    , array([ 0.206254   ,  0.00389082 ])
[0.20604781 0.00389082]
646     , -288.169    , array([ 0.0986563  ,  0.00474487 ])
648     , -288.306    , array([ 0.0986563  ,  0.00474962 ])
650     , -215.353    , array([ 0.205399   ,  0.00240151 ])
[0.20519361 0.00240151]
652     , -337.482    , array([ 0.0986563  ,  0.00627005 ])
654     , -337.703    , array([ 0.0986563  ,  0.00627632 ])
656     , -218.855    , array([ 0.205826   ,  0.00318055 ])
[0.20562019 0.00318055]
658     , -1986.13    , array([ 0.0213877  ,  0.00929631 ])
660     , -1987.21    , array([ 0.0213877  ,  0.00930561 ])
662     , -534.778    , array([ 0.0448811  ,  0.00474566 ])
[0.04483624 0.00474566]
664     , -472.518    , array([ 0.0213877  ,  0.00194144 ])
666     , -472.955    , array([ 0.0213877  ,  0.00194338 ])
668     , -230.59     , array([ 0.0436987  ,  0.000963462])
[0.04365506 0.00096346]
670     , -1220.02    , array([ 0.0213877  ,  0.00493548 ])
672     , -1221.18    , array([ 0.0213877  ,  0.00494042 ])
674     , -320.55     , array([ 0.0440124  ,  0.00246738 ])
[0.04396844 0.00246738]
676     , -1405.06    , array([ 0.0213877  ,  0.00575508 ])
678     , -1406.31    , array([ 0.0213877  ,  0.00576084 ])
680     , -354.857    , array([ 0.0441189  ,  0.00288438 ])
[0.04407485 0.00288438]
682     , -909.227    , array([ 0.0213877  ,  0.00368558 ])
684     , -910.187    , array([ 0.0213877  ,  0.00368927 ])
686     , -275.579    , array([ 0.0438588  ,  0.00183587 ])
[0.04381499 0.00183587]
688     , -1720.05    , array([ 0.0213877  ,  0.00740676 ])
690     , -1721.28    , array([ 0.0213877  ,  0.00741417 ])
692     , -433.394    , array([ 0.0444116  ,  0.00373821 ])
[0.04436717 0.00373821]
694     , -841.083    , array([ 0.0213877  ,  0.00342183 ])
696     , -841.978    , array([ 0.0213877  ,  0.00342526 ])
698     , -267.389    , array([ 0.0434814  ,  0.00168958 ])
[0.04343791 0.00168958]
700     , -1166.1     , array([ 0.0213877  ,  0.00471001 ])
702     , -1167.25    , array([ 0.0213877  ,  0.00471473 ])
704     , -311.736    , array([ 0.0439748  ,  0.00235257 ])
[0.04393087 0.00235257]
706     , -1751.06    , array([ 0.0213877  ,  0.00759605 ])
708     , -1752.27    , array([ 0.0213877  ,  0.00760365 ])
710     , -443.093    , array([ 0.0444561  ,  0.00383785 ])
[0.04441163 0.00383785]
712     , -1896.49    , array([ 0.0213877  ,  0.00858133 ])
714     , -1897.65    , array([ 0.0213877  ,  0.00858992 ])
716     , -495.265    , array([ 0.0446716  ,  0.00435832 ])
[0.04462692 0.00435832]
718     , -249.576    , array([ 0.0213877  ,  0.000666495])
720     , -249.649    , array([ 0.0213877  ,  0.000667162])
722     , -212.948    , array([ 0.0435989  ,  0.000329989])
[0.04355534 0.00032999]
724     , -1280.92    , array([ 0.0213877  ,  0.00519676 ])
726     , -1282.1     , array([ 0.0213877  ,  0.00520196 ])
728     , -331.1      , array([ 0.0440478  ,  0.00260018 ])
[0.04400381 0.00260018]
730     , -1760.2     , array([ 0.0213877  ,  0.00765297 ])
732     , -1761.42    , array([ 0.0213877  ,  0.00766062 ])
734     , -446.018    , array([ 0.0444596  ,  0.00386694 ])
[0.04441514 0.00386694]
736     , -1174.56    , array([ 0.0213877  ,  0.00474487 ])
738     , -1175.71    , array([ 0.0213877  ,  0.00474962 ])
740     , -313.078    , array([ 0.0439849  ,  0.00237055 ])
[0.04394096 0.00237055]
742     , -1511.82    , array([ 0.0213877  ,  0.00627005 ])
744     , -1513.08    , array([ 0.0213877  ,  0.00627632 ])
746     , -378.111    , array([ 0.044199   ,  0.00314846 ])
[0.04415479 0.00314846]
748     , -2242.65    , array([ 0.0168154  ,  0.00929631 ])
750     , -2243.47    , array([ 0.0168154  ,  0.00930561 ])
752     , -689.498    , array([ 0.0356631  ,  0.00480237 ])
[0.03562745 0.00480237]
754     , -600.736    , array([ 0.0168154  ,  0.00194144 ])
756     , -601.347    , array([ 0.0168154  ,  0.00194338 ])
758     , -242.238    , array([ 0.0343377  ,  0.000962916])
[0.03430337 0.00096292]
760     , -1526.95    , array([ 0.0168154  ,  0.00493548 ])
762     , -1528.23    , array([ 0.0168154  ,  0.00494042 ])
764     , -380.743    , array([ 0.0346261  ,  0.00246906 ])
[0.0345915  0.00246906]
766     , -1722.25    , array([ 0.0168154  ,  0.00575508 ])
768     , -1723.51    , array([ 0.0168154  ,  0.00576084 ])
770     , -432.103    , array([ 0.0347468  ,  0.00288958 ])
[0.03471204 0.00288958]
772     , -1169.57    , array([ 0.0168154  ,  0.00368558 ])
774     , -1170.71    , array([ 0.0168154  ,  0.00368927 ])
776     , -312.159    , array([ 0.0344874  ,  0.00183613 ])
[0.03445297 0.00183613]
778     , -2023.24    , array([ 0.0168154  ,  0.00740676 ])
780     , -2024.34    , array([ 0.0168154  ,  0.00741417 ])
782     , -546.713    , array([ 0.0350634  ,  0.00375501 ])
[0.03502832 0.00375501]
784     , -1086.23    , array([ 0.0168154  ,  0.00342183 ])
786     , -1087.31    , array([ 0.0168154  ,  0.00342526 ])
788     , -299.472    , array([ 0.0344623  ,  0.00170346 ])
[0.03442785 0.00170346]
790     , -1467.58    , array([ 0.0168154  ,  0.00471001 ])
792     , -1468.86    , array([ 0.0168154  ,  0.00471473 ])
794     , -367.421    , array([ 0.0343896  ,  0.00233967 ])
[0.0343552  0.00233967]
796     , -2050.59    , array([ 0.0168154  ,  0.00759605 ])
798     , -2051.66    , array([ 0.0168154  ,  0.00760365 ])
800     , -560.502    , array([ 0.0349922  ,  0.00384255 ])
[0.0349572  0.00384255]
802     , -2172.77    , array([ 0.0168154  ,  0.00858133 ])
804     , -2173.69    , array([ 0.0168154  ,  0.00858992 ])
806     , -634.416    , array([ 0.035411   ,  0.00439779 ])
[0.03537559 0.00439779]
808     , -271.519    , array([ 0.0168154  ,  0.000666495])
810     , -271.632    , array([ 0.0168154  ,  0.000667162])
812     , -214.591    , array([ 0.0342504  ,  0.000329717])
[0.03421618 0.00032972]
814     , -1592.67    , array([ 0.0168154  ,  0.00519676 ])
816     , -1593.95    , array([ 0.0168154  ,  0.00520196 ])
818     , -396.633    , array([ 0.0346598  ,  0.00260241 ])
[0.03462512 0.00260241]
820     , -2058.57    , array([ 0.0168154  ,  0.00765297 ])
822     , -2059.62    , array([ 0.0168154  ,  0.00766062 ])
824     , -564.782    , array([ 0.0351407  ,  0.00388911 ])
[0.03510562 0.00388911]
826     , -1476.96    , array([ 0.0168154  ,  0.00474487 ])
828     , -1478.23    , array([ 0.0168154  ,  0.00474962 ])
830     , -369.461    , array([ 0.0346037  ,  0.00237211 ])
[0.0345691  0.00237211]
832     , -1828.83    , array([ 0.0168154  ,  0.00627005 ])
834     , -1830.06    , array([ 0.0168154  ,  0.00627632 ])
836     , -466.452    , array([ 0.0348285  ,  0.00315596 ])
[0.03479364 0.00315596]
838     , -2420.97    , array([ 0.0133325  ,  0.00929631 ])
840     , -2421.47    , array([ 0.0133325  ,  0.00930561 ])
842     , -890.018    , array([ 0.0289604  ,  0.00493978 ])
844     , -209.528    , array([ 0.641517   ,  0.000393818])
846     , -209.528    , array([ 0.641517   ,  0.000394212])
[6.41516639e-01 3.93818425e-04]
848     , -768.616    , array([ 0.0133458  ,  0.00194144 ])
850     , -259.516    , array([ 0.0271877  ,  0.000962542])
852     , -259.607    , array([ 0.0271877  ,  0.000963505])
[0.02718775 0.00096254]
854     , -1832.93    , array([ 0.0133458  ,  0.00493548 ])
856     , -466.573    , array([ 0.0274781  ,  0.0024739  ])
858     , -467.002    , array([ 0.0274781  ,  0.00247637 ])
[0.02747807 0.0024739 ]
860     , -2016.84    , array([ 0.0133458  ,  0.00575508 ])
862     , -540.143    , array([ 0.0275616  ,  0.00289394 ])
864     , -540.678    , array([ 0.0275616  ,  0.00289684 ])
[0.02756156 0.00289394]
866     , -1459.27    , array([ 0.0133458  ,  0.00368558 ])
868     , -365.688    , array([ 0.0273252  ,  0.00183672 ])
870     , -365.96     , array([ 0.0273252  ,  0.00183856 ])
[0.02732521 0.00183672]
872     , -2268.26    , array([ 0.0133458  ,  0.00740676 ])
874     , -699.306    , array([ 0.0279894  ,  0.00378701 ])
876     , -700.031    , array([ 0.0279894  ,  0.0037908  ])
[0.02798941 0.00378701]
878     , -1365.57    , array([ 0.0133458  ,  0.00342183 ])
880     , -346.682    , array([ 0.0273005  ,  0.00170369 ])
882     , -346.923    , array([ 0.0273005  ,  0.0017054  ])
[0.02730054 0.00170369]
884     , -1774.14    , array([ 0.0133458  ,  0.00471001 ])
886     , -447.229    , array([ 0.0274445  ,  0.00235787 ])
888     , -447.629    , array([ 0.0274445  ,  0.00236023 ])
[0.02744451 0.00235787]
890     , -2288.89    , array([ 0.0133458  ,  0.00759605 ])
892     , -718.243    , array([ 0.0280919  ,  0.0038996  ])
894     , -718.992    , array([ 0.0280919  ,  0.0039035  ])
[0.02809188 0.0038996 ]
896     , -2375.51    , array([ 0.0133458  ,  0.00858133 ])
898     , -817.213    , array([ 0.0284087  ,  0.00446195 ])
900     , -818.074    , array([ 0.0284087  ,  0.00446642 ])
902     , -209.527    , array([ 0.586201   ,  0.000326141])
[5.85615195e-01 3.26140922e-04]
904     , -303.85     , array([ 0.0133325  ,  0.000666495])
906     , -304.019    , array([ 0.0133325  ,  0.000667162])
908     , -217.204    , array([ 0.0271401  ,  0.000329521])
[0.02711302 0.00032952]
910     , -1897.78    , array([ 0.0133325  ,  0.00519676 ])
912     , -1899       , array([ 0.0133325  ,  0.00520196 ])
914     , -489.037    , array([ 0.0275437  ,  0.00260866 ])
[0.02751618 0.00260866]
916     , -2295.7     , array([ 0.0133325  ,  0.00765297 ])
918     , -2296.48    , array([ 0.0133325  ,  0.00766062 ])
920     , -723.112    , array([ 0.0281422  ,  0.00393229 ])
922     , -209.525    , array([ 0.555873   ,  0.000274101])
924     , -209.525    , array([ 0.555873   ,  0.000274375])
[5.55872656e-01 2.74100681e-04]
926     , -1783.46    , array([ 0.0133458  ,  0.00474487 ])
928     , -450.164    , array([ 0.0272729  ,  0.00235996 ])
930     , -450.567    , array([ 0.0272729  ,  0.00236233 ])
[0.02727288 0.00235996]
932     , -2110.64    , array([ 0.0133458  ,  0.00627005 ])
934     , -588.578    , array([ 0.027719   ,  0.00317208 ])
936     , -589.173    , array([ 0.027719   ,  0.00317525 ])
[0.02771898 0.00317208]
938     , -1093.34    , array([ 0.043454   ,  0.00929631 ])
940     , -301.145    , array([ 0.0902651  ,  0.00470377 ])
942     , -301.305    , array([ 0.0902651  ,  0.00470848 ])
[0.09026513 0.00470377]
944     , -283.784    , array([ 0.043454   ,  0.00194144 ])
946     , -215.412    , array([ 0.0889425  ,  0.000967203])
948     , -215.423    , array([ 0.0889425  ,  0.00096817 ])
[0.08894252 0.0009672 ]
950     , -574.621    , array([ 0.043454   ,  0.00493548 ])
952     , -239.366    , array([ 0.0893939  ,  0.00247174 ])
954     , -239.421    , array([ 0.0893939  ,  0.00247421 ])
[0.08939387 0.00247174]
956     , -671.485    , array([ 0.043454   ,  0.00575508 ])
958     , -248.709    , array([ 0.0895271  ,  0.0028867  ])
960     , -248.777    , array([ 0.0895271  ,  0.00288959 ])
[0.08952707 0.0028867 ]
962     , -436.614    , array([ 0.043454   ,  0.00368558 ])
964     , -227.352    , array([ 0.0891865  ,  0.00184132 ])
966     , -227.382    , array([ 0.0891865  ,  0.00184316 ])
[0.0891865  0.00184132]
968     , -871.293    , array([ 0.043454   ,  0.00740676 ])
970     , -270.823    , array([ 0.0898606  ,  0.00372977 ])
972     , -270.932    , array([ 0.0898606  ,  0.0037335  ])
[0.08986058 0.00372977]
974     , -409.874    , array([ 0.043454   ,  0.00342183 ])
976     , -225.174    , array([ 0.0891538  ,  0.0017089  ])
978     , -225.202    , array([ 0.0891538  ,  0.00171061 ])
[0.08915385 0.0017089 ]
980     , -548.62     , array([ 0.043454   ,  0.00471001 ])
982     , -236.954    , array([ 0.0893476  ,  0.00235755 ])
984     , -237.003    , array([ 0.0893476  ,  0.00235991 ])
[0.08934765 0.00235755]
986     , -894.067    , array([ 0.043454   ,  0.00759605 ])
988     , -273.632    , array([ 0.0899033  ,  0.00382701 ])
990     , -273.747    , array([ 0.0899033  ,  0.00383084 ])
[0.08990328 0.00382701]
992     , -1010.96    , array([ 0.043454   ,  0.00858133 ])
994     , -289.1      , array([ 0.0900969  ,  0.00433333 ])
996     , -289.24     , array([ 0.0900969  ,  0.00433767 ])
[0.09009686 0.00433333]
998     , -220.724    , array([ 0.043454   ,  0.000666495])
1000    , -210.608    , array([ 0.0887804  ,  0.000331419])
1002    , -210.61     , array([ 0.0887804  ,  0.00033175 ])
[0.08878043 0.00033142]
1004    , -605.111    , array([ 0.043454   ,  0.00519676 ])
1006    , -242.188    , array([ 0.0894543  ,  0.00260443 ])
1008    , -242.245    , array([ 0.0894543  ,  0.00260704 ])
[0.08945433 0.00260443]
1010    , -900.852    , array([ 0.043454   ,  0.00765297 ])
1012    , -274.491    , array([ 0.0898839  ,  0.0038548  ])
1014    , -274.607    , array([ 0.0898839  ,  0.00385866 ])
[0.08988386 0.0038548 ]
1016    , -552.634    , array([ 0.043454   ,  0.00474487 ])
1018    , -237.318    , array([ 0.089359   ,  0.00237531 ])
1020    , -237.368    , array([ 0.089359   ,  0.00237769 ])
[0.08935898 0.00237531]
1022    , -733.579    , array([ 0.043454   ,  0.00627005 ])
1024    , -255.128    , array([ 0.0896187  ,  0.00314838 ])
1026    , -255.21     , array([ 0.0896187  ,  0.00315153 ])
[0.08961872 0.00314838]
1028    , -573.108    , array([ 0.0789886  ,  0.00929631 ])
1030    , -238.392    , array([ 0.1647     ,  0.00472298 ])
1032    , -238.442    , array([ 0.1647     ,  0.0047277  ])
[0.16469953 0.00472298]
1034    , -234.054    , array([ 0.0789886  ,  0.00194144 ])
1036    , -211.497    , array([ 0.162935   ,  0.000975051])
1038    , -211.5      , array([ 0.162935   ,  0.000976027])
[0.16293547 0.00097505]
1040    , -337.364    , array([ 0.0789886  ,  0.00493548 ])
1042    , -219.107    , array([ 0.163498   ,  0.0024878  ])
1044    , -219.125    , array([ 0.163498   ,  0.00249029 ])
[0.16349782 0.0024878 ]
1046    , -376.051    , array([ 0.0789886  ,  0.00575508 ])
1048    , -221.984    , array([ 0.163698   ,  0.00290473 ])
1050    , -222.006    , array([ 0.163698   ,  0.00290763 ])
[0.16369845 0.00290473]
1052    , -286.069    , array([ 0.0789886  ,  0.00368558 ])
1054    , -215.36     , array([ 0.163188   ,  0.00185404 ])
1056    , -215.37     , array([ 0.163188   ,  0.0018559  ])
[0.16318824 0.00185404]
1058    , -463.242    , array([ 0.0789886  ,  0.00740676 ])
1060    , -228.889    , array([ 0.164153   ,  0.0037495  ])
1062    , -228.924    , array([ 0.164153   ,  0.00375325 ])
[0.16415316 0.0037495 ]
1064    , -276.634    , array([ 0.0789886  ,  0.00342183 ])
1066    , -214.634    , array([ 0.163119   ,  0.00172059 ])
1068    , -214.643    , array([ 0.163119   ,  0.00172231 ])
[0.16311913 0.00172059]
1070    , -327.377    , array([ 0.0789886  ,  0.00471001 ])
1072    , -218.34     , array([ 0.163443   ,  0.00237331 ])
1074    , -218.356    , array([ 0.163443   ,  0.00237569 ])
[0.16344333 0.00237331]
1076    , -473.825    , array([ 0.0789886  ,  0.00759605 ])
1078    , -229.787    , array([ 0.164178   ,  0.00384596 ])
1080    , -229.824    , array([ 0.164178   ,  0.0038498  ])
[0.16417839 0.00384596]
1082    , -530.609    , array([ 0.0789886  ,  0.00858133 ])
1084    , -234.585    , array([ 0.164465   ,  0.00435301 ])
1086    , -234.63     , array([ 0.164465   ,  0.00435736 ])
[0.16446519 0.00435301]
1088    , -213.456    , array([ 0.0789886  ,  0.000666495])
1090    , -209.835    , array([ 0.163213   ,  0.000335336])
1092    , -209.836    , array([ 0.163213   ,  0.000335672])
[0.16321293 0.00033534]
1094    , -349.308    , array([ 0.0789886  ,  0.00519676 ])
1096    , -220.048    , array([ 0.163562   ,  0.0026206  ])
1098    , -220.065    , array([ 0.163562   ,  0.00262322 ])
[0.16356174 0.0026206 ]
1100    , -477.056    , array([ 0.0789886  ,  0.00765297 ])
1102    , -230.062    , array([ 0.164207   ,  0.00387549 ])
1104    , -230.099    , array([ 0.164207   ,  0.00387937 ])
[0.16420669 0.00387549]
1106    , -328.902    , array([ 0.0789886  ,  0.00474487 ])
1108    , -218.456    , array([ 0.16345    ,  0.00239098 ])
1110    , -218.472    , array([ 0.16345    ,  0.00239337 ])
[0.16345008 0.00239098]
1112    , -402.052    , array([ 0.0789886  ,  0.00627005 ])
1114    , -224.023    , array([ 0.163861   ,  0.003168   ])
1116    , -224.049    , array([ 0.163861   ,  0.00317117 ])
[0.16386099 0.003168  ]
1118    , -490.162    , array([ 0.0919229  ,  0.00929631 ])
1120    , -230.857    , array([ 0.192065   ,  0.00473361 ])
1122    , -230.893    , array([ 0.192065   ,  0.00473835 ])
[0.19206472 0.00473361]
1124    , -227.994    , array([ 0.0919229  ,  0.00194144 ])
1126    , -211.027    , array([ 0.190144   ,  0.000977922])
1128    , -211.029    , array([ 0.190144   ,  0.000978901])
[0.19014412 0.00097792]
1130    , -305.845    , array([ 0.0919229  ,  0.00493548 ])
1132    , -216.65     , array([ 0.190751   ,  0.00249451 ])
1134    , -216.662    , array([ 0.190751   ,  0.00249701 ])
[0.19075099 0.00249451]
1136    , -335.435    , array([ 0.0919229  ,  0.00575508 ])
1138    , -218.814    , array([ 0.190985   ,  0.00291258 ])
1140    , -218.831    , array([ 0.190985   ,  0.00291549 ])
[0.19098452 0.00291258]
1142    , -267.046    , array([ 0.0919229  ,  0.00368558 ])
1144    , -213.851    , array([ 0.190481   ,  0.00185996 ])
1146    , -213.858    , array([ 0.190481   ,  0.00186182 ])
[0.19048072 0.00185996]
1148    , -403.064    , array([ 0.0919229  ,  0.00740676 ])
1150    , -223.903    , array([ 0.191459   ,  0.00375852 ])
1152    , -223.929    , array([ 0.191459   ,  0.00376228 ])
[0.19145866 0.00375852]
1154    , -259.911    , array([ 0.0919229  ,  0.00342183 ])
1156    , -213.362    , array([ 0.190381   ,  0.00172589 ])
1158    , -213.368    , array([ 0.190381   ,  0.00172762 ])
[0.19038112 0.00172589]
1160    , -298.255    , array([ 0.0919229  ,  0.00471001 ])
1162    , -216.138    , array([ 0.190679   ,  0.00237959 ])
1164    , -216.149    , array([ 0.190679   ,  0.00238197 ])
[0.19067874 0.00237959]
1166    , -411.397    , array([ 0.0919229  ,  0.00759605 ])
1168    , -224.559    , array([ 0.19155    ,  0.00385657 ])
1170    , -224.584    , array([ 0.19155    ,  0.00386043 ])
[0.19155024 0.00385657]
1172    , -456.25     , array([ 0.0919229  ,  0.00858133 ])
1174    , -228.056    , array([ 0.191839   ,  0.00436394 ])
1176    , -228.089    , array([ 0.191839   ,  0.0043683  ])
[0.19183865 0.00436394]
1178    , -212.525    , array([ 0.0919229  ,  0.000666495])
1180    , -209.746    , array([ 0.18971    ,  0.00033491 ])
1182    , -209.747    , array([ 0.18971    ,  0.000335245])
[0.18971022 0.00033491]
1184    , -314.955    , array([ 0.0919229  ,  0.00519676 ])
1186    , -217.29     , array([ 0.190829   ,  0.00262773 ])
1188    , -217.303    , array([ 0.190829   ,  0.00263036 ])
[0.19082939 0.00262773]
1190    , -413.913    , array([ 0.0919229  ,  0.00765297 ])
1192    , -224.745    , array([ 0.19158    ,  0.00388611 ])
1194    , -224.77     , array([ 0.19158    ,  0.00389    ])
[0.19157956 0.00388611]
1196    , -299.418    , array([ 0.0919229  ,  0.00474487 ])
1198    , -216.215    , array([ 0.190687   ,  0.00239732 ])
1200    , -216.226    , array([ 0.190687   ,  0.00239972 ])
[0.19068744 0.00239732]
1202    , -355.465    , array([ 0.0919229  ,  0.00627005 ])
1204    , -220.293    , array([ 0.191123   ,  0.00317567 ])
1206    , -220.311    , array([ 0.191123   ,  0.00317885 ])
[0.19112306 0.00317567]
1208    , -1393.06    , array([ 0.0339559  ,  0.00929631 ])
1210    , -354.376    , array([ 0.0705795  ,  0.00470695 ])
1212    , -354.627    , array([ 0.0705795  ,  0.00471166 ])
[0.07057946 0.00470695]
1214    , -326.041    , array([ 0.0339559  ,  0.00194144 ])
1216    , -218.677    , array([ 0.0693771  ,  0.000965423])
1218    , -218.693    , array([ 0.0693771  ,  0.000966389])
[0.06937711 0.00096542]
1220    , -748.145    , array([ 0.0339559  ,  0.00493548 ])
1222    , -256.9      , array([ 0.0697683  ,  0.00246856 ])
1224    , -256.985    , array([ 0.0697683  ,  0.00247103 ])
[0.06976829 0.00246856]
1226    , -877.938    , array([ 0.0339559  ,  0.00575508 ])
1228    , -271.793    , array([ 0.0698953  ,  0.00288397 ])
1230    , -271.903    , array([ 0.0698953  ,  0.00288685 ])
[0.0698953  0.00288397]
1232    , -554.614    , array([ 0.0339559  ,  0.00368558 ])
1234    , -237.684    , array([ 0.0695889  ,  0.00183849 ])
1236    , -237.734    , array([ 0.0695889  ,  0.00184033 ])
[0.06958887 0.00183849]
1238    , -1131.58    , array([ 0.0339559  ,  0.00740676 ])
1240    , -306.923    , array([ 0.0701871  ,  0.00372797 ])
1242    , -307.094    , array([ 0.0701871  ,  0.0037317  ])
[0.07018712 0.00372797]
1244    , -515.8      , array([ 0.0339559  ,  0.00342183 ])
1246    , -234.246    , array([ 0.0695553  ,  0.00170607 ])
1248    , -234.288    , array([ 0.0695553  ,  0.00170778 ])
[0.06955526 0.00170607]
1250    , -712.538    , array([ 0.0339559  ,  0.00471001 ])
1252    , -253.088    , array([ 0.0697429  ,  0.0023549  ])
1254    , -253.165    , array([ 0.0697429  ,  0.00235726 ])
[0.06974286 0.0023549 ]
1256    , -1159.32    , array([ 0.0339559  ,  0.00759605 ])
1258    , -311.352    , array([ 0.0697957  ,  0.00380084 ])
1260    , -311.532    , array([ 0.0697957  ,  0.00380464 ])
[0.06979566 0.00380084]
1262    , -1298.48    , array([ 0.0339559  ,  0.00858133 ])
1264    , -335.595    , array([ 0.0704091  ,  0.00433369 ])
1266    , -335.814    , array([ 0.0704091  ,  0.00433803 ])
[0.07040914 0.00433369]
1268    , -226.937    , array([ 0.0339559  ,  0.000666495])
1270    , -211.083    , array([ 0.0692428  ,  0.000330774])
1272    , -211.085    , array([ 0.0692428  ,  0.000331105])
[0.0692428  0.00033077]
1274    , -789.529    , array([ 0.0339559  ,  0.00519676 ])
1276    , -261.442    , array([ 0.0698056  ,  0.00260069 ])
1278    , -261.534    , array([ 0.0698056  ,  0.0026033  ])
[0.06980557 0.00260069]
1280    , -1167.66    , array([ 0.0339559  ,  0.00765297 ])
1282    , -312.696    , array([ 0.0702275  ,  0.00385424 ])
1284    , -312.878    , array([ 0.0702275  ,  0.00385809 ])
[0.07022746 0.00385424]
1286    , -717.993    , array([ 0.0339559  ,  0.00474487 ])
1288    , -253.665    , array([ 0.0696881  ,  0.00237039 ])
1290    , -253.744    , array([ 0.0696881  ,  0.00237276 ])
[0.06968807 0.00237039]
1292    , -958.703    , array([ 0.0339559  ,  0.00627005 ])
1294    , -282.049    , array([ 0.0699734  ,  0.00314571 ])
1296    , -282.177    , array([ 0.0699734  ,  0.00314885 ])
[0.06997337 0.00314571]
1298    , -771.204    , array([ 0.0600934  ,  0.00929631 ])
1300    , -258.814    , array([ 0.124993   ,  0.00471041 ])
1302    , -258.901    , array([ 0.124993   ,  0.00471512 ])
[0.12499296 0.00471041]
1304    , -250.313    , array([ 0.0600934  ,  0.00194144 ])
1306    , -212.887    , array([ 0.123434   ,  0.000970733])
1308    , -212.893    , array([ 0.123434   ,  0.000971704])
[0.12343426 0.00097073]
1310    , -419.344    , array([ 0.0600934  ,  0.00493548 ])
1312    , -225.733    , array([ 0.123959   ,  0.00247876 ])
1314    , -225.76     , array([ 0.123959   ,  0.00248124 ])
[0.12395933 0.00247876]
1316    , -480.072    , array([ 0.0600934  ,  0.00575508 ])
1318    , -230.677    , array([ 0.124153   ,  0.00289516 ])
1320    , -230.715    , array([ 0.124153   ,  0.00289806 ])
[0.12415328 0.00289516]
1322    , -336.651    , array([ 0.0600934  ,  0.00368558 ])
1324    , -219.251    , array([ 0.123704   ,  0.00184702 ])
1326    , -219.268    , array([ 0.123704   ,  0.00184887 ])
[0.12370416 0.00184702]
1328    , -612.404    , array([ 0.0600934  ,  0.00740676 ])
1330    , -242.492    , array([ 0.12453    ,  0.00373806 ])
1332    , -242.551    , array([ 0.12453    ,  0.0037418  ])
[0.12452963 0.00373806]
1334    , -321.148    , array([ 0.0600934  ,  0.00342183 ])
1336    , -218.062    , array([ 0.123655   ,  0.00171413 ])
1338    , -218.076    , array([ 0.123655   ,  0.00171585 ])
[0.12365511 0.00171413]
1340    , -403.435    , array([ 0.0600934  ,  0.00471001 ])
1342    , -224.412    , array([ 0.123914   ,  0.00236461 ])
1344    , -224.439    , array([ 0.123914   ,  0.00236697 ])
[0.12391384 0.00236461]
1346    , -628.13     , array([ 0.0600934  ,  0.00759605 ])
1348    , -244.007    , array([ 0.124562   ,  0.00383465 ])
1350    , -244.069    , array([ 0.124562   ,  0.00383849 ])
[0.12456205 0.00383465]
1352    , -710.785    , array([ 0.0600934  ,  0.00858133 ])
1354    , -252.313    , array([ 0.124811   ,  0.00434133 ])
1356    , -252.389    , array([ 0.124811   ,  0.00434567 ])
[0.12481118 0.00434133]
1358    , -215.825    , array([ 0.0600934  ,  0.000666495])
1360    , -210.082    , array([ 0.123204   ,  0.000332607])
1362    , -210.084    , array([ 0.123204   ,  0.000332939])
[0.12320372 0.00033261]
1364    , -438.241    , array([ 0.0600934  ,  0.00519676 ])
1366    , -227.194    , array([ 0.124018   ,  0.00261128 ])
1368    , -227.224    , array([ 0.124018   ,  0.00261389 ])
[0.12401783 0.00261128]
1370    , -632.844    , array([ 0.0600934  ,  0.00765297 ])
1372    , -244.471    , array([ 0.124591   ,  0.00386433 ])
1374    , -244.534    , array([ 0.124591   ,  0.0038682  ])
[0.12459054 0.00386433]
1376    , -405.865    , array([ 0.0600934  ,  0.00474487 ])
1378    , -224.612    , array([ 0.123925   ,  0.00238234 ])
1380    , -224.639    , array([ 0.123925   ,  0.00238473 ])
[0.12392534 0.00238234]
1382    , -520.18     , array([ 0.0600934  ,  0.00627005 ])
1384    , -234.091    , array([ 0.124229   ,  0.00315624 ])
1386    , -234.134    , array([ 0.124229   ,  0.0031594  ])
[0.12422851 0.00315624]
