2       , -92.6523    , array([ 829.006    ,  0.0621465  ])
4       , -92.5348    , array([ 1293.76    ,  0.0253937  ])
6       , -92.5348    , array([ 1293.76    ,  0.0254191  ])
[1.29375927e+03 2.53937152e-02]
8       , -92.783     , array([ 829.006    ,  0.0873297  ])
10      , -92.5484    , array([ 1293.51    ,  0.0356805  ])
12      , -92.5485    , array([ 1293.51    ,  0.0357162  ])
[1.29351475e+03 3.56804845e-02]
14      , -92.7618    , array([ 829.006    ,  0.0837976  ])
16      , -92.5462    , array([ 1293.55    ,  0.0342378  ])
18      , -92.5463    , array([ 1293.55    ,  0.034272   ])
[1.29354706e+03 3.42377736e-02]
20      , -92.5225    , array([ 829.006    ,  0.00680946 ])
22      , -92.5211    , array([ 1296.89    ,  0.00278578 ])
24      , -92.5211    , array([ 1296.89    ,  0.00278857 ])
[1.29688712e+03 2.78577806e-03]
26      , -92.5487    , array([ 829.006    ,  0.0287242  ])
28      , -92.5239    , array([ 1294.36    ,  0.0117397  ])
30      , -92.5239    , array([ 1294.36    ,  0.0117515  ])
[1.29435677e+03 1.17397129e-02]
32      , -92.6224    , array([ 829.006    ,  0.0546929  ])
34      , -92.5317    , array([ 1293.84    ,  0.0223488  ])
36      , -92.5317    , array([ 1293.84    ,  0.0223712  ])
[1.29384498e+03 2.23488095e-02]
38      , -92.55      , array([ 829.006    ,  0.0293651  ])
40      , -92.524     , array([ 1294.33    ,  0.0120015  ])
42      , -92.524     , array([ 1294.33    ,  0.0120136  ])
[1.29433456e+03 1.20015433e-02]
44      , -92.5671    , array([ 829.006    ,  0.0369807  ])
46      , -92.5258    , array([ 1294.13    ,  0.0151128  ])
48      , -92.5258    , array([ 1294.13    ,  0.015128   ])
[1.29412873e+03 1.51128309e-02]
50      , -92.6237    , array([ 829.006    ,  0.0550349  ])
52      , -92.5318    , array([ 1293.84    ,  0.0224885  ])
54      , -92.5318    , array([ 1293.84    ,  0.022511   ])
[1.29384070e+03 2.24885292e-02]
56      , -92.8447    , array([ 829.006    ,  0.0968327  ])
58      , -92.5547    , array([ 1293.43    ,  0.0395618  ])
60      , -92.5548    , array([ 1293.43    ,  0.0396014  ])
[1.29342850e+03 3.95618161e-02]
62      , -92.7532    , array([ 829.006    ,  0.0823174  ])
64      , -92.5453    , array([ 1293.56    ,  0.0336332  ])
66      , -92.5454    , array([ 1293.56    ,  0.0336668  ])
[1.29356079e+03 3.36331615e-02]
68      , -92.8601    , array([ 829.006    ,  0.0990527  ])
70      , -92.5563    , array([ 1293.41    ,  0.0404685  ])
72      , -92.5564    , array([ 1293.41    ,  0.040509   ])
[1.29340841e+03 4.04684896e-02]
74      , -92.5402    , array([ 829.006    ,  0.0239368  ])
76      , -92.5229    , array([ 1294.56    ,  0.00978384 ])
78      , -92.523     , array([ 1294.56    ,  0.00979363 ])
[1.29455797e+03 9.78383845e-03]
80      , -92.521     , array([ 829.006    ,  0.00178074 ])
82      , -92.5209    , array([ 1295.41    ,  0.000728093])
84      , -92.5209    , array([ 1295.41    ,  0.000728821])
[1.29540846e+03 7.28092912e-04]
86      , -92.5296    , array([ 829.006    ,  0.0160533  ])
88      , -92.5218    , array([ 1295.14    ,  0.00656304 ])
90      , -92.5218    , array([ 1295.14    ,  0.0065696  ])
[1.29513878e+03 6.56303861e-03]
92      , -93.0001    , array([ 232.155    ,  0.0621465  ])
94      , -92.5707    , array([ 361.563    ,  0.0253679  ])
96      , -92.5708    , array([ 361.563    ,  0.0253933  ])
[3.61563484e+02 2.53678836e-02]
98      , -93.4996    , array([ 232.155    ,  0.0873297  ])
100     , -92.6195    , array([ 361.334    ,  0.0356363  ])
102     , -92.6197    , array([ 361.334    ,  0.035672   ])
[3.61334084e+02 3.56363458e-02]
104     , -93.4172    , array([ 232.155    ,  0.0837976  ])
106     , -92.6117    , array([ 361.369    ,  0.0341966  ])
108     , -92.6118    , array([ 361.369    ,  0.0342308  ])
[3.61368864e+02 3.41966226e-02]
110     , -92.5265    , array([ 232.155    ,  0.00680946 ])
112     , -92.5215    , array([ 362.12     ,  0.00278171 ])
114     , -92.5215    , array([ 362.12     ,  0.00278449 ])
[3.62119969e+02 2.78170937e-03]
116     , -92.6204    , array([ 232.155    ,  0.0287242  ])
118     , -92.5315    , array([ 361.814    ,  0.0117291  ])
120     , -92.5315    , array([ 361.814    ,  0.0117408  ])
[3.61813919e+02 1.17290982e-02]
122     , -92.8891    , array([ 232.155    ,  0.0546929  ])
124     , -92.5594    , array([ 361.623    ,  0.0223272  ])
126     , -92.5595    , array([ 361.623    ,  0.0223495  ])
[3.61623463e+02 2.23271737e-02]
128     , -92.625     , array([ 232.155    ,  0.0293651  ])
130     , -92.532     , array([ 361.809    ,  0.0119907  ])
132     , -92.532     , array([ 361.809    ,  0.0120027  ])
[3.61809343e+02 1.19907192e-02]
134     , -92.6867    , array([ 232.155    ,  0.0369807  ])
136     , -92.5385    , array([ 361.755    ,  0.0150993  ])
138     , -92.5385    , array([ 361.755    ,  0.0151144  ])
[3.61754864e+02 1.50992702e-02]
140     , -92.8938    , array([ 232.155    ,  0.0550349  ])
142     , -92.5599    , array([ 361.621    ,  0.0224667  ])
144     , -92.56      , array([ 361.621    ,  0.0224892  ])
[3.61620780e+02 2.24667126e-02]
146     , -93.7427    , array([ 232.155    ,  0.0968327  ])
148     , -92.6424    , array([ 361.236    ,  0.0395089  ])
150     , -92.6426    , array([ 361.236    ,  0.0395484  ])
[3.61236256e+02 3.95088978e-02]
152     , -93.384     , array([ 232.155    ,  0.0823174  ])
154     , -92.6085    , array([ 361.383    ,  0.0335932  ])
156     , -92.6086    , array([ 361.383    ,  0.0336268  ])
[3.61383183e+02 3.35932181e-02]
158     , -93.8041    , array([ 232.155    ,  0.0990527  ])
160     , -92.6481    , array([ 361.213    ,  0.0404134  ])
162     , -92.6483    , array([ 361.213    ,  0.0404538  ])
[3.61212513e+02 4.04133583e-02]
164     , -92.5899    , array([ 232.155    ,  0.0239368  ])
166     , -92.5283    , array([ 361.85     ,  0.00977472 ])
168     , -92.5283    , array([ 361.85     ,  0.00978449 ])
[3.61849797e+02 9.77471509e-03]
170     , -92.5213    , array([ 232.155    ,  0.00178074 ])
172     , -92.5209    , array([ 362.82     ,  0.000728147])
174     , -92.5209    , array([ 362.82     ,  0.000728876])
[3.62820430e+02 7.28147052e-04]
176     , -92.5518    , array([ 232.155    ,  0.0160533  ])
178     , -92.5242    , array([ 361.92     ,  0.00655609 ])
180     , -92.5242    , array([ 361.92     ,  0.00656264 ])
[3.61920438e+02 6.55608520e-03]
182     , -92.6708    , array([ 727.339    ,  0.0621465  ])
184     , -92.5367    , array([ 1134.95    ,  0.0253921  ])
186     , -92.5368    , array([ 1134.95    ,  0.0254175  ])
[1.13495387e+03 2.53921242e-02]
188     , -92.8204    , array([ 727.339    ,  0.0873297  ])
190     , -92.5523    , array([ 1134.73    ,  0.035678   ])
192     , -92.5523    , array([ 1134.73    ,  0.0357137  ])
[1.13472638e+03 3.56780469e-02]
194     , -92.7962    , array([ 727.339    ,  0.0837976  ])
196     , -92.5498    , array([ 1134.76    ,  0.0342355  ])
198     , -92.5498    , array([ 1134.76    ,  0.0342697  ])
[1.13475743e+03 3.42354751e-02]
200     , -92.5227    , array([ 727.339    ,  0.00680946 ])
202     , -92.5211    , array([ 1137.55    ,  0.00278542 ])
204     , -92.5211    , array([ 1137.55    ,  0.0027882  ])
[1.13754747e+03 2.78541775e-03]
206     , -92.5526    , array([ 727.339    ,  0.0287242  ])
208     , -92.5243    , array([ 1135.44    ,  0.0117388  ])
210     , -92.5243    , array([ 1135.44    ,  0.0117505  ])
[1.13544370e+03 1.17387993e-02]
212     , -92.6367    , array([ 727.339    ,  0.0546929  ])
214     , -92.5332    , array([ 1135.03    ,  0.0223474  ])
216     , -92.5332    , array([ 1135.03    ,  0.0223698  ])
[1.13502936e+03 2.23474119e-02]
218     , -92.554     , array([ 727.339    ,  0.0293651  ])
220     , -92.5244    , array([ 1135.43    ,  0.0120006  ])
222     , -92.5244    , array([ 1135.43    ,  0.0120126  ])
[1.13542653e+03 1.20006216e-02]
224     , -92.5736    , array([ 727.339    ,  0.0369807  ])
226     , -92.5265    , array([ 1135.26    ,  0.0151118  ])
228     , -92.5265    , array([ 1135.26    ,  0.0151269  ])
[1.13526426e+03 1.51117922e-02]
230     , -92.6381    , array([ 727.339    ,  0.0550349  ])
232     , -92.5333    , array([ 1135.03    ,  0.0224871  ])
234     , -92.5333    , array([ 1135.03    ,  0.0225096  ])
[1.13502569e+03 2.24871238e-02]
236     , -92.8912    , array([ 727.339    ,  0.0968327  ])
238     , -92.5595    , array([ 1134.64    ,  0.039559   ])
240     , -92.5596    , array([ 1134.64    ,  0.0395986  ])
[1.13464264e+03 3.95589734e-02]
242     , -92.7863    , array([ 727.339    ,  0.0823174  ])
244     , -92.5488    , array([ 1134.77    ,  0.0336309  ])
246     , -92.5488    , array([ 1134.77    ,  0.0336646  ])
[1.13477041e+03 3.36309171e-02]
248     , -92.9089    , array([ 727.339    ,  0.0990527  ])
250     , -92.5613    , array([ 1134.62    ,  0.0404655  ])
252     , -92.5614    , array([ 1134.62    ,  0.040506   ])
[1.13462293e+03 4.04655450e-02]
254     , -92.5429    , array([ 727.339    ,  0.0239368  ])
256     , -92.5232    , array([ 1135.6     ,  0.00978299 ])
258     , -92.5232    , array([ 1135.6     ,  0.00979277 ])
[1.13559931e+03 9.78298696e-03]
260     , -92.521     , array([ 727.339    ,  0.00178074 ])
262     , -92.5209    , array([ 1136.86    ,  0.000728195])
264     , -92.5209    , array([ 1136.86    ,  0.000728924])
[1.13686191e+03 7.28194969e-04]
266     , -92.5308    , array([ 727.339    ,  0.0160533  ])
268     , -92.5219    , array([ 1136.05    ,  0.0065623  ])
270     , -92.522     , array([ 1136.05    ,  0.00656887 ])
[1.13605097e+03 6.56229982e-03]
272     , -93.9856    , array([ 79.5742    ,  0.0621465  ])
274     , -92.6661    , array([ 123.219    ,  0.0252962  ])
276     , -92.6664    , array([ 123.219    ,  0.0253215  ])
[1.23218786e+02 2.52961505e-02]
278     , -95.6528    , array([ 79.5742    ,  0.0873297  ])
280     , -92.8106    , array([ 122.917    ,  0.0355044  ])
282     , -92.8112    , array([ 122.917    ,  0.0355399  ])
[1.22916914e+02 3.55044025e-02]
284     , -95.3699    , array([ 79.5742    ,  0.0837976  ])
286     , -92.7872    , array([ 122.963    ,  0.0340745  ])
288     , -92.7878    , array([ 122.963    ,  0.0341086  ])
[1.22962551e+02 3.40745152e-02]
290     , -92.537     , array([ 79.5742    ,  0.00680946 ])
292     , -92.5226    , array([ 123.667    ,  0.00277666 ])
294     , -92.5226    , array([ 123.667    ,  0.00277944 ])
[1.23666701e+02 2.77665912e-03]
296     , -92.8121    , array([ 79.5742    ,  0.0287242  ])
298     , -92.5517    , array([ 123.519    ,  0.0117058  ])
300     , -92.5518    , array([ 123.519    ,  0.0117175  ])
[1.23518828e+02 1.17058362e-02]
302     , -93.633     , array([ 79.5742    ,  0.0546929  ])
304     , -92.6331    , array([ 123.296    ,  0.022269   ])
306     , -92.6334    , array([ 123.296    ,  0.0222913  ])
[1.23296286e+02 2.22690406e-02]
308     , -92.8256    , array([ 79.5742    ,  0.0293651  ])
310     , -92.5531    , array([ 123.514    ,  0.0119668  ])
312     , -92.5531    , array([ 123.514    ,  0.0119788  ])
[1.2351419e+02 1.1966793e-02]
314     , -93.01      , array([ 79.5742    ,  0.0369807  ])
316     , -92.572     , array([ 123.456    ,  0.0150668  ])
318     , -92.5721    , array([ 123.456    ,  0.0150819  ])
[1.23455954e+02 1.50667814e-02]
320     , -93.6479    , array([ 79.5742    ,  0.0550349  ])
322     , -92.6345    , array([ 123.293    ,  0.022408   ])
324     , -92.6348    , array([ 123.293    ,  0.0224304  ])
[1.23292861e+02 2.24079946e-02]
326     , -96.5037    , array([ 79.5742    ,  0.0968327  ])
328     , -92.8789    , array([ 122.79     ,  0.0393482  ])
330     , -92.8796    , array([ 122.79     ,  0.0393876  ])
[1.22789709e+02 3.93481830e-02]
332     , -95.2564    , array([ 79.5742    ,  0.0823174  ])
334     , -92.7777    , array([ 122.981    ,  0.0334751  ])
336     , -92.7783    , array([ 122.981    ,  0.0335086  ])
[1.22981389e+02 3.34750951e-02]
338     , -96.7224    , array([ 79.5742    ,  0.0990527  ])
340     , -92.8959    , array([ 122.759    ,  0.0402454  ])
342     , -92.8967    , array([ 122.759    ,  0.0402857  ])
[1.22759147e+02 4.02454366e-02]
344     , -92.7219    , array([ 79.5742    ,  0.0239368  ])
346     , -92.5423    , array([ 123.552    ,  0.00975615 ])
348     , -92.5423    , array([ 123.552    ,  0.00976591 ])
[1.23552314e+02 9.75614759e-03]
350     , -92.522     , array([ 79.5742    ,  0.00178074 ])
352     , -92.521     , array([ 123.783    ,  0.000726462])
354     , -92.521     , array([ 123.783    ,  0.000727189])
[1.23783334e+02 7.26462186e-04]
356     , -92.6107    , array([ 79.5742    ,  0.0160533  ])
358     , -92.5305    , array([ 123.604    ,  0.00654434 ])
360     , -92.5305    , array([ 123.604    ,  0.00655089 ])
[1.23603881e+02 6.54433945e-03]
362     , -92.6383    , array([ 926.52     ,  0.0621465  ])
364     , -92.5333    , array([ 1446.09    ,  0.025395   ])
366     , -92.5334    , array([ 1446.09    ,  0.0254204  ])
[1.44608726e+03 2.53949939e-02]
368     , -92.755     , array([ 926.52     ,  0.0873297  ])
370     , -92.5455    , array([ 1445.82    ,  0.0356824  ])
372     , -92.5455    , array([ 1445.82    ,  0.0357181  ])
[1.44582179e+03 3.56823767e-02]
374     , -92.7361    , array([ 926.52     ,  0.0837976  ])
376     , -92.5435    , array([ 1445.86    ,  0.0342396  ])
378     , -92.5436    , array([ 1445.86    ,  0.0342738  ])
[1.44585597e+03 3.42395666e-02]
380     , -92.5223    , array([ 926.52     ,  0.00680946 ])
382     , -92.5211    , array([ 1449.73    ,  0.00278606 ])
384     , -92.5211    , array([ 1449.73    ,  0.00278885 ])
[1.44973080e+03 2.78606151e-03]
386     , -92.5458    , array([ 926.52     ,  0.0287242  ])
388     , -92.5235    , array([ 1446.81    ,  0.0117405  ])
2       , -271.248    , array([ 0.0375001  ,  0.0059693  ])
4       , -86.3541    , array([ 0.0774956  ,  0.00300375 ])
6       , -86.3553    , array([ 0.0774956  ,  0.00300676 ])
[0.07749563 0.00300375]
8       , -201.839    , array([ 0.0375001  ,  0.00489482 ])
10      , -86.5857    , array([ 0.0773098  ,  0.00245685 ])
12      , -86.5821    , array([ 0.0773098  ,  0.0024593  ])
[0.07730978 0.00245685]
14      , -321.811    , array([ 0.0375001  ,  0.00668634 ])
16      , -86.7437    , array([ 0.0776146  ,  0.00337004 ])
18      , -86.7492    , array([ 0.0776146  ,  0.00337342 ])
[0.07761461 0.00337004]
20      , -86.487     , array([ 0.0375001  ,  0.00126063 ])
22      , -228.796    , array([ 0.0186721  ,  0.00258404 ])
24      , -229.141    , array([ 0.0186721  ,  0.00258662 ])
26      , -86.6143    , array([ 0.0346891  ,  0.00136606 ])
28      , -86.4409    , array([ 0.036557   ,  0.00129284 ])
30      , -86.4404    , array([ 0.036557   ,  0.00129413 ])
[0.03655704 0.00129284]
32      , -288.802    , array([ 0.0375001  ,  0.00622222 ])
34      , -86.432     , array([ 0.0775258  ,  0.00313231 ])
36      , -86.4352    , array([ 0.0775258  ,  0.00313545 ])
[0.0775258  0.00313231]
38      , -445.902    , array([ 0.0375001  ,  0.00836761 ])
40      , -89.6629    , array([ 0.0779648  ,  0.0042378  ])
42      , -89.6846    , array([ 0.0779648  ,  0.00424204 ])
[0.07796477 0.0042378 ]
44      , -353.478    , array([ 0.0375001  ,  0.00712142 ])
46      , -87.2293    , array([ 0.0776922  ,  0.00359316 ])
48      , -87.2386    , array([ 0.0776922  ,  0.00359675 ])
[0.0776922  0.00359316]
50      , -361.713    , array([ 0.0375001  ,  0.00723362 ])
52      , -87.38      , array([ 0.0777014  ,  0.00365023 ])
54      , -87.39      , array([ 0.0777014  ,  0.00365388 ])
[0.07770136 0.00365023]
56      , -489.514    , array([ 0.0375001  ,  0.00895642 ])
58      , -91.3805    , array([ 0.0780938  ,  0.00454411 ])
60      , -91.4094    , array([ 0.0780938  ,  0.00454866 ])
[0.07809375 0.00454411]
62      , -248.325    , array([ 0.0375001  ,  0.00562958 ])
64      , -86.323     , array([ 0.0774254  ,  0.00283009 ])
66      , -86.323     , array([ 0.0774254  ,  0.00283292 ])
[0.07742536 0.00283009]
68      , -315.221    , array([ 0.0375001  ,  0.00659519 ])
70      , -86.6747    , array([ 0.0769988  ,  0.00329639 ])
72      , -86.6798    , array([ 0.0769988  ,  0.00329969 ])
[0.07699876 0.00329639]
74      , -220.666    , array([ 0.0375001  ,  0.00520175 ])
76      , -86.4353    , array([ 0.077361   ,  0.00261272 ])
78      , -86.4333    , array([ 0.077361   ,  0.00261534 ])
[0.077361   0.00261272]
80      , -308.25     , array([ 0.0375001  ,  0.00649732 ])
82      , -86.6001    , array([ 0.0775674  ,  0.00327266 ])
84      , -86.6047    , array([ 0.0775674  ,  0.00327594 ])
[0.07756745 0.00327266]
86      , -234.383    , array([ 0.0375001  ,  0.00541715 ])
88      , -86.3594    , array([ 0.0773712  ,  0.00272129 ])
90      , -86.3578    , array([ 0.0773712  ,  0.00272402 ])
[0.07737124 0.00272129]
92      , -169.515    , array([ 0.0375001  ,  0.00432379 ])
94      , -87.0581    , array([ 0.0772303  ,  0.00216788 ])
96      , -87.0542    , array([ 0.0772303  ,  0.00217005 ])
[0.07723026 0.00216788]
98      , -92.145     , array([ 0.0977059  ,  0.0059693  ])
100     , -90.2327    , array([ 0.205434   ,  0.00306067 ])
102     , -90.2292    , array([ 0.205434   ,  0.00306373 ])
[0.2054342  0.00306067]
104     , -87.8246    , array([ 0.0977059  ,  0.00489482 ])
106     , -90.8046    , array([ 0.206131   ,  0.00251928 ])
108     , -90.8023    , array([ 0.206131   ,  0.0025218  ])
110     , -86.4076    , array([ 0.120205   ,  0.00407164 ])
[0.12008494 0.00407164]
112     , -96.6819    , array([ 0.0976082  ,  0.00668634 ])
114     , -96.7309    , array([ 0.0976082  ,  0.00669303 ])
116     , -89.8249    , array([ 0.205596   ,  0.00342751 ])
[0.20539069 0.00342751]
118     , -90.4562    , array([ 0.0976082  ,  0.00126063 ])
120     , -90.4534    , array([ 0.0976082  ,  0.0012619  ])
122     , -89.9154    , array([ 0.0471492  ,  0.00250054 ])
124     , -89.918     , array([ 0.0900891  ,  0.00135929 ])
126     , -89.9141    , array([ 0.0900891  ,  0.00136065 ])
128     , -86.4619    , array([ 0.0596652  ,  0.00200413 ])
[0.05960558 0.00200413]
130     , -93.6145    , array([ 0.0976082  ,  0.00622222 ])
132     , -93.651     , array([ 0.0976082  ,  0.00622845 ])
134     , -90.0853    , array([ 0.20591    ,  0.00319503 ])
[0.20570409 0.00319503]
136     , -112.16     , array([ 0.0976082  ,  0.00836761 ])
138     , -112.253    , array([ 0.0976082  ,  0.00837598 ])
140     , -88.8675    , array([ 0.206041   ,  0.00429971 ])
[0.20583465 0.00429971]
142     , -100.044    , array([ 0.0976082  ,  0.00712142 ])
144     , -100.103    , array([ 0.0976082  ,  0.00712855 ])
146     , -89.5853    , array([ 0.2057     ,  0.0036526  ])
[0.20549487 0.0036526 ]
148     , -100.99     , array([ 0.0976082  ,  0.00723362 ])
150     , -101.051    , array([ 0.0976082  ,  0.00724086 ])
152     , -89.5212    , array([ 0.205821   ,  0.00371257 ])
[0.20561504 0.00371257]
154     , -119.081    , array([ 0.0976082  ,  0.00895642 ])
156     , -119.19     , array([ 0.0976082  ,  0.00896538 ])
158     , -88.5444    , array([ 0.206359   ,  0.00461026 ])
[0.20615298 0.00461026]
160     , -90.4984    , array([ 0.0976082  ,  0.00562958 ])
162     , -90.5241    , array([ 0.0976082  ,  0.00563522 ])
164     , -90.431     , array([ 0.20576    ,  0.00288836 ])
[0.20555404 0.00288836]
166     , -96.037     , array([ 0.0976082  ,  0.00659519 ])
168     , -96.0819    , array([ 0.0976082  ,  0.00660179 ])
170     , -89.8733    , array([ 0.205886   ,  0.0033861  ])
[0.20567986 0.0033861 ]
172     , -88.7857    , array([ 0.0976082  ,  0.00520175 ])
174     , -88.804     , array([ 0.0976082  ,  0.00520696 ])
176     , -90.6581    , array([ 0.205889   ,  0.00267073 ])
178     , -86.3799    , array([ 0.123375   ,  0.00421847 ])
180     , -86.3771    , array([ 0.123375   ,  0.00422269 ])
[0.12337507 0.00421847]
182     , -95.3296    , array([ 0.0977059  ,  0.00649732 ])
184     , -89.9202    , array([ 0.205576   ,  0.00333396 ])
186     , -89.9168    , array([ 0.205576   ,  0.00333729 ])
[0.2055756  0.00333396]
188     , -89.5598    , array([ 0.0977059  ,  0.00541715 ])
190     , -90.5432    , array([ 0.205901   ,  0.00278462 ])
192     , -90.5403    , array([ 0.205901   ,  0.00278741 ])
194     , -86.3544    , array([ 0.125577   ,  0.00433119 ])
[0.12545105 0.00433119]
196     , -86.6705    , array([ 0.0976082  ,  0.00432379 ])
198     , -86.6769    , array([ 0.0976082  ,  0.00432811 ])
200     , -91.1188    , array([ 0.207142   ,  0.0022352  ])
202     , -86.4307    , array([ 0.113067   ,  0.00380016 ])
204     , -86.4279    , array([ 0.113067   ,  0.00380396 ])
[0.11306712 0.00380016]
206     , -262.499    , array([ 0.0382756  ,  0.0059693  ])
208     , -86.3304    , array([ 0.0788415  ,  0.00299349 ])
210     , -86.3311    , array([ 0.0788415  ,  0.00299648 ])
[0.07884148 0.00299349]
212     , -195.632    , array([ 0.0382756  ,  0.00489482 ])
214     , -86.6619    , array([ 0.0781028  ,  0.00243087 ])
216     , -86.6582    , array([ 0.0781028  ,  0.0024333  ])
[0.07810278 0.00243087]
218     , -311.476    , array([ 0.0382756  ,  0.00668634 ])
220     , -86.6251    , array([ 0.0792333  ,  0.00337066 ])
222     , -86.6298    , array([ 0.0792333  ,  0.00337404 ])
[0.07923328 0.00337066]
224     , -86.5159    , array([ 0.0382756  ,  0.00126063 ])
226     , -221.72     , array([ 0.0189603  ,  0.00257107 ])
228     , -222.049    , array([ 0.0189603  ,  0.00257364 ])
230     , -86.5662    , array([ 0.0352994  ,  0.0013687  ])
232     , -86.4397    , array([ 0.0369234  ,  0.00130623 ])
234     , -86.4392    , array([ 0.0369234  ,  0.00130753 ])
[0.03692336 0.00130623]
236     , -279.496    , array([ 0.0382756  ,  0.00622222 ])
238     , -86.3742    , array([ 0.0791466  ,  0.00313305 ])
240     , -86.3757    , array([ 0.0791466  ,  0.00313619 ])
[0.07914662 0.00313305]
242     , -432.36     , array([ 0.0382756  ,  0.00836761 ])
244     , -89.196     , array([ 0.0795731  ,  0.00423758 ])
246     , -89.216     , array([ 0.0795731  ,  0.00424182 ])
[0.07957313 0.00423758]
248     , -342.232    , array([ 0.0382756  ,  0.00712142 ])
250     , -87.0295    , array([ 0.0793084  ,  0.00359362 ])
252     , -87.0378    , array([ 0.0793084  ,  0.00359722 ])
[0.07930837 0.00359362]
254     , -350.241    , array([ 0.0382756  ,  0.00723362 ])
256     , -87.1646    , array([ 0.0793165  ,  0.00365064 ])
258     , -87.1736    , array([ 0.0793165  ,  0.00365429 ])
[0.0793165  0.00365064]
260     , -475.065    , array([ 0.0382756  ,  0.00895642 ])
262     , -90.7568    , array([ 0.0796971  ,  0.0045434  ])
264     , -90.7838    , array([ 0.0796971  ,  0.00454795 ])
[0.07969709 0.0045434 ]
266     , -240.383    , array([ 0.0382756  ,  0.00562958 ])
268     , -86.3286    , array([ 0.0790489  ,  0.00283094 ])
270     , -86.3272    , array([ 0.0790489  ,  0.00283377 ])
[0.07904887 0.00283094]
272     , -305.094    , array([ 0.0382756  ,  0.00659519 ])
274     , -86.5633    , array([ 0.0791868  ,  0.00332265 ])
276     , -86.5676    , array([ 0.0791868  ,  0.00332597 ])
[0.07918685 0.00332265]
278     , -213.725    , array([ 0.0382756  ,  0.00520175 ])
280     , -86.4805    , array([ 0.0783333  ,  0.00259111 ])
282     , -86.4782    , array([ 0.0783333  ,  0.00259371 ])
[0.07833327 0.00259111]
284     , -298.336    , array([ 0.0382756  ,  0.00649732 ])
286     , -86.5025    , array([ 0.0791867  ,  0.00327333 ])
288     , -86.5063    , array([ 0.0791867  ,  0.00327661 ])
[0.07918672 0.00327333]
290     , -226.977    , array([ 0.0382756  ,  0.00541715 ])
292     , -86.3934    , array([ 0.0789952  ,  0.00272216 ])
294     , -86.3914    , array([ 0.0789952  ,  0.00272489 ])
[0.07899515 0.00272216]
296     , -164.7      , array([ 0.0382756  ,  0.00432379 ])
298     , -87.1582    , array([ 0.0788154  ,  0.00216754 ])
300     , -87.1533    , array([ 0.0788154  ,  0.00216971 ])
[0.0788154  0.00216754]
302     , -93.2646    , array([ 0.0948731  ,  0.0059693  ])
304     , -90.1116    , array([ 0.19942    ,  0.00305967 ])
306     , -90.1079    , array([ 0.19942    ,  0.00306273 ])
[0.1994198  0.00305967]
308     , -88.2923    , array([ 0.0948731  ,  0.00489482 ])
310     , -90.7233    , array([ 0.199995   ,  0.00251701 ])
312     , -90.7208    , array([ 0.199995   ,  0.00251953 ])
314     , -86.4006    , array([ 0.118362   ,  0.00401949 ])
[0.11824394 0.00401949]
316     , -98.3561    , array([ 0.0947783  ,  0.00668634 ])
318     , -98.4092    , array([ 0.0947783  ,  0.00669303 ])
320     , -89.7005    , array([ 0.199604   ,  0.00342692 ])
[0.1994049  0.00342692]
322     , -90.3643    , array([ 0.0947783  ,  0.00126063 ])
324     , -90.3613    , array([ 0.0947783  ,  0.0012619  ])
326     , -90.6673    , array([ 0.0458431  ,  0.00250407 ])
328     , -86.9068    , array([ 0.0634137  ,  0.00184193 ])
330     , -86.903     , array([ 0.0634137  ,  0.00184378 ])
332     , -86.3866    , array([ 0.0562536  ,  0.00206435 ])
[0.05619738 0.00206435]
334     , -94.9326    , array([ 0.0947783  ,  0.00622222 ])
336     , -94.9749    , array([ 0.0947783  ,  0.00622845 ])
338     , -89.9552    , array([ 0.199485   ,  0.00318692 ])
[0.19928538 0.00318692]
340     , -115.36     , array([ 0.0947783  ,  0.00836761 ])
342     , -115.463    , array([ 0.0947783  ,  0.00837598 ])
344     , -88.713     , array([ 0.199784   ,  0.00429291 ])
[0.19958424 0.00429291]
346     , -102.074    , array([ 0.0947783  ,  0.00712142 ])
348     , -102.138    , array([ 0.0947783  ,  0.00712855 ])
350     , -89.4458    , array([ 0.199717   ,  0.0036522  ])
[0.19951724 0.0036522 ]
352     , -103.106    , array([ 0.0947783  ,  0.00723362 ])
354     , -103.175    , array([ 0.0947783  ,  0.00724086 ])
356     , -89.3777    , array([ 0.199511   ,  0.00370548 ])
[0.19931145 0.00370548]
358     , -122.933    , array([ 0.0947783  ,  0.00895642 ])
360     , -123.054    , array([ 0.0947783  ,  0.00896538 ])
362     , -88.3742    , array([ 0.20011    ,  0.00460338 ])
[0.19990998 0.00460338]
364     , -91.3886    , array([ 0.0947783  ,  0.00562958 ])
366     , -91.4171    , array([ 0.0947783  ,  0.00563522 ])
368     , -90.3226    , array([ 0.199716   ,  0.0028871  ])
[0.19951634 0.0028871 ]
370     , -97.6392    , array([ 0.0947783  ,  0.00659519 ])
372     , -97.6907    , array([ 0.0947783  ,  0.00660179 ])
374     , -89.7518    , array([ 0.19951    ,  0.00337841 ])
[0.19931012 0.00337841]
376     , -89.4267    , array([ 0.0947783  ,  0.00520175 ])
378     , -89.4473    , array([ 0.0947783  ,  0.00520696 ])
380     , -90.5656    , array([ 0.199814   ,  0.00266915 ])
382     , -86.3685    , array([ 0.121377   ,  0.00416788 ])
384     , -86.3657    , array([ 0.121377   ,  0.00417205 ])
[0.12137716 0.00416788]
386     , -96.8292    , array([ 0.0948731  ,  0.00649732 ])
388     , -89.802     , array([ 0.199208   ,  0.00332639 ])
390     , -89.7984    , array([ 0.199208   ,  0.00332972 ])
[0.19920836 0.00332639]
392     , -90.3275    , array([ 0.0948731  ,  0.00541715 ])
394     , -90.4422    , array([ 0.199298   ,  0.00277478 ])
396     , -90.4391    , array([ 0.199298   ,  0.00277755 ])
398     , -86.3393    , array([ 0.123324   ,  0.00427807 ])
[0.12320057 0.00427807]
400     , -86.9068    , array([ 0.0947783  ,  0.00432379 ])
402     , -86.9145    , array([ 0.0947783  ,  0.00432811 ])
404     , -91.0393    , array([ 0.200825   ,  0.00223128 ])
406     , -86.4381    , array([ 0.111636   ,  0.00374233 ])
408     , -86.4353    , array([ 0.111636   ,  0.00374608 ])
[0.11163648 0.00374233]
410     , -122.188    , array([ 0.065909   ,  0.0059693  ])
412     , -88.3944    , array([ 0.137107   ,  0.00302506 ])
414     , -88.3894    , array([ 0.137107   ,  0.00302808 ])
[0.13710737 0.00302506]
416     , -103.612    , array([ 0.065909   ,  0.00489482 ])
418     , -89.317     , array([ 0.136905   ,  0.0024766  ])
420     , -89.3126    , array([ 0.136905   ,  0.00247907 ])
[0.13690479 0.0024766 ]
422     , -137.923    , array([ 0.065909   ,  0.00668634 ])
424     , -87.8179    , array([ 0.137225   ,  0.00339158 ])
426     , -87.8131    , array([ 0.137225   ,  0.00339497 ])
[0.13722546 0.00339158]
428     , -88.8718    , array([ 0.065909   ,  0.00126063 ])
430     , -111.481    , array([ 0.0320881  ,  0.00252653 ])
432     , -111.574    , array([ 0.0320881  ,  0.00252905 ])
434     , -86.8697    , array([ 0.0531112  ,  0.00155337 ])
[0.05305815 0.00155337]
436     , -127.596    , array([ 0.0658431  ,  0.00622222 ])
438     , -127.73     , array([ 0.0658431  ,  0.00622845 ])
440     , -88.1888    , array([ 0.137292   ,  0.00315441 ])
[0.13715493 0.00315441]
442     , -183.776    , array([ 0.0658431  ,  0.00836761 ])
444     , -184.027    , array([ 0.0658431  ,  0.00837598 ])
446     , -86.75      , array([ 0.137825   ,  0.00425993 ])
[0.13768739 0.00425993]
448     , -148.808    , array([ 0.0658431  ,  0.00712142 ])
450     , -148.994    , array([ 0.0658431  ,  0.00712855 ])
452     , -87.5127    , array([ 0.137417   ,  0.00361382 ])
[0.13727986 0.00361382]
454     , -151.736    , array([ 0.0658431  ,  0.00723362 ])
456     , -151.925    , array([ 0.0658431  ,  0.00724086 ])
458     , -87.4328    , array([ 0.137501   ,  0.00367319 ])
[0.13736367 0.00367319]
460     , -202.104    , array([ 0.0658431  ,  0.00895642 ])
462     , -202.396    , array([ 0.0658431  ,  0.00896538 ])
464     , -86.4858    , array([ 0.136738   ,  0.00452085 ])
[0.13660105 0.00452085]
466     , -115.747    , array([ 0.0658431  ,  0.00562958 ])
468     , -115.851    , array([ 0.0658431  ,  0.00563522 ])
470     , -88.6769    , array([ 0.137137   ,  0.00285048 ])
[0.13699961 0.00285048]
472     , -135.931    , array([ 0.0658431  ,  0.00659519 ])
474     , -136.087    , array([ 0.0658431  ,  0.00660179 ])
476     , -87.8877    , array([ 0.137295   ,  0.00334358 ])
[0.13715822 0.00334358]
478     , -108.352    , array([ 0.0658431  ,  0.00520175 ])
480     , -108.435    , array([ 0.0658431  ,  0.00520696 ])
482     , -89.0448    , array([ 0.137113   ,  0.00263337 ])
[0.13697636 0.00263337]
484     , -133.694    , array([ 0.0658431  ,  0.00649732 ])
486     , -133.842    , array([ 0.0658431  ,  0.00650382 ])
488     , -87.9572    , array([ 0.137358   ,  0.00329558 ])
[0.13722087 0.00329558]
490     , -111.952    , array([ 0.0658431  ,  0.00541715 ])
492     , -112.046    , array([ 0.0658431  ,  0.00542257 ])
494     , -88.8448    , array([ 0.137124   ,  0.00274265 ])
[0.13698718 0.00274265]
496     , -96.465     , array([ 0.0658431  ,  0.00432379 ])
498     , -96.5126    , array([ 0.0658431  ,  0.00432811 ])
500     , -89.801     , array([ 0.136952   ,  0.00218614 ])
[0.13681519 0.00218614]
502     , -103.909    , array([ 0.0788144  ,  0.0059693  ])
504     , -103.978    , array([ 0.0788144  ,  0.00597528 ])
506     , -89.3152    , array([ 0.165007   ,  0.00303955 ])
[0.16484169 0.00303955]
508     , -93.4922    , array([ 0.0788144  ,  0.00489482 ])
510     , -93.5291    , array([ 0.0788144  ,  0.00489972 ])
512     , -90.0869    , array([ 0.164817   ,  0.0024893  ])
[0.16465193 0.0024893 ]
514     , -113.38     , array([ 0.0788144  ,  0.00668634 ])
516     , -113.478    , array([ 0.0788144  ,  0.00669303 ])
518     , -88.7919    , array([ 0.164993   ,  0.00340434 ])
[0.16482764 0.00340434]
520     , -89.6516    , array([ 0.0788144  ,  0.00126063 ])
522     , -89.6478    , array([ 0.0788144  ,  0.0012619  ])
524     , -97.844     , array([ 0.0365882  ,  0.00239079 ])
526     , -87.1408    , array([ 0.0587619  ,  0.00160989 ])
528     , -87.1361    , array([ 0.0587619  ,  0.00161151 ])
530     , -86.4459    , array([ 0.049301   ,  0.00186493 ])
[0.04925171 0.00186493]
532     , -107.037    , array([ 0.0788144  ,  0.00622222 ])
534     , -107.116    , array([ 0.0788144  ,  0.00622845 ])
536     , -89.1255    , array([ 0.165007   ,  0.00316834 ])
[0.16484205 0.00316834]
538     , -142.607    , array([ 0.0788144  ,  0.00836761 ])
540     , -142.774    , array([ 0.0788144  ,  0.00837598 ])
542     , -87.6806    , array([ 0.165481   ,  0.00427421 ])
[0.16531544 0.00427421]
544     , -120.045    , array([ 0.0788144  ,  0.00712142 ])
546     , -120.159    , array([ 0.0788144  ,  0.00712855 ])
548     , -88.4968    , array([ 0.165169   ,  0.00363011 ])
[0.1650039  0.00363011]
550     , -121.85     , array([ 0.0788144  ,  0.00723362 ])
552     , -121.967    , array([ 0.0788144  ,  0.00724086 ])
554     , -88.4191    , array([ 0.165266   ,  0.00368969 ])
[0.16510086 0.00368969]
556     , -154.885    , array([ 0.0788144  ,  0.00895642 ])
558     , -155.079    , array([ 0.0788144  ,  0.00896538 ])
560     , -87.3234    , array([ 0.165621   ,  0.00457924 ])
[0.16545516 0.00457924]
562     , -100.119    , array([ 0.0788144  ,  0.00562958 ])
564     , -100.177    , array([ 0.0788144  ,  0.00563522 ])
566     , -89.5607    , array([ 0.164942   ,  0.00286535 ])
[0.16477755 0.00286535]
568     , -112.062    , array([ 0.0788144  ,  0.00659519 ])
570     , -112.154    , array([ 0.0788144  ,  0.00660179 ])
572     , -88.8521    , array([ 0.165118   ,  0.00336074 ])
[0.16495327 0.00336074]
574     , -95.9999    , array([ 0.0788144  ,  0.00520175 ])
576     , -96.0457    , array([ 0.0788144  ,  0.00520696 ])
578     , -89.8503    , array([ 0.164817   ,  0.00264539 ])
[0.16465208 0.00264539]
580     , -110.706    , array([ 0.0788144  ,  0.00649732 ])
582     , -110.795    , array([ 0.0788144  ,  0.00650382 ])
584     , -88.9159    , array([ 0.165034   ,  0.00330902 ])
[0.16486913 0.00330902]
586     , -97.9795    , array([ 0.0788144  ,  0.00541715 ])
588     , -98.0328    , array([ 0.0788144  ,  0.00542257 ])
590     , -89.7075    , array([ 0.164759   ,  0.00275389 ])
[0.16459462 0.00275389]
592     , -89.8431    , array([ 0.0788144  ,  0.00432379 ])
594     , -89.8654    , array([ 0.0788144  ,  0.00432811 ])
596     , -90.4968    , array([ 0.164974   ,  0.00220118 ])
598     , -86.4162    , array([ 0.10144    ,  0.00343204 ])
600     , -86.4137    , array([ 0.10144    ,  0.00343548 ])
[0.1014403  0.00343204]
602     , -256.434    , array([ 0.0388441  ,  0.0059693  ])
604     , -86.3183    , array([ 0.0802741  ,  0.00300379 ])
606     , -86.3186    , array([ 0.0802741  ,  0.0030068  ])
[0.08027406 0.00300379]
608     , -191.368    , array([ 0.0388441  ,  0.00489482 ])
610     , -86.7171    , array([ 0.0800974  ,  0.00245739 ])
612     , -86.7133    , array([ 0.0800974  ,  0.00245985 ])
[0.08009739 0.00245739]
614     , -304.194    , array([ 0.0388441  ,  0.00668634 ])
616     , -86.55      , array([ 0.0803846  ,  0.00336952 ])
618     , -86.5543    , array([ 0.0803846  ,  0.00337289 ])
[0.08038461 0.00336952]
620     , -86.54      , array([ 0.0388441  ,  0.00126063 ])
622     , -216.799    , array([ 0.0191923  ,  0.00256451 ])
624     , -217.125    , array([ 0.0191923  ,  0.00256708 ])
626     , -86.5753    , array([ 0.0354849  ,  0.00138106 ])
628     , -86.4393    , array([ 0.0372009  ,  0.00131548 ])
630     , -86.4387    , array([ 0.0372009  ,  0.0013168  ])
[0.03720091 0.00131548]
632     , -272.95     , array([ 0.0388441  ,  0.00622222 ])
634     , -86.3486    , array([ 0.0803006  ,  0.00313216 ])
636     , -86.3498    , array([ 0.0803006  ,  0.00313529 ])
[0.08030058 0.00313216]
638     , -422.768    , array([ 0.0388441  ,  0.00836761 ])
640     , -88.8813    , array([ 0.0807694  ,  0.00423839 ])
642     , -88.9002    , array([ 0.0807694  ,  0.00424263 ])
[0.08076944 0.00423839]
644     , -334.305    , array([ 0.0388441  ,  0.00712142 ])
646     , -86.8987    , array([ 0.080509   ,  0.00359469 ])
648     , -86.9064    , array([ 0.080509   ,  0.00359829 ])
[0.08050899 0.00359469]
650     , -342.18     , array([ 0.0388441  ,  0.00723362 ])
652     , -87.0231    , array([ 0.0805166  ,  0.0036517  ])
654     , -87.0314    , array([ 0.0805166  ,  0.00365535 ])
[0.08051662 0.0036517 ]
656     , -464.824    , array([ 0.0388441  ,  0.00895642 ])
658     , -90.3338    , array([ 0.0808906  ,  0.00454399 ])
660     , -90.3594    , array([ 0.0808906  ,  0.00454854 ])
[0.08089064 0.00454399]
662     , -234.846    , array([ 0.0388441  ,  0.00562958 ])
664     , -86.3492    , array([ 0.0802062  ,  0.00283031 ])
666     , -86.3475    , array([ 0.0802062  ,  0.00283314 ])
[0.08020616 0.00283031]
668     , -298.015    , array([ 0.0388441  ,  0.00659519 ])
670     , -86.495     , array([ 0.0803887  ,  0.00332377 ])
672     , -86.4989    , array([ 0.0803887  ,  0.0033271  ])
[0.08038873 0.00332377]
674     , -208.942    , array([ 0.0388441  ,  0.00520175 ])
676     , -86.5144    , array([ 0.0801461  ,  0.00261315 ])
678     , -86.5119    , array([ 0.0801461  ,  0.00261577 ])
[0.08014613 0.00261315]
680     , -291.365    , array([ 0.0388441  ,  0.00649732 ])
682     , -86.4414    , array([ 0.080389   ,  0.00327446 ])
684     , -86.4448    , array([ 0.080389   ,  0.00327774 ])
[0.08038905 0.00327446]
686     , -221.778    , array([ 0.0388441  ,  0.00541715 ])
688     , -86.4216    , array([ 0.0802001  ,  0.00272329 ])
690     , -86.4196    , array([ 0.0802001  ,  0.00272602 ])
[0.08020011 0.00272329]
692     , -161.353    , array([ 0.0388441  ,  0.00432379 ])
694     , -87.2321    , array([ 0.0800233  ,  0.0021686  ])
696     , -87.2272    , array([ 0.0800233  ,  0.00217077 ])
[0.08002326 0.0021686 ]
698     , -920.787    , array([ 0.0152766  ,  0.0059693  ])
700     , -134.508    , array([ 0.0316327  ,  0.00301012 ])
702     , -134.659    , array([ 0.0316327  ,  0.00301313 ])
[0.03163272 0.00301012]
704     , -753.994    , array([ 0.0152766  ,  0.00489482 ])
706     , -110.689    , array([ 0.0314495  ,  0.00245321 ])
708     , -110.78     , array([ 0.0314495  ,  0.00245566 ])
[0.03144951 0.00245321]
710     , -1012.26    , array([ 0.0152766  ,  0.00668634 ])
712     , -154.359    , array([ 0.0317785  ,  0.00338835 ])
714     , -154.556    , array([ 0.0317785  ,  0.00339174 ])
[0.03177845 0.00338835]
716     , -118.21     , array([ 0.0152766  ,  0.00126063 ])
718     , -88.5413    , array([ 0.0311152  ,  0.000624889])
720     , -88.5371    , array([ 0.0311152  ,  0.000625514])
[0.0311152  0.00062489]
722     , -954.841    , array([ 0.0152766  ,  0.00622222 ])
724     , -141.157    , array([ 0.0315929  ,  0.00313346 ])
726     , -141.324    , array([ 0.0315929  ,  0.0031366  ])
[0.03159291 0.00313346]
728     , -1169.71    , array([ 0.0152766  ,  0.00836761 ])
730     , -211.054    , array([ 0.0321411  ,  0.00429348 ])
732     , -211.366    , array([ 0.0321411  ,  0.00429778 ])
[0.03214109 0.00429348]
734     , -1060.27    , array([ 0.0152766  ,  0.00712142 ])
736     , -167.773    , array([ 0.0318891  ,  0.00362246 ])
738     , -168.001    , array([ 0.0318891  ,  0.00362608 ])
[0.03188907 0.00362246]
740     , -1071.78    , array([ 0.0152766  ,  0.00723362 ])
742     , -171.371    , array([ 0.0319154  ,  0.00368285 ])
744     , -171.602    , array([ 0.0319154  ,  0.00368654 ])
[0.03191543 0.00368285]
746     , -1208.84    , array([ 0.0152766  ,  0.00895642 ])
748     , -233.917    , array([ 0.0325457  ,  0.00466148 ])
750     , -234.265    , array([ 0.0325457  ,  0.00466614 ])
[0.0325457  0.00466148]
752     , -871.882    , array([ 0.0152766  ,  0.00562958 ])
754     , -126.178    , array([ 0.0315628  ,  0.00283215 ])
756     , -126.31     , array([ 0.0315628  ,  0.00283499 ])
[0.03156279 0.00283215]
758     , -1001.48    , array([ 0.0152766  ,  0.00659519 ])
760     , -151.639    , array([ 0.0315611  ,  0.00331774 ])
762     , -151.833    , array([ 0.0315611  ,  0.00332106 ])
[0.03156106 0.00331774]
764     , -805.217    , array([ 0.0152766  ,  0.00520175 ])
766     , -116.717    , array([ 0.0314942  ,  0.00261093 ])
768     , -116.823    , array([ 0.0314942  ,  0.00261354 ])
[0.03149423 0.00261093]
770     , -989.663    , array([ 0.0152766  ,  0.00649732 ])
772     , -148.828    , array([ 0.031734   ,  0.0032876  ])
774     , -149.011    , array([ 0.031734   ,  0.00329089 ])
[0.03173397 0.0032876 ]
776     , -839.499    , array([ 0.0152766  ,  0.00541715 ])
778     , -121.333    , array([ 0.0315353  ,  0.00272277 ])
780     , -121.453    , array([ 0.0315353  ,  0.0027255  ])
[0.03153528 0.00272277]
782     , -651.839    , array([ 0.0152766  ,  0.00432379 ])
784     , -101.205    , array([ 0.0313831  ,  0.00216224 ])
786     , -101.269    , array([ 0.0313831  ,  0.0021644  ])
[0.03138312 0.00216224]
788     , -503.616    , array([ 0.0251314  ,  0.0059693  ])
790     , -92.1113    , array([ 0.0518586  ,  0.00299909 ])
792     , -92.1431    , array([ 0.0518586  ,  0.00300209 ])
[0.05185863 0.00299909]
794     , -379.051    , array([ 0.0251314  ,  0.00489482 ])
796     , -87.8679    , array([ 0.0517078  ,  0.00245174 ])
798     , -87.8802    , array([ 0.0517078  ,  0.00245419 ])
[0.05170777 0.00245174]
800     , -585.182    , array([ 0.0251314  ,  0.00668634 ])
802     , -96.564     , array([ 0.0519828  ,  0.00336784 ])
804     , -96.6125    , array([ 0.0519828  ,  0.00337121 ])
[0.05198276 0.00336784]
806     , -89.27      , array([ 0.0251314  ,  0.00126063 ])
808     , -90.5227    , array([ 0.0513498  ,  0.00062691 ])
810     , -90.5202    , array([ 0.0513498  ,  0.000627537])
812     , -86.6032    , array([ 0.0317427  ,  0.00100362 ])
[0.03171095 0.00100362]
814     , -533.399    , array([ 0.0251062  ,  0.00622222 ])
816     , -534.108    , array([ 0.0251062  ,  0.00622845 ])
818     , -93.4817    , array([ 0.0517863  ,  0.0031183  ])
[0.0517345 0.0031183]
820     , -761.742    , array([ 0.0251062  ,  0.00836761 ])
822     , -762.551    , array([ 0.0251062  ,  0.00837598 ])
824     , -112.008    , array([ 0.0523692  ,  0.00424371 ])
[0.05231686 0.00424371]
826     , -633.876    , array([ 0.0251062  ,  0.00712142 ])
828     , -634.638    , array([ 0.0251062  ,  0.00712855 ])
830     , -99.8495    , array([ 0.0521248  ,  0.0035936  ])
[0.05207274 0.0035936 ]
832     , -645.983    , array([ 0.0251062  ,  0.00723362 ])
834     , -646.77     , array([ 0.0251062  ,  0.00724086 ])
836     , -100.793    , array([ 0.0518381  ,  0.00362898 ])
[0.05178632 0.00362898]
838     , -816.473    , array([ 0.0251062  ,  0.00895642 ])
840     , -817.282    , array([ 0.0251062  ,  0.00896538 ])
842     , -119.048    , array([ 0.052508   ,  0.0045554  ])
[0.05245555 0.0045554 ]
844     , -464.915    , array([ 0.0251062  ,  0.00562958 ])
846     , -465.578    , array([ 0.0251062  ,  0.00563522 ])
848     , -90.4305    , array([ 0.0518485  ,  0.00282485 ])
[0.05179666 0.00282485]
850     , -575.754    , array([ 0.0251062  ,  0.00659519 ])
852     , -576.49     , array([ 0.0251062  ,  0.00660179 ])
854     , -95.8673    , array([ 0.0520212  ,  0.00332102 ])
[0.05196925 0.00332102]
856     , -415.156    , array([ 0.0251062  ,  0.00520175 ])
858     , -415.754    , array([ 0.0251062  ,  0.00520696 ])
860     , -88.7719    , array([ 0.0518037  ,  0.0026078  ])
[0.05175188 0.0026078 ]
862     , -564.723    , array([ 0.0251062  ,  0.00649732 ])
864     , -565.453    , array([ 0.0251062  ,  0.00650382 ])
866     , -95.2184    , array([ 0.0520049  ,  0.00327064 ])
[0.0519529  0.00327064]
868     , -440.192    , array([ 0.0251062  ,  0.00541715 ])
870     , -440.814    , array([ 0.0251062  ,  0.00542257 ])
872     , -89.5403    , array([ 0.0518383  ,  0.0027177  ])
[0.05178651 0.0027177 ]
874     , -314.893    , array([ 0.0251062  ,  0.00432379 ])
876     , -315.379    , array([ 0.0251062  ,  0.00432811 ])
878     , -86.7677    , array([ 0.0516699  ,  0.00216181 ])
[0.05161823 0.00216181]
880     , -204.396    , array([ 0.0448728  ,  0.0059693  ])
882     , -204.694    , array([ 0.0448728  ,  0.00597528 ])
884     , -86.537     , array([ 0.0930163  ,  0.00300715 ])
[0.09292337 0.00300715]
886     , -155.615    , array([ 0.0448728  ,  0.00489482 ])
888     , -155.816    , array([ 0.0448728  ,  0.00489972 ])
890     , -87.3666    , array([ 0.0928255  ,  0.0024605  ])
[0.09273271 0.0024605 ]
892     , -241.533    , array([ 0.0448728  ,  0.00668634 ])
894     , -241.895    , array([ 0.0448728  ,  0.00669303 ])
896     , -86.2884    , array([ 0.0931536  ,  0.00337366 ])
[0.09306047 0.00337366]
898     , -87.0057    , array([ 0.0448728  ,  0.00126063 ])
900     , -87.0021    , array([ 0.0448728  ,  0.0012619  ])
902     , -174.462    , array([ 0.0220135  ,  0.0025411  ])
904     , -86.4255    , array([ 0.039648   ,  0.00142374 ])
906     , -86.4251    , array([ 0.039648   ,  0.00142517 ])
[0.03964801 0.00142374]
908     , -216.808    , array([ 0.0449177  ,  0.00622222 ])
910     , -86.4275    , array([ 0.0929969  ,  0.0031372  ])
912     , -86.4251    , array([ 0.0929969  ,  0.00314034 ])
[0.09299689 0.0031372 ]
914     , -337.03     , array([ 0.0449177  ,  0.00836761 ])
916     , -86.8818    , array([ 0.0934394  ,  0.0042404  ])
918     , -86.8894    , array([ 0.0934394  ,  0.00424464 ])
[0.09343936 0.0042404 ]
920     , -264.984    , array([ 0.0449177  ,  0.00712142 ])
922     , -86.2852    , array([ 0.0931755  ,  0.00359793 ])
924     , -86.2857    , array([ 0.0931755  ,  0.00360153 ])
[0.09317547 0.00359793]
926     , -271.258    , array([ 0.0449177  ,  0.00723362 ])
928     , -86.2958    , array([ 0.0931737  ,  0.00365454 ])
930     , -86.2967    , array([ 0.0931737  ,  0.0036582  ])
[0.09317375 0.00365454]
932     , -372.241    , array([ 0.0449177  ,  0.00895642 ])
934     , -87.5075    , array([ 0.0935955  ,  0.00454699 ])
936     , -87.5194    , array([ 0.0935955  ,  0.00455154 ])
[0.0935955  0.00454699]
938     , -187.693    , array([ 0.0449177  ,  0.00562958 ])
940     , -86.7489    , array([ 0.0928676  ,  0.0028342  ])
942     , -86.745     , array([ 0.0928676  ,  0.00283704 ])
[0.0928676 0.0028342]
944     , -236.276    , array([ 0.0449177  ,  0.00659519 ])
946     , -86.304     , array([ 0.0930742  ,  0.00332819 ])
948     , -86.3022    , array([ 0.0930742  ,  0.00333152 ])
[0.09307417 0.00332819]
950     , -168.299    , array([ 0.0449177  ,  0.00520175 ])
952     , -87.0672    , array([ 0.0924616  ,  0.00260676 ])
954     , -87.0632    , array([ 0.0924616  ,  0.00260937 ])
[0.09246158 0.00260676]
956     , -231.079    , array([ 0.0449177  ,  0.00649732 ])
958     , -86.3323    , array([ 0.0930201  ,  0.00327677 ])
960     , -86.3303    , array([ 0.0930201  ,  0.00328005 ])
[0.09302008 0.00327677]
962     , -177.874    , array([ 0.0449177  ,  0.00541715 ])
964     , -86.903     , array([ 0.092818   ,  0.00272571 ])
966     , -86.899     , array([ 0.092818   ,  0.00272844 ])
[0.09281795 0.00272571]
968     , -133.829    , array([ 0.0449177  ,  0.00432379 ])
970     , -87.9608    , array([ 0.0926279  ,  0.00217087 ])
972     , -87.9555    , array([ 0.0926279  ,  0.00217304 ])
[0.09262786 0.00217087]
974     , -287.617    , array([ 0.0361508  ,  0.0059693  ])
976     , -86.433     , array([ 0.0746681  ,  0.00300209 ])
978     , -86.4362    , array([ 0.0746681  ,  0.00300509 ])
[0.07466806 0.00300209]
980     , -213.515    , array([ 0.0361508  ,  0.00489482 ])
982     , -86.4899    , array([ 0.0745162  ,  0.00245644 ])
984     , -86.4876    , array([ 0.0745162  ,  0.00245889 ])
[0.07451623 0.00245644]
986     , -341.076    , array([ 0.0361508  ,  0.00668634 ])
988     , -87.0312    , array([ 0.0747929  ,  0.00336866 ])
990     , -87.0395    , array([ 0.0747929  ,  0.00337203 ])
[0.07479295 0.00336866]
992     , -86.451     , array([ 0.0361508  ,  0.00126063 ])
994     , -241.504    , array([ 0.0184181  ,  0.00264038 ])
996     , -241.869    , array([ 0.0184181  ,  0.00264303 ])
998     , -86.6444    , array([ 0.0339862  ,  0.00134906 ])
1000    , -86.4402    , array([ 0.0357939  ,  0.00127304 ])
1002    , -86.4398    , array([ 0.0357939  ,  0.00127432 ])
[0.03579393 0.00127304]
1004    , -306.181    , array([ 0.0361508  ,  0.00622222 ])
1006    , -86.5923    , array([ 0.0747007  ,  0.00313073 ])
1008    , -86.5968    , array([ 0.0747007  ,  0.00313386 ])
[0.07470067 0.00313073]
1010    , -470.894    , array([ 0.0361508  ,  0.00836761 ])
1012    , -90.6035    , array([ 0.07516    ,  0.00423784 ])
1014    , -90.63      , array([ 0.07516    ,  0.00424208 ])
[0.07515996 0.00423784]
1016    , -374.387    , array([ 0.0361508  ,  0.00712142 ])
1018    , -87.6437    , array([ 0.0748746  ,  0.00359203 ])
1020    , -87.6556    , array([ 0.0748746  ,  0.00359562 ])
[0.07487458 0.00359203]
1022    , -383.014    , array([ 0.0361508  ,  0.00723362 ])
1024    , -87.8464    , array([ 0.0748854  ,  0.00364918 ])
1026    , -87.8599    , array([ 0.0748854  ,  0.00365283 ])
[0.07488537 0.00364918]
1028    , -516.067    , array([ 0.0361508  ,  0.00895642 ])
1030    , -92.6258    , array([ 0.0745427  ,  0.0044964  ])
1032    , -92.6605    , array([ 0.0745427  ,  0.0045009  ])
[0.07454271 0.0044964 ]
1034    , -263.209    , array([ 0.0361508  ,  0.00562958 ])
1036    , -86.346     , array([ 0.074443   ,  0.00282226 ])
1038    , -86.3468    , array([ 0.074443   ,  0.00282508 ])
[0.07444303 0.00282226]
1040    , -334.174    , array([ 0.0361508  ,  0.00659519 ])
1042    , -86.9208    , array([ 0.0747931  ,  0.00332274 ])
1044    , -86.9285    , array([ 0.0747931  ,  0.00332607 ])
[0.07479306 0.00332274]
1046    , -233.683    , array([ 0.0361508  ,  0.00520175 ])
1048    , -86.3721    , array([ 0.0739259  ,  0.00258899 ])
1050    , -86.3705    , array([ 0.0739259  ,  0.00259158 ])
[0.07392592 0.00258899]
1052    , -326.754    , array([ 0.0361508  ,  0.00649732 ])
1054    , -86.818     , array([ 0.0743977  ,  0.0032552  ])
1056    , -86.824     , array([ 0.0743977  ,  0.00325846 ])
[0.07439768 0.0032552 ]
1058    , -248.397    , array([ 0.0361508  ,  0.00541715 ])
1060    , -86.3305    , array([ 0.0745836  ,  0.00272115 ])
1062    , -86.3306    , array([ 0.0745836  ,  0.00272388 ])
[0.07458365 0.00272115]
1064    , -178.685    , array([ 0.0361508  ,  0.00432379 ])
1066    , -86.9114    , array([ 0.0744317  ,  0.00216728 ])
1068    , -86.9075    , array([ 0.0744317  ,  0.00216945 ])
[0.07443172 0.00216728]
1070    , -468.171    , array([ 0.0264209  ,  0.0059693  ])
1072    , -90.5929    , array([ 0.0545227  ,  0.00299926 ])
1074    , -90.6181    , array([ 0.0545227  ,  0.00300226 ])
[0.05452268 0.00299926]
1076    , -350.564    , array([ 0.0264209  ,  0.00489482 ])
1078    , -87.2851    , array([ 0.0543593  ,  0.00245166 ])
1080    , -87.2948    , array([ 0.0543593  ,  0.00245411 ])
[0.05435929 0.00245166]
1082    , -546.287    , array([ 0.0264209  ,  0.00668634 ])
1084    , -94.258     , array([ 0.0546367  ,  0.00336696 ])
1086    , -94.2979    , array([ 0.0546367  ,  0.00337033 ])
[0.05463671 0.00336696]
1088    , -88.3707    , array([ 0.0264209  ,  0.00126063 ])
1090    , -90.6733    , array([ 0.0540432  ,  0.000627607])
1092    , -90.6702    , array([ 0.0540432  ,  0.000628235])
1094    , -86.6419    , array([ 0.0327654  ,  0.0010224  ])
[0.03273267 0.0010224 ]
1096    , -496.596    , array([ 0.0263945  ,  0.00622222 ])
1098    , -497.268    , array([ 0.0263945  ,  0.00622845 ])
1100    , -91.7194    , array([ 0.0546294  ,  0.00312949 ])
[0.05457476 0.00312949]
1102    , -718.514    , array([ 0.0263945  ,  0.00836761 ])
1104    , -719.314    , array([ 0.0263945  ,  0.00837598 ])
1106    , -107.356    , array([ 0.0550257  ,  0.00424115 ])
[0.05497069 0.00424115]
1108    , -593.386    , array([ 0.0263945  ,  0.00712142 ])
1110    , -594.135    , array([ 0.0263945  ,  0.00712855 ])
1112    , -97.0035    , array([ 0.0547743  ,  0.00359183 ])
[0.05471959 0.00359183]
1114    , -605.145    , array([ 0.0263945  ,  0.00723362 ])
1116    , -605.899    , array([ 0.0263945  ,  0.00724086 ])
1118    , -97.7917    , array([ 0.0547977  ,  0.00365008 ])
[0.0547429  0.00365008]
1120    , -772.834    , array([ 0.0263945  ,  0.00895642 ])
1122    , -773.626    , array([ 0.0263945  ,  0.00896538 ])
1124    , -113.442    , array([ 0.0551899  ,  0.00455427 ])
[0.05513469 0.00455427]
1126    , -431.433    , array([ 0.0263945  ,  0.00562958 ])
1128    , -432.057    , array([ 0.0263945  ,  0.00563522 ])
1130    , -89.2386    , array([ 0.0545186  ,  0.00282537 ])
[0.05446412 0.00282537]
1132    , -537.225    , array([ 0.0263945  ,  0.00659519 ])
1134    , -537.938    , array([ 0.0263945  ,  0.00660179 ])
1136    , -93.6803    , array([ 0.0546795  ,  0.0033203  ])
[0.05462484 0.0033203 ]
1138    , -384.44     , array([ 0.0263945  ,  0.00520175 ])
1140    , -385.012    , array([ 0.0263945  ,  0.00520696 ])
1142    , -87.9457    , array([ 0.0544544  ,  0.00260743 ])
[0.05439994 0.00260743]
1144    , -526.623    , array([ 0.0263945  ,  0.00649732 ])
1146    , -527.327    , array([ 0.0263945  ,  0.00650382 ])
1148    , -93.1264    , array([ 0.0546647  ,  0.00327009 ])
[0.05461006 0.00327009]
1150    , -408.053    , array([ 0.0263945  ,  0.00541715 ])
1152    , -408.651    , array([ 0.0263945  ,  0.00542257 ])
1154    , -88.559     , array([ 0.0544866  ,  0.00271708 ])
[0.05443214 0.00271708]
1156    , -290.838    , array([ 0.0263945  ,  0.00432379 ])
1158    , -291.276    , array([ 0.0263945  ,  0.00432811 ])
1160    , -86.5242    , array([ 0.0543514  ,  0.00216306 ])
[0.05429711 0.00216306]
1162    , -495.459    , array([ 0.0254168  ,  0.0059693  ])
1164    , -496.136    , array([ 0.0254168  ,  0.00597528 ])
1166    , -91.6741    , array([ 0.0525597  ,  0.00299951 ])
[0.05250718 0.00299951]
1168    , -372.44     , array([ 0.0254168  ,  0.00489482 ])
1170    , -373.001    , array([ 0.0254168  ,  0.00489972 ])
1172    , -87.6994    , array([ 0.0523878  ,  0.00245115 ])
[0.05233544 0.00245115]
1174    , -576.265    , array([ 0.0254168  ,  0.00668634 ])
1176    , -577        , array([ 0.0254168  ,  0.00669303 ])
1178    , -95.8978    , array([ 0.0526822  ,  0.00336809 ])
[0.0526295  0.00336809]
1180    , -89.0493    , array([ 0.0254168  ,  0.00126063 ])
1182    , -89.0679    , array([ 0.0254168  ,  0.0012619  ])
1184    , -90.5576    , array([ 0.0520387  ,  0.00062693 ])
1186    , -86.6066    , array([ 0.03194    ,  0.00100864 ])
1188    , -86.6037    , array([ 0.03194    ,  0.00100965 ])
[0.03194002 0.00100864]
1190    , -523.474    , array([ 0.0254423  ,  0.00622222 ])
1192    , -93.0533    , array([ 0.0525345  ,  0.00312831 ])
1194    , -93.0878    , array([ 0.0525345  ,  0.00313144 ])
[0.0525345  0.00312831]
1196    , -750.197    , array([ 0.0254423  ,  0.00836761 ])
1198    , -110.882    , array([ 0.0529562  ,  0.00424303 ])
1200    , -110.975    , array([ 0.0529562  ,  0.00424727 ])
[0.05295625 0.00424303]
1202    , -622.98     , array([ 0.0254423  ,  0.00712142 ])
1204    , -99.1514    , array([ 0.0525217  ,  0.00357947 ])
1206    , -99.209     , array([ 0.0525217  ,  0.00358306 ])
[0.05252169 0.00357947]
1208    , -635.014    , array([ 0.0254423  ,  0.00723362 ])
1210    , -100.068    , array([ 0.0527122  ,  0.00364986 ])
1212    , -100.128    , array([ 0.0527122  ,  0.00365351 ])
[0.05271221 0.00364986]
1214    , -804.84     , array([ 0.0254423  ,  0.00895642 ])
1216    , -117.715    , array([ 0.053091   ,  0.00455414 ])
1218    , -117.825    , array([ 0.053091   ,  0.00455869 ])
[0.053091   0.00455414]
1220    , -455.864    , array([ 0.0254423  ,  0.00562958 ])
1222    , -90.1411    , array([ 0.0524458  ,  0.00282532 ])
1224    , -90.1648    , array([ 0.0524458  ,  0.00282815 ])
[0.05244582 0.00282532]
1226    , -565.359    , array([ 0.0254423  ,  0.00659519 ])
1228    , -95.3458    , array([ 0.0526163  ,  0.00332129 ])
1230    , -95.3888    , array([ 0.0526163  ,  0.00332461 ])
[0.05261628 0.00332129]
1232    , -406.8      , array([ 0.0254423  ,  0.00520175 ])
1234    , -88.5694    , array([ 0.0523783  ,  0.00260708 ])
1236    , -88.586     , array([ 0.0523783  ,  0.00260969 ])
[0.05237833 0.00260708]
1238    , -554.436    , array([ 0.0254423  ,  0.00649732 ])
1240    , -94.7175    , array([ 0.0526002  ,  0.00327094 ])
1242    , -94.7587    , array([ 0.0526002  ,  0.00327422 ])
[0.05260021 0.00327094]
1244    , -431.487    , array([ 0.0254423  ,  0.00541715 ])
1246    , -89.2919    , array([ 0.0524121  ,  0.00271688 ])
1248    , -89.3111    , array([ 0.0524121  ,  0.00271959 ])
[0.05241212 0.00271688]
1250    , -308.357    , array([ 0.0254423  ,  0.00432379 ])
1252    , -86.7033    , array([ 0.0522693  ,  0.00216234 ])
1254    , -86.7084    , array([ 0.0522693  ,  0.00216451 ])
[0.05226928 0.00216234]
1256    , -148.603    , array([ 0.05597    ,  0.0059693  ])
1258    , -87.5205    , array([ 0.116122   ,  0.00301641 ])
1260    , -87.5156    , array([ 0.116122   ,  0.00301943 ])
[0.11612222 0.00301641]
1262    , -119.481    , array([ 0.05597    ,  0.00489482 ])
1264    , -88.504     , array([ 0.115938   ,  0.00246927 ])
1266    , -88.4993    , array([ 0.115938   ,  0.00247174 ])
[0.11593816 0.00246927]
1268    , -172.067    , array([ 0.05597    ,  0.00668634 ])
1270    , -86.9783    , array([ 0.116293   ,  0.00338406 ])
1272    , -86.9741    , array([ 0.116293   ,  0.00338745 ])
[0.11629255 0.00338406]
1274    , -88.0708    , array([ 0.05597    ,  0.00126063 ])
1276    , -131.405    , array([ 0.0273126  ,  0.00253258 ])
1278    , -131.552    , array([ 0.0273126  ,  0.00253511 ])
1280    , -86.5602    , array([ 0.046814   ,  0.00150013 ])
[0.04676725 0.00150013]
1282    , -156.754    , array([ 0.055914   ,  0.00622222 ])
1284    , -156.953    , array([ 0.055914   ,  0.00622845 ])
1286    , -87.3179    , array([ 0.116303   ,  0.00314609 ])
[0.11618671 0.00314609]
1288    , -237.143    , array([ 0.055914   ,  0.00836761 ])
1290    , -237.494    , array([ 0.055914   ,  0.00837598 ])
1292    , -86.2398    , array([ 0.116749   ,  0.00424834 ])
[0.11663207 0.00424834]
1294    , -187.93     , array([ 0.055914   ,  0.00712142 ])
1296    , -188.19     , array([ 0.055914   ,  0.00712855 ])
1298    , -86.7149    , array([ 0.1165     ,  0.0036073  ])
[0.11638331 0.0036073 ]
1300    , -192.115    , array([ 0.055914   ,  0.00723362 ])
1302    , -192.387    , array([ 0.055914   ,  0.00724086 ])
1304    , -86.6495    , array([ 0.116477   ,  0.00366335 ])
[0.11636037 0.00366335]
1306    , -262.173    , array([ 0.055914   ,  0.00895642 ])
1308    , -262.567    , array([ 0.055914   ,  0.00896538 ])
1310    , -86.1977    , array([ 0.116856   ,  0.00455182 ])
[0.11673922 0.00455182]
1312    , -138.716    , array([ 0.055914   ,  0.00562958 ])
1314    , -138.879    , array([ 0.055914   ,  0.00563522 ])
1316    , -87.8069    , array([ 0.116121   ,  0.00284166 ])
[0.11600447 0.00284166]
1318    , -169.185    , array([ 0.055914   ,  0.00659519 ])
1320    , -169.411    , array([ 0.055914   ,  0.00660179 ])
1322    , -87.0412    , array([ 0.11635    ,  0.00333613 ])
[0.11623397 0.00333613]
1324    , -127.127    , array([ 0.055914   ,  0.00520175 ])
1326    , -127.261    , array([ 0.055914   ,  0.00520696 ])
1328    , -88.2109    , array([ 0.116047   ,  0.00262394 ])
[0.11593123 0.00262394]
1330    , -165.826    , array([ 0.055914   ,  0.00649732 ])
1332    , -166.049    , array([ 0.055914   ,  0.00650382 ])
1334    , -87.1046    , array([ 0.116287   ,  0.0032847  ])
[0.11617078 0.0032847 ]
1336    , -132.805    , array([ 0.055914   ,  0.00541715 ])
1338    , -132.953    , array([ 0.055914   ,  0.00542257 ])
1340    , -87.9989    , array([ 0.116084   ,  0.00273352 ])
[0.11596817 0.00273352]
1342    , -107.542    , array([ 0.055914   ,  0.00432379 ])
1344    , -107.625    , array([ 0.055914   ,  0.00432811 ])
1346    , -89.0886    , array([ 0.115907   ,  0.00217826 ])
[0.1157912  0.00217826]
1348    , -93.056     , array([ 0.0953754  ,  0.0059693  ])
1350    , -93.0911    , array([ 0.0953754  ,  0.00597528 ])
1352    , -90.1422    , array([ 0.200889   ,  0.00305988 ])
[0.20068855 0.00305988]
1354    , -88.2039    , array([ 0.0953754  ,  0.00489482 ])
1356    , -88.2186    , array([ 0.0953754  ,  0.00489972 ])
1358    , -90.7439    , array([ 0.20149    ,  0.00251749 ])
1360    , -86.3995    , array([ 0.118639   ,  0.00403045 ])
1362    , -86.3966    , array([ 0.118639   ,  0.00403448 ])
[0.11863875 0.00403045]
1364    , -97.9293    , array([ 0.0954708  ,  0.00668634 ])
1366    , -89.7233    , array([ 0.200668   ,  0.00342704 ])
1368    , -89.7195    , array([ 0.200668   ,  0.00343047 ])
[0.20066761 0.00342704]
1370    , -90.3876    , array([ 0.0954708  ,  0.00126063 ])
1372    , -90.5267    , array([ 0.0460733  ,  0.00250335 ])
1374    , -90.5518    , array([ 0.0460733  ,  0.00250586 ])
1376    , -86.8747    , array([ 0.0633483  ,  0.00185587 ])
1378    , -86.3876    , array([ 0.0563332  ,  0.00207107 ])
1380    , -86.3883    , array([ 0.0563332  ,  0.00207314 ])
[0.05633323 0.00207107]
1382    , -94.5934    , array([ 0.0954708  ,  0.00622222 ])
1384    , -89.979     , array([ 0.20055    ,  0.00318708 ])
1386    , -89.975     , array([ 0.20055    ,  0.00319027 ])
[0.20054987 0.00318708]
1388    , -114.54     , array([ 0.0954708  ,  0.00836761 ])
1390    , -88.7413    , array([ 0.201135   ,  0.00429991 ])
1392    , -88.7366    , array([ 0.201135   ,  0.00430422 ])
[0.20113467 0.00429991]
1394    , -101.558    , array([ 0.0954708  ,  0.00712142 ])
1396    , -89.4713    , array([ 0.200778   ,  0.00365228 ])
1398    , -89.4671    , array([ 0.200778   ,  0.00365594 ])
[0.20077839 0.00365228]
1400    , -102.558    , array([ 0.0954708  ,  0.00723362 ])
1402    , -89.4041    , array([ 0.200895   ,  0.00371223 ])
1404    , -89.3997    , array([ 0.200895   ,  0.00371594 ])
[0.20089495 0.00371223]
1406    , -121.957    , array([ 0.0954708  ,  0.00895642 ])
1408    , -88.4051    , array([ 0.201163   ,  0.0046032  ])
1410    , -88.3999    , array([ 0.201163   ,  0.00460781 ])
[0.20116251 0.0046032 ]
1412    , -91.16      , array([ 0.0954708  ,  0.00562958 ])
1414    , -90.3425    , array([ 0.20079    ,  0.00288737 ])
1416    , -90.3392    , array([ 0.20079    ,  0.00289026 ])
[0.20079002 0.00288737]
1418    , -97.2265    , array([ 0.0954708  ,  0.00659519 ])
1420    , -89.7741    , array([ 0.200572   ,  0.00337853 ])
1422    , -89.7704    , array([ 0.200572   ,  0.00338192 ])
[0.20057215 0.00337853]
1424    , -89.2612    , array([ 0.0954708  ,  0.00520175 ])
1426    , -90.5826    , array([ 0.200894   ,  0.00266948 ])
1428    , -90.5798    , array([ 0.200894   ,  0.00267215 ])
1430    , -86.3738    , array([ 0.121926   ,  0.00417854 ])
[0.12180409 0.00417854]
1432    , -96.5409    , array([ 0.0953754  ,  0.00649732 ])
1434    , -96.5897    , array([ 0.0953754  ,  0.00650382 ])
1436    , -89.8318    , array([ 0.200671   ,  0.00332652 ])
[0.20046997 0.00332652]
1438    , -90.1805    , array([ 0.0953754  ,  0.00541715 ])
1440    , -90.2053    , array([ 0.0953754  ,  0.00542257 ])
1442    , -90.4677    , array([ 0.20077    ,  0.00277502 ])
1444    , -86.3395    , array([ 0.123645   ,  0.00428863 ])
1446    , -86.3367    , array([ 0.123645   ,  0.00429292 ])
[0.1236454  0.00428863]
1448    , -86.8444    , array([ 0.0954708  ,  0.00432379 ])
1450    , -91.0539    , array([ 0.201952   ,  0.00223207 ])
1452    , -91.0515    , array([ 0.201952   ,  0.0022343  ])
1454    , -86.4396    , array([ 0.112058   ,  0.00375443 ])
[0.11194642 0.00375443]
