-52.1562, 354.642, 0.088644
-49.3031, 227.313, 0.217188
-49.2977, 227.313, 0.217405
-1500.65, 38.5596, 7.82677
-49.2785, 226.896, 0.217995
-49.2731, 226.896, 0.218213
-49.2562, 226.705, 0.218808
-321.067, 93.4034, 1.30865
-321.763, 93.4034, 1.30996
-45.9008, 182.663, 0.33845
-45.8008, 162.625, 0.427089
-45.8082, 162.625, 0.427517
-45.4612, 174.204, 0.372459
-52.5397, 354.288, 0.0245216
-52.5397, 354.288, 0.0245462
-52.2736, 227.203, 0.0600367
-1107.15, 38.2365, 2.15717
-1108.37, 38.2365, 2.15933
-51.0805, 162.526, 0.117758
-47.2125, 118.533, 0.221709
-47.2058, 118.533, 0.221931
-46.7341, 115.284, 0.234927
-110.942, 66.36, 0.711884
-111.176, 66.36, 0.712596
-45.2587, 100.907, 0.307086
-52.5431, 354.288, 0.0232297
-52.543, 354.288, 0.0232529
-52.3037, 227.194, 0.0568724
-1042.33, 38.2286, 2.04331
-1043.53, 38.2286, 2.04535
-51.0298, 157.88, 0.118232
-46.2158, 109.113, 0.248015
-46.2097, 109.113, 0.248263
-45.8942, 106.809, 0.259414
-120.09, 63.8675, 0.728055
-120.354, 63.8675, 0.728783
-45.3759, 95.812, 0.322754
-52.5496, 354.288, 0.020453
-52.5496, 354.288, 0.0204734
-52.3633, 227.172, 0.0500718
-890.696, 38.2102, 1.79863
-891.86, 38.2102, 1.80043
-51.0209, 149.825, 0.115603
-45.2335, 93.4041, 0.298279
-45.2338, 93.4041, 0.298578
-45.2672, 95.0863, 0.288346
-45.2335, 93.4041, 0.298279
-45.2338, 93.4041, 0.298578
-52.5071, 354.642, 0.0347306
-51.9826, 227.041, 0.0850434
-51.9814, 227.041, 0.0851285
-1495.28, 38.329, 3.05741
-51.9745, 226.409, 0.0855211
-51.9734, 226.409, 0.0856067
-51.9669, 226.001, 0.0860051
-55.3063, 92.9791, 0.512789
-55.3574, 92.9791, 0.513302
-49.1461, 154.4, 0.18515
-45.3036, 116.427, 0.32612
-45.3036, 116.427, 0.326446
-45.3036, 116.297, 0.327515
-52.459, 354.288, 0.0458415
-52.4587, 354.288, 0.0458874
-51.5695, 227.329, 0.112265
-1701.66, 38.3421, 4.03821
-1702.16, 38.3421, 4.04225
-51.5613, 226.942, 0.112651
-51.5521, 226.327, 0.113041
-51.5502, 226.327, 0.113154
-81.1432, 93.2481, 0.675634
-48.8939, 169.418, 0.20256
-48.8881, 169.418, 0.202763
-45.6926, 124.473, 0.377641
-46.5994, 146.925, 0.269866
-46.5929, 146.925, 0.270136
-45.338, 130.718, 0.342185
-52.2056, 354.288, 0.0830656
-52.2048, 354.288, 0.0831487
-49.6385, 227.514, 0.203509
-1565.37, 38.4986, 7.33211
-1564.39, 38.4986, 7.33945
-49.6167, 227.114, 0.204234
-49.5923, 226.486, 0.204964
-49.5873, 226.486, 0.205169
-278.924, 93.4711, 1.2259
-46.2498, 182.367, 0.317411
-46.2439, 182.367, 0.317728
-49.2984, 146.181, 0.497055
-45.4354, 168.799, 0.371025
-45.4338, 168.799, 0.371396
-45.4021, 166.163, 0.383775
-52.4208, 354.288, 0.053053
-52.4205, 354.288, 0.0531061
-51.2528, 227.366, 0.129937
-1749.23, 38.3737, 4.67539
-1749.38, 38.3737, 4.68007
-51.2433, 227.014, 0.130344
-51.2323, 226.433, 0.130754
-51.2298, 226.433, 0.130885
-106.959, 93.3084, 0.781873
-48.5806, 175.897, 0.2175
-48.5745, 175.897, 0.217717
-45.4013, 135.962, 0.366182
-45.6598, 145.663, 0.318059
-45.6556, 145.663, 0.318377
-45.4013, 135.962, 0.366182
-52.5625, 354.288, 0.013478
-52.5625, 354.288, 0.0134914
-52.4808, 227.097, 0.0329906
-461.694, 38.1467, 1.18427
-462.54, 38.1467, 1.18546
-51.5103, 137.477, 0.0903981
-45.9275, 72.43, 0.326752
-45.9352, 72.43, 0.327079
-50.4906, 118.67, 0.121469
-45.1839, 79.4264, 0.271516
-45.1831, 79.4264, 0.271787
-52.3768, 354.642, 0.060382
-50.8959, 227.176, 0.147899
-50.8929, 227.176, 0.148047
-1749.75, 38.4434, 5.32343
-50.8842, 226.83, 0.148354
-50.8812, 226.83, 0.148502
-50.8739, 226.71, 0.148812
-137.578, 93.2634, 0.890051
-137.869, 93.2634, 0.890942
-47.773, 176.261, 0.247176
-46.6922, 134.244, 0.427102
-46.7075, 134.244, 0.42753
-46.3978, 162.171, 0.29238
-45.3681, 145.961, 0.360802
-45.3681, 145.961, 0.361163
-52.3677, 354.642, 0.0617891
-50.8242, 227.183, 0.151347
-50.821, 227.183, 0.151499
-1745.22, 38.4493, 5.44789
-50.8118, 226.832, 0.15182
-50.8086, 226.832, 0.151972
-50.8009, 226.706, 0.152297
-144.529, 93.2698, 0.910878
-144.841, 93.2698, 0.91179
-47.6318, 176.392, 0.252587
-47.0751, 134.25, 0.43709
-47.093, 134.25, 0.437527
-46.3956, 163.654, 0.293793
-45.3705, 147.262, 0.362719
-45.3706, 147.262, 0.363082
-52.166, 354.642, 0.0875739
-49.3673, 227.308, 0.214564
-49.3621, 227.308, 0.214778
-1513.62, 38.5553, 7.73186
-49.3428, 226.886, 0.21537
-49.3375, 226.886, 0.215585
-49.3206, 226.69, 0.216182
-312.769, 93.3952, 1.29286
-313.445, 93.3952, 1.29415
-45.9582, 182.589, 0.33461
-45.9265, 160.771, 0.431775
-45.9352, 160.771, 0.432207
-45.4808, 174.008, 0.368766
-52.558, 354.288, 0.0162636
-52.558, 354.288, 0.0162799
-52.4395, 227.132, 0.0398122
-637.271, 38.1765, 1.42959
-638.293, 38.1765, 1.43102
-51.2404, 141.245, 0.103399
-46.0943, 78.3182, 0.337455
-46.1023, 78.3182, 0.337793
-49.8958, 120.791, 0.141586
-45.2044, 85.5008, 0.282912
-45.204, 85.5008, 0.283195
-52.0715, 354.642, 0.0974778
-48.7692, 227.355, 0.238853
-48.7633, 227.355, 0.239092
-1390.07, 38.5948, 8.61064
-48.7398, 226.905, 0.23981
-48.7339, 226.905, 0.24005
-48.7131, 226.682, 0.240774
-394.845, 93.4413, 1.43987
-395.697, 93.4413, 1.44131
-45.5655, 183.735, 0.368058
-45.4521, 174.697, 0.406723
-45.4541, 174.697, 0.40713
-52.5692, 354.642, 0.00759536
-52.5431, 226.73, 0.0185858
-52.5431, 226.73, 0.0186044
-142.734, 38.0676, 0.666362
-52.1376, 131.377, 0.0555021
-52.1368, 131.377, 0.0555576
-45.2327, 64.3069, 0.232919
-46.2205, 55.3283, 0.314247
-46.2321, 55.3283, 0.314561
-45.2327, 64.3069, 0.232919
-52.2976, 542.892, 0.088644
-52.2971, 542.892, 0.0887327
-50.2841, 348.315, 0.217078
-2198.43, 58.7267, 7.80696
-2197.99, 58.7267, 7.81477
-50.2689, 347.793, 0.217734
-50.2516, 346.923, 0.218395
-50.2475, 346.923, 0.218613
-230.55, 142.879, 1.30576
-47.0645, 277.222, 0.343061
-47.0579, 277.222, 0.343404
-47.4382, 219.368, 0.550723
-45.5271, 245.523, 0.438085
-45.5254, 245.523, 0.438523
-45.4879, 240.976, 0.455806
-52.551, 542.892, 0.0245216
-52.551, 542.892, 0.0245462
-52.3755, 347.918, 0.0600163
-1020.4, 58.3927, 2.15352
-1021.81, 58.3927, 2.15568
-50.9456, 224.47, 0.14463
-46.0994, 133.853, 0.407428
-46.1101, 133.853, 0.407835
-49.8642, 200.045, 0.182253
-45.4498, 146.571, 0.339568
-45.4474, 146.571, 0.339908
-52.5532, 543.435, 0.0232297
-52.3953, 347.555, 0.056853
-52.3949, 347.555, 0.0569099
-945.007, 58.4384, 2.03984
-51.01, 221.408, 0.140526
-51.0071, 221.408, 0.140667
-46.5686, 128.971, 0.416531
-50.2175, 202.033, 0.168879
-50.2134, 202.033, 0.169048
-45.5074, 144.75, 0.330408
-52.5575, 542.892, 0.020453
-52.5575, 542.892, 0.0204734
-52.4349, 347.865, 0.0500545
-778.529, 58.3486, 1.79553
-779.78, 58.3486, 1.79733
-51.187, 216.098, 0.130095
-47.512, 119.545, 0.425828
-47.5329, 119.545, 0.426255
-50.6957, 202.199, 0.148656
-45.6171, 139.159, 0.313952
-45.6131, 139.159, 0.314266
-45.3424, 132.303, 0.348144
-52.5296, 542.892, 0.0347306
-52.5295, 542.892, 0.0347654
-52.1818, 348.011, 0.0850139
-1530.29, 58.4706, 3.05211
-1531.77, 58.4706, 3.05517
-51.2365, 269.391, 0.142189
-49.4827, 222.802, 0.207795
-49.4776, 222.802, 0.208002
-95.5207, 114.252, 0.796375
-46.3712, 182.275, 0.311004
-46.3651, 182.275, 0.311315
-46.6916, 151.83, 0.449848
-45.4134, 166.309, 0.373881
-45.4124, 166.309, 0.374256
-52.4981, 543.435, 0.0458415
-51.9017, 347.738, 0.112223
-51.9004, 347.738, 0.112336
-1903.68, 58.5922, 4.0307
-51.892, 346.706, 0.112895
-51.8907, 346.706, 0.113008
-51.8821, 345.948, 0.113622
-65.1019, 142.23, 0.676738
-65.176, 142.23, 0.677415
-49.7949, 255.698, 0.208602
-45.5797, 191.039, 0.374024
-45.5766, 191.039, 0.374399
-45.5393, 179.697, 0.423832
-52.3307, 542.892, 0.0830656
-52.3302, 542.892, 0.0831487
-50.5332, 348.287, 0.203409
-2222.01, 58.7033, 7.31421
-2221.78, 58.7033, 7.32153
-50.5195, 347.769, 0.20402
-50.5039, 346.901, 0.204636
-50.5002, 346.901, 0.204841
-201.607, 142.846, 1.22342
-47.5666, 278.346, 0.318768
-47.56, 278.346, 0.319087
-45.9998, 222.824, 0.499874
-46.03, 252.467, 0.387964
-46.0248, 252.467, 0.388352
-45.4818, 235.327, 0.447848
-52.473, 542.892, 0.053053
-52.4728, 542.892, 0.0531061
-51.6854, 348.128, 0.129886
-2057.55, 58.5696, 4.66621
-2058.41, 58.5696, 4.67087
-51.678, 347.524, 0.13034
-51.6697, 346.571, 0.130798
-51.6679, 346.571, 0.130929
-79.229, 142.615, 0.781237
-49.3298, 261.04, 0.231242
-49.3244, 261.04, 0.231474
-45.4567, 193.927, 0.421151
-45.6992, 205.156, 0.37533
-45.6952, 205.156, 0.375706
-45.4567, 193.927, 0.421151
-52.5659, 542.892, 0.013478
-52.5659, 542.892, 0.0134914
-52.5123, 347.719, 0.0329777
-362.074, 58.2256, 1.18196
-362.79, 58.2256, 1.18315
-51.8111, 207.429, 0.0928563
-45.654, 106.389, 0.353198
-45.6611, 106.389, 0.353551
-51.2406, 184.234, 0.117763
-45.5204, 116.626, 0.293808
-45.5167, 116.626, 0.294102
-52.4439, 543.435, 0.060382
-51.4376, 347.821, 0.147837
-51.4355, 347.821, 0.147985
-2159.52, 58.6626, 5.31237
-51.4293, 347.284, 0.148297
-51.4272, 347.284, 0.148446
-51.422, 347.093, 0.148761
-100.308, 142.551, 0.888973
-100.511, 142.551, 0.889863
-48.7787, 264.564, 0.256824
-45.9061, 196.092, 0.46812
-45.9142, 196.092, 0.468588
-46.7124, 232.774, 0.332239
-45.4543, 206.91, 0.420199
-45.4542, 206.91, 0.420619
-52.4379, 543.435, 0.0617891
-51.3874, 347.829, 0.151284
-51.3851, 347.829, 0.151435
-2173.16, 58.669, 5.43646
-51.3784, 347.27, 0.151774
-51.3761, 347.27, 0.151926
-51.3704, 347.056, 0.152268
-105.187, 142.551, 0.909834
-105.406, 142.551, 0.910745
-48.6681, 265.044, 0.261877
-46.0605, 196.542, 0.476885
-46.07, 196.542, 0.477362
-46.776, 235.861, 0.331125
-45.4566, 208.914, 0.421786
-45.4564, 208.914, 0.422208
-52.3044, 543.435, 0.0875739
-50.3306, 347.962, 0.214456
-50.3266, 347.962, 0.21467
-2205.28, 58.781, 7.71242
-50.3163, 347.461, 0.215078
-50.3123, 347.461, 0.215293
-50.3038, 347.307, 0.215704
-224.791, 142.738, 1.28981
-225.264, 142.738, 1.2911
-47.1584, 277.661, 0.338503
-47.1175, 219.629, 0.541638
-47.1352, 219.629, 0.54218
-46.1433, 260.246, 0.385658
-45.4861, 239.902, 0.453423
-45.4863, 239.902, 0.453877
-52.563, 543.435, 0.0162636
-52.4851, 347.443, 0.0397976
-52.4849, 347.443, 0.0398374
-522.733, 58.3439, 1.42698
-51.5561, 210.379, 0.108822
-51.5542, 210.379, 0.108931
-46.5981, 111.081, 0.392389
-51.1305, 195.197, 0.126457
-51.1279, 195.197, 0.126584
-45.6822, 127.829, 0.296094
-52.2411, 542.892, 0.0974778
-52.2405, 542.892, 0.0975753
-49.8742, 348.358, 0.238726
-2140.65, 58.7633, 8.58761
-2139.88, 58.7633, 8.5962
-49.8566, 347.83, 0.239456
-49.8366, 346.954, 0.240192
-49.8319, 346.954, 0.240432
-283.758, 142.93, 1.4362
-46.4449, 277.097, 0.377772
-46.4388, 277.097, 0.37815
-50.5608, 217.979, 0.613793
-45.5416, 255.564, 0.444626
-45.5398, 255.564, 0.44507
-45.4953, 250.739, 0.462959
-52.5703, 542.892, 0.00759536
-52.5703, 542.892, 0.00760296
-52.5532, 347.431, 0.0185765
-106.827, 57.9853, 0.664708
-107.053, 57.9853, 0.665373
-52.2658, 198.486, 0.0568936
-45.8038, 94.815, 0.248696
-45.7985, 94.815, 0.248945
-46.7277, 78.8557, 0.360219
-45.8038, 94.815, 0.248696
-45.7985, 94.815, 0.248945
-52.2549, 468.429, 0.088644
-49.9717, 300.032, 0.217111
-49.9672, 300.032, 0.217329
-1968.45, 50.7504, 7.81297
-49.9542, 299.566, 0.217794
-49.9497, 299.566, 0.218012
-49.9387, 299.397, 0.218481
-259.319, 123.143, 1.30652
-259.914, 123.143, 1.30782
-46.4742, 237.504, 0.348421
-51.1882, 184.344, 0.579425
-51.2289, 184.344, 0.580004
-45.516, 218.484, 0.412249
-45.4616, 213.571, 0.430716
-45.4619, 213.571, 0.431147
-52.5476, 468.429, 0.0245216
-52.3444, 299.664, 0.060023
-52.3439, 299.664, 0.060083
-1061.52, 50.4395, 2.15471
-50.9339, 198.83, 0.136808
-50.9309, 198.83, 0.136945
-45.3352, 125.696, 0.344329
-46.1576, 138.753, 0.281773
-46.1517, 138.753, 0.282055
-45.3352, 125.696, 0.344329
-52.5501, 467.96, 0.0232297
-52.5501, 467.96, 0.0232529
-52.3677, 299.951, 0.0568594
-988.745, 50.3786, 2.04098
-990.082, 50.3786, 2.04302
-50.9433, 194.958, 0.135065
-45.686, 118.004, 0.36943
-45.6931, 118.004, 0.3698
-49.4029, 167.352, 0.183528
-45.3609, 125.854, 0.324612
-45.3593, 125.854, 0.324937
-52.5552, 468.429, 0.020453
-52.4131, 299.621, 0.0500603
-52.4128, 299.621, 0.0501104
-824.283, 50.4036, 1.79656
-51.0965, 189.116, 0.126093
-51.0938, 189.116, 0.126219
-46.5877, 108.165, 0.38787
-50.3722, 173.087, 0.15063
-50.3684, 173.087, 0.150781
-45.4836, 122.099, 0.30411
-52.5228, 467.96, 0.0347306
-52.5227, 467.96, 0.0347654
-52.1214, 300.043, 0.0850232
-1536.98, 50.4557, 3.05378
-1538.31, 50.4557, 3.05684
-51.8195, 269.955, 0.105142
-51.5427, 252.61, 0.119913
-51.5407, 252.61, 0.120033
-61.5902, 113.009, 0.605136
-48.7335, 187.351, 0.218642
-48.7276, 187.351, 0.218861
-45.3692, 145.623, 0.363526
-45.3824, 147.387, 0.354123
-45.3814, 147.387, 0.354477
-45.3692, 145.623, 0.363526
-52.4862, 467.96, 0.0458415
-52.4861, 467.96, 0.0458874
-51.8005, 300.111, 0.112236
-1855.79, 50.5132, 4.03302
-1856.69, 50.5132, 4.03706
-51.7933, 299.529, 0.112676
-51.7852, 298.645, 0.11312
-51.7837, 298.645, 0.113233
-68.4685, 122.946, 0.675436
-49.4655, 220.827, 0.20759
-49.4603, 220.827, 0.207797
-45.3985, 163.224, 0.382009
-45.4193, 165.516, 0.370699
-45.4181, 165.516, 0.37107
-45.3985, 163.224, 0.382009
-52.2928, 467.96, 0.0830656
-52.2922, 467.96, 0.0831487
-50.2513, 300.305, 0.203439
-2008.55, 50.6767, 7.31965
-2008.03, 50.6767, 7.32697
-50.2354, 299.839, 0.204078
-50.2173, 299.072, 0.204721
-50.2132, 299.072, 0.204926
-223.547, 123.233, 1.22413
-46.8525, 236.736, 0.327857
-46.846, 236.736, 0.328185
-49.1221, 183.995, 0.545872
-45.5227, 213.105, 0.405228
-45.5205, 213.105, 0.405634
-45.4566, 207.944, 0.426607
-52.4572, 467.96, 0.053053
-52.457, 467.96, 0.0531061
-51.5525, 300.152, 0.129901
-1973.85, 50.5471, 4.66903
-1974.55, 50.5471, 4.6737
-51.544, 299.626, 0.13036
-51.5344, 298.8, 0.130823
-51.5325, 298.8, 0.130954
-86.9881, 123.019, 0.781547
-48.9546, 225.515, 0.230433
-48.9489, 225.515, 0.230664
-45.7005, 166.536, 0.424931
-46.5855, 194.515, 0.310279
-46.5792, 194.515, 0.31059
-45.4136, 174.04, 0.388876
-52.5649, 467.96, 0.013478
-52.5649, 467.96, 0.0134914
-52.5028, 299.807, 0.0329821
-397.223, 50.2572, 1.18276
-398.022, 50.2572, 1.18395
-51.6923, 178.703, 0.093093
-46.3117, 91.517, 0.355533
-46.3249, 91.517, 0.355888
-51.3027, 165.31, 0.108834
-45.6559, 105.044, 0.269658
-45.6513, 105.044, 0.269928
-52.4237, 468.429, 0.060382
-51.2704, 299.891, 0.147856
-51.268, 299.891, 0.148004
-2040.07, 50.6306, 5.31575
-51.261, 299.428, 0.148317
-51.2585, 299.428, 0.148465
-51.2526, 299.262, 0.148781
-113.515, 122.97, 0.889316
-113.766, 122.97, 0.890206
-48.3787, 228.762, 0.255479
-46.567, 169.315, 0.467206
-46.581, 169.315, 0.467673
-46.8365, 208.255, 0.308636
-45.4266, 183.427, 0.397678
-45.4264, 183.427, 0.398076
-52.4167, 468.429, 0.0617891
-51.2133, 299.898, 0.151303
-51.2108, 299.898, 0.151455
-2047.19, 50.6368, 5.43995
-51.2041, 299.465, 0.151744
-51.2016, 299.465, 0.151896
-51.1961, 299.329, 0.152188
-119.448, 122.991, 0.909889
-119.718, 122.991, 0.910799
-48.2684, 229.273, 0.260287
-46.7879, 169.888, 0.474921
-46.8036, 169.888, 0.475396
-46.828, 210.081, 0.310363
-45.4286, 185.108, 0.399593
-45.4284, 185.108, 0.399993
-52.2624, 468.429, 0.0875739
-50.0255, 300.027, 0.214489
-50.0211, 300.027, 0.214703
-1976.87, 50.746, 7.71832
-50.008, 299.551, 0.215176
-50.0036, 299.551, 0.215391
-49.9925, 299.373, 0.215869
-252.249, 123.133, 1.29079
-252.826, 123.133, 1.29208
-46.5411, 237.365, 0.344598
-50.7951, 184.168, 0.573477
-50.8339, 184.168, 0.574051
-45.5189, 217.57, 0.410699
-45.4607, 212.47, 0.429941
-45.461, 212.47, 0.430371
-52.5615, 468.429, 0.0162636
-52.4713, 299.562, 0.0398026
-52.4711, 299.562, 0.0398424
-565.35, 50.3539, 1.42787
-51.4458, 182.78, 0.107254
-51.4437, 182.78, 0.107362
-46.7382, 97.9026, 0.3761
-50.9808, 169.642, 0.12457
-50.9779, 169.642, 0.124695
-45.6063, 112.857, 0.282772
-52.1895, 467.96, 0.0974778
-52.1888, 467.96, 0.0975753
-49.5208, 300.375, 0.238764
-1884.34, 50.7356, 8.59459
-1883.34, 50.7356, 8.60319
-49.4998, 299.882, 0.239557
-49.4762, 299.088, 0.240355
-49.471, 299.088, 0.240596
-322.585, 123.308, 1.43727
-46.0068, 238.646, 0.378897
-46.0016, 238.646, 0.379276
-54.2362, 186.898, 0.621445
-45.4904, 225.096, 0.426287
-45.4892, 225.096, 0.426713
-45.4699, 222.506, 0.43723
-52.57, 467.96, 0.00759536
-52.57, 467.96, 0.00760296
-52.5502, 299.582, 0.0185798
-117.638, 50.069, 0.665286
-117.874, 50.069, 0.665951
-52.2312, 172.525, 0.0560609
-45.6764, 83.4669, 0.239248
-45.6714, 83.4669, 0.239487
-46.0724, 71.005, 0.331324
-45.6764, 83.4669, 0.239248
-45.6714, 83.4669, 0.239487
-52.322, 596.905, 0.088644
-50.462, 382.137, 0.217059
-50.4583, 382.137, 0.217276
-2335.07, 64.5129, 7.80356
-50.4482, 381.578, 0.217699
-50.4444, 381.578, 0.217917
-50.4361, 381.4, 0.218343
-218.099, 156.704, 1.30532
-218.521, 156.704, 1.30662
-47.6242, 309.331, 0.332809
-45.6879, 251.778, 0.502637
-45.6928, 251.778, 0.50314
-45.8148, 274.487, 0.423302
-45.6879, 251.778, 0.502637
-45.6928, 251.778, 0.50314
-52.5529, 596.905, 0.0245216
-52.3926, 381.716, 0.0600123
-52.3923, 381.716, 0.0600723
-989.188, 64.1587, 2.1528
-50.9898, 243.246, 0.148209
-50.9869, 243.246, 0.148357
-46.7508, 141.772, 0.438678
-50.2406, 223.097, 0.176286
-50.2365, 223.097, 0.176462
-45.5435, 159.94, 0.344414
-52.5549, 596.308, 0.0232297
-52.5549, 596.308, 0.0232529
-52.4111, 382.081, 0.0568491
-913.811, 64.0799, 2.03914
-915.189, 64.0799, 2.04118
-51.065, 240.742, 0.143599
-47.2333, 136.925, 0.444546
-47.2523, 136.925, 0.444991
-50.4684, 223.627, 0.166496
-45.5911, 157.267, 0.336696
-45.5875, 157.267, 0.337033
-52.5588, 596.905, 0.020453
-52.4469, 381.655, 0.0500509
-52.4467, 381.655, 0.050101
-746.874, 64.1076, 1.79489
-51.2811, 236.308, 0.130899
-51.2787, 236.308, 0.13103
-47.1762, 130.148, 0.433816
-50.7923, 220.357, 0.150593
-50.789, 220.357, 0.150743
-45.6564, 150.588, 0.32378
-52.5334, 596.308, 0.0347306
-52.5333, 596.308, 0.0347654
-52.2159, 382.202, 0.0850084
-1516.82, 64.1818, 3.05112
-1518.33, 64.1818, 3.05418
-51.1955, 288.534, 0.149492
-48.9101, 230.291, 0.234616
-48.9044, 230.291, 0.234851
-102.827, 121.697, 0.846075
-46.0171, 191.711, 0.339033
-46.0118, 191.711, 0.339372
-45.8003, 169.595, 0.434515
-52.5046, 596.308, 0.0458415
-52.5045, 596.308, 0.0458874
-51.9599, 382.283, 0.112216
-1920.89, 64.2496, 4.02935
-1922.18, 64.2496, 4.03338
-51.9505, 381.083, 0.112927
-51.9384, 379.263, 0.113789
-51.9371, 379.263, 0.113903
-63.9597, 156.257, 0.677123
-50.0553, 281.849, 0.206595
-50.0509, 281.849, 0.206801
-46.0093, 214.314, 0.358925
-45.6447, 207.322, 0.382887
-45.6411, 207.322, 0.38327
-45.4454, 199.055, 0.416339
-52.3519, 596.308, 0.0830656
-52.3515, 596.308, 0.0831487
-50.6959, 382.491, 0.203392
-2344.81, 64.4247, 7.31114
-2344.75, 64.4247, 7.31845
-50.6836, 381.939, 0.203984
-50.6695, 381.004, 0.20458
-50.666, 381.004, 0.204785
-190.138, 156.829, 1.22299
-47.3891, 296.904, 0.337913
-47.3824, 296.904, 0.338252
-49.2348, 223.918, 0.597337
-45.6057, 261.119, 0.437558
-45.603, 261.119, 0.437996
-45.5018, 252.406, 0.469428
-52.4818, 596.308, 0.053053
-52.4816, 596.308, 0.0531061
-51.7608, 382.328, 0.129876
-2096.89, 64.2874, 4.66458
-2098.01, 64.2874, 4.66925
-51.7518, 381.456, 0.130473
-51.742, 380.201, 0.131077
-51.7404, 380.201, 0.131208
-75.9952, 156.496, 0.781933
-49.5778, 286.905, 0.230817
-49.5728, 286.905, 0.231047
-45.4959, 215.004, 0.412993
-45.4731, 209.167, 0.435604
-45.4745, 209.167, 0.43604
-52.5665, 596.905, 0.013478
-52.5176, 381.483, 0.0329748
-52.5175, 381.483, 0.0330078
-338.971, 63.9629, 1.18145
-51.8438, 225.442, 0.094565
-51.8424, 225.442, 0.0946596
-45.8434, 113.942, 0.371684
-51.4185, 204.617, 0.114827
-51.4164, 204.617, 0.114941
-45.6601, 127.424, 0.297094
-52.4552, 596.308, 0.060382
-52.455, 596.308, 0.0604425
-51.5338, 382.37, 0.147827
-2220.21, 64.3231, 5.31044
-2221, 64.3231, 5.31575
-51.5258, 381.749, 0.148311
-51.5166, 380.744, 0.148799
-51.5146, 380.744, 0.148948
-93.8675, 156.651, 0.888925
-49.0397, 290.212, 0.256837
-49.0341, 290.212, 0.257094
-45.6066, 216.467, 0.463977
-46.3132, 244.37, 0.362882
-46.3073, 244.37, 0.363245
-45.4706, 223.2, 0.436267
-52.4497, 596.308, 0.0617891
-52.4495, 596.308, 0.0618509
-51.4876, 382.378, 0.151273
-2237.83, 64.3297, 5.43446
-2238.62, 64.3297, 5.4399
-51.4787, 381.725, 0.151793
-51.4688, 380.689, 0.152319
-51.4667, 380.689, 0.152471
-98.0831, 156.648, 0.909819
-48.9302, 290.661, 0.262028
-48.9245, 290.661, 0.26229
-45.7008, 216.769, 0.473517
-46.4902, 249.532, 0.356091
-46.484, 249.532, 0.356447
-45.4729, 225.431, 0.437647
-52.3277, 596.308, 0.0875739
-52.3272, 596.308, 0.0876615
-50.509, 382.514, 0.214437
-2336.51, 64.4439, 7.70908
-2336.21, 64.4439, 7.7168
-50.4961, 381.981, 0.21504
-50.4813, 381.065, 0.215647
-50.4775, 381.065, 0.215863
-212.911, 156.865, 1.28936
-47.7371, 309.685, 0.32736
-47.7305, 309.685, 0.327687
-45.5775, 253.667, 0.490106
-45.6905, 269.513, 0.432971
-45.687, 269.513, 0.433404
-45.5775, 253.667, 0.490106
-52.5638, 596.308, 0.0162636
-52.5638, 596.308, 0.0162799
-52.4929, 381.949, 0.0397945
-494.923, 63.9697, 1.42642
-495.879, 63.9697, 1.42785
-51.6044, 229.297, 0.110653
-46.9111, 118.931, 0.411608
-46.9281, 118.931, 0.41202
-51.2546, 214.707, 0.126236
-45.7787, 138.742, 0.30226
-45.7739, 138.742, 0.302562
-52.2705, 596.905, 0.0974778
-50.0784, 382.181, 0.238704
-50.0741, 382.181, 0.238942
-2295.23, 64.55, 8.58367
-50.0622, 381.612, 0.239421
-50.0579, 381.612, 0.23966
-50.048, 381.423, 0.240143
-264.597, 156.753, 1.43572
-265.157, 156.753, 1.43716
-46.8479, 306.652, 0.372599
-47.7923, 244.328, 0.587509
-47.8143, 244.328, 0.588097
-45.5522, 275.71, 0.46157
-45.5107, 270.123, 0.480023
-45.511, 270.123, 0.480503
-52.5705, 596.905, 0.00759536
-52.5549, 381.15, 0.0185745
-52.5549, 381.15, 0.0185931
-99.3037, 63.6845, 0.664343
-52.2913, 217.538, 0.0569591
-52.2907, 217.538, 0.0570161
-46.0427, 103.996, 0.249371
-46.5986, 86.4282, 0.360197
-46.6084, 86.4282, 0.360557
-46.0427, 103.996, 0.249371
-50.8707, 78.1114, 0.088644
-50.8676, 78.1114, 0.0887327
-45.1488, 50.6711, 0.218251
-52.428, 78.1114, 0.0245216
-52.4277, 78.1114, 0.0245462
-51.3399, 50.3781, 0.0602053
-490.329, 8.67324, 2.18763
-490.14, 8.67324, 2.18982
-51.3239, 50.2388, 0.0605469
-51.3065, 50.0485, 0.0608937
-51.3041, 50.0485, 0.0609546
-67.0723, 20.8555, 0.364984
-47.8234, 36.5259, 0.115899
-47.8168, 36.5259, 0.116015
-44.9261, 27.6566, 0.205025
-44.9767, 28.5439, 0.191821
-44.9749, 28.5439, 0.192013
-44.9261, 27.6566, 0.205025
-52.4426, 78.1114, 0.0232297
-52.4424, 78.1114, 0.0232529
-51.4576, 50.3717, 0.0570297
-499.212, 8.66767, 2.07172
-499.06, 8.66767, 2.0738
-51.4438, 50.2392, 0.0573372
-51.4286, 50.0558, 0.0576493
-51.4265, 50.0558, 0.0577069
-62.4408, 20.8503, 0.345591
-47.9237, 35.955, 0.11332
-47.9172, 35.955, 0.113433
-44.9082, 27.3654, 0.198315
-44.9076, 27.1362, 0.20134
-44.9082, 27.1362, 0.201541
-52.4716, 78.1896, 0.020453
-51.6935, 50.3073, 0.0502059
-51.6918, 50.3073, 0.0502561
-510.072, 8.6643, 1.82284
-51.6828, 50.1796, 0.0504672
-51.6811, 50.1796, 0.0505177
-51.6727, 50.101, 0.0507323
-54.2193, 20.814, 0.3041
-54.2706, 20.814, 0.304405
-47.4122, 33.1512, 0.11785
-44.8814, 25.9219, 0.194307
-44.8812, 25.9219, 0.194501
-44.8835, 25.6782, 0.198494
-44.8814, 25.9219, 0.194307
-44.8812, 25.9219, 0.194501
-52.2863, 78.1896, 0.0347306
-50.2681, 50.3783, 0.085312
-50.2641, 50.3783, 0.0853974
-380.731, 8.72555, 3.106
-50.2267, 50.1731, 0.0860285
-50.2227, 50.1731, 0.0861145
-50.1862, 50.0163, 0.0867596
-124.317, 20.8698, 0.51911
-124.56, 20.8698, 0.519629
-46.5092, 38.9562, 0.144783
-45.5131, 30.4143, 0.239942
-45.5216, 30.4143, 0.240182
-45.3634, 34.7835, 0.182617
-44.9782, 32.3314, 0.211694
-44.9783, 32.3314, 0.211905
-52.0812, 78.1896, 0.0458415
-48.9262, 50.4319, 0.112663
-48.9205, 50.4319, 0.112776
-260.881, 8.77209, 4.1103
-48.8288, 50.0943, 0.114229
-48.823, 50.0943, 0.114343
-48.7312, 49.8045, 0.115837
-219.547, 20.881, 0.690019
-219.978, 20.881, 0.690709
-45.5933, 40.4823, 0.17735
-45.2969, 38.8327, 0.192785
-45.2939, 38.8327, 0.192978
-59.193, 28.5042, 0.364727
-45.0444, 37.0579, 0.212241
-45.0433, 37.0579, 0.212453
-45.0166, 36.4215, 0.220385
-51.0602, 78.1114, 0.0830656
-51.0574, 78.1114, 0.0831487
-45.2618, 50.6486, 0.204473
-51.9209, 78.1114, 0.053053
-51.9197, 78.1114, 0.0531061
-48.0373, 50.5164, 0.130429
-201.306, 8.79289, 4.76471
-200.92, 8.79289, 4.76947
-47.8883, 50.0621, 0.132878
-47.733, 49.5587, 0.135393
-47.7263, 49.5587, 0.135529
-293.511, 20.8959, 0.803187
-45.3184, 41.5446, 0.19469
-45.3156, 41.5446, 0.194885
-45.0841, 39.8102, 0.212998
-69.4572, 28.8133, 0.413615
-69.5619, 28.8133, 0.414029
-45.0383, 38.5106, 0.228063
-52.5283, 78.1114, 0.013478
-52.5282, 78.1114, 0.0134914
-52.1776, 50.3219, 0.0330729
-447.68, 8.62497, 1.19912
-447.957, 8.62497, 1.20032
-52.1698, 50.1226, 0.0333413
-52.1615, 49.8716, 0.0336154
-52.1607, 49.8716, 0.0336491
-44.9907, 20.7606, 0.200771
-51.6947, 42.6009, 0.0463377
-51.693, 42.6009, 0.046384
-44.9937, 22.654, 0.168071
-44.9916, 20.7398, 0.200771
-44.9957, 20.7398, 0.200971
-51.7392, 78.1896, 0.060382
-47.1676, 50.4997, 0.148496
-47.1607, 50.4997, 0.148644
-156.344, 8.83117, 5.43174
-46.9649, 49.9134, 0.152116
-46.9581, 49.9134, 0.152268
-46.767, 49.3871, 0.155801
-374.083, 20.8632, 0.91993
-374.726, 20.8632, 0.92085
-45.192, 43.0834, 0.2065
-45.0448, 41.0673, 0.227491
-45.0448, 41.0673, 0.227719
-51.702, 78.1896, 0.0617891
-47.0098, 50.506, 0.151965
-47.0029, 50.506, 0.152117
-149.061, 8.83676, 5.56001
-46.7984, 49.8944, 0.155835
-46.7915, 49.8944, 0.155991
-45.0797, 40.6946, 0.237816
-45.0712, 42.1787, 0.220415
-45.0702, 42.1787, 0.220635
-50.9091, 78.1896, 0.0875739
-45.1673, 50.6162, 0.215608
-45.1657, 50.6162, 0.215823
-52.5084, 78.1896, 0.0162636
-52.0044, 50.286, 0.039914
-52.0033, 50.286, 0.0399539
-491.914, 8.64597, 1.44797
-51.9968, 50.1477, 0.0401387
-51.9956, 50.1477, 0.0401789
-51.9895, 50.0585, 0.040367
-46.9295, 20.7831, 0.241765
-46.9483, 20.7831, 0.242006
-51.8223, 47.5006, 0.0449222
-45.6894, 26.0281, 0.152814
-45.6843, 26.0281, 0.152967
-44.8406, 23.3024, 0.19186
-50.5554, 78.1114, 0.0974778
-50.5518, 78.1114, 0.0975753
-45.072, 50.7049, 0.240078
-52.5583, 78.1114, 0.00759536
-52.5583, 78.1114, 0.00760296
-52.444, 50.2897, 0.018632
-246.743, 8.59742, 0.674688
-247.086, 8.59742, 0.675363
-51.4874, 32.3857, 0.0455895
-45.9278, 19.3228, 0.130019
-45.9217, 19.3228, 0.130149
-45.2908, 18.4979, 0.142369
-44.7277, 16.7758, 0.173308
-44.7282, 16.7758, 0.173481
-52.3798, 779.238, 0.088644
-50.9087, 498.654, 0.217013
-50.9057, 498.654, 0.21723
-2658.87, 84.0403, 7.7953
-50.8976, 497.928, 0.217649
-50.8945, 497.928, 0.217867
-50.8879, 497.698, 0.21829
-172.201, 204.311, 1.30447
-172.6, 204.311, 1.30577
-47.8513, 388.292, 0.359538
-47.5291, 293.511, 0.629756
-47.5493, 293.511, 0.630386
-46.7112, 362.315, 0.413231
-45.5433, 323.402, 0.518212
-45.5433, 323.402, 0.51873
-52.5575, 779.238, 0.0245216
-52.4342, 498.127, 0.0600009
-52.4339, 498.127, 0.0600609
-886.61, 83.5974, 2.15075
-51.1746, 309.278, 0.15596
-51.172, 309.278, 0.156116
-48.1814, 171.232, 0.511084
-50.7532, 291.985, 0.175023
-50.7499, 291.985, 0.175198
-45.7437, 201.707, 0.368062
-45.4376, 190.719, 0.410968
-45.4381, 190.719, 0.411379
-52.559, 779.238, 0.0232297
-52.4482, 498.1, 0.0568381
-52.448, 498.1, 0.056895
-811.976, 83.5748, 2.03716
-51.2869, 308.116, 0.14882
-51.2845, 308.116, 0.148968
-47.5488, 169.371, 0.494651
-50.8514, 289.206, 0.168959
-50.8482, 289.206, 0.169128
-45.7546, 197.577, 0.363281
-45.4316, 186.697, 0.406132
-45.432, 186.697, 0.406538
-52.562, 779.238, 0.020453
-52.476, 498.032, 0.0500406
-52.4758, 498.032, 0.0500907
-649.672, 83.5177, 1.79304
-51.4693, 302.432, 0.135914
-51.4672, 302.432, 0.13605
-47.5957, 160.515, 0.48442
-51.1259, 285.361, 0.152689
-51.1232, 285.361, 0.152842
-45.8452, 189.218, 0.348422
-45.4191, 177.189, 0.396619
-45.4195, 177.189, 0.397016
-52.5425, 779.238, 0.0347306
-52.2973, 498.28, 0.0849937
-52.2967, 498.28, 0.0850788
-1442.69, 83.7257, 3.04849
-50.7856, 337.194, 0.186029
-50.7824, 337.194, 0.186216
-45.4704, 221.686, 0.43233
-45.4699, 219.87, 0.438643
-45.4705, 219.87, 0.439082
-52.5204, 779.238, 0.0458415
-52.0983, 498.386, 0.112197
-52.0973, 498.386, 0.112309
-1918.04, 83.815, 4.02589
-51.4624, 417.669, 0.159954
-51.4603, 417.669, 0.160114
-50.7818, 377.057, 0.196804
-87.8491, 177.595, 0.890118
-87.9911, 177.595, 0.891009
-48.0994, 302.552, 0.306146
-45.4926, 247.639, 0.456709
-45.4924, 247.639, 0.457166
-45.4921, 247.28, 0.458963
-52.4029, 778.459, 0.0830656
-52.4025, 778.459, 0.0831487
-51.0978, 499.123, 0.20335
-2630.71, 83.9309, 7.30364
-2631.17, 83.9309, 7.31095
-51.0881, 498.423, 0.203924
-51.0771, 497.224, 0.204502
-51.0743, 497.224, 0.204707
-148.464, 204.49, 1.22213
-48.2274, 386.899, 0.338593
-48.221, 386.899, 0.338932
-46.5683, 292.878, 0.593686
-46.7319, 353.167, 0.406724
-46.7255, 353.167, 0.407131
-45.5394, 315.748, 0.510421
-52.5028, 778.459, 0.053053
-52.5027, 778.459, 0.0531061
-51.9432, 498.94, 0.129854
-2150.65, 83.7773, 4.6605
-2152.11, 83.7773, 4.66516
-51.9338, 497.418, 0.130653
-51.9213, 495.028, 0.131657
-51.92, 495.028, 0.131789
-70.6448, 203.851, 0.783319
-49.9659, 367.033, 0.24005
-49.9614, 367.033, 0.24029
-45.5186, 265.205, 0.461866
-45.5111, 260.452, 0.477982
-45.5121, 260.452, 0.478461
-52.5679, 779.238, 0.013478
-52.5304, 497.759, 0.0329664
-52.5303, 497.759, 0.0329994
-279.448, 83.2884, 1.17994
-51.9879, 291.931, 0.0958437
-51.9868, 291.931, 0.0959396
-45.4865, 145.633, 0.385915
-51.2701, 246.629, 0.13429
-51.2677, 246.629, 0.134424
-45.4906, 154.284, 0.34385
-45.4879, 145.488, 0.385915
-45.4916, 145.488, 0.386301
-52.4825, 779.238, 0.060382
-51.7642, 498.491, 0.1478
-51.7626, 498.491, 0.147948
-2333.01, 83.9028, 5.30564
-51.756, 497.441, 0.148427
-51.7544, 497.441, 0.148575
-51.7484, 496.884, 0.14906
-83.9678, 203.977, 0.889303
-84.0782, 203.977, 0.890192
-49.9553, 386.537, 0.246829
-46.283, 301.784, 0.404954
-46.2772, 301.784, 0.405359
-45.8527, 292.15, 0.433089
-45.5156, 275.627, 0.485827
-45.516, 275.627, 0.486313
-52.4783, 779.238, 0.0617891
-51.7277, 498.5, 0.151245
-51.7261, 498.5, 0.151396
-2362.31, 83.9103, 5.42951
-51.7183, 497.352, 0.151947
-51.7167, 497.352, 0.152099
-51.7096, 496.696, 0.152657
-86.6731, 203.948, 0.910412
-86.7937, 203.948, 0.911323
-49.8311, 385.921, 0.253409
-46.0572, 299.636, 0.420418
-46.052, 299.636, 0.420839
-45.7266, 291.213, 0.446094
-45.5161, 278.864, 0.485678
-45.5163, 278.864, 0.486164
-52.3844, 779.238, 0.0875739
-50.9454, 498.648, 0.214392
-50.9424, 498.648, 0.214607
-2654.47, 84.0355, 7.70098
-50.9352, 497.973, 0.214977
-50.9322, 497.973, 0.215192
-50.9264, 497.793, 0.215566
-167.351, 204.325, 1.28844
-167.736, 204.325, 1.28972
-47.9247, 388.142, 0.355456
-47.3239, 293.314, 0.622954
-47.3427, 293.314, 0.623577
-46.7261, 360.891, 0.411466
-45.5425, 321.937, 0.516621
-45.5425, 321.937, 0.517138
-52.5658, 779.238, 0.0162636
-52.5113, 497.892, 0.0397853
-52.5112, 497.892, 0.0398251
-416.878, 83.4001, 1.42477
-51.7951, 296.819, 0.112037
-51.7936, 296.819, 0.112149
-46.0231, 152.333, 0.426655
-51.3772, 271.051, 0.134371
-51.375, 271.051, 0.134505
-45.7575, 171.228, 0.337628
-52.3397, 778.459, 0.0974778
-52.3393, 778.459, 0.0975753
-50.5975, 499.199, 0.238651
-2674.25, 83.9954, 8.57413
-2674.25, 83.9954, 8.5827
-50.5851, 498.504, 0.23932
-50.5707, 497.31, 0.239995
-50.5671, 497.31, 0.240235
-215.305, 204.586, 1.43448
-47.3003, 389.862, 0.391527
-47.2937, 389.862, 0.391919
-49.397, 296.406, 0.680695
-45.6514, 345.456, 0.499296
-45.6488, 345.456, 0.499795
-45.5536, 334.53, 0.533699
-52.5709, 778.459, 0.00759536
-52.5709, 778.459, 0.00760296
-52.559, 497.778, 0.0185689
-85.8115, 82.8061, 0.663346
-85.9383, 82.8061, 0.66401
-52.3644, 286.222, 0.0559989
-47.2261, 138.306, 0.238433
-47.2194, 138.306, 0.238671
-45.3263, 119.226, 0.321239
-45.3075, 117.485, 0.330142
-45.3078, 117.485, 0.330473
-51.155, 96.1005, 0.088644
-45.4119, 62.0703, 0.218004
-45.4075, 62.0703, 0.218222
-115.057, 10.8564, 7.97489
-45.3074, 61.4607, 0.222489
-45.3036, 61.4607, 0.222712
-45.0776, 59.2208, 0.240698
-52.4542, 96.0045, 0.0245216
-52.4539, 96.0045, 0.0245462
-51.5472, 61.8351, 0.0601656
-630.505, 10.5886, 2.18043
-630.425, 10.5886, 2.18261
-51.536, 61.6926, 0.0604487
-51.5237, 61.4879, 0.0607354
-51.5217, 61.4879, 0.0607962
-61.4597, 25.5416, 0.363909
-48.1203, 43.9007, 0.120583
-48.1139, 43.9007, 0.120704
-44.9883, 33.083, 0.214921
-44.9944, 33.4317, 0.209954
-44.9938, 33.4317, 0.210164
-44.9883, 33.083, 0.214921
-52.4662, 96.0045, 0.0232297
-52.466, 96.0045, 0.0232529
-51.6464, 61.8286, 0.0569927
-632.731, 10.583, 2.06502
-632.705, 10.583, 2.06708
-51.6364, 61.6887, 0.0572559
-51.6254, 61.4866, 0.0575225
-51.6236, 61.4866, 0.05758
-57.6806, 25.5346, 0.344652
-48.0666, 42.8093, 0.120178
-48.0601, 42.8093, 0.120298
-44.983, 32.6131, 0.209476
-44.9809, 32.2546, 0.213806
-44.9814, 32.2546, 0.21402
-52.4899, 96.1005, 0.020453
-51.8443, 61.7527, 0.0501746
-51.8429, 61.7527, 0.0502248
-625.916, 10.5815, 1.81716
-51.8361, 61.6079, 0.0504147
-51.8347, 61.6079, 0.0504652
-51.8284, 61.5237, 0.0506581
-51.547, 25.4895, 0.303404
-51.5886, 25.4895, 0.303708
-51.7111, 59.667, 0.0539155
-45.6376, 33.9958, 0.16892
-45.6335, 33.9958, 0.169089
-44.9887, 30.2197, 0.215059
-44.9959, 31.2776, 0.200117
-44.9946, 31.2776, 0.200317
-44.9887, 30.2197, 0.215059
-52.3375, 96.0045, 0.0347306
-52.337, 96.0045, 0.0347654
-50.6339, 61.8858, 0.0852483
-540.468, 10.632, 3.09441
-540.03, 10.632, 3.09751
-50.6084, 61.7045, 0.0857598
-50.5806, 61.4607, 0.0862792
-50.5771, 61.4607, 0.0863656
-109.84, 25.5883, 0.516705
-47.0746, 47.4607, 0.146203
-47.0678, 47.4607, 0.14635
-45.2977, 36.7538, 0.246821
-45.27, 40.9604, 0.197459
-45.2673, 40.9604, 0.197656
-45.0311, 38.5588, 0.223822
-52.1681, 96.0045, 0.0458415
-52.1673, 96.0045, 0.0458874
-49.4549, 61.9397, 0.112569
-402.252, 10.6785, 4.09309
-401.7, 10.6785, 4.09718
-49.3979, 61.6671, 0.113589
-49.3369, 61.3316, 0.114629
-49.3317, 61.3316, 0.114743
-194.523, 25.6171, 0.684971
-45.7373, 48.9323, 0.181935
-45.7315, 48.9323, 0.182117
-46.6488, 39.1517, 0.287662
-45.0791, 44.2935, 0.223043
-45.0781, 44.2935, 0.223266
-45.0552, 43.4883, 0.232045
-51.3143, 96.0045, 0.0830656
-51.312, 96.0045, 0.0831487
-45.74, 62.109, 0.204248
-133.056, 10.8252, 7.46622
-132.75, 10.8252, 7.47369
-45.5943, 61.4505, 0.208785
-45.0816, 57.7082, 0.237164
-45.0812, 57.7082, 0.237401
-52.0361, 96.1005, 0.053053
-48.6412, 61.9121, 0.130312
-48.6352, 61.9121, 0.130443
-324.578, 10.7188, 4.7434
-48.554, 61.558, 0.131853
-48.5479, 61.558, 0.131984
-48.4677, 61.2639, 0.133425
-263.25, 25.6, 0.795543
-263.772, 25.6, 0.796339
-45.2889, 50.0708, 0.201711
-45.2186, 49.1821, 0.208821
-45.2167, 49.1821, 0.20903
-62.245, 35.5188, 0.407585
-45.0642, 46.47, 0.234551
-45.0641, 46.47, 0.234785
-52.5364, 96.1005, 0.013478
-52.247, 61.7166, 0.0330542
-52.2464, 61.7166, 0.0330873
-502.749, 10.5506, 1.19574
-52.235, 61.2611, 0.0335551
-52.2343, 61.2611, 0.0335887
-52.2194, 60.7489, 0.0342013
-44.9086, 25.2914, 0.202227
-44.9106, 25.2914, 0.202429
-51.3838, 47.1539, 0.0572036
-44.9443, 26.3492, 0.186085
-44.9424, 26.3492, 0.186271
-44.9084, 25.3167, 0.202227
-51.8838, 96.0045, 0.060382
-51.8825, 96.0045, 0.0604425
-47.8266, 62.0082, 0.148354
-258.574, 10.7376, 5.40595
-258.086, 10.7376, 5.41136
-47.7047, 61.5584, 0.150587
-47.578, 61.049, 0.152863
-47.5713, 61.049, 0.153016
-339.819, 25.6288, 0.909048
-45.152, 51.3417, 0.218076
-45.1506, 51.3417, 0.218294
-45.1132, 50.6981, 0.224253
-51.8527, 96.0045, 0.0617891
-51.8514, 96.0045, 0.0618509
-47.6736, 62.0147, 0.151819
-247.66, 10.7433, 5.53333
-247.183, 10.7433, 5.53887
-47.5451, 61.5458, 0.154203
-47.4121, 61.0182, 0.15663
-47.4053, 61.0182, 0.156787
-355.072, 25.629, 0.930959
-45.1407, 51.7095, 0.219995
-45.1393, 51.7095, 0.220215
-51.1863, 96.1005, 0.0875739
-45.4667, 62.0659, 0.215365
-45.4621, 62.0659, 0.21558
-118.301, 10.8526, 7.87726
-45.3528, 61.4409, 0.219909
-45.3487, 61.4409, 0.220129
-45.0782, 58.954, 0.239969
-52.52, 96.0045, 0.0162636
-52.5199, 96.0045, 0.0162799
-52.1041, 61.793, 0.0398905
-572.938, 10.5526, 1.44372
-573.263, 10.5526, 1.44516
-52.0963, 61.5839, 0.0401661
-52.0878, 61.3119, 0.0404468
-52.0869, 61.3119, 0.0404872
-45.9827, 25.4616, 0.241648
-51.8905, 57.1286, 0.0466917
-51.8892, 57.1286, 0.0467384
-45.559, 30.5833, 0.166518
-44.9164, 27.7914, 0.201858
-44.9167, 27.7914, 0.20206
-50.8865, 96.1005, 0.0974778
-45.1137, 62.1059, 0.239796
-45.1121, 62.1059, 0.240036
-52.5609, 96.1005, 0.00759536
-52.467, 61.6827, 0.0186223
-52.4668, 61.6827, 0.0186409
-250.202, 10.5217, 0.672934
-51.5005, 38.2733, 0.0490013
-51.4985, 38.2733, 0.0490503
-45.0037, 21.2354, 0.162077
-44.8253, 20.5834, 0.172305
-44.8242, 20.5834, 0.172477
-44.8018, 20.3673, 0.176388
-71.4014, 14.6243, 0.344525
-71.509, 14.6243, 0.34487
-44.7954, 20.0498, 0.182097
-52.3394, 642.222, 0.088644
-52.3389, 642.222, 0.0887327
-50.5974, 411.92, 0.217045
-2433.09, 69.3663, 7.80107
-2433.02, 69.3663, 7.80887
-50.5844, 411.316, 0.217686
-50.5694, 410.301, 0.218332
-50.5658, 410.301, 0.21855
-206.858, 168.873, 1.30507
-47.2482, 320.684, 0.358453
-47.2415, 320.684, 0.358811
-49.7471, 242.702, 0.629137
-45.6209, 284.646, 0.455606
-45.6182, 284.646, 0.456062
-45.5179, 275.412, 0.487841
-52.5543, 642.222, 0.0245216
-52.5543, 642.222, 0.0245462
-52.4055, 411.475, 0.0600091
-963.054, 68.9931, 2.15223
-964.49, 68.9931, 2.15438
-51.0331, 259.897, 0.150818
-47.3237, 148.529, 0.462336
-47.3431, 148.529, 0.462798
-50.4356, 241.686, 0.174475
-45.6078, 170.706, 0.349731
-45.6042, 170.706, 0.350081
-52.5562, 642.865, 0.0232297
-52.4223, 411.044, 0.0568461
-52.422, 411.044, 0.0569029
-886.419, 69.0457, 2.03859
-51.1165, 257.186, 0.14558
-51.1138, 257.186, 0.145725
-47.5944, 144.561, 0.46317
-50.6034, 240.671, 0.166306
-50.5999, 240.671, 0.166472
-45.6486, 167.909, 0.343031
-45.3933, 159.669, 0.378697
-45.3937, 159.669, 0.379076
-52.5598, 642.865, 0.020453
-52.4558, 410.996, 0.0500481
-52.4555, 410.996, 0.0500982
-720.144, 69.0046, 1.79438
-51.3134, 252.119, 0.133313
-51.3111, 252.119, 0.133447
-47.8802, 136.397, 0.457758
-50.9242, 237.823, 0.149864
-50.9212, 237.823, 0.150014
-45.7365, 160.899, 0.328692
-45.38, 151.475, 0.370231
-45.3804, 151.475, 0.370601
-52.5362, 642.865, 0.0347306
-52.2404, 411.179, 0.0850042
-52.2397, 411.179, 0.0850892
-1500.8, 69.1585, 3.05037
-50.8989, 293.254, 0.167528
-50.8958, 293.254, 0.167696
-46.7095, 213.195, 0.318352
-46.376, 208.553, 0.33207
-46.3699, 208.553, 0.332402
-150.802, 120.157, 1.00645
-45.5254, 193.92, 0.384279
-45.5229, 193.92, 0.384664
-45.4335, 188.556, 0.407353
-52.5094, 642.222, 0.0458415
-52.5093, 642.222, 0.0458874
-52.002, 411.676, 0.11221
-1927.84, 69.1619, 4.02834
-1929.25, 69.1619, 4.03237
-51.9899, 409.897, 0.113191
-51.9712, 406.913, 0.114634
-51.9701, 406.913, 0.114748
-63.8477, 167.926, 0.679546
-50.2881, 305.84, 0.203414
-50.2841, 305.84, 0.203618
-46.6629, 237.666, 0.338251
-46.0541, 227.968, 0.367034
-46.0487, 227.968, 0.367401
-45.4732, 209.49, 0.435826
-52.3675, 642.222, 0.0830656
-52.3671, 642.222, 0.0831487
-50.8164, 411.891, 0.203379
-2434.01, 69.3422, 7.30888
-2434.12, 69.3422, 7.31619
-50.8048, 411.298, 0.203969
-50.7916, 410.293, 0.204564
-50.7883, 410.293, 0.204768
-176.69, 168.842, 1.22276
-47.6066, 319.228, 0.338893
-47.5999, 319.228, 0.339232
-48.4888, 240.448, 0.600487
-45.6077, 276.898, 0.45116
-45.6051, 276.898, 0.451611
-45.5146, 267.922, 0.483049
-52.4882, 642.222, 0.053053
-52.488, 642.222, 0.0531061
-51.816, 411.723, 0.12987
-2120.39, 69.2014, 4.66338
-2121.55, 69.2014, 4.66804
-51.808, 410.819, 0.130445
-51.7991, 409.501, 0.131026
-51.7976, 409.501, 0.131157
-74.1193, 168.508, 0.78168
-49.8079, 310.309, 0.228761
-49.8032, 310.309, 0.22899
-45.724, 235.195, 0.400024
-45.7142, 215.951, 0.473915
-45.7198, 215.951, 0.47439
-52.5669, 642.865, 0.013478
-52.5215, 410.799, 0.0329725
-52.5214, 410.799, 0.0330055
-321.989, 68.8401, 1.18104
-51.8977, 243.052, 0.0942985
-51.8964, 243.052, 0.0943928
-45.5727, 123.101, 0.368877
-51.3094, 212.936, 0.122893
-51.307, 212.936, 0.123016
-45.5308, 133.369, 0.31421
-52.4635, 642.222, 0.060382
-52.4633, 642.222, 0.0604425
-51.6037, 411.767, 0.147819
-2260.48, 69.2383, 5.30901
-2261.46, 69.2383, 5.31432
-51.595, 410.999, 0.148374
-51.5853, 409.819, 0.148935
-51.5835, 409.819, 0.149084
-89.9512, 168.618, 0.889212
-49.2578, 312.9, 0.25616
-49.2524, 312.9, 0.256416
-45.4921, 234.868, 0.456838
-45.643, 245.22, 0.418065
-45.6398, 245.22, 0.418483
-45.4921, 234.868, 0.456838
-52.4584, 642.222, 0.0617891
-52.4582, 642.222, 0.0618509
-51.5604, 411.776, 0.151265
-2282.07, 69.2452, 5.43299
-2282.94, 69.2452, 5.43843
-51.5523, 411.088, 0.151773
-51.5432, 409.988, 0.152286
-51.5412, 409.988, 0.152439
-93.5809, 168.661, 0.909599
-49.1545, 313.42, 0.261276
-49.149, 313.42, 0.261538
-45.5266, 235.029, 0.466891
-45.9309, 254.454, 0.397218
-45.926, 254.454, 0.397615
-45.5266, 235.029, 0.466891
-52.3449, 642.222, 0.0875739
-52.3445, 642.222, 0.0876615
-50.6401, 411.914, 0.214424
-2434.39, 69.3617, 7.70664
-2434.27, 69.3617, 7.71435
-50.628, 411.343, 0.215023
-50.614, 410.359, 0.215627
-50.6104, 410.359, 0.215843
-200.734, 168.879, 1.28909
-47.3165, 320.437, 0.354658
-47.3098, 320.437, 0.355013
-49.4954, 242.259, 0.623787
-45.6209, 283.286, 0.454436
-45.6182, 283.286, 0.45489
-45.5174, 273.973, 0.487026
-52.5644, 642.222, 0.0162636
-52.5644, 642.222, 0.0162799
-52.4985, 411.307, 0.039792
-473.455, 68.8517, 1.42597
-474.361, 68.8517, 1.4274
-51.6744, 247.173, 0.11038
-46.3393, 128.445, 0.408856
-46.3521, 128.445, 0.409265
-51.2663, 228.252, 0.129473
-45.7365, 146.627, 0.3136
-45.732, 146.627, 0.313914
-52.2916, 642.865, 0.0974778
-50.2325, 411.552, 0.238688
-50.2284, 411.552, 0.238926
-2409.6, 69.4732, 8.58078
-50.2181, 410.977, 0.239361
-50.214, 410.977, 0.2396
-50.2056, 410.81, 0.240039
-252.634, 168.77, 1.43517
-253.133, 168.77, 1.43661
-47.2839, 334.123, 0.363804
-46.0257, 272.544, 0.547056
-46.0343, 272.544, 0.547603
-45.9313, 305.568, 0.435457
-45.5217, 287.431, 0.491531
-45.5218, 287.431, 0.492023
-52.5706, 642.865, 0.00759536
-52.5562, 410.428, 0.0185729
-52.5561, 410.428, 0.0185915
-94.3409, 68.5296, 0.66406
-52.3113, 234.268, 0.0569141
-52.3107, 234.268, 0.056971
-46.2756, 112.037, 0.248808
-46.24, 93.4736, 0.356542
-46.2526, 93.4736, 0.356899
-52.3344, 628.667, 0.088644
-50.5562, 402.435, 0.217049
-50.5526, 402.435, 0.217266
-2405.41, 67.915, 7.8018
-50.5435, 401.873, 0.217661
-50.5399, 401.873, 0.217879
-50.5325, 401.71, 0.218276
-211.676, 165.008, 1.30497
-212.194, 165.008, 1.30628
-47.1892, 314.136, 0.357999
-49.9993, 237.41, 0.62764
-50.034, 237.41, 0.628268
-45.6174, 279.765, 0.452001
-45.5141, 270.274, 0.483529
-45.5148, 270.274, 0.484013
-52.5539, 628.667, 0.0245216
-52.4016, 401.999, 0.0600101
-52.4012, 401.999, 0.0600701
-970.93, 67.5476, 2.1524
-51.0216, 254.673, 0.149928
-51.0187, 254.673, 0.150078
-47.0903, 146.706, 0.454198
-50.375, 235.717, 0.175093
-50.3711, 235.717, 0.175268
-45.5878, 167.481, 0.348233
-52.5558, 628.039, 0.0232297
-52.5558, 628.039, 0.0232529
-52.4191, 402.382, 0.056847
-895.043, 67.4643, 2.03876
-896.424, 67.4643, 2.0408
-51.0978, 252.137, 0.145166
-47.584, 141.849, 0.459227
-47.6051, 141.849, 0.459686
-50.5727, 235.78, 0.166068
-45.6337, 164.586, 0.340824
-45.6298, 164.586, 0.341165
-52.5595, 628.667, 0.020453
-52.4532, 401.932, 0.050049
-52.4529, 401.932, 0.050099
-728.208, 67.4922, 1.79453
-51.2922, 246.772, 0.133098
-51.2899, 246.772, 0.133231
-47.9637, 133.723, 0.455569
-50.9009, 232.895, 0.149475
-50.8978, 232.895, 0.149625
-45.7255, 157.917, 0.326397
-45.3753, 148.73, 0.367343
-45.3757, 148.73, 0.36771
-52.5354, 628.667, 0.0347306
-52.2331, 402.11, 0.0850055
-52.2324, 402.11, 0.0850905
-1506.32, 67.6412, 3.0506
-50.961, 290.45, 0.163325
-50.958, 290.45, 0.163488
-47.221, 216.016, 0.296523
-46.8224, 210.708, 0.311082
-46.8158, 210.708, 0.311393
-142.308, 119.444, 0.974159
-45.7069, 194.668, 0.364675
-45.7029, 194.668, 0.36504
-45.4357, 184.215, 0.408221
-52.508, 628.039, 0.0458415
-52.5079, 628.039, 0.0458874
-51.9896, 402.597, 0.112212
-1925.9, 67.6445, 4.02864
-1927.25, 67.6445, 4.03267
-51.98, 401.232, 0.11298
-51.9666, 399.068, 0.113985
-51.9654, 399.068, 0.114099
-63.7305, 164.465, 0.677645
-50.2267, 298.604, 0.204099
-50.2226, 298.604, 0.204303
-46.4466, 230.266, 0.344687
-45.9093, 221.438, 0.372095
-45.9044, 221.438, 0.372467
-45.4597, 206.565, 0.428723
-52.3629, 628.039, 0.0830656
-52.3625, 628.039, 0.0831487
-50.7809, 402.809, 0.203383
-2407.43, 67.8231, 7.30954
-2407.4, 67.8231, 7.31686
-50.7697, 402.257, 0.203945
-50.7567, 401.302, 0.204511
-50.7534, 401.302, 0.204715
-180.522, 165.143, 1.22265
-47.5417, 312.345, 0.338575
-47.5351, 312.345, 0.338914
-48.7134, 235.306, 0.599741
-45.6089, 272.123, 0.446778
-45.6063, 272.123, 0.447225
-45.5109, 263.133, 0.478977
-52.4863, 628.039, 0.053053
-52.4861, 628.039, 0.0531061
-51.7998, 402.643, 0.129872
-2114.17, 67.6835, 4.66373
-2115.37, 67.6835, 4.6684
-51.7906, 401.651, 0.130517
-51.7804, 400.255, 0.13117
-51.7789, 400.255, 0.131301
-74.661, 164.757, 0.782138
-49.7309, 302.836, 0.229731
-49.7261, 302.836, 0.22996
-45.6275, 228.625, 0.404947
-45.5806, 214.532, 0.459246
-45.5843, 214.532, 0.459706
-52.5668, 628.667, 0.013478
-52.5204, 401.744, 0.0329732
-52.5203, 401.744, 0.0330062
-326.886, 67.3338, 1.18116
-51.8809, 237.543, 0.094432
-51.8796, 237.543, 0.0945265
-45.6532, 120.175, 0.370298
-51.366, 211.242, 0.119444
-51.3637, 211.242, 0.119564
-45.5801, 131.736, 0.308086
-52.4611, 628.039, 0.060382
-52.4608, 628.039, 0.0604425
-51.5831, 402.686, 0.147821
-2249.35, 67.72, 5.30943
-2250.24, 67.72, 5.31475
-51.5751, 402.003, 0.148327
-51.566, 400.916, 0.148837
-51.5641, 400.916, 0.148985
-90.9989, 164.937, 0.888953
-49.1926, 305.876, 0.256384
-49.1871, 305.876, 0.256641
-45.5118, 229.075, 0.459351
-45.8696, 246.406, 0.395924
-45.8649, 246.406, 0.39632
-45.5118, 229.075, 0.459351
-52.4559, 628.039, 0.0617891
-52.4556, 628.039, 0.0618509
-51.5389, 402.694, 0.151267
-2269.01, 67.7268, 5.43342
-2269.91, 67.7268, 5.43886
-51.5301, 401.972, 0.151814
-51.5201, 400.846, 0.152366
-51.5182, 400.846, 0.152518
-94.88, 164.931, 0.909873
-49.083, 306.277, 0.261689
-49.0774, 306.277, 0.261951
-45.5666, 229.234, 0.469454
-46.1461, 254.1, 0.380907
-46.1406, 254.1, 0.381288
-45.4814, 234.889, 0.447012
-52.3399, 628.039, 0.0875739
-52.3394, 628.039, 0.0876615
-50.6014, 402.832, 0.214428
-2405.88, 67.8426, 7.70736
-2405.76, 67.8426, 7.71507
-50.5886, 402.255, 0.215047
-50.574, 401.274, 0.215672
-50.5704, 401.274, 0.215887
-205.327, 165.16, 1.28929
-47.2508, 313.517, 0.354352
-47.2442, 313.517, 0.354707
-49.7382, 237.168, 0.622544
-45.6168, 278.18, 0.450741
-45.6141, 278.18, 0.451192
-45.5135, 269.13, 0.482725
-52.5642, 628.039, 0.0162636
-52.5642, 628.039, 0.0162799
-52.4969, 402.238, 0.0397927
-479.693, 67.344, 1.42611
-480.616, 67.344, 1.42753
-51.6521, 241.551, 0.110552
-46.5334, 125.359, 0.41063
-46.5477, 125.359, 0.41104
-51.2708, 224.385, 0.128148
-45.7598, 144.341, 0.309565
-45.7552, 144.341, 0.309875
-52.2854, 628.667, 0.0974778
-50.187, 402.479, 0.238692
-50.1828, 402.479, 0.238931
-2376.08, 67.9524, 8.58163
-50.1719, 401.901, 0.239384
-50.1677, 401.901, 0.239623
-50.1588, 401.723, 0.24008
-255.898, 165.056, 1.43537
-256.416, 165.056, 1.4368
-47.1374, 325.321, 0.367067
-46.4647, 263.101, 0.561588
-46.4773, 263.101, 0.56215
-46.0134, 302.186, 0.425821
-45.5182, 282.168, 0.487823
-45.5184, 282.168, 0.488311
-52.5706, 628.667, 0.00759536
-52.5558, 401.385, 0.0185734
-52.5558, 401.385, 0.018592
-95.7447, 67.0335, 0.664146
-52.3053, 229.078, 0.0569389
-52.3047, 229.078, 0.0569958
-46.2003, 109.525, 0.249104
-46.4239, 91.2416, 0.35805
-46.438, 91.2416, 0.358408
-46.2003, 109.525, 0.249104
-52.3958, 850.733, 0.088644
-52.3954, 850.733, 0.0887327
-51.0392, 545.429, 0.217
-2743.92, 91.695, 7.79293
-2744.48, 91.695, 7.80073
-51.0287, 544.625, 0.217644
-51.0167, 543.276, 0.218293
-51.0139, 543.276, 0.218511
-159.658, 223.417, 1.30428
-48.1607, 424.615, 0.358181
-48.1543, 424.615, 0.358539
-46.564, 323.385, 0.620361
-46.6817, 387.96, 0.429427
-46.6754, 387.96, 0.429857
-45.5565, 348.266, 0.534511
-52.5587, 850.733, 0.0245216
-52.5587, 850.733, 0.0245462
-52.4459, 544.849, 0.059997
-850.511, 91.2086, 2.15006
-851.94, 91.2086, 2.15221
-51.2301, 335.205, 0.15878
-48.8836, 181.973, 0.538838
-48.9123, 181.973, 0.539377
-50.8822, 318.841, 0.175528
-45.8075, 217.525, 0.376865
-45.8031, 217.525, 0.377242
-45.4551, 204.962, 0.425418
-52.5601, 850.733, 0.0232297
-52.5601, 850.733, 0.0232529
-52.4588, 544.818, 0.0568343
-775.396, 91.1822, 2.03648
-776.739, 91.1822, 2.03852
-51.3274, 333.311, 0.152086
-48.4777, 179.026, 0.527161
-48.504, 179.026, 0.527688
-50.9912, 316.547, 0.168648
-45.8389, 213.428, 0.370705
-45.8342, 213.428, 0.371076
-45.4494, 200.582, 0.420634
-52.5629, 850.733, 0.020453
-52.5629, 850.733, 0.0204734
-52.4842, 544.738, 0.0500371
-618.462, 91.1155, 1.7924
-619.642, 91.1155, 1.79419
-51.5157, 327.896, 0.138265
-48.0999, 170.871, 0.50891
-48.1241, 170.871, 0.509419
-51.2311, 311.617, 0.153106
-45.9256, 204.219, 0.356128
-45.9206, 204.219, 0.356484
-45.4367, 190.49, 0.410198
-52.545, 850.733, 0.0347306
-52.545, 850.733, 0.0347654
-52.3205, 545.026, 0.084989
-1408.84, 91.3565, 3.04764
-1410.59, 91.3565, 3.05069
-50.7868, 362.363, 0.192685
-45.6565, 229.501, 0.480564
-45.6612, 229.501, 0.481045
-48.5834, 299.662, 0.282041
-45.4942, 239.243, 0.442124
-45.4933, 239.243, 0.442566
-52.5248, 851.585, 0.0458415
-52.1374, 544.6, 0.112191
-52.1365, 544.6, 0.112303
-1901.8, 91.548, 4.02483
-51.2439, 431.594, 0.178904
-51.2415, 431.594, 0.179083
-49.8733, 368.915, 0.245604
-104.806, 183.592, 0.994241
-105.005, 183.592, 0.995236
-47.027, 304.385, 0.361233
-45.713, 256.322, 0.508954
-45.7182, 256.322, 0.509463
-45.6889, 276.275, 0.43876
-52.4171, 850.733, 0.0830656
-52.4168, 850.733, 0.0831487
-51.2134, 545.398, 0.203338
-2703.32, 91.6688, 7.30148
-2703.96, 91.6688, 7.30879
-51.2044, 544.632, 0.203913
-51.1941, 543.321, 0.204492
-51.1916, 543.321, 0.204696
-138.913, 223.395, 1.22192
-48.5519, 424.165, 0.336281
-48.5458, 424.165, 0.336618
-45.8895, 323.836, 0.579516
-46.4729, 372.925, 0.435553
-46.4668, 372.925, 0.435988
-45.5518, 339.099, 0.5283
-52.5087, 850.733, 0.053053
-52.5086, 850.733, 0.0531061
-51.9947, 545.205, 0.129847
-2150.9, 91.5067, 4.65926
-2152.5, 91.5067, 4.66392
-51.98, 542.383, 0.131206
-51.9555, 537.441, 0.133371
-51.9543, 537.441, 0.133505
-67.1331, 221.986, 0.788297
-50.0263, 396.231, 0.245908
-50.0219, 396.231, 0.246154
-45.5487, 286.366, 0.472833
-45.5365, 278.73, 0.498192
-45.538, 278.73, 0.49869
-52.5682, 851.585, 0.013478
-52.5339, 543.875, 0.0329635
-52.5338, 543.875, 0.0329965
-261.883, 90.9405, 1.17942
-52.0435, 319.884, 0.0952435
-52.0425, 319.884, 0.0953387
-45.3944, 160.376, 0.37943
-47.3001, 188.494, 0.274165
-47.2934, 188.494, 0.27444
-45.3944, 160.376, 0.37943
-52.49, 850.733, 0.060382
-52.4898, 850.733, 0.0604425
-51.8305, 545.258, 0.147792
-2350.65, 91.5514, 5.30421
-2352.09, 91.5514, 5.30951
-51.8209, 543.811, 0.148582
-51.8098, 541.716, 0.149438
-51.8083, 541.716, 0.149587
-83.3239, 222.922, 0.890309
-49.8467, 410.778, 0.260445
-49.8421, 410.778, 0.260706
-45.5753, 303.002, 0.48076
-45.554, 293.207, 0.512518
-45.5558, 293.207, 0.513031
-52.4862, 851.585, 0.0617891
-51.7961, 544.723, 0.151237
-51.7946, 544.723, 0.151388
-2383.22, 91.651, 5.42805
-51.7874, 543.458, 0.151944
-51.7859, 543.458, 0.152096
-51.7793, 542.732, 0.152659
-85.6003, 222.806, 0.910296
-85.7023, 222.806, 0.911207
-50.2707, 431.424, 0.242026
-47.3448, 349.539, 0.36857
-47.3382, 349.539, 0.368939
-46.6124, 334.464, 0.40349
-45.6958, 290.47, 0.534487
-45.7004, 290.47, 0.535022
-45.6203, 308.204, 0.475481
-52.4, 850.733, 0.0875739
-52.3996, 850.733, 0.0876615
-51.0732, 545.423, 0.214379
-2736.64, 91.69, 7.69865
-2737.2, 91.69, 7.70635
-51.0634, 544.649, 0.214992
-51.052, 543.33, 0.215608
-51.0492, 543.33, 0.215824
-155.423, 223.423, 1.28837
-48.2351, 424.531, 0.353983
-48.2287, 424.531, 0.354337
-46.4099, 323.407, 0.612754
-46.6654, 385.678, 0.429281
-46.6591, 385.678, 0.429711
-45.5558, 346.587, 0.533183
-52.5664, 850.733, 0.0162636
-52.5664, 850.733, 0.0162799
-52.5165, 544.574, 0.039782
-393.771, 90.9786, 1.42419
-394.623, 90.9786, 1.42562
-51.8251, 321.499, 0.114181
-46.3234, 161.847, 0.449857
-46.3356, 161.847, 0.450307
-51.5091, 298.524, 0.132439
-45.9005, 185.787, 0.341358
-45.8955, 185.787, 0.3417
-52.3594, 851.585, 0.0974778
-50.7464, 544.931, 0.238635
-50.7431, 544.931, 0.238874
-2780.74, 91.8269, 8.5714
-50.7346, 544.161, 0.239315
-50.7313, 544.161, 0.239554
-50.7244, 543.933, 0.239999
-198.306, 223.266, 1.43427
-198.77, 223.266, 1.4357
-47.5957, 426.446, 0.391403
-48.1593, 324.195, 0.677723
-48.1835, 324.195, 0.678401
-45.6442, 370.364, 0.519642
-45.5665, 358.988, 0.552159
-45.5672, 358.988, 0.552711
-52.5711, 851.585, 0.00759536
-52.5601, 543.348, 0.0185672
-52.5601, 543.348, 0.0185858
-80.1207, 90.5006, 0.663038
-52.3644, 306.927, 0.0579781
-52.364, 306.927, 0.0580361
-46.7701, 144.517, 0.260789
-46.2048, 117.92, 0.390417
-46.2166, 117.92, 0.390807
-45.7028, 134.234, 0.302137
-52.3892, 820.003, 0.088644
-52.3889, 820.003, 0.0887327
-50.9869, 525.753, 0.217005
-2709.13, 88.4047, 7.7939
-2709.64, 88.4047, 7.80169
-50.9759, 524.966, 0.21766
-50.9634, 523.652, 0.218319
-50.9604, 523.652, 0.218538
-164.528, 215.374, 1.30444
-48.0268, 408.865, 0.358975
-48.0204, 408.865, 0.359335
-46.9437, 310.524, 0.625277
-46.7124, 377.435, 0.42158
-46.7061, 377.435, 0.422002
-45.5512, 337.935, 0.527518
-52.5582, 820.003, 0.0245216
-52.5582, 820.003, 0.0245462
-52.4412, 525.196, 0.0599986
-865.869, 87.9376, 2.15035
-867.26, 87.9376, 2.1525
-51.2416, 326.093, 0.155914
-47.659, 180.189, 0.510761
-47.6804, 180.189, 0.511272
-50.796, 306.231, 0.176838
-45.7527, 210.208, 0.375078
-45.7485, 210.208, 0.375454
-45.4468, 199.284, 0.418247
-52.5597, 820.003, 0.0232297
-52.5596, 820.003, 0.0232529
-52.4546, 525.167, 0.0568359
-791.023, 87.9128, 2.03676
-792.384, 87.9128, 2.0388
-51.2912, 321.675, 0.151748
-48.6889, 173.17, 0.523691
-48.7165, 173.17, 0.524215
-50.9541, 305.823, 0.167916
-45.8204, 206.951, 0.366451
-45.8158, 206.951, 0.366818
-45.4429, 194.624, 0.41526
-52.5625, 820.003, 0.020453
-52.5625, 820.003, 0.0204734
-52.4809, 525.092, 0.0500386
-631.753, 87.8504, 1.79267
-632.881, 87.8504, 1.79446
-51.5321, 319.454, 0.135375
-46.9299, 169.799, 0.479014
-46.9466, 169.799, 0.479493
-51.1406, 298.361, 0.155221
-45.82, 196.613, 0.357128
-45.8154, 196.613, 0.357486
-52.544, 820.823, 0.0347306
-52.3109, 524.837, 0.0849909
-52.3104, 524.837, 0.085076
-1423.28, 88.165, 3.04799
-50.7928, 351.83, 0.189549
-50.7895, 351.83, 0.189739
-45.5096, 226.998, 0.45738
-47.157, 266.194, 0.33164
-47.1503, 266.194, 0.331971
-45.478, 230.843, 0.442229
-52.523, 820.003, 0.0458415
-52.5229, 820.003, 0.0458874
-52.122, 525.476, 0.112193
-1910.38, 88.1721, 4.02527
-1912.1, 88.1721, 4.02929
-51.3898, 429.945, 0.167818
-50.483, 379.526, 0.215118
-50.4793, 379.526, 0.215333
-93.2068, 183.114, 0.93054
-47.7385, 308.256, 0.32655
-47.7319, 308.256, 0.326876
-45.5061, 256.394, 0.473555
-45.5232, 261.127, 0.45557
-45.5219, 261.127, 0.456026
-45.5061, 256.394, 0.473555
-52.4114, 820.003, 0.0830656
-52.411, 820.003, 0.0831487
-51.1665, 525.722, 0.203343
-2675.05, 88.3788, 7.30236
-2675.65, 88.3788, 7.30967
-51.1571, 524.968, 0.20393
-51.1463, 523.688, 0.204522
-51.1436, 523.688, 0.204726
-142.621, 215.35, 1.22209
-48.4126, 408.138, 0.337512
-48.4064, 408.138, 0.33785
-46.1412, 310.299, 0.586594
-46.6285, 365.777, 0.420649
-46.6223, 365.777, 0.42107
-45.5469, 329.301, 0.520557
-52.5063, 820.003, 0.053053
-52.5062, 820.003, 0.0531061
-51.9739, 525.534, 0.12985
-2151.87, 88.2205, 4.65977
-2153.48, 88.2205, 4.66443
-51.957, 522.54, 0.131348
-51.9287, 517.298, 0.133764
-51.9275, 517.298, 0.133898
-69.1225, 213.84, 0.789499
-49.9757, 382.975, 0.244594
-49.9712, 382.975, 0.244839
-45.5318, 277.084, 0.469327
-45.5224, 271.301, 0.488642
-45.5236, 271.301, 0.489131
-52.5681, 820.823, 0.013478
-52.5325, 524.268, 0.0329647
-52.5324, 524.268, 0.0329977
-268.746, 87.688, 1.17964
-52.02, 307.855, 0.0955752
-52.0189, 307.855, 0.0956708
-45.4138, 153.91, 0.38302
-50.6301, 235.505, 0.163298
-50.6266, 235.505, 0.163461
-45.406, 157.991, 0.36349
-52.4869, 820.003, 0.060382
-52.4868, 820.003, 0.0604425
-51.804, 525.585, 0.147795
-2343.61, 88.2638, 5.30479
-2345.05, 88.2638, 5.3101
-51.7936, 524.129, 0.14862
-51.7816, 522.036, 0.149519
-51.78, 522.036, 0.149669
-83.5671, 214.87, 0.890599
-50.1877, 411.377, 0.241235
-50.1836, 411.377, 0.241476
-47.004, 329.684, 0.377017
-46.3393, 315.806, 0.410196
-46.3334, 315.806, 0.410606
-45.573, 283.418, 0.510768
-45.5452, 292.139, 0.479649
-45.5439, 292.139, 0.480128
-52.483, 820.823, 0.0617891
-51.7684, 525.069, 0.15124
-51.7669, 525.069, 0.151392
-2376.1, 88.36, 5.42864
-51.759, 523.791, 0.151982
-51.7574, 523.791, 0.152134
-51.7501, 523.031, 0.152733
-85.8956, 214.762, 0.910567
-86.0052, 214.762, 0.911478
-50.069, 410.918, 0.247924
-46.6843, 325.982, 0.393894
-46.678, 325.982, 0.394288
-46.1199, 314.068, 0.425325
-45.5382, 288.254, 0.504252
-45.5395, 288.254, 0.504756
-52.3938, 820.823, 0.0875739
-51.0206, 525.222, 0.214384
-51.0177, 525.222, 0.214599
-2705.09, 88.4882, 7.69959
-51.0106, 524.495, 0.214982
-51.0077, 524.495, 0.215197
-51.002, 524.291, 0.215583
-160.141, 215.176, 1.28837
-160.499, 215.176, 1.28966
-48.105, 409.183, 0.354785
-46.7713, 310.143, 0.617973
-46.7861, 310.143, 0.618591
-46.7159, 375.985, 0.420548
-45.5502, 336.018, 0.526056
-45.5501, 336.018, 0.526582
-52.5661, 820.823, 0.0162636
-52.5143, 524.413, 0.0397834
-52.5142, 524.413, 0.0398232
-403.806, 87.8095, 1.42443
-51.8443, 313.644, 0.111277
-51.8429, 313.644, 0.111389
-45.6793, 161.917, 0.418662
-51.2394, 275.994, 0.143728
-51.2369, 275.994, 0.143871
-45.6071, 175.787, 0.355172
-52.3514, 820.003, 0.0974778
-52.3509, 820.003, 0.0975753
-50.6869, 525.8, 0.238642
-2737.14, 88.4443, 8.57251
-2737.32, 88.4443, 8.58108
-50.6746, 525.049, 0.239329
-50.6606, 523.771, 0.240021
-50.6571, 523.771, 0.240261
-204.962, 215.447, 1.43443
-47.4675, 410.547, 0.391643
-47.4609, 410.547, 0.392035
-48.6677, 312.364, 0.679801
-45.651, 359.886, 0.510353
-45.6484, 359.886, 0.510864
-45.5614, 348.784, 0.544629
-52.571, 820.003, 0.00759536
-52.571, 820.003, 0.00760296
-52.5597, 524.285, 0.0185679
-82.4392, 87.1776, 0.663165
-82.5959, 87.1776, 0.663828
-52.3578, 296.42, 0.0578923
-46.6785, 139.451, 0.259894
-46.672, 139.451, 0.260154
-46.3221, 114.055, 0.388827
-45.686, 130.095, 0.298494
-45.6815, 130.095, 0.298792
-50.9915, 84.9705, 0.088644
-45.1679, 54.9554, 0.218146
-45.1648, 54.9554, 0.218364
-83.8728, 9.66385, 8.00087
-45.1285, 54.3897, 0.222872
-45.1273, 54.3897, 0.223095
-52.4393, 84.9705, 0.0245216
-51.4265, 54.6609, 0.0601883
-51.4244, 54.6609, 0.0602485
-547.156, 9.40769, 2.18455
-51.4127, 54.5212, 0.0605033
-51.4106, 54.5212, 0.0605638
-51.3997, 54.435, 0.0608228
-64.9525, 22.6072, 0.364514
-65.0354, 22.6072, 0.364879
-48.0222, 39.5585, 0.116652
-44.9507, 30.0389, 0.204127
-44.9504, 30.0389, 0.204332
-44.9502, 29.7778, 0.208219
-52.4527, 84.8856, 0.0232297
-52.4524, 84.8856, 0.0232529
-51.5375, 54.7091, 0.0570138
-553.031, 9.39272, 2.06885
-552.938, 9.39272, 2.07092
-51.5252, 54.5717, 0.057307
-51.5116, 54.3791, 0.0576042
-51.5096, 54.3791, 0.0576618
-60.4713, 22.6228, 0.345217
-47.9823, 38.5775, 0.116015
-47.9758, 38.5775, 0.116131
-44.9394, 29.1348, 0.206081
-44.9489, 29.4975, 0.200537
-44.9482, 29.4975, 0.200738
-44.9394, 29.1348, 0.206081
-52.4793, 84.8856, 0.020453
-52.4792, 84.8856, 0.0204734
-51.7581, 54.6951, 0.0501925
-556.968, 9.3807, 1.82041
-556.993, 9.3807, 1.82223
-51.7486, 54.5613, 0.0504437
-51.738, 54.3722, 0.0506984
-51.7365, 54.3722, 0.0507491
-52.9491, 22.6069, 0.303796
-47.0725, 34.7176, 0.126481
-47.0656, 34.7176, 0.126607
-44.9209, 27.9081, 0.19776
-44.9339, 27.3102, 0.206263
-44.9355, 27.3102, 0.206469
-44.9209, 27.9081, 0.19776
-52.308, 84.8856, 0.0347306
-52.3074, 84.8856, 0.0347654
-50.4227, 54.7662, 0.0852847
-441.359, 9.44181, 3.10103
-440.928, 9.44181, 3.10414
-50.3888, 54.5719, 0.0859069
-50.3522, 54.3219, 0.0865403
-50.3483, 54.3219, 0.0866269
-118.215, 22.6699, 0.518039
-46.6671, 41.9929, 0.146516
-46.6603, 41.9929, 0.146663
-45.6643, 32.423, 0.249179
-45.4152, 37.558, 0.18409
-45.4118, 37.558, 0.184274
-45.0022, 34.7238, 0.216577
-52.1179, 84.8856, 0.0458415
-52.117, 84.8856, 0.0458874
-49.1473, 54.82, 0.112623
-312.457, 9.48827, 4.10293
-311.975, 9.48827, 4.10703
-49.0691, 54.512, 0.113932
-48.9861, 54.148, 0.115271
-48.9805, 54.148, 0.115387
-209.372, 22.6892, 0.687714
-45.5757, 43.6332, 0.179488
-45.5728, 43.6332, 0.179667
-45.3981, 42.4643, 0.190158
-57.0773, 31.0089, 0.361627
-57.1415, 31.0089, 0.361989
-45.0533, 39.71, 0.218196
-45.0345, 39.0399, 0.225484
-45.0347, 39.0399, 0.225709
-51.1689, 84.9705, 0.0830656
-45.4239, 54.9326, 0.204377
-45.4193, 54.9326, 0.204581
-96.8886, 9.6438, 7.48986
-45.2803, 54.2326, 0.209872
-45.2763, 54.2326, 0.210081
-45.0928, 51.9461, 0.229908
-51.9697, 84.8856, 0.053053
-51.9685, 84.8856, 0.0531061
-48.2869, 54.8541, 0.130379
-245.395, 9.51785, 4.75558
-244.948, 9.51785, 4.76034
-48.1676, 54.4466, 0.132392
-48.0424, 53.9845, 0.134455
-48.0359, 53.9845, 0.134589
-281.392, 22.6902, 0.799631
-45.3137, 44.7404, 0.197774
-45.3112, 44.7404, 0.197972
-45.1612, 43.4878, 0.210087
-65.9397, 31.3811, 0.409868
-66.0285, 31.3811, 0.410278
-45.0519, 41.9857, 0.225822
-52.5317, 84.8856, 0.013478
-52.5317, 84.8856, 0.0134914
-52.2072, 54.6592, 0.0330649
-471.489, 9.34996, 1.19767
-471.837, 9.34996, 1.19887
-52.1973, 54.3623, 0.0334333
-52.1867, 54.0084, 0.0338116
-52.186, 54.0084, 0.0338454
-44.9415, 22.4942, 0.201234
-51.6009, 44.5704, 0.0499733
-51.5991, 44.5704, 0.0500233
-44.9505, 24.0278, 0.175969
-44.9421, 22.4717, 0.201234
-44.9451, 22.4717, 0.201435
-51.8009, 84.9705, 0.060382
-47.4342, 54.8332, 0.148435
-47.4274, 54.8332, 0.148584
-192.634, 9.55691, 5.4207
-47.2695, 54.3104, 0.151391
-47.2626, 54.3104, 0.151543
-47.1072, 53.8466, 0.154405
-360.69, 22.6623, 0.914867
-361.33, 22.6623, 0.915783
-45.1766, 46.2161, 0.211473
-45.0861, 45.011, 0.222833
-45.085, 45.011, 0.223056
-51.7663, 84.9705, 0.0617891
-47.2776, 54.8397, 0.151903
-47.2708, 54.8397, 0.152055
-183.937, 9.56251, 5.54859
-47.1048, 54.2941, 0.155062
-47.098, 54.2941, 0.155217
-46.9355, 53.8096, 0.158276
-376.31, 22.6611, 0.937129
-376.969, 22.6611, 0.938066
-45.1604, 46.5149, 0.213638
-45.0801, 45.339, 0.224739
-45.0792, 45.339, 0.224964
-51.0262, 84.9705, 0.0875739
-45.2077, 54.9511, 0.215504
-45.2042, 54.9511, 0.21572
-86.1483, 9.66006, 7.90279
-45.1413, 54.3479, 0.220487
-45.1401, 54.3479, 0.220707
-52.5134, 84.9705, 0.0162636
-52.0465, 54.6191, 0.0399039
-52.0455, 54.6191, 0.0399439
-526.306, 9.37174, 1.44615
-52.0391, 54.4613, 0.0401396
-52.0381, 54.4613, 0.0401798
-52.032, 54.3567, 0.0403791
-46.4779, 22.5477, 0.241649
-46.4935, 22.5477, 0.24189
-51.8557, 51.2649, 0.0454913
-45.6535, 27.8039, 0.157738
-45.6487, 27.8039, 0.157896
-44.8668, 25.0209, 0.19591
-50.6942, 84.8856, 0.0974778
-50.6909, 84.8856, 0.0975753
-45.0765, 55.045, 0.239958
-52.5594, 84.8856, 0.00759536
-52.5594, 84.8856, 0.00760296
-52.4539, 54.6265, 0.0186279
-249.248, 9.32198, 0.673939
-249.617, 9.32198, 0.674614
-51.4602, 34.4325, 0.0475532
-45.2451, 19.6763, 0.147844
-45.2401, 19.6763, 0.147992
-44.9152, 18.9905, 0.159209
-44.8068, 18.5298, 0.167011
-44.8054, 18.5298, 0.167178
-71.3496, 13.156, 0.335493
-44.7584, 18.0939, 0.175282
-44.7585, 18.0939, 0.175458
-44.7586, 18.0901, 0.175714
-52.1408, 341.604, 0.088644
-52.14, 341.604, 0.0887327
-49.2097, 219.418, 0.2172
-1436.98, 37.1621, 7.82887
-1435.84, 37.1621, 7.8367
-49.1838, 219.002, 0.218035
-49.1549, 218.366, 0.218876
-49.1494, 218.366, 0.219095
-330.034, 90.1731, 1.30903
-45.7986, 175.814, 0.339109
-45.7939, 175.814, 0.339448
-45.643, 159.519, 0.413563
-45.429, 168.032, 0.371582
-45.4276, 168.032, 0.371954
-52.5386, 341.946, 0.0245216
-52.2625, 218.865, 0.0600386
-52.2619, 218.865, 0.0600987
-1109.75, 36.9167, 2.15753
-51.2549, 162.021, 0.10993
-51.2525, 162.021, 0.11004
-48.6034, 125.548, 0.18398
-86.1814, 68.0113, 0.630033
-86.3308, 68.0113, 0.630664
-45.8078, 105.341, 0.261852
-45.4794, 94.1013, 0.327898
-45.4849, 94.1013, 0.328226
-52.542, 341.946, 0.0232297
-52.2937, 218.856, 0.0568742
-52.2932, 218.856, 0.0569311
-1045.85, 36.909, 2.04364
-51.1576, 156.12, 0.112186
-51.155, 156.12, 0.112298
-47.3294, 113.513, 0.213388
-46.8294, 110.093, 0.226474
-46.8227, 110.093, 0.2267
-104.088, 63.7769, 0.680317
-45.2449, 96.1373, 0.297444
-45.2445, 96.1373, 0.297742
-45.2413, 95.671, 0.300972
-52.5488, 341.604, 0.020453
-52.5487, 341.604, 0.0204734
-52.3557, 219.054, 0.0500734
-896.845, 36.8543, 1.79893
-898.009, 36.8543, 1.80073
-50.9851, 144.788, 0.115116
-45.2233, 90.6667, 0.294425
-45.2235, 90.6667, 0.29472
-45.2479, 92.0649, 0.286079
-45.2233, 90.6667, 0.294425
-45.2235, 90.6667, 0.29472
-52.5047, 341.946, 0.0347306
-51.9617, 218.928, 0.0850464
-51.9605, 218.928, 0.0851315
-1484.72, 36.9698, 3.05794
-51.9536, 218.332, 0.0855141
-51.9524, 218.332, 0.0855997
-51.9459, 217.951, 0.0859879
-55.9443, 89.6746, 0.512783
-55.9991, 89.6746, 0.513296
-49.1743, 150.261, 0.181783
-45.2946, 112.629, 0.32411
-45.295, 112.629, 0.324434
-45.3056, 113.959, 0.317179
-45.2946, 112.629, 0.32411
-45.295, 112.629, 0.324434
-52.4549, 341.946, 0.0458415
-51.5339, 218.988, 0.112269
-51.5319, 218.988, 0.112382
-1676.01, 37.0207, 4.03899
-51.5255, 218.619, 0.112651
-51.5236, 218.619, 0.112764
-51.5181, 218.468, 0.113036
-83.4753, 89.8425, 0.675686
-83.6351, 89.8425, 0.676362
-48.8206, 163.84, 0.20182
-45.7657, 120.167, 0.376103
-45.7736, 120.167, 0.376479
-46.6446, 143.212, 0.264663
-45.3292, 126.786, 0.337598
-45.329, 126.786, 0.337936
-52.1927, 341.946, 0.0830656
-49.5474, 219.172, 0.203519
-49.5424, 219.172, 0.203723
-1507, 37.1769, 7.334
-49.5243, 218.773, 0.204271
-49.5192, 218.773, 0.204475
-49.5035, 218.591, 0.205028
-286.583, 90.0571, 1.22625
-287.202, 90.0571, 1.22747
-46.1106, 175.586, 0.319101
-50.5224, 139.695, 0.50534
-50.5598, 139.695, 0.505846
-45.4249, 163.868, 0.366858
-45.3944, 161.188, 0.378514
-45.3946, 161.188, 0.378893
-52.4155, 341.946, 0.053053
-51.2069, 219.025, 0.129942
-51.2044, 219.025, 0.130072
-1714.75, 37.0522, 4.67635
-51.1971, 218.688, 0.130346
-51.1945, 218.688, 0.130476
-51.1884, 218.569, 0.130753
-108.942, 89.9014, 0.781949
-109.143, 89.9014, 0.782732
-48.42, 169.188, 0.21908
-45.5562, 129.463, 0.374949
-45.5615, 129.463, 0.375325
-46.0379, 145.968, 0.294998
-45.3454, 134.367, 0.347879
-45.3454, 134.367, 0.348227
-52.5621, 341.946, 0.013478
-52.4774, 218.763, 0.0329917
-52.4772, 218.763, 0.0330247
-469.55, 36.8306, 1.18448
-51.4962, 133.044, 0.0895847
-51.4942, 133.044, 0.0896743
-45.7659, 70.8442, 0.318323
-50.3224, 113.143, 0.124047
-50.3184, 113.143, 0.124171
-45.1652, 76.8384, 0.270404
-52.3695, 341.604, 0.060382
-52.3691, 341.604, 0.0604425
-50.842, 219.281, 0.147905
-1704.73, 37.0463, 5.32459
-1704.45, 37.0463, 5.32991
-50.83, 218.949, 0.148358
-50.8163, 218.397, 0.148814
-50.8131, 218.397, 0.148963
-141.247, 90.0389, 0.890154
-47.6341, 169.62, 0.247735
-47.6274, 169.62, 0.247983
-47.1175, 129.034, 0.430878
-46.4035, 157.441, 0.287897
-46.3973, 157.441, 0.288185
-45.3602, 141.752, 0.35648
-52.36, 341.604, 0.0617891
-52.3596, 341.604, 0.0618509
-50.7682, 219.288, 0.151354
-1698.88, 37.0522, 5.44909
-1698.56, 37.0522, 5.45454
-50.7555, 218.951, 0.151824
-50.7411, 218.394, 0.152299
-50.7378, 218.394, 0.152451
-148.558, 90.0455, 0.910982
-47.4969, 169.795, 0.253011
-47.4902, 169.795, 0.253264
-47.527, 129.154, 0.440172
-45.4201, 145.949, 0.343302
-45.4181, 145.949, 0.343646
-45.365, 142.434, 0.361333
-52.1509, 341.604, 0.0875739
-52.1501, 341.604, 0.0876615
-49.2753, 219.413, 0.214575
-1450.21, 37.1578, 7.73392
-1449.14, 37.1578, 7.74165
-49.2495, 218.994, 0.215406
-49.2208, 218.355, 0.216243
-49.2154, 218.355, 0.216459
-321.412, 90.1657, 1.29322
-45.8487, 175.696, 0.335439
-45.8438, 175.696, 0.335774
-45.7204, 157.884, 0.417119
-45.4399, 167.698, 0.368538
-45.4382, 167.698, 0.368907
-52.5575, 341.946, 0.0162636
-52.4345, 218.796, 0.0398135
-52.4343, 218.796, 0.0398533
-645.249, 36.8589, 1.42983
-51.2194, 136.608, 0.102591
-51.2168, 136.608, 0.102693
-45.9358, 76.4977, 0.329643
-49.7242, 115.503, 0.143738
-49.7194, 115.503, 0.143882
-45.1909, 82.8146, 0.281059
-52.0531, 341.604, 0.0974778
-52.0521, 341.604, 0.0975753
-48.6661, 219.46, 0.238867
-1324.64, 37.1972, 8.61307
-1323.36, 37.1972, 8.62169
-48.6353, 219.012, 0.239855
-48.6013, 218.345, 0.24085
-48.5952, 218.345, 0.241091
-406.124, 90.2113, 1.4403
-45.5145, 177.176, 0.367393
-45.5119, 177.176, 0.367761
-45.4297, 170.382, 0.398409
-52.5691, 341.604, 0.00759536
-52.5691, 341.604, 0.00760296
-52.5421, 218.851, 0.0185866
-146.429, 36.6839, 0.666504
-146.74, 36.6839, 0.667171
-52.122, 126.788, 0.0555394
-45.1677, 61.9145, 0.233323
-45.1652, 61.9145, 0.233557
-46.4385, 53.2826, 0.315929
-45.1677, 61.9145, 0.233323
-45.1652, 61.9145, 0.233557
-52.3101, 569.178, 0.088644
-50.3724, 364.418, 0.217068
-50.3685, 364.418, 0.217286
-2267.85, 61.543, 7.80524
-50.3584, 363.897, 0.217695
-50.3544, 363.897, 0.217913
-50.3462, 363.738, 0.218326
-223.85, 149.468, 1.30541
-224.306, 149.468, 1.30671
-47.3181, 292.343, 0.338949
-46.4142, 233.692, 0.530916
-46.4266, 233.692, 0.531447
-46.0789, 270.082, 0.397535
-45.4948, 250.527, 0.461542
-45.4949, 250.527, 0.462004
-52.552, 569.178, 0.0245216
-52.384, 364.01, 0.0600143
-52.3837, 364.01, 0.0600744
-1005.32, 61.1994, 2.15316
-50.9707, 233.547, 0.146229
-50.9677, 233.547, 0.146375
-46.3394, 137.988, 0.421223
-50.0531, 210.967, 0.179329
-50.0488, 210.967, 0.179508
-45.4919, 153.041, 0.342193
-52.5541, 568.609, 0.0232297
-52.554, 568.609, 0.0232529
-52.4033, 364.358, 0.0568511
-930.018, 61.1246, 2.03949
-931.391, 61.1246, 2.04153
-51.0365, 230.809, 0.142095
-46.9053, 132.678, 0.430695
-46.9221, 132.678, 0.431126
-50.3556, 212.744, 0.16734
-45.5496, 150.769, 0.333264
-45.5462, 150.769, 0.333597
-52.5582, 569.178, 0.020453
-52.4409, 363.954, 0.0500528
-52.4406, 363.954, 0.0501028
-762.667, 61.152, 1.79521
-51.2262, 225.461, 0.130797
-51.2237, 225.461, 0.130928
-47.5068, 124.297, 0.432721
-50.7552, 211.164, 0.149166
-50.7519, 211.164, 0.149315
-45.6466, 144.884, 0.318199
-45.3529, 137.25, 0.353983
-45.3533, 137.25, 0.354337
-52.5316, 569.178, 0.0347306
-52.1986, 364.108, 0.0850112
-52.1979, 364.108, 0.0850962
-1524.82, 61.2818, 3.05162
-51.2086, 278.101, 0.146048
-51.2061, 278.101, 0.146194
-49.1849, 226.248, 0.221485
-99.5961, 117.632, 0.822124
-99.8044, 117.632, 0.822946
-46.174, 186.807, 0.325399
-46.8662, 156.861, 0.461238
-46.8825, 156.861, 0.4617
-45.4225, 172.798, 0.380541
-52.5014, 568.609, 0.0458415
-52.5012, 568.609, 0.0458874
-51.9313, 364.55, 0.11222
-1913.43, 61.2857, 4.03002
-186.776, 0.0357353, 0.0062217
-64.9784, 0.0736948, 0.00312388
-65.0005, 0.0736948, 0.00312701
-58.6734, 0.0357353, 0.000988388
-53.0953, 0.0729431, 0.000491019
-53.0962, 0.0729431, 0.00049151
-61.85, 0.0357353, 0.00125155
-53.3527, 0.0729752, 0.000622033
-53.3538, 0.0729752, 0.000622656
-244.431, 0.0357353, 0.00824753
-72.9894, 0.0740906, 0.00416463
-73.0253, 0.0740906, 0.00416879
-254.577, 0.0357353, 0.00862581
-74.6597, 0.0741565, 0.00435979
-74.6983, 0.0741565, 0.00436415
-145.803, 0.0357353, 0.00482994
-60.4888, 0.0734725, 0.00241742
-60.5027, 0.0734725, 0.00241984
-63.5125, 0.0357353, 0.00137274
-53.4713, 0.0729904, 0.000682409
-53.4728, 0.0729904, 0.000683092
-150.367, 0.0357353, 0.00498643
-60.947, 0.0734998, 0.00249672
-60.9619, 0.0734998, 0.00249922
-132.024, 0.0357353, 0.00435159
-59.1514, 0.0733902, 0.00217547
-59.163, 0.0733902, 0.00217764
-248.186, 0.0357353, 0.00838646
-73.5967, 0.0741191, 0.00423652
-73.6336, 0.0741191, 0.00424076
-158.654, 0.0357353, 0.00526868
-61.8137, 0.0735446, 0.00263972
-61.8303, 0.0735446, 0.00264236
-63.2431, 0.0357353, 0.00135374
-53.4516, 0.0729894, 0.000672956
-53.453, 0.0729894, 0.000673629
-70.9768, 0.0357353, 0.00183736
-54.0509, 0.0730469, 0.000914104
-54.0532, 0.0730469, 0.000915019
-164.278, 0.0357353, 0.00545939
-62.4096, 0.0735561, 0.00273572
-62.427, 0.0735561, 0.00273846
-121.776, 0.0357353, 0.00398721
-58.2131, 0.0733462, 0.00199207
-58.2233, 0.0733462, 0.00199406
-493.751, 0.00950795, 0.0062217
-175.15, 0.0200879, 0.0032074
-175.323, 0.0200879, 0.00321061
-52.5759, 0.402251, 0.000226533
-117.152, 0.00949845, 0.000988388
-117.259, 0.00949845, 0.000989377
-57.8676, 0.0192787, 0.00048723
-146.562, 0.00949845, 0.00125155
-146.705, 0.00949845, 0.0012528
-60.6384, 0.0193552, 0.000619415
-518.362, 0.00949845, 0.00824753
-518.411, 0.00949845, 0.00825578
-234.411, 0.0214866, 0.00462222
-52.5778, 0.559829, 0.000455994
-52.5778, 0.559829, 0.00045645
-520.231, 0.00950795, 0.00862581
-247.202, 0.0219825, 0.00500688
-247.43, 0.0219825, 0.00501189
-52.5779, 0.631267, 0.000568376
-452.068, 0.00949845, 0.00482994
-452.271, 0.00949845, 0.00483477
-136.173, 0.0197017, 0.00243481
-160.675, 0.00949845, 0.00137274
-160.837, 0.00949845, 0.00137411
-62.0785, 0.0193595, 0.000679547
-458.335, 0.00949845, 0.00498643
-458.528, 0.00949845, 0.00499142
-140.43, 0.0197382, 0.00251867
-429.83, 0.00949845, 0.00435159
-430.055, 0.00949845, 0.00435595
-123.428, 0.0196256, 0.00218471
-519.137, 0.00949845, 0.00838646
-519.181, 0.00949845, 0.00839485
-239.556, 0.0218115, 0.00480335
-52.5778, 0.603453, 0.0005169
-52.5778, 0.603453, 0.000517417
-468.317, 0.00950795, 0.00526868
-148.346, 0.0197872, 0.00267121
-148.491, 0.0197872, 0.00267388
-158.296, 0.00950795, 0.00135374
-61.8596, 0.0193403, 0.000670147
-61.8763, 0.0193403, 0.000670817
-215.186, 0.00950795, 0.00183736
-68.619, 0.0193656, 0.000910761
-68.6478, 0.0193656, 0.000911672
-474.442, 0.00950795, 0.00545939
-153.64, 0.0198363, 0.00277534
-153.791, 0.0198363, 0.00277812
-409.139, 0.00950795, 0.00398721
-114.141, 0.0194674, 0.00198705
-114.241, 0.0194674, 0.00198904
-93.4373, 0.0739805, 0.0062217
-55.6908, 0.153404, 0.00314209
-55.696, 0.153404, 0.00314523
-54.2137, 0.0739805, 0.000988388
-52.7253, 0.152362, 0.000495571
-52.7256, 0.152362, 0.000496067
-55.0377, 0.0739805, 0.00125155
-52.8047, 0.152407, 0.000627713
-52.805, 0.152407, 0.000628341
-117.274, 0.0739805, 0.00824753
-57.6587, 0.154029, 0.00418344
-57.6677, 0.154029, 0.00418763
-121.985, 0.0739805, 0.00862581
-58.0758, 0.154072, 0.00437663
-58.0852, 0.154072, 0.00438101
-79.0918, 0.0739805, 0.00482994
-54.5968, 0.153063, 0.00243344
-54.6005, 0.153063, 0.00243587
-55.4625, 0.0739805, 0.00137274
-52.831, 0.152292, 0.000687948
-52.8313, 0.152292, 0.000688637
-80.5966, 0.0739805, 0.00498643
-54.705, 0.15312, 0.00251329
-54.7084, 0.15312, 0.0025158
-74.6845, 0.0739805, 0.00435159
-54.2544, 0.152951, 0.00219074
-54.2573, 0.152951, 0.00219293
-119.002, 0.0739805, 0.00838646
-57.8125, 0.154021, 0.00425367
-57.8219, 0.154021, 0.00425792
-83.3865, 0.0739805, 0.00526868
-54.9077, 0.153193, 0.00265689
-54.9117, 0.153193, 0.00265955
-55.3924, 0.0739805, 0.00135374
-52.8266, 0.152305, 0.000678484
-52.8269, 0.152305, 0.000679163
-57.3869, 0.0739805, 0.00183736
-52.9697, 0.152451, 0.000921798
-52.9703, 0.152451, 0.000922721
-85.3244, 0.0739805, 0.00545939
-55.0539, 0.153228, 0.00275372
-55.0582, 0.153228, 0.00275648
-71.5373, 0.0739805, 0.00398721
-54.024, 0.152858, 0.00200601
-54.0263, 0.152858, 0.00200801
-76.2245, 0.0995673, 0.0062217
-54.3181, 0.207515, 0.00315939
-54.3212, 0.207515, 0.00316255
-53.535, 0.0995673, 0.000988388
-52.6539, 0.206221, 0.00049854
-52.6541, 0.206221, 0.000499039
-54.0167, 0.0995673, 0.00125155
-52.7, 0.206587, 0.000632475
-52.7003, 0.206587, 0.000633107
-90.801, 0.0995673, 0.00824753
-55.4041, 0.208229, 0.00420383
-55.4087, 0.208229, 0.00420804
-93.7611, 0.0995673, 0.00862581
-55.6229, 0.20836, 0.00439967
-55.6281, 0.20836, 0.00440408
-67.7672, 0.0995673, 0.00482994
-53.7187, 0.207077, 0.00244705
-53.7207, 0.207077, 0.0024495
-54.2524, 0.0995673, 0.00137274
-52.7244, 0.206258, 0.000692536
-52.7247, 0.206258, 0.000693229
-68.6424, 0.0995673, 0.00498643
-53.7805, 0.207109, 0.00252675
-53.7823, 0.207109, 0.00252928
-65.2168, 0.0995673, 0.00435159
-53.5243, 0.206893, 0.00220259
-53.526, 0.206893, 0.00220479
-91.8767, 0.0995673, 0.00838646
-55.4829, 0.208212, 0.00427424
-55.4878, 0.208212, 0.00427852
-70.2735, 0.0995673, 0.00526868
-53.8884, 0.207203, 0.00267108
-53.8905, 0.207203, 0.00267375
-54.2133, 0.0995673, 0.00135374
-52.7204, 0.206296, 0.000683087
-52.7207, 0.206296, 0.000683771
-55.349, 0.0995673, 0.00183736
-52.8128, 0.206225, 0.000926778
-52.8131, 0.206225, 0.000927706
-71.4108, 0.0995673, 0.00545939
-53.9666, 0.207262, 0.00276862
-53.9689, 0.207262, 0.00277139
-63.4088, 0.0995673, 0.00398721
-53.3928, 0.206867, 0.00201788
-53.3942, 0.206867, 0.0020199
-92.953, 0.0744751, 0.0062217
-55.6525, 0.154495, 0.00314352
-55.6575, 0.154495, 0.00314666
-54.1948, 0.0744751, 0.000988388
-52.7232, 0.153411, 0.000495673
-52.7235, 0.153411, 0.000496169
-55.0092, 0.0744751, 0.00125155
-52.8028, 0.153457, 0.000627845
-52.8031, 0.153457, 0.000628473
-116.546, 0.0744751, 0.00824753
-57.5919, 0.155055, 0.00418332
-57.6008, 0.155055, 0.0041875
-121.205, 0.0744751, 0.00862581
-58.0074, 0.154641, 0.00436259
-58.0167, 0.154641, 0.00436696
-78.7672, 0.0744751, 0.00482994
-54.5699, 0.154098, 0.00243364
-54.5735, 0.154098, 0.00243607
-55.427, 0.0744751, 0.00137274
-52.8285, 0.153334, 0.000688059
-52.8289, 0.153334, 0.000688747
-80.2556, 0.0744751, 0.00498643
-54.6796, 0.154154, 0.00251346
-54.683, 0.154154, 0.00251598
-74.4123, 0.0744751, 0.00435159
-54.2329, 0.153987, 0.00219094
-54.2358, 0.153987, 0.00219313
-118.249, 0.0744751, 0.00838646
-57.7434, 0.155046, 0.00425352
-57.7526, 0.155046, 0.00425778
-83.0134, 0.0744751, 0.00526868
-54.8787, 0.154226, 0.00265706
-54.8826, 0.154226, 0.00265972
-55.358, 0.0744751, 0.00135374
-52.8242, 0.153347, 0.000678597
-52.8245, 0.153347, 0.000679276
-57.3293, 0.0744751, 0.00183736
-52.9648, 0.153497, 0.000921969
-52.9654, 0.153497, 0.000922891
-84.9279, 0.0744751, 0.00545939
-55.0224, 0.154261, 0.00275389
-55.0266, 0.154261, 0.00275665
-71.3029, 0.0744751, 0.00398721
-54.0065, 0.153895, 0.00200621
-54.0088, 0.153895, 0.00200822
-451.997, 0.0120409, 0.0062217
-137.816, 0.02509, 0.00315866
-137.949, 0.02509, 0.00316182
-95.7893, 0.0120409, 0.000988388
-56.0658, 0.024477, 0.00048897
-56.0722, 0.024477, 0.000489459
-116.766, 0.0120409, 0.00125155
-57.8443, 0.0243908, 0.000616969
-57.8536, 0.0243908, 0.000617586
-494.972, 0.0120409, 0.00824753
-182.384, 0.0258912, 0.00433959
-182.563, 0.0258912, 0.00434393
-52.5753, 0.556283, 0.000332621
-499.728, 0.0120289, 0.00862581
-499.825, 0.0120289, 0.00863444
-190.775, 0.0261527, 0.00458864
-52.5755, 0.581444, 0.000367469
-52.5755, 0.581444, 0.000367837
-395.821, 0.0120409, 0.00482994
-109.324, 0.0248159, 0.0024235
-109.418, 0.0248159, 0.00242593
-127.141, 0.0120409, 0.00137274
-58.7906, 0.0244985, 0.000679715
-58.8019, 0.0244985, 0.000680395
-403.576, 0.0120409, 0.00498643
-112.385, 0.0248429, 0.00250489
-112.484, 0.0248429, 0.0025074
-369.562, 0.0120409, 0.00435159
-100.238, 0.0247496, 0.00217739
-100.319, 0.0247496, 0.00217957
-496.77, 0.0120409, 0.00838646
-185.532, 0.0259708, 0.00442896
-185.715, 0.0259708, 0.00443339
-52.5754, 0.564877, 0.000344502
-416.817, 0.0120289, 0.00526868
-417.047, 0.0120289, 0.00527395
-117.908, 0.0249142, 0.0026519
-125.606, 0.0120289, 0.00135374
-125.724, 0.0120289, 0.00135509
-58.6243, 0.0245208, 0.000670246
-169.317, 0.0120289, 0.00183736
-169.488, 0.0120289, 0.0018392
-62.9991, 0.0245497, 0.000910778
-424.904, 0.0120289, 0.00545939
-425.128, 0.0120289, 0.00546485
-121.774, 0.024949, 0.00275196
-347.116, 0.0120289, 0.00398721
-347.374, 0.0120289, 0.0039912
-93.5861, 0.0247334, 0.00199164
-124.781, 0.0532586, 0.0062217
-124.895, 0.0532586, 0.00622792
-58.396, 0.110275, 0.00313056
-55.5335, 0.0532586, 0.000988388
-55.5388, 0.0532586, 0.000989377
-52.8435, 0.109329, 0.000492869
-57.0545, 0.0532586, 0.00125155
-57.0626, 0.0532586, 0.0012528
-52.9527, 0.109347, 0.0006242
-162.741, 0.0532586, 0.00824753
-162.897, 0.0532586, 0.00825578
-62.1354, 0.110762, 0.0041694
-169.934, 0.0532586, 0.00862581
-170.098, 0.0532586, 0.00863444
-62.9261, 0.110838, 0.00436386
-100.505, 0.0532586, 0.00482994
-100.585, 0.0532586, 0.00483477
-56.3042, 0.110007, 0.00242405
-57.8384, 0.0532586, 0.00137274
-57.8477, 0.0532586, 0.00137411
-53.0154, 0.109393, 0.000684941
-103.109, 0.0532586, 0.00498643
-103.193, 0.0532586, 0.00499142
-56.52, 0.110029, 0.00250311
-92.8041, 0.0532586, 0.00435159
-92.8724, 0.0532586, 0.00435595
-55.6969, 0.109904, 0.00218182
-165.384, 0.0532586, 0.00838646
-165.544, 0.0532586, 0.00839485
-62.4218, 0.110772, 0.00424005
-107.896, 0.0532586, 0.00526868
-107.986, 0.0532586, 0.00527395
-56.9288, 0.1101, 0.00264658
-57.7112, 0.0532586, 0.00135374
-57.7202, 0.0532586, 0.00135509
-53.0051, 0.109399, 0.000675497
-61.4059, 0.0532586, 0.00183736
-61.4217, 0.0532586, 0.0018392
-53.3032, 0.10945, 0.000917263
-111.194, 0.0532586, 0.00545939
-111.289, 0.0532586, 0.00546485
-57.1994, 0.110135, 0.0027433
-87.2291, 0.0532586, 0.00398721
-87.2885, 0.0532586, 0.0039912
-55.2464, 0.109841, 0.00199793
-211.3, 0.0316791, 0.0062217
-211.507, 0.0316791, 0.00622792
-68.0543, 0.0654308, 0.00312238
-60.1615, 0.0316791, 0.000988388
-60.1752, 0.0316791, 0.000989377
-53.225, 0.0647451, 0.000490647
-64.1381, 0.0316791, 0.00125155
-64.159, 0.0316791, 0.0012528
-53.5187, 0.0647724, 0.000621552
-274.168, 0.0316791, 0.00824753
-274.409, 0.0316791, 0.00825578
-77.9972, 0.0658062, 0.00416421
-284.915, 0.0316791, 0.00862581
-285.158, 0.0316791, 0.00863444
-80.0612, 0.0658861, 0.00436087
-164.803, 0.0316791, 0.00482994
-164.967, 0.0316791, 0.00483477
-62.4452, 0.0652161, 0.0024156
-66.2137, 0.0316791, 0.00137274
-66.2382, 0.0316791, 0.00137411
-53.679, 0.0647859, 0.00068188
-170.071, 0.0316791, 0.00498643
-170.239, 0.0316791, 0.00499142
-63.0198, 0.0652446, 0.00249501
-148.811, 0.0316791, 0.00435159
-148.956, 0.0316791, 0.00435595
-60.7743, 0.0651533, 0.00217419
-278.159, 0.0316791, 0.00838646
-278.401, 0.0316791, 0.00839485
-78.7472, 0.0658392, 0.00423662
-179.566, 0.0316791, 0.00526868
-179.743, 0.0316791, 0.00527395
-64.0977, 0.0652925, 0.00263825
-65.8767, 0.0316791, 0.00135374
-65.9006, 0.0316791, 0.00135509
-53.6526, 0.0647839, 0.000672423
-75.4874, 0.0316791, 0.00183736
-75.5279, 0.0316791, 0.0018392
-54.3867, 0.0648372, 0.000913411
-185.962, 0.0316791, 0.00545939
-186.147, 0.0316791, 0.00546485
-64.846, 0.065309, 0.00273447
-136.802, 0.0316791, 0.00398721
-136.932, 0.0316791, 0.0039912
-59.5957, 0.0651057, 0.00199062
-81.6505, 0.089146, 0.0062217
-81.7004, 0.089146, 0.00622792
-54.7314, 0.185781, 0.0031523
-53.7526, 0.089146, 0.000988388
-53.7547, 0.089146, 0.000989377
-52.6754, 0.184369, 0.00049672
-54.3265, 0.089146, 0.00125155
-54.3295, 0.089146, 0.0012528
-52.7333, 0.184542, 0.000629599
-99.2712, 0.089146, 0.00824753
-99.3483, 0.089146, 0.00825578
-56.079, 0.18639, 0.00419356
-102.819, 0.089146, 0.00862581
-102.901, 0.089146, 0.00863444
-56.3686, 0.186519, 0.00438919
-71.302, 0.089146, 0.00482994
-71.3349, 0.089146, 0.00483477
-53.9739, 0.185368, 0.0024413
-54.6369, 0.089146, 0.00137274
-54.6406, 0.089146, 0.00137411
-52.7638, 0.184418, 0.00069007
-72.3789, 0.089146, 0.00498643
-72.4136, 0.089146, 0.00499142
-54.0497, 0.185422, 0.00252118
-68.1632, 0.089146, 0.00435159
-68.1906, 0.089146, 0.00435595
-53.7602, 0.185241, 0.0021979
-100.57, 0.089146, 0.00838646
-100.649, 0.089146, 0.00839485
-56.1835, 0.186475, 0.00426631
-74.3789, 0.089146, 0.00526868
-74.4169, 0.089146, 0.00527395
-54.195, 0.185503, 0.00266514
-54.5859, 0.089146, 0.00135374
-54.5895, 0.089146, 0.00135509
-52.7589, 0.184432, 0.000680572
-55.9856, 0.089146, 0.00183736
-55.9914, 0.089146, 0.0018392
-52.8577, 0.184766, 0.00092548
-75.7716, 0.089146, 0.00545939
-75.8121, 0.089146, 0.00546485
-54.2992, 0.185548, 0.00276234
-65.933, 0.089146, 0.00398721
-65.9565, 0.089146, 0.0039912
-53.5879, 0.185148, 0.00201279
-77.2947, 0.0972463, 0.0062217
-77.3375, 0.0972463, 0.00622792
-54.3979, 0.202764, 0.00315401
-53.5769, 0.0972463, 0.000988388
-53.5786, 0.0972463, 0.000989377
-52.6578, 0.201653, 0.000498109
-54.0758, 0.0972463, 0.00125155
-54.0782, 0.0972463, 0.0012528
-52.7061, 0.201964, 0.00063177
-92.4836, 0.0972463, 0.00824753
-92.5504, 0.0972463, 0.00825578
-55.5247, 0.203643, 0.00420069
-95.5614, 0.0972463, 0.00862581
-95.6328, 0.0972463, 0.00863444
-55.7568, 0.20377, 0.00439635
-68.4621, 0.0972463, 0.00482994
-68.49, 0.0972463, 0.00483477
-53.7691, 0.202548, 0.00244565
-54.3264, 0.0972463, 0.00137274
-54.3294, 0.0972463, 0.00137411
-52.7316, 0.201691, 0.000691945
-69.3792, 0.0972463, 0.00498643
-69.4088, 0.0972463, 0.00499142
-53.8283, 0.202592, 0.00252549
-65.795, 0.0972463, 0.00435159
-65.8183, 0.0972463, 0.00435595
-53.5667, 0.202423, 0.00220198
-93.6089, 0.0972463, 0.00838646
-93.6769, 0.0972463, 0.00839485
-55.6082, 0.203728, 0.0042734
-71.0825, 0.0972463, 0.00526868
-71.115, 0.0972463, 0.00527395
-53.9431, 0.202682, 0.00266972
-54.2849, 0.0972463, 0.00135374
-54.2879, 0.0972463, 0.00135509
-52.7275, 0.201723, 0.000682482
-55.4754, 0.0972463, 0.00183736
-55.4806, 0.0972463, 0.0018392
-52.8208, 0.201682, 0.000926096
-72.2708, 0.0972463, 0.00545939
-72.3052, 0.0972463, 0.00546485
-54.0261, 0.202744, 0.00276727
-63.9016, 0.0972463, 0.00398721
-63.9215, 0.0972463, 0.0039912
-53.4278, 0.202318, 0.00201648
-108.085, 0.0621854, 0.0062217
-108.176, 0.0621854, 0.00622792
-56.9096, 0.128529, 0.00312467
-54.8279, 0.0621854, 0.000988388
-54.832, 0.0621854, 0.000989377
-52.7896, 0.127847, 0.000493638
-55.9599, 0.0621854, 0.00125155
-55.9655, 0.0621854, 0.0012528
-52.8676, 0.128051, 0.00062611
-138.928, 0.0621854, 0.00824753
-139.059, 0.0621854, 0.00825578
-59.6756, 0.129437, 0.00417321
-144.902, 0.0621854, 0.00862581
-145.038, 0.0621854, 0.00863444
-60.2518, 0.129576, 0.00436969
-88.9745, 0.0621854, 0.00482994
-89.0366, 0.0621854, 0.00483477
-55.361, 0.128637, 0.00242784
-56.539, 0.0621854, 0.00137274
-56.546, 0.0621854, 0.00137411
-52.9101, 0.127964, 0.000686251
-90.9969, 0.0621854, 0.00498643
-91.0624, 0.0621854, 0.00499142
-55.5244, 0.128658, 0.00250694
-83.0115, 0.0621854, 0.00435159
-83.0641, 0.0621854, 0.00435595
-54.9021, 0.128533, 0.00218555
-141.12, 0.0621854, 0.00838646
-141.251, 0.0621854, 0.00839485
-59.8835, 0.129516, 0.00424632
-94.7414, 0.0621854, 0.00526868
-94.8126, 0.0621854, 0.00527395
-55.818, 0.128725, 0.00265031
-56.4433, 0.0621854, 0.00135374
-56.45, 0.0621854, 0.00135509
-52.903, 0.127973, 0.000676801
-59.2057, 0.0621854, 0.00183736
-59.2174, 0.0621854, 0.0018392
-53.1231, 0.128045, 0.000919125
-97.3264, 0.0621854, 0.00545939
-97.4006, 0.0621854, 0.00546485
-56.0192, 0.128804, 0.00274803
-78.7251, 0.0621854, 0.00398721
-78.7708, 0.0621854, 0.0039912
-54.5842, 0.128447, 0.00200111
-318.332, 0.0205098, 0.0062217
-318.584, 0.0205098, 0.00622792
-86.8782, 0.0424193, 0.00312687
-69.3101, 0.0205098, 0.000988388
-69.3399, 0.0205098, 0.000989377
-53.9443, 0.0418314, 0.000489623
-78.036, 0.0205098, 0.00125155
-78.081, 0.0205098, 0.0012528
-54.6071, 0.0418512, 0.000620286
-388.43, 0.0205098, 0.00824753
-388.665, 0.0205098, 0.00825578
-107.794, 0.0428296, 0.00418791
-398.826, 0.0205098, 0.00862581
-399.057, 0.0205098, 0.00863444
-112.006, 0.0429164, 0.00438966
-255.644, 0.0205098, 0.00482994
-255.878, 0.0205098, 0.00483477
-74.6114, 0.0422149, 0.00241516
-82.5319, 0.0205098, 0.00137274
-82.5844, 0.0205098, 0.00137411
-54.9682, 0.0418628, 0.000680538
-263.243, 0.0205098, 0.00498643
-263.481, 0.0205098, 0.00499142
-75.8867, 0.0422341, 0.00249459
-231.696, 0.0205098, 0.00435159
-231.921, 0.0205098, 0.00435595
-70.8959, 0.0420708, 0.00216828
-392.34, 0.0205098, 0.00838646
-392.574, 0.0205098, 0.00839485
-109.326, 0.0428558, 0.00426128
-276.614, 0.0205098, 0.00526868
-276.861, 0.0205098, 0.00527395
-78.2569, 0.0422636, 0.00263771
-81.8093, 0.0205098, 0.00135374
-81.8607, 0.0205098, 0.00135509
-54.9156, 0.0418602, 0.000671078
-102.051, 0.0205098, 0.00183736
-102.135, 0.0205098, 0.0018392
-56.5328, 0.0418997, 0.000911691
-285.4, 0.0205098, 0.00545939
-285.648, 0.0205098, 0.00546485
-79.9068, 0.0422958, 0.00273536
-212.849, 0.0205098, 0.00398721
-213.057, 0.0205098, 0.0039912
-68.2571, 0.0421099, 0.00198862
-83.6508, 0.0859905, 0.0062217
-83.7042, 0.0859905, 0.00622792
-54.886, 0.179078, 0.00314988
-53.8361, 0.0859905, 0.000988388
-53.8384, 0.0859905, 0.000989377
-52.6836, 0.177682, 0.000496246
-54.4467, 0.0859905, 0.00125155
-54.45, 0.0859905, 0.0012528
-52.746, 0.177821, 0.000628893
-102.365, 0.0859905, 0.00824753
-102.445, 0.0859905, 0.00825578
-56.3433, 0.179676, 0.0041906
-106.121, 0.0859905, 0.00862581
-106.208, 0.0859905, 0.00863444
-56.65, 0.179803, 0.00438617
-72.615, 0.0859905, 0.00482994
-72.6501, 0.0859905, 0.00483477
-54.0727, 0.178694, 0.00243965
-54.7844, 0.0859905, 0.00137274
-54.7884, 0.0859905, 0.00137411
-52.7788, 0.177736, 0.000689441
-73.7648, 0.0859905, 0.00498643
-73.8019, 0.0859905, 0.00499142
-54.1561, 0.178738, 0.00251936
-69.2594, 0.0859905, 0.00435159
-69.2888, 0.0859905, 0.00435595
-53.8414, 0.178559, 0.00219625
-103.743, 0.0859905, 0.00838646
-103.826, 0.0859905, 0.00839485
-56.4574, 0.179758, 0.00426331
-75.9004, 0.0859905, 0.00526868
-75.9411, 0.0859905, 0.00527395
-54.3155, 0.178814, 0.00266318
-54.729, 0.0859905, 0.00135374
-54.7329, 0.0859905, 0.00135509
-52.7735, 0.177745, 0.000679933
-56.2152, 0.0859905, 0.00183736
-56.2214, 0.0859905, 0.0018392
-52.8755, 0.178014, 0.000924314
-77.3864, 0.0859905, 0.00545939
-77.4294, 0.0859905, 0.00546485
-54.4293, 0.178888, 0.0027608
-66.8729, 0.0859905, 0.00398721
-66.8982, 0.0859905, 0.0039912
-53.6641, 0.178458, 0.00201115
-408.42, 0.0145622, 0.0062217
-408.65, 0.0145622, 0.00622792
-114.778, 0.0302507, 0.00314146
-83.5376, 0.0145622, 0.000988388
-83.5917, 0.0145622, 0.000989377
-55.0564, 0.0296734, 0.000489166
-99.1306, 0.0145622, 0.00125155
-99.2097, 0.0145622, 0.0012528
-56.3109, 0.0296886, 0.000619728
-465.028, 0.0145622, 0.00824753
-465.191, 0.0145622, 0.00825578
-149.544, 0.0308253, 0.00425134
-472.075, 0.0145622, 0.00862581
-472.227, 0.0145622, 0.00863444
-156.244, 0.0308535, 0.00445094
-52.5742, 0.61864, 0.000315543
-52.5742, 0.61864, 0.000315859
-345.125, 0.0145768, 0.00482994
-93.3778, 0.0299814, 0.00241837
-93.4479, 0.0299814, 0.00242079
-106.882, 0.0145768, 0.00137274
-56.9764, 0.029667, 0.000679922
-56.9844, 0.029667, 0.000680602
-353.374, 0.0145768, 0.00498643
-95.6579, 0.0300062, 0.00249888
-95.7308, 0.0300062, 0.00250138
-318.043, 0.0145768, 0.00435159
-86.6727, 0.0299245, 0.00217455
-86.732, 0.0299245, 0.00217673
-467.543, 0.0145768, 0.00838646
-152.071, 0.0306131, 0.00429445
-152.221, 0.0306131, 0.00429875
-52.5742, 0.598493, 0.000295272
-367.746, 0.0145622, 0.00526868
-368.001, 0.0145622, 0.00527395
-99.7813, 0.0300761, 0.002644
-105.718, 0.0145622, 0.00135374
-105.808, 0.0145622, 0.00135509
-56.8601, 0.0296942, 0.000670457
-139.702, 0.0145622, 0.00183736
-139.837, 0.0145622, 0.0018392
-59.9378, 0.0297276, 0.000911015
-376.727, 0.0145622, 0.00545939
-376.976, 0.0145622, 0.00546485
-102.693, 0.0301097, 0.00274293
-295.784, 0.0145622, 0.00398721
-296.04, 0.0145622, 0.0039912
-81.8049, 0.0299108, 0.00198946
-178.673, 0.0373053, 0.0062217
-178.847, 0.0373053, 0.00622792
-63.9769, 0.0771015, 0.00312452
-58.2084, 0.0373053, 0.000988388
-58.2185, 0.0373053, 0.000989377
-53.0542, 0.0763304, 0.000491217
-61.1462, 0.0373053, 0.00125155
-61.1615, 0.0373053, 0.0012528
-53.302, 0.076363, 0.000622278
-234.304, 0.0373053, 0.00824753
-234.523, 0.0373053, 0.00825578
-71.3447, 0.0774763, 0.00416324
-244.183, 0.0373053, 0.00862581
-244.403, 0.0373053, 0.00863444
-72.8842, 0.0775827, 0.00436058
-139.667, 0.0373053, 0.00482994
-139.801, 0.0373053, 0.00483477
-59.8536, 0.0768573, 0.00241753
-62.6858, 0.0373053, 0.00137274
-62.7037, 0.0373053, 0.00137411
-53.4069, 0.076379, 0.000682678
-143.996, 0.0373053, 0.00498643
-144.134, 0.0373053, 0.00499142
-60.2763, 0.0768837, 0.00249676
-126.637, 0.0373053, 0.00435159
-126.755, 0.0373053, 0.00435595
-58.6297, 0.0767773, 0.00217575
-237.955, 0.0373053, 0.00838646
-238.176, 0.0373053, 0.00839485
-71.9046, 0.0775026, 0.0042349
-151.858, 0.0373053, 0.00526868
-152.007, 0.0373053, 0.00527395
-61.0611, 0.0769262, 0.00263961
-62.4404, 0.0373053, 0.00135374
-62.4577, 0.0373053, 0.00135509
-53.3894, 0.0763797, 0.000673236
-69.5844, 0.0373053, 0.00183736
-69.6147, 0.0373053, 0.0018392
-53.9464, 0.0764303, 0.00091437
-157.206, 0.0373053, 0.00545939
-157.359, 0.0373053, 0.00546485
-61.6184, 0.0769663, 0.00273665
-116.994, 0.0373053, 0.00398721
-117.097, 0.0373053, 0.0039912
-57.7573, 0.0767354, 0.00199243
