2       , -39.7907    , array([ 1.42258    ,  0.0954182  ])
4       , -40.1592    , array([ 0.603135   ,  0.0570023  ])
6       , -40.1648    , array([ 0.603135   ,  0.0570594  ])
8       , -37.6399    , array([ 0.941532   ,  0.0744548  ])
[0.9405906  0.07445479]
10      , -38.3097    , array([ 1.42116    ,  0.0567371  ])
12      , -38.3113    , array([ 1.42116    ,  0.0567939  ])
14      , -37.9297    , array([ 0.65372    ,  0.0302532  ])
[0.65306696 0.03025321]
16      , -39.421     , array([ 1.42116    ,  0.0875333  ])
18      , -39.4249    , array([ 1.42116    ,  0.0876209  ])
20      , -39.4512    , array([ 0.611566   ,  0.0512131  ])
22      , -37.6457    , array([ 0.936147   ,  0.067152   ])
24      , -37.6457    , array([ 0.936147   ,  0.0672192  ])
[0.9361469  0.06715197]
26      , -39.3235    , array([ 1.42258    ,  0.0851685  ])
28      , -39.2857    , array([ 0.613244   ,  0.0495391  ])
30      , -39.2897    , array([ 0.613244   ,  0.0495887  ])
32      , -37.6476    , array([ 0.935655   ,  0.0650076  ])
[0.93471932 0.06500763]
34      , -37.7297    , array([ 1.42116    ,  0.0190668  ])
36      , -37.7298    , array([ 1.42116    ,  0.0190859  ])
38      , -37.6822    , array([ 0.692506   ,  0.00952463 ])
[0.69181376 0.00952463]
40      , -39.2372    , array([ 1.42116    ,  0.0832792  ])
42      , -39.2407    , array([ 1.42116    ,  0.0833625  ])
44      , -39.1364    , array([ 0.615999   ,  0.048181   ])
46      , -37.6489    , array([ 0.934075   ,  0.0632953  ])
48      , -37.6488    , array([ 0.934075   ,  0.0633586  ])
[0.93407546 0.06329532]
50      , -37.7526    , array([ 1.42258    ,  0.0228443  ])
52      , -37.6852    , array([ 0.65881    ,  0.0120516  ])
54      , -37.6852    , array([ 0.65881    ,  0.0120637  ])
[0.65880964 0.01205163]
56      , -38.7456    , array([ 1.42258    ,  0.0705547  ])
58      , -38.4235    , array([ 0.629521   ,  0.039484   ])
60      , -38.4256    , array([ 0.629521   ,  0.0395235  ])
[0.62952141 0.03948404]
62      , -37.6969    , array([ 1.42258    ,  0.0085286  ])
64      , -37.6874    , array([ 0.710529   ,  0.00414829 ])
66      , -37.6874    , array([ 0.710529   ,  0.00415244 ])
[0.71052853 0.00414829]
68      , -39.9488    , array([ 1.42258    ,  0.098681   ])
70      , -40.4557    , array([ 0.600797   ,  0.0593371  ])
72      , -40.4618    , array([ 0.600797   ,  0.0593964  ])
74      , -37.6375    , array([ 0.943316   ,  0.0774148  ])
[0.9423727  0.07741481]
76      , -39.5391    , array([ 1.42116    ,  0.0901701  ])
78      , -39.5432    , array([ 1.42116    ,  0.0902604  ])
80      , -39.6733    , array([ 0.608707   ,  0.0531505  ])
82      , -37.6438    , array([ 0.937188   ,  0.0695787  ])
84      , -37.6437    , array([ 0.937188   ,  0.0696483  ])
[0.93718761 0.06957866]
86      , -39.0398    , array([ 1.42258    ,  0.0783462  ])
88      , -38.8201    , array([ 0.621035   ,  0.0447088  ])
90      , -38.8231    , array([ 0.621035   ,  0.0447535  ])
[0.62103504 0.0447088 ]
92      , -39.2646    , array([ 1.42258    ,  0.0837976  ])
94      , -39.1824    , array([ 0.614833   ,  0.0485475  ])
96      , -39.1861    , array([ 0.614833   ,  0.048596   ])
98      , -37.6486    , array([ 0.935328   ,  0.0637659  ])
[0.93439325 0.06376589]
100     , -37.7001    , array([ 1.42116    ,  0.0102215  ])
102     , -37.7001    , array([ 1.42116    ,  0.0102317  ])
104     , -37.6878    , array([ 0.772462   ,  0.00463015 ])
[0.77168962 0.00463015]
106     , -37.6904    , array([ 1.42116    ,  0.000804598])
108     , -37.6904    , array([ 1.42116    ,  0.000805403])
110     , -37.6903    , array([ 0.815793   ,  0.000350445])
[8.14977943e-01 3.50444968e-04]
112     , -37.704     , array([ 449.385    ,  0.0954182  ])
114     , -37.7041    , array([ 449.385    ,  0.0955136  ])
116     , -37.6912    , array([ 701.807    ,  0.0389636  ])
[7.01105524e+02 3.89636131e-02]
118     , -37.6938    , array([ 449.385    ,  0.0567371  ])
120     , -37.6939    , array([ 449.385    ,  0.0567939  ])
122     , -37.6906    , array([ 702.517    ,  0.02318    ])
[7.01814494e+02 2.31800113e-02]
124     , -37.7011    , array([ 449.385    ,  0.0875333  ])
126     , -37.7011    , array([ 449.385    ,  0.0876209  ])
128     , -37.6911    , array([ 701.965    ,  0.0357479  ])
[7.01263880e+02 3.57478627e-02]
130     , -37.7003    , array([ 449.385    ,  0.0851685  ])
132     , -37.7003    , array([ 449.385    ,  0.0852537  ])
134     , -37.691     , array([ 702.012    ,  0.0347833  ])
[7.01310494e+02 3.47832579e-02]
136     , -37.6906    , array([ 449.385    ,  0.0190668  ])
138     , -37.6906    , array([ 449.385    ,  0.0190859  ])
140     , -37.6903    , array([ 702.926    ,  0.00779204 ])
[7.02223820e+02 7.79203622e-03]
142     , -37.6997    , array([ 449.385    ,  0.0832792  ])
144     , -37.6998    , array([ 449.385    ,  0.0833625  ])
146     , -37.691     , array([ 702.049    ,  0.0340125  ])
[7.01347392e+02 3.40125449e-02]
148     , -37.6908    , array([ 449.385    ,  0.0228443  ])
150     , -37.6908    , array([ 449.385    ,  0.0228671  ])
152     , -37.6904    , array([ 702.88     ,  0.00933545 ])
[7.02177585e+02 9.33545318e-03]
154     , -37.6964    , array([ 449.385    ,  0.0705547  ])
156     , -37.6964    , array([ 449.385    ,  0.0706253  ])
158     , -37.6908    , array([ 702.288    ,  0.0288206  ])
[7.01586239e+02 2.88205526e-02]
160     , -37.6904    , array([ 449.385    ,  0.0085286  ])
162     , -37.6904    , array([ 449.385    ,  0.00853713 ])
164     , -37.6903    , array([ 703.357    ,  0.00348645 ])
[7.02653751e+02 3.48644635e-03]
166     , -37.7054    , array([ 449.385    ,  0.098681   ])
168     , -37.7055    , array([ 449.385    ,  0.0987798  ])
170     , -37.6913    , array([ 701.741    ,  0.0402941  ])
[7.01039198e+02 4.02941002e-02]
172     , -37.702     , array([ 449.385    ,  0.0901701  ])
174     , -37.7021    , array([ 449.385    ,  0.0902604  ])
176     , -37.6911    , array([ 701.913    ,  0.0368234  ])
[7.01211281e+02 3.68233636e-02]
178     , -37.6983    , array([ 449.385    ,  0.0783462  ])
180     , -37.6983    , array([ 449.385    ,  0.0784246  ])
182     , -37.6909    , array([ 702.144    ,  0.032      ])
[7.01442323e+02 3.19999751e-02]
184     , -37.6999    , array([ 449.385    ,  0.0837976  ])
186     , -37.6999    , array([ 449.385    ,  0.0838814  ])
188     , -37.691     , array([ 702.039    ,  0.034224   ])
[7.01337367e+02 3.42240110e-02]
190     , -37.6904    , array([ 449.385    ,  0.0102215  ])
192     , -37.6904    , array([ 449.385    ,  0.0102317  ])
194     , -37.6903    , array([ 703.21     ,  0.00417807 ])
[7.02506761e+02 4.17806835e-03]
196     , -37.6903    , array([ 449.385    ,  0.000804598])
198     , -37.6903    , array([ 449.385    ,  0.000805403])
[4.49385055e+02 8.04597940e-04]
200     , -37.7242    , array([ 243.379    ,  0.0954182  ])
202     , -37.6921    , array([ 378.463    ,  0.0389196  ])
204     , -37.6921    , array([ 378.463    ,  0.0389586  ])
[3.78462648e+02 3.89196229e-02]
206     , -37.6979    , array([ 243.379    ,  0.0567371  ])
208     , -37.6909    , array([ 379.218    ,  0.023165   ])
210     , -37.6909    , array([ 379.218    ,  0.0231882  ])
[3.79217992e+02 2.31650489e-02]
212     , -37.7163    , array([ 243.379    ,  0.0875333  ])
214     , -37.6918    , array([ 378.621    ,  0.0357109  ])
216     , -37.6918    , array([ 378.621    ,  0.0357466  ])
[3.78621119e+02 3.57108777e-02]
218     , -37.7143    , array([ 243.379    ,  0.0851685  ])
220     , -37.6917    , array([ 378.669    ,  0.0347483  ])
222     , -37.6917    , array([ 378.669    ,  0.034783   ])
[3.78668626e+02 3.47482772e-02]
224     , -37.6909    , array([ 243.379    ,  0.0190668  ])
226     , -37.6904    , array([ 379.641    ,  0.00778906 ])
228     , -37.6904    , array([ 379.641    ,  0.00779685 ])
[3.79640778e+02 7.78905603e-03]
230     , -37.7127    , array([ 243.379    ,  0.0832792  ])
232     , -37.6916    , array([ 378.707    ,  0.0339791  ])
234     , -37.6916    , array([ 378.707    ,  0.0340131  ])
[3.78706518e+02 3.39791312e-02]
236     , -37.6912    , array([ 243.379    ,  0.0228443  ])
238     , -37.6904    , array([ 379.626    ,  0.00933201 ])
240     , -37.6904    , array([ 379.626    ,  0.00934135 ])
[3.79626258e+02 9.33201152e-03]
242     , -37.7042    , array([ 243.379    ,  0.0705547  ])
244     , -37.6912    , array([ 378.959    ,  0.0287969  ])
246     , -37.6912    , array([ 378.959    ,  0.0288257  ])
[3.78958848e+02 2.87968532e-02]
248     , -37.6904    , array([ 243.379    ,  0.0085286  ])
250     , -37.6903    , array([ 379.718    ,  0.0034844  ])
252     , -37.6903    , array([ 379.718    ,  0.00348789 ])
[3.79717549e+02 3.48439889e-03]
254     , -37.728     , array([ 243.379    ,  0.098681   ])
256     , -37.6922    , array([ 378.397    ,  0.0402471  ])
258     , -37.6923    , array([ 378.397    ,  0.0402873  ])
[3.78397194e+02 4.02470645e-02]
260     , -37.7188    , array([ 243.379    ,  0.0901701  ])
262     , -37.6919    , array([ 378.568    ,  0.0367841  ])
264     , -37.6919    , array([ 378.568    ,  0.0368209  ])
[3.78568111e+02 3.67840930e-02]
266     , -37.709     , array([ 243.379    ,  0.0783462  ])
268     , -37.6915    , array([ 378.805    ,  0.0319705  ])
270     , -37.6915    , array([ 378.805    ,  0.0320025  ])
[3.78805115e+02 3.19705027e-02]
272     , -37.7131    , array([ 243.379    ,  0.0837976  ])
274     , -37.6917    , array([ 378.696    ,  0.0341902  ])
276     , -37.6917    , array([ 378.696    ,  0.0342244  ])
[3.78696131e+02 3.41901689e-02]
278     , -37.6905    , array([ 243.379    ,  0.0102215  ])
280     , -37.6903    , array([ 379.689    ,  0.00417589 ])
282     , -37.6903    , array([ 379.689    ,  0.00418007 ])
[3.79688504e+02 4.17589207e-03]
284     , -37.6903    , array([ 243.379    ,  0.000804598])
[2.43136037e+02 8.04597940e-04]
286     , -37.7024    , array([ 492.309    ,  0.0954182  ])
288     , -37.7024    , array([ 492.309    ,  0.0955136  ])
290     , -37.6911    , array([ 769.013    ,  0.0389679  ])
[7.68244525e+02 3.89679278e-02]
292     , -37.6935    , array([ 492.309    ,  0.0567371  ])
294     , -37.6935    , array([ 492.309    ,  0.0567939  ])
296     , -37.6906    , array([ 769.713    ,  0.0231814  ])
[7.68943961e+02 2.31814224e-02]
298     , -37.6998    , array([ 492.309    ,  0.0875333  ])
300     , -37.6999    , array([ 492.309    ,  0.0876209  ])
302     , -37.691     , array([ 769.171    ,  0.0357514  ])
[7.68401864e+02 3.57514494e-02]
304     , -37.6992    , array([ 492.309    ,  0.0851685  ])
306     , -37.6992    , array([ 492.309    ,  0.0852537  ])
308     , -37.691     , array([ 769.217    ,  0.0347866  ])
[7.68448256e+02 3.47866430e-02]
310     , -37.6906    , array([ 492.309    ,  0.0190668  ])
312     , -37.6906    , array([ 492.309    ,  0.0190859  ])
314     , -37.6903    , array([ 770.149    ,  0.00779244 ])
[7.69379281e+02 7.79244486e-03]
316     , -37.6986    , array([ 492.309    ,  0.0832792  ])
318     , -37.6987    , array([ 492.309    ,  0.0833625  ])
320     , -37.6909    , array([ 769.254    ,  0.0340158  ])
[7.68484773e+02 3.40157694e-02]
322     , -37.6907    , array([ 492.309    ,  0.0228443  ])
324     , -37.6907    , array([ 492.309    ,  0.0228671  ])
326     , -37.6904    , array([ 770.091    ,  0.0093359  ])
[7.69321194e+02 9.33589769e-03]
328     , -37.6957    , array([ 492.309    ,  0.0705547  ])
330     , -37.6957    , array([ 492.309    ,  0.0706253  ])
332     , -37.6908    , array([ 769.489    ,  0.0288228  ])
[7.68720302e+02 2.88227988e-02]
334     , -37.6904    , array([ 492.309    ,  0.0085286  ])
336     , -37.6904    , array([ 492.309    ,  0.00853713 ])
338     , -37.6903    , array([ 770.659    ,  0.00348672 ])
[7.69889018e+02 3.48671709e-03]
340     , -37.7036    , array([ 492.309    ,  0.098681   ])
342     , -37.7036    , array([ 492.309    ,  0.0987798  ])
344     , -37.6912    , array([ 768.947    ,  0.0402987  ])
[7.68178323e+02 4.02987298e-02]
346     , -37.7006    , array([ 492.309    ,  0.0901701  ])
348     , -37.7007    , array([ 492.309    ,  0.0902604  ])
350     , -37.691     , array([ 769.118    ,  0.0368272  ])
[7.68349705e+02 3.68271879e-02]
352     , -37.6974    , array([ 492.309    ,  0.0783462  ])
354     , -37.6974    , array([ 492.309    ,  0.0784246  ])
356     , -37.6909    , array([ 769.348    ,  0.0320028  ])
[7.68578538e+02 3.20027976e-02]
358     , -37.6988    , array([ 492.309    ,  0.0837976  ])
360     , -37.6988    , array([ 492.309    ,  0.0838814  ])
362     , -37.6909    , array([ 769.244    ,  0.0342273  ])
[7.68474931e+02 3.42272807e-02]
364     , -37.6904    , array([ 492.309    ,  0.0102215  ])
366     , -37.6904    , array([ 492.309    ,  0.0102317  ])
368     , -37.6903    , array([ 770.512    ,  0.00417843 ])
[7.69741816e+02 4.17843018e-03]
370     , -37.6903    , array([ 492.309    ,  0.000804598])
372     , -37.6903    , array([ 492.309    ,  0.000805403])
[4.92309146e+02 8.04597940e-04]
374     , -37.6968    , array([ 782        ,  0.0954182  ])
376     , -37.6908    , array([ 1220.1     ,  0.038984   ])
378     , -37.6908    , array([ 1220.1     ,  0.039023   ])
[1.22009514e+03 3.89839828e-02]
380     , -37.6922    , array([ 782        ,  0.0567371  ])
382     , -37.6905    , array([ 1220.76    ,  0.0231868  ])
384     , -37.6905    , array([ 1220.76    ,  0.02321    ])
[1.22076401e+03 2.31868086e-02]
386     , -37.6955    , array([ 782        ,  0.0875333  ])
388     , -37.6907    , array([ 1220.25    ,  0.0357648  ])
390     , -37.6907    , array([ 1220.25    ,  0.0358005  ])
[1.22024736e+03 3.57647614e-02]
392     , -37.6952    , array([ 782        ,  0.0851685  ])
394     , -37.6907    , array([ 1220.29    ,  0.0347992  ])
396     , -37.6907    , array([ 1220.29    ,  0.034834   ])
[1.22029181e+03 3.47991827e-02]
398     , -37.6905    , array([ 782        ,  0.0190668  ])
400     , -37.6903    , array([ 1221.58    ,  0.00779465 ])
402     , -37.6903    , array([ 1221.58    ,  0.00780245 ])
[1.22157854e+03 7.79465186e-03]
404     , -37.6949    , array([ 782        ,  0.0832792  ])
406     , -37.6907    , array([ 1220.33    ,  0.0340277  ])
408     , -37.6907    , array([ 1220.33    ,  0.0340618  ])
[1.22032685e+03 3.40277140e-02]
410     , -37.6906    , array([ 782        ,  0.0228443  ])
412     , -37.6903    , array([ 1221.39    ,  0.00933819 ])
414     , -37.6903    , array([ 1221.39    ,  0.00934753 ])
[1.22139429e+03 9.33818977e-03]
416     , -37.6934    , array([ 782        ,  0.0705547  ])
418     , -37.6906    , array([ 1220.55    ,  0.0288311  ])
420     , -37.6906    , array([ 1220.55    ,  0.02886    ])
[1.22054948e+03 2.88311454e-02]
422     , -37.6903    , array([ 782        ,  0.0085286  ])
424     , -37.6903    , array([ 1222.88    ,  0.00348842 ])
426     , -37.6903    , array([ 1222.88    ,  0.00349191 ])
[1.22288450e+03 3.48841622e-03]
428     , -37.6974    , array([ 782        ,  0.098681   ])
430     , -37.6909    , array([ 1220.03    ,  0.040316   ])
432     , -37.6909    , array([ 1220.03    ,  0.0403563  ])
[1.22003033e+03 4.03159928e-02]
434     , -37.6959    , array([ 782        ,  0.0901701  ])
436     , -37.6908    , array([ 1220.2     ,  0.0368414  ])
438     , -37.6908    , array([ 1220.2     ,  0.0368782  ])
[1.22019701e+03 3.68413863e-02]
440     , -37.6943    , array([ 782        ,  0.0783462  ])
442     , -37.6907    , array([ 1220.42    ,  0.0320133  ])
444     , -37.6907    , array([ 1220.42    ,  0.0320453  ])
[1.22041553e+03 3.20132518e-02]
446     , -37.695     , array([ 782        ,  0.0837976  ])
448     , -37.6907    , array([ 1220.32    ,  0.0342394  ])
450     , -37.6907    , array([ 1220.32    ,  0.0342736  ])
[1.22031727e+03 3.42393837e-02]
452     , -37.6904    , array([ 782        ,  0.0102215  ])
454     , -37.6903    , array([ 1222.55    ,  0.00418029 ])
456     , -37.6903    , array([ 1222.55    ,  0.00418447 ])
[1.22254571e+03 4.18028551e-03]
458     , -37.6903    , array([ 782        ,  0.000804598])
[7.81218524e+02 8.04597940e-04]
460     , -37.7178    , array([ 279.687    ,  0.0954182  ])
462     , -37.7178    , array([ 279.687    ,  0.0955136  ])
464     , -37.6918    , array([ 436.083    ,  0.0389324  ])
[4.35646928e+02 3.89324143e-02]
466     , -37.6967    , array([ 279.687    ,  0.0567371  ])
468     , -37.6967    , array([ 279.687    ,  0.0567939  ])
470     , -37.6908    , array([ 436.832    ,  0.0231695  ])
[4.36395801e+02 2.31695234e-02]
472     , -37.7115    , array([ 279.687    ,  0.0875333  ])
474     , -37.7116    , array([ 279.687    ,  0.0876209  ])
476     , -37.6916    , array([ 436.242    ,  0.0357217  ])
[4.35806144e+02 3.57216873e-02]
478     , -37.7098    , array([ 279.687    ,  0.0851685  ])
480     , -37.7099    , array([ 279.687    ,  0.0852537  ])
482     , -37.6915    , array([ 436.29     ,  0.0347585  ])
[4.35853731e+02 3.47585189e-02]
484     , -37.6908    , array([ 279.687    ,  0.0190668  ])
486     , -37.6908    , array([ 279.687    ,  0.0190859  ])
488     , -37.6904    , array([ 437.235    ,  0.00778982 ])
[4.36798131e+02 7.78981722e-03]
490     , -37.7086    , array([ 279.687    ,  0.0832792  ])
492     , -37.7087    , array([ 279.687    ,  0.0833625  ])
494     , -37.6914    , array([ 436.328    ,  0.0339889  ])
[4.35891634e+02 3.39889286e-02]
496     , -37.6911    , array([ 279.687    ,  0.0228443  ])
498     , -37.6911    , array([ 279.687    ,  0.0228671  ])
500     , -37.6904    , array([ 437.219    ,  0.00933293 ])
[4.36781905e+02 9.33292849e-03]
502     , -37.7017    , array([ 279.687    ,  0.0705547  ])
504     , -37.7018    , array([ 279.687    ,  0.0706253  ])
506     , -37.6911    , array([ 436.579    ,  0.0288039  ])
[4.36142398e+02 2.88038725e-02]
508     , -37.6904    , array([ 279.687    ,  0.0085286  ])
510     , -37.6904    , array([ 279.687    ,  0.00853713 ])
512     , -37.6903    , array([ 437.357    ,  0.00348487 ])
[4.36920221e+02 3.48487380e-03]
514     , -37.7207    , array([ 279.687    ,  0.098681   ])
516     , -37.7208    , array([ 279.687    ,  0.0987798  ])
518     , -37.692     , array([ 436.017    ,  0.0402607  ])
[4.35580956e+02 4.02607138e-02]
520     , -37.7134    , array([ 279.687    ,  0.0901701  ])
522     , -37.7135    , array([ 279.687    ,  0.0902604  ])
524     , -37.6917    , array([ 436.189    ,  0.0367956  ])
[4.35752969e+02 3.67955504e-02]
526     , -37.7056    , array([ 279.687    ,  0.0783462  ])
528     , -37.7057    , array([ 279.687    ,  0.0784246  ])
530     , -37.6913    , array([ 436.426    ,  0.0319792  ])
[4.35989959e+02 3.19791767e-02]
532     , -37.7089    , array([ 279.687    ,  0.0837976  ])
534     , -37.709     , array([ 279.687    ,  0.0838814  ])
536     , -37.6915    , array([ 436.317    ,  0.0342001  ])
[4.35881224e+02 3.42000864e-02]
538     , -37.6905    , array([ 279.687    ,  0.0102215  ])
540     , -37.6905    , array([ 279.687    ,  0.0102317  ])
542     , -37.6903    , array([ 437.311    ,  0.0041764  ])
[4.36873840e+02 4.17639936e-03]
544     , -37.6903    , array([ 279.687    ,  0.000804598])
546     , -37.6903    , array([ 279.687    ,  0.000805403])
[2.79686827e+02 8.04597940e-04]
548     , -37.7035    , array([ 462.411    ,  0.0954182  ])
550     , -37.6912    , array([ 720.758    ,  0.038965   ])
552     , -37.6912    , array([ 720.758    ,  0.039004   ])
[7.20757763e+02 3.89649660e-02]
554     , -37.6937    , array([ 462.411    ,  0.0567371  ])
556     , -37.6906    , array([ 721.464    ,  0.0231805  ])
558     , -37.6906    , array([ 721.464    ,  0.0232037  ])
[7.21464129e+02 2.31804587e-02]
560     , -37.7007    , array([ 462.411    ,  0.0875333  ])
562     , -37.691     , array([ 720.916    ,  0.035749   ])
564     , -37.6911    , array([ 720.916    ,  0.0357848  ])
[7.20915789e+02 3.57489872e-02]
566     , -37.6999    , array([ 462.411    ,  0.0851685  ])
568     , -37.691     , array([ 720.962    ,  0.0347843  ])
570     , -37.691     , array([ 720.962    ,  0.0348191  ])
[7.20962328e+02 3.47843191e-02]
572     , -37.6906    , array([ 462.411    ,  0.0190668  ])
574     , -37.6903    , array([ 721.879    ,  0.00779215 ])
576     , -37.6903    , array([ 721.879    ,  0.00779995 ])
[7.21878598e+02 7.79215285e-03]
578     , -37.6994    , array([ 462.411    ,  0.0832792  ])
580     , -37.691     , array([ 720.999    ,  0.0340136  ])
582     , -37.691     , array([ 720.999    ,  0.0340476  ])
[7.20999260e+02 3.40135593e-02]
584     , -37.6908    , array([ 462.411    ,  0.0228443  ])
586     , -37.6904    , array([ 721.83     ,  0.00933559 ])
588     , -37.6904    , array([ 721.83     ,  0.00934493 ])
[7.21830301e+02 9.33558794e-03]
590     , -37.6962    , array([ 462.411    ,  0.0705547  ])
592     , -37.6908    , array([ 721.237    ,  0.0288213  ])
594     , -37.6908    , array([ 721.237    ,  0.0288501  ])
[7.21236836e+02 2.88212546e-02]
596     , -37.6904    , array([ 462.411    ,  0.0085286  ])
598     , -37.6903    , array([ 722.335    ,  0.00348653 ])
600     , -37.6903    , array([ 722.335    ,  0.00349002 ])
[7.22334917e+02 3.48653325e-03]
602     , -37.7048    , array([ 462.411    ,  0.098681   ])
604     , -37.6913    , array([ 720.691    ,  0.0402956  ])
606     , -37.6913    , array([ 720.691    ,  0.0403359  ])
[7.20691430e+02 4.02955504e-02]
608     , -37.7016    , array([ 462.411    ,  0.0901701  ])
610     , -37.6911    , array([ 720.863    ,  0.0368246  ])
612     , -37.6911    , array([ 720.863    ,  0.0368614  ])
[7.20863440e+02 3.68245654e-02]
614     , -37.698     , array([ 462.411    ,  0.0783462  ])
616     , -37.6909    , array([ 721.094    ,  0.0320009  ])
618     , -37.6909    , array([ 721.094    ,  0.0320329  ])
[7.21093718e+02 3.20008607e-02]
620     , -37.6995    , array([ 462.411    ,  0.0837976  ])
622     , -37.691     , array([ 720.989    ,  0.034225   ])
624     , -37.691     , array([ 720.989    ,  0.0342593  ])
[7.20989163e+02 3.42250366e-02]
626     , -37.6904    , array([ 462.411    ,  0.0102215  ])
628     , -37.6903    , array([ 722.188    ,  0.00417818 ])
630     , -37.6903    , array([ 722.188    ,  0.00418236 ])
[7.22187960e+02 4.17818442e-03]
632     , -37.6903    , array([ 462.411    ,  0.000804598])
[4.61949183e+02 8.04597940e-04]
634     , -37.6955    , array([ 930.492    ,  0.0954182  ])
636     , -37.6955    , array([ 930.492    ,  0.0955136  ])
638     , -37.6907    , array([ 1455       ,  0.0389882  ])
[1.45354317e+03 3.89881921e-02]
640     , -37.6918    , array([ 930.492    ,  0.0567371  ])
642     , -37.6918    , array([ 930.492    ,  0.0567939  ])
644     , -37.6905    , array([ 1455.68    ,  0.0231884  ])
[1.45422350e+03 2.31883889e-02]
646     , -37.6945    , array([ 930.492    ,  0.0875333  ])
648     , -37.6945    , array([ 930.492    ,  0.0876209  ])
650     , -37.6907    , array([ 1455.15    ,  0.0357683  ])
[1.45369450e+03 3.57682564e-02]
652     , -37.6942    , array([ 930.492    ,  0.0851685  ])
654     , -37.6942    , array([ 930.492    ,  0.0852537  ])
656     , -37.6906    , array([ 1455.19    ,  0.0348025  ])
[1.45373934e+03 3.48024868e-02]
658     , -37.6905    , array([ 930.492    ,  0.0190668  ])
660     , -37.6905    , array([ 930.492    ,  0.0190859  ])
662     , -37.6903    , array([ 1456.81    ,  0.00779561 ])
[1.45535161e+03 7.79560674e-03]
664     , -37.694     , array([ 930.492    ,  0.0832792  ])
666     , -37.694     , array([ 930.492    ,  0.0833625  ])
668     , -37.6906    , array([ 1455.23    ,  0.0340309  ])
[1.45377424e+03 3.40308652e-02]
670     , -37.6905    , array([ 930.492    ,  0.0228443  ])
672     , -37.6905    , array([ 930.492    ,  0.0228671  ])
674     , -37.6903    , array([ 1456.55    ,  0.0093392  ])
[1.45508931e+03 9.33919601e-03]
676     , -37.6928    , array([ 930.492    ,  0.0705547  ])
678     , -37.6928    , array([ 930.492    ,  0.0706253  ])
680     , -37.6905    , array([ 1455.45    ,  0.0288334  ])
[1.45399865e+03 2.88334131e-02]
682     , -37.6903    , array([ 930.492    ,  0.0085286  ])
684     , -37.6903    , array([ 930.492    ,  0.00853713 ])
686     , -37.6903    , array([ 1458.54    ,  0.00348905 ])
[1.45707867e+03 3.48905051e-03]
688     , -37.696     , array([ 930.492    ,  0.098681   ])
690     , -37.696     , array([ 930.492    ,  0.0987798  ])
692     , -37.6908    , array([ 1454.93    ,  0.0403205  ])
[1.45347818e+03 4.03205142e-02]
694     , -37.6948    , array([ 930.492    ,  0.0901701  ])
696     , -37.6948    , array([ 930.492    ,  0.0902604  ])
698     , -37.6907    , array([ 1455.1     ,  0.0368451  ])
[1.45364469e+03 3.68451147e-02]
700     , -37.6935    , array([ 930.492    ,  0.0783462  ])
702     , -37.6935    , array([ 930.492    ,  0.0784246  ])
704     , -37.6906    , array([ 1455.32    ,  0.032016   ])
[1.45386358e+03 3.20160380e-02]
706     , -37.6941    , array([ 930.492    ,  0.0837976  ])
708     , -37.6941    , array([ 930.492    ,  0.0838814  ])
710     , -37.6906    , array([ 1455.22    ,  0.0342426  ])
[1.45376461e+03 3.42425754e-02]
712     , -37.6904    , array([ 930.492    ,  0.0102215  ])
714     , -37.6904    , array([ 930.492    ,  0.0102317  ])
716     , -37.6903    , array([ 1458.16    ,  0.00418108 ])
[1.45670249e+03 4.18108457e-03]
718     , -37.6903    , array([ 930.492    ,  0.000804598])
720     , -37.6903    , array([ 930.492    ,  0.000805403])
[9.30492019e+02 8.04597940e-04]
722     , -37.6957    , array([ 904.74     ,  0.0954182  ])
724     , -37.6907    , array([ 1411.86    ,  0.0389875  ])
726     , -37.6908    , array([ 1411.86    ,  0.0390265  ])
[1.41185529e+03 3.89875411e-02]
728     , -37.6919    , array([ 904.74     ,  0.0567371  ])
730     , -37.6905    , array([ 1412.53    ,  0.0231881  ])
732     , -37.6905    , array([ 1412.53    ,  0.0232113  ])
[1.41253165e+03 2.31881284e-02]
734     , -37.6947    , array([ 904.74     ,  0.0875333  ])
736     , -37.6907    , array([ 1412.01    ,  0.0357677  ])
738     , -37.6907    , array([ 1412.01    ,  0.0358035  ])
[1.41200684e+03 3.57677164e-02]
740     , -37.6944    , array([ 904.74     ,  0.0851685  ])
742     , -37.6907    , array([ 1412.05    ,  0.034802   ])
744     , -37.6907    , array([ 1412.05    ,  0.0348368  ])
[1.41205130e+03 3.48019725e-02]
746     , -37.6905    , array([ 904.74     ,  0.0190668  ])
748     , -37.6903    , array([ 1413.61    ,  0.00779546 ])
750     , -37.6903    , array([ 1413.61    ,  0.00780326 ])
[1.41360770e+03 7.79546463e-03]
752     , -37.6942    , array([ 904.74     ,  0.0832792  ])
754     , -37.6906    , array([ 1412.09    ,  0.0340304  ])
756     , -37.6906    , array([ 1412.09    ,  0.0340644  ])
[1.41208591e+03 3.40303708e-02]
758     , -37.6905    , array([ 904.74     ,  0.0228443  ])
760     , -37.6903    , array([ 1413.34    ,  0.00933899 ])
762     , -37.6903    , array([ 1413.34    ,  0.00934833 ])
[1.41334232e+03 9.33899080e-03]
764     , -37.6929    , array([ 904.74     ,  0.0705547  ])
766     , -37.6905    , array([ 1412.31    ,  0.0288331  ])
768     , -37.6905    , array([ 1412.31    ,  0.0288619  ])
[1.41231001e+03 2.88330563e-02]
770     , -37.6903    , array([ 904.74     ,  0.0085286  ])
772     , -37.6903    , array([ 1415.27    ,  0.00348897 ])
774     , -37.6903    , array([ 1415.27    ,  0.00349246 ])
[1.41527422e+03 3.48897307e-03]
776     , -37.6962    , array([ 904.74     ,  0.098681   ])
778     , -37.6908    , array([ 1411.79    ,  0.0403198  ])
780     , -37.6908    , array([ 1411.79    ,  0.0403602  ])
[1.41179091e+03 4.03198231e-02]
782     , -37.695     , array([ 904.74     ,  0.0901701  ])
784     , -37.6907    , array([ 1411.96    ,  0.0368445  ])
786     , -37.6907    , array([ 1411.96    ,  0.0368814  ])
[1.41195721e+03 3.68445422e-02]
788     , -37.6936    , array([ 904.74     ,  0.0783462  ])
790     , -37.6906    , array([ 1412.18    ,  0.0320156  ])
792     , -37.6906    , array([ 1412.18    ,  0.0320476  ])
[1.41217537e+03 3.20156031e-02]
794     , -37.6942    , array([ 904.74     ,  0.0837976  ])
796     , -37.6906    , array([ 1412.08    ,  0.0342421  ])
798     , -37.6906    , array([ 1412.08    ,  0.0342763  ])
[1.41207669e+03 3.42420795e-02]
800     , -37.6904    , array([ 904.74     ,  0.0102215  ])
802     , -37.6903    , array([ 1414.84    ,  0.0041809  ])
804     , -37.6903    , array([ 1414.84    ,  0.00418508 ])
[1.41484411e+03 4.18089597e-03]
806     , -37.6903    , array([ 904.74     ,  0.000804598])
[9.0383563e+02 8.0459794e-04]
808     , -37.8394    , array([ 96.6029    ,  0.0954182  ])
810     , -37.8399    , array([ 96.6029    ,  0.0955136  ])
812     , -37.6957    , array([ 149.318    ,  0.0387675  ])
[1.49168582e+02 3.87674907e-02]
814     , -37.7181    , array([ 96.6029    ,  0.0567371  ])
816     , -37.7182    , array([ 96.6029    ,  0.0567939  ])
818     , -37.6919    , array([ 150.057    ,  0.0231071  ])
[1.49906711e+02 2.31070847e-02]
820     , -37.8017    , array([ 96.6029    ,  0.0875333  ])
822     , -37.8021    , array([ 96.6029    ,  0.0876209  ])
824     , -37.6946    , array([ 149.465    ,  0.0355808  ])
[1.49315154e+02 3.55808124e-02]
826     , -37.792     , array([ 96.6029    ,  0.0851685  ])
828     , -37.7923    , array([ 96.6029    ,  0.0852537  ])
830     , -37.6943    , array([ 149.509    ,  0.0346246  ])
[1.49359555e+02 3.46245530e-02]
832     , -37.692     , array([ 96.6029    ,  0.0190668  ])
834     , -37.692     , array([ 96.6029    ,  0.0190859  ])
836     , -37.6905    , array([ 150.65     ,  0.00778036 ])
[1.50499750e+02 7.78036022e-03]
838     , -37.7847    , array([ 96.6029    ,  0.0832792  ])
840     , -37.785     , array([ 96.6029    ,  0.0833625  ])
842     , -37.6941    , array([ 149.545    ,  0.0338604  ])
[1.49395173e+02 3.38603810e-02]
844     , -37.6928    , array([ 96.6029    ,  0.0228443  ])
846     , -37.6928    , array([ 96.6029    ,  0.0228671  ])
848     , -37.6905    , array([ 150.621    ,  0.00932087 ])
[1.50470203e+02 9.32086556e-03]
850     , -37.7452    , array([ 96.6029    ,  0.0705547  ])
852     , -37.7454    , array([ 96.6029    ,  0.0706253  ])
854     , -37.6929    , array([ 149.788    ,  0.0287094  ])
[1.49638301e+02 2.87094178e-02]
856     , -37.6906    , array([ 96.6029    ,  0.0085286  ])
858     , -37.6906    , array([ 96.6029    ,  0.00853713 ])
860     , -37.6903    , array([ 150.667    ,  0.00348034 ])
[1.50515951e+02 3.48034380e-03]
862     , -37.8575    , array([ 96.6029    ,  0.098681   ])
864     , -37.8581    , array([ 96.6029    ,  0.0987798  ])
866     , -37.6961    , array([ 149.258    ,  0.0400854  ])
[1.49108577e+02 4.00853881e-02]
868     , -37.8134    , array([ 96.6029    ,  0.0901701  ])
870     , -37.8138    , array([ 96.6029    ,  0.0902604  ])
872     , -37.695     , array([ 149.415    ,  0.0366468  ])
[1.49265887e+02 3.66468057e-02]
874     , -37.7674    , array([ 96.6029    ,  0.0783462  ])
876     , -37.7677    , array([ 96.6029    ,  0.0784246  ])
878     , -37.6936    , array([ 149.638    ,  0.0318643  ])
[1.49488780e+02 3.18643478e-02]
880     , -37.7866    , array([ 96.6029    ,  0.0837976  ])
882     , -37.787     , array([ 96.6029    ,  0.0838814  ])
884     , -37.6942    , array([ 149.535    ,  0.0340701  ])
[1.49385388e+02 3.40700621e-02]
886     , -37.6907    , array([ 96.6029    ,  0.0102215  ])
888     , -37.6907    , array([ 96.6029    ,  0.0102317  ])
890     , -37.6904    , array([ 150.669    ,  0.00417123 ])
[1.50518609e+02 4.17122757e-03]
892     , -37.6903    , array([ 96.6029    ,  0.000804598])
894     , -37.6903    , array([ 96.6029    ,  0.000805403])
[9.66028544e+01 8.04597940e-04]
896     , -37.704     , array([ 449.818    ,  0.0954182  ])
898     , -37.6912    , array([ 701.079    ,  0.0389636  ])
900     , -37.6912    , array([ 701.079    ,  0.0390026  ])
[7.01079249e+02 3.89636133e-02]
902     , -37.6938    , array([ 449.818    ,  0.0567371  ])
904     , -37.6906    , array([ 701.788    ,  0.02318    ])
906     , -37.6906    , array([ 701.788    ,  0.0232032  ])
[7.01788355e+02 2.31800141e-02]
908     , -37.7011    , array([ 449.818    ,  0.0875333  ])
910     , -37.6911    , array([ 701.237    ,  0.0357479  ])
912     , -37.6911    , array([ 701.237    ,  0.0357836  ])
[7.01237474e+02 3.57478597e-02]
914     , -37.7003    , array([ 449.818    ,  0.0851685  ])
916     , -37.691     , array([ 701.284    ,  0.0347833  ])
918     , -37.691     , array([ 701.284    ,  0.0348181  ])
[7.01284194e+02 3.47832576e-02]
920     , -37.6906    , array([ 449.818    ,  0.0190668  ])
922     , -37.6903    , array([ 702.199    ,  0.00779205 ])
924     , -37.6903    , array([ 702.199    ,  0.00779984 ])
[7.02199140e+02 7.79204532e-03]
926     , -37.6997    , array([ 449.818    ,  0.0832792  ])
928     , -37.691     , array([ 701.321    ,  0.0340125  ])
930     , -37.691     , array([ 701.321    ,  0.0340466  ])
[7.01321103e+02 3.40125450e-02]
932     , -37.6908    , array([ 449.818    ,  0.0228443  ])
934     , -37.6904    , array([ 702.151    ,  0.00933545 ])
936     , -37.6904    , array([ 702.151    ,  0.00934479 ])
[7.02150881e+02 9.33545066e-03]
938     , -37.6964    , array([ 449.818    ,  0.0705547  ])
940     , -37.6908    , array([ 701.56     ,  0.0288205  ])
942     , -37.6908    , array([ 701.56     ,  0.0288494  ])
[7.01559764e+02 2.88205490e-02]
944     , -37.6904    , array([ 449.818    ,  0.0085286  ])
946     , -37.6903    , array([ 702.614    ,  0.00348641 ])
948     , -37.6903    , array([ 702.614    ,  0.0034899  ])
[7.02614425e+02 3.48641415e-03]
950     , -37.7054    , array([ 449.818    ,  0.098681   ])
952     , -37.6913    , array([ 701.013    ,  0.0402941  ])
954     , -37.6913    , array([ 701.013    ,  0.0403344  ])
[7.01012857e+02 4.02940985e-02]
956     , -37.702     , array([ 449.818    ,  0.0901701  ])
958     , -37.6911    , array([ 701.185    ,  0.0368234  ])
960     , -37.6911    , array([ 701.185    ,  0.0368602  ])
[7.01185007e+02 3.68233639e-02]
962     , -37.6983    , array([ 449.818    ,  0.0783462  ])
964     , -37.6909    , array([ 701.416    ,  0.032      ])
966     , -37.6909    , array([ 701.416    ,  0.032032   ])
[7.01415881e+02 3.19999718e-02]
968     , -37.6999    , array([ 449.818    ,  0.0837976  ])
970     , -37.691     , array([ 701.311    ,  0.034224   ])
972     , -37.691     , array([ 701.311    ,  0.0342583  ])
[7.01311072e+02 3.42240109e-02]
974     , -37.6904    , array([ 449.818    ,  0.0102215  ])
976     , -37.6903    , array([ 702.488    ,  0.00417809 ])
978     , -37.6903    , array([ 702.488    ,  0.00418227 ])
[7.02487573e+02 4.17808958e-03]
980     , -37.6903    , array([ 449.818    ,  0.000804598])
[4.49368209e+02 8.04597940e-04]
982     , -37.7188    , array([ 272.765    ,  0.0954182  ])
984     , -37.7189    , array([ 272.765    ,  0.0955136  ])
986     , -37.6919    , array([ 425.243    ,  0.0389303  ])
[4.24818451e+02 3.89302658e-02]
988     , -37.6969    , array([ 272.765    ,  0.0567371  ])
990     , -37.6969    , array([ 272.765    ,  0.0567939  ])
992     , -37.6908    , array([ 425.994    ,  0.0231688  ])
[4.25568686e+02 2.31687787e-02]
994     , -37.7123    , array([ 272.765    ,  0.0875333  ])
996     , -37.7124    , array([ 272.765    ,  0.0876209  ])
998     , -37.6916    , array([ 425.403    ,  0.0357199  ])
[4.24977560e+02 3.57198739e-02]
1000    , -37.7106    , array([ 272.765    ,  0.0851685  ])
1002    , -37.7106    , array([ 272.765    ,  0.0852537  ])
1004    , -37.6915    , array([ 425.45     ,  0.0347568  ])
[4.25025115e+02 3.47568005e-02]
1006    , -37.6909    , array([ 272.765    ,  0.0190668  ])
1008    , -37.6909    , array([ 272.765    ,  0.0190859  ])
1010    , -37.6904    , array([ 426.402    ,  0.0077897  ])
[4.25975691e+02 7.78969964e-03]
1012    , -37.7093    , array([ 272.765    ,  0.0832792  ])
1014    , -37.7093    , array([ 272.765    ,  0.0833625  ])
1016    , -37.6915    , array([ 425.488    ,  0.0339873  ])
[4.25063048e+02 3.39872863e-02]
1018    , -37.6911    , array([ 272.765    ,  0.0228443  ])
1020    , -37.6911    , array([ 272.765    ,  0.0228671  ])
1022    , -37.6904    , array([ 426.385    ,  0.00933278 ])
[4.25958786e+02 9.33277585e-03]
1024    , -37.7021    , array([ 272.765    ,  0.0705547  ])
1026    , -37.7022    , array([ 272.765    ,  0.0706253  ])
1028    , -37.6911    , array([ 425.74     ,  0.0288027  ])
[4.25314179e+02 2.88026999e-02]
1030    , -37.6904    , array([ 272.765    ,  0.0085286  ])
1032    , -37.6904    , array([ 272.765    ,  0.00853713 ])
1034    , -37.6903    , array([ 426.505    ,  0.00348476 ])
[4.26079031e+02 3.48475707e-03]
1036    , -37.7219    , array([ 272.765    ,  0.098681   ])
1038    , -37.722     , array([ 272.765    ,  0.0987798  ])
1040    , -37.692     , array([ 425.178    ,  0.0402584  ])
[4.24752550e+02 4.02584194e-02]
1042    , -37.7143    , array([ 272.765    ,  0.0901701  ])
1044    , -37.7144    , array([ 272.765    ,  0.0902604  ])
1046    , -37.6917    , array([ 425.35     ,  0.0367936  ])
[4.24924412e+02 3.67936278e-02]
1048    , -37.7062    , array([ 272.765    ,  0.0783462  ])
1050    , -37.7062    , array([ 272.765    ,  0.0784246  ])
1052    , -37.6913    , array([ 425.587    ,  0.0319777  ])
[4.25161462e+02 3.19777249e-02]
1054    , -37.7096    , array([ 272.765    ,  0.0837976  ])
1056    , -37.7097    , array([ 272.765    ,  0.0838814  ])
1058    , -37.6915    , array([ 425.478    ,  0.0341984  ])
[4.25052664e+02 3.41984248e-02]
1060    , -37.6905    , array([ 272.765    ,  0.0102215  ])
1062    , -37.6905    , array([ 272.765    ,  0.0102317  ])
1064    , -37.6903    , array([ 426.467    ,  0.00417629 ])
[4.26041010e+02 4.17629472e-03]
1066    , -37.6903    , array([ 272.765    ,  0.000804598])
1068    , -37.6903    , array([ 272.765    ,  0.000805403])
[2.72765362e+02 8.04597940e-04]
1070    , -37.6951    , array([ 996.1      ,  0.0954182  ])
1072    , -37.6907    , array([ 1554.59    ,  0.0389896  ])
1074    , -37.6907    , array([ 1554.59    ,  0.0390286  ])
[1.55458997e+03 3.89896120e-02]
1076    , -37.6917    , array([ 996.1      ,  0.0567371  ])
1078    , -37.6904    , array([ 1555.28    ,  0.023189   ])
1080    , -37.6904    , array([ 1555.28    ,  0.0232122  ])
[1.55528120e+03 2.31889635e-02]
1082    , -37.6942    , array([ 996.1      ,  0.0875333  ])
1084    , -37.6906    , array([ 1554.74    ,  0.0357695  ])
1086    , -37.6906    , array([ 1554.74    ,  0.0358052  ])
[1.55474264e+03 3.57694540e-02]
1088    , -37.6939    , array([ 996.1      ,  0.0851685  ])
1090    , -37.6906    , array([ 1554.79    ,  0.0348036  ])
1092    , -37.6906    , array([ 1554.79    ,  0.0348384  ])
[1.55478672e+03 3.48036089e-02]
1094    , -37.6905    , array([ 996.1      ,  0.0190668  ])
1096    , -37.6903    , array([ 1556.57    ,  0.00779601 ])
1098    , -37.6903    , array([ 1556.57    ,  0.00780381 ])
[1.55657146e+03 7.79601021e-03]
1100    , -37.6937    , array([ 996.1      ,  0.0832792  ])
1102    , -37.6906    , array([ 1554.82    ,  0.0340319  ])
1104    , -37.6906    , array([ 1554.82    ,  0.034066   ])
[1.55482190e+03 3.40319391e-02]
1106    , -37.6905    , array([ 996.1      ,  0.0228443  ])
1108    , -37.6903    , array([ 1556.25    ,  0.00933956 ])
1110    , -37.6903    , array([ 1556.25    ,  0.0093489  ])
[1.55625120e+03 9.33955992e-03]
1112    , -37.6926    , array([ 996.1      ,  0.0705547  ])
1114    , -37.6905    , array([ 1555.05    ,  0.0288342  ])
1116    , -37.6905    , array([ 1555.05    ,  0.0288631  ])
[1.55504889e+03 2.88342029e-02]
1118    , -37.6903    , array([ 996.1      ,  0.0085286  ])
1120    , -37.6903    , array([ 1558.46    ,  0.00348928 ])
1122    , -37.6903    , array([ 1558.46    ,  0.00349277 ])
[1.55846213e+03 3.48928055e-03]
1124    , -37.6955    , array([ 996.1      ,  0.098681   ])
1126    , -37.6907    , array([ 1554.53    ,  0.040322   ])
1128    , -37.6907    , array([ 1554.53    ,  0.0403624  ])
[1.55452517e+03 4.03220432e-02]
1130    , -37.6945    , array([ 996.1      ,  0.0901701  ])
1132    , -37.6907    , array([ 1554.69    ,  0.0368464  ])
1134    , -37.6907    , array([ 1554.69    ,  0.0368832  ])
[1.55469189e+03 3.68463780e-02]
1136    , -37.6933    , array([ 996.1      ,  0.0783462  ])
1138    , -37.6906    , array([ 1554.91    ,  0.032017   ])
1140    , -37.6906    , array([ 1554.91    ,  0.032049   ])
[1.55491141e+03 3.20169864e-02]
1142    , -37.6938    , array([ 996.1      ,  0.0837976  ])
1144    , -37.6906    , array([ 1554.81    ,  0.0342437  ])
1146    , -37.6906    , array([ 1554.81    ,  0.0342779  ])
[1.55481176e+03 3.42436576e-02]
1148    , -37.6904    , array([ 996.1      ,  0.0102215  ])
1150    , -37.6903    , array([ 1558.02    ,  0.0041813  ])
1152    , -37.6903    , array([ 1558.02    ,  0.00418549 ])
[1.55801885e+03 4.18130495e-03]
1154    , -37.6903    , array([ 996.1      ,  0.000804598])
[9.95104865e+02 8.04597940e-04]
1156    , -37.7001    , array([ 575.041    ,  0.0954182  ])
1158    , -37.7001    , array([ 575.041    ,  0.0955136  ])
1160    , -37.691     , array([ 898.54     ,  0.0389743  ])
[8.97642405e+02 3.89743025e-02]
1162    , -37.6929    , array([ 575.041    ,  0.0567371  ])
1164    , -37.693     , array([ 575.041    ,  0.0567939  ])
1166    , -37.6906    , array([ 899.226    ,  0.0231835  ])
[8.98326772e+02 2.31835148e-02]
1168    , -37.6981    , array([ 575.041    ,  0.0875333  ])
1170    , -37.6981    , array([ 575.041    ,  0.0876209  ])
1172    , -37.6909    , array([ 898.696    ,  0.0357567  ])
[8.97798156e+02 3.57567447e-02]
1174    , -37.6975    , array([ 575.041    ,  0.0851685  ])
1176    , -37.6975    , array([ 575.041    ,  0.0852537  ])
1178    , -37.6909    , array([ 898.742    ,  0.0347916  ])
[8.97843775e+02 3.47916306e-02]
1180    , -37.6906    , array([ 575.041    ,  0.0190668  ])
1182    , -37.6906    , array([ 575.041    ,  0.0190859  ])
1184    , -37.6903    , array([ 899.733    ,  0.00779314 ])
[8.98833246e+02 7.79314027e-03]
1186    , -37.6971    , array([ 575.041    ,  0.0832792  ])
1188    , -37.6971    , array([ 575.041    ,  0.0833625  ])
1190    , -37.6908    , array([ 898.778    ,  0.0340205  ])
[8.97879780e+02 3.40205215e-02]
1192    , -37.6907    , array([ 575.041    ,  0.0228443  ])
1194    , -37.6907    , array([ 575.041    ,  0.0228671  ])
1196    , -37.6904    , array([ 899.645    ,  0.00933663 ])
[8.98745903e+02 9.33662965e-03]
1198    , -37.6948    , array([ 575.041    ,  0.0705547  ])
1200    , -37.6948    , array([ 575.041    ,  0.0706253  ])
1202    , -37.6907    , array([ 899.008    ,  0.0288261  ])
[8.98109819e+02 2.88261071e-02]
1204    , -37.6904    , array([ 575.041    ,  0.0085286  ])
1206    , -37.6904    , array([ 575.041    ,  0.00853713 ])
1208    , -37.6903    , array([ 900.449    ,  0.00348726 ])
[8.99548597e+02 3.48726125e-03]
1210    , -37.701     , array([ 575.041    ,  0.098681   ])
1212    , -37.701     , array([ 575.041    ,  0.0987798  ])
1214    , -37.6911    , array([ 898.475    ,  0.0403056  ])
[8.97576587e+02 4.03055782e-02]
1216    , -37.6987    , array([ 575.041    ,  0.0901701  ])
1218    , -37.6987    , array([ 575.041    ,  0.0902604  ])
1220    , -37.6909    , array([ 898.645    ,  0.0368328  ])
[8.97746576e+02 3.68328325e-02]
1222    , -37.6961    , array([ 575.041    ,  0.0783462  ])
1224    , -37.6961    , array([ 575.041    ,  0.0784246  ])
1226    , -37.6908    , array([ 898.87     ,  0.032007   ])
[8.97971756e+02 3.20069581e-02]
1228    , -37.6972    , array([ 575.041    ,  0.0837976  ])
1230    , -37.6972    , array([ 575.041    ,  0.0838814  ])
1232    , -37.6908    , array([ 898.768    ,  0.0342321  ])
[8.97869781e+02 3.42320907e-02]
1234    , -37.6904    , array([ 575.041    ,  0.0102215  ])
1236    , -37.6904    , array([ 575.041    ,  0.0102317  ])
1238    , -37.6903    , array([ 900.247    ,  0.00417901 ])
[8.99347318e+02 4.17901390e-03]
1240    , -37.6903    , array([ 575.041    ,  0.000804598])
1242    , -37.6903    , array([ 575.041    ,  0.000805403])
[5.75041111e+02 8.04597940e-04]
1244    , -37.7548    , array([ 161.636    ,  0.0954182  ])
1246    , -37.6932    , array([ 250.688    ,  0.0388693  ])
1248    , -37.6932    , array([ 250.688    ,  0.0389082  ])
[2.50687926e+02 3.88692631e-02]
1250    , -37.7036    , array([ 161.636    ,  0.0567371  ])
1252    , -37.6912    , array([ 251.447    ,  0.0231466  ])
1254    , -37.6912    , array([ 251.447    ,  0.0231698  ])
[2.51446720e+02 2.31466453e-02]
1256    , -37.7392    , array([ 161.636    ,  0.0875333  ])
1258    , -37.6927    , array([ 250.842    ,  0.0356681  ])
1260    , -37.6927    , array([ 250.842    ,  0.0357037  ])
[2.50842142e+02 3.56680503e-02]
1262    , -37.7351    , array([ 161.636    ,  0.0851685  ])
1264    , -37.6925    , array([ 250.889    ,  0.0347076  ])
1266    , -37.6925    , array([ 250.889    ,  0.0347423  ])
[2.50888678e+02 3.47076123e-02]
1268    , -37.6913    , array([ 161.636    ,  0.0190668  ])
1270    , -37.6904    , array([ 251.946    ,  0.00778621 ])
1272    , -37.6904    , array([ 251.946    ,  0.007794   ])
[2.51946335e+02 7.78621142e-03]
1274    , -37.732     , array([ 161.636    ,  0.0832792  ])
1276    , -37.6924    , array([ 250.926    ,  0.0339402  ])
1278    , -37.6924    , array([ 250.926    ,  0.0339741  ])
[2.50925933e+02 3.39401623e-02]
1280    , -37.6917    , array([ 161.636    ,  0.0228443  ])
1282    , -37.6904    , array([ 251.929    ,  0.00932847 ])
1284    , -37.6904    , array([ 251.929    ,  0.0093378  ])
[2.51929266e+02 9.32846708e-03]
1286    , -37.7153    , array([ 161.636    ,  0.0705547  ])
1288    , -37.6918    , array([ 251.178    ,  0.0287685  ])
1290    , -37.6918    , array([ 251.178    ,  0.0287973  ])
[2.51177637e+02 2.87685309e-02]
1292    , -37.6905    , array([ 161.636    ,  0.0085286  ])
1294    , -37.6903    , array([ 251.964    ,  0.0034829  ])
1296    , -37.6903    , array([ 251.964    ,  0.00348638 ])
[2.51964026e+02 3.48289721e-03]
1298    , -37.7623    , array([ 161.636    ,  0.098681   ])
1300    , -37.6934    , array([ 250.625    ,  0.0401934  ])
1302    , -37.6934    , array([ 250.625    ,  0.0402337  ])
[2.50624589e+02 4.01934438e-02]
1304    , -37.744     , array([ 161.636    ,  0.0901701  ])
1306    , -37.6928    , array([ 250.79     ,  0.0367388  ])
1308    , -37.6928    , array([ 250.79     ,  0.0367756  ])
[2.50790397e+02 3.67388015e-02]
1310    , -37.7248    , array([ 161.636    ,  0.0783462  ])
1312    , -37.6921    , array([ 251.023    ,  0.0319358  ])
1314    , -37.6921    , array([ 251.023    ,  0.0319678  ])
[2.51023444e+02 3.19358231e-02]
1316    , -37.7328    , array([ 161.636    ,  0.0837976  ])
1318    , -37.6924    , array([ 250.916    ,  0.0341507  ])
1320    , -37.6924    , array([ 250.916    ,  0.0341849  ])
[2.50915702e+02 3.41507371e-02]
1322    , -37.6906    , array([ 161.636    ,  0.0102215  ])
1324    , -37.6903    , array([ 251.958    ,  0.0041742  ])
1326    , -37.6903    , array([ 251.958    ,  0.00417838 ])
[2.51958193e+02 4.17420337e-03]
1328    , -37.6903    , array([ 161.636    ,  0.000804598])
[1.61474354e+02 8.04597940e-04]
2       , -73.1015    , array([ 0.0742011  ,  0.00946402 ])
4       , -38.3502    , array([ 0.15515    ,  0.00482288 ])
6       , -38.3524    , array([ 0.15515    ,  0.00482771 ])
[0.15515039 0.00482288]
8       , -58.4765    , array([ 0.0742011  ,  0.007392   ])
10      , -37.9716    , array([ 0.154532   ,  0.00375061 ])
12      , -37.9726    , array([ 0.154532   ,  0.00375437 ])
[0.15453154 0.00375061]
14      , -45.5145    , array([ 0.0742011  ,  0.00495888 ])
16      , -37.7472    , array([ 0.153827   ,  0.00250374 ])
18      , -37.7475    , array([ 0.153827   ,  0.00250624 ])
[0.15382679 0.00250374]
20      , -63.7043    , array([ 0.0742011  ,  0.00817593 ])
22      , -38.092     , array([ 0.154721   ,  0.00415389 ])
24      , -38.0934    , array([ 0.154721   ,  0.00415804 ])
[0.15472106 0.00415389]
26      , -38.4479    , array([ 0.0742011  ,  0.00225087 ])
28      , -37.6849    , array([ 0.153131   ,  0.00113101 ])
30      , -37.6849    , array([ 0.153131   ,  0.00113215 ])
[0.15313139 0.00113101]
32      , -41.9146    , array([ 0.0742011  ,  0.00395261 ])
34      , -37.7072    , array([ 0.153537   ,  0.00199167 ])
36      , -37.7073    , array([ 0.153537   ,  0.00199367 ])
[0.1535374  0.00199167]
38      , -55.4292    , array([ 0.0742011  ,  0.00689962 ])
40      , -37.9086    , array([ 0.154322   ,  0.00349565 ])
42      , -37.9094    , array([ 0.154322   ,  0.00349914 ])
[0.15432179 0.00349565]
44      , -40.0098    , array([ 0.0742011  ,  0.00321421 ])
46      , -37.6921    , array([ 0.153368   ,  0.00161771 ])
48      , -37.6921    , array([ 0.153368   ,  0.00161933 ])
[0.1533684  0.00161771]
50      , -39.1694    , array([ 0.0742011  ,  0.00277322 ])
52      , -37.6873    , array([ 0.153253   ,  0.00139464 ])
54      , -37.6873    , array([ 0.153253   ,  0.00139604 ])
[0.15325258 0.00139464]
56      , -71.1451    , array([ 0.0742011  ,  0.00920596 ])
58      , -38.2921    , array([ 0.154962   ,  0.00468514 ])
60      , -38.2941    , array([ 0.154962   ,  0.00468983 ])
[0.15496201 0.00468514]
62      , -42.298     , array([ 0.0742011  ,  0.00407718 ])
64      , -37.7108    , array([ 0.153591   ,  0.00205521 ])
66      , -37.7109    , array([ 0.153591   ,  0.00205726 ])
[0.15359106 0.00205521]
68      , -37.8207    , array([ 0.0742011  ,  0.0013802  ])
70      , -37.6857    , array([ 0.152968   ,  0.000692738])
72      , -37.6857    , array([ 0.152968   ,  0.000693431])
[0.15296759 0.00069274]
74      , -37.6876    , array([ 0.0742011  ,  0.000217846])
76      , -37.7099    , array([ 0.0361195  ,  0.000436529])
78      , -37.71      , array([ 0.0361195  ,  0.000436966])
80      , -37.6854    , array([ 0.0588753  ,  0.000272452])
[0.0588165  0.00027245]
82      , -60.41      , array([ 0.0741269  ,  0.00768143 ])
84      , -60.4602    , array([ 0.0741269  ,  0.00768912 ])
86      , -38.0114    , array([ 0.154768   ,  0.00389971 ])
[0.15461349 0.00389971]
88      , -55.2992    , array([ 0.0741269  ,  0.00687063 ])
90      , -55.3407    , array([ 0.0741269  ,  0.00687751 ])
92      , -37.9043    , array([ 0.154458   ,  0.00348053 ])
[0.15430384 0.00348053]
94      , -111.03     , array([ 0.0519029  ,  0.00946402 ])
96      , -111.154    , array([ 0.0519029  ,  0.00947349 ])
98      , -39.9697    , array([ 0.108355   ,  0.00480411 ])
[0.1082466  0.00480411]
100     , -84.456     , array([ 0.0519029  ,  0.007392   ])
102     , -84.5466    , array([ 0.0519029  ,  0.0073994  ])
104     , -38.756     , array([ 0.107857   ,  0.00373375 ])
[0.10774932 0.00373375]
106     , -57.6661    , array([ 0.0519029  ,  0.00495888 ])
108     , -57.7119    , array([ 0.0519029  ,  0.00496385 ])
110     , -37.9653    , array([ 0.107347   ,  0.00249218 ])
[0.10723948 0.00249218]
112     , -94.2899    , array([ 0.0519029  ,  0.00817593 ])
114     , -94.3947    , array([ 0.0519029  ,  0.00818411 ])
116     , -39.153     , array([ 0.108023   ,  0.00413653 ])
[0.10791509 0.00413653]
118     , -40.1486    , array([ 0.0519029  ,  0.00225087 ])
120     , -40.1559    , array([ 0.0519029  ,  0.00225313 ])
122     , -37.6939    , array([ 0.106807   ,  0.00112527 ])
[0.10670037 0.00112527]
124     , -49.2441    , array([ 0.0519029  ,  0.00395261 ])
126     , -49.2734    , array([ 0.0519029  ,  0.00395656 ])
128     , -37.8057    , array([ 0.107105   ,  0.00198177 ])
[0.1069984  0.00198177]
130     , -78.4996    , array([ 0.0519029  ,  0.00689962 ])
132     , -78.5822    , array([ 0.0519029  ,  0.00690652 ])
134     , -38.5441    , array([ 0.107722   ,  0.00348039 ])
[0.1076144  0.00348039]
136     , -44.4404    , array([ 0.0519029  ,  0.00321421 ])
138     , -44.4586    , array([ 0.0519029  ,  0.00321743 ])
140     , -37.7372    , array([ 0.106981   ,  0.00160958 ])
[0.10687361 0.00160958]
142     , -42.1892    , array([ 0.0519029  ,  0.00277322 ])
144     , -42.2019    , array([ 0.0519029  ,  0.00277599 ])
146     , -37.7118    , array([ 0.106894   ,  0.00138757 ])
[0.10678721 0.00138757]
148     , -107.641    , array([ 0.0519029  ,  0.00920596 ])
150     , -107.762    , array([ 0.0519029  ,  0.00921517 ])
152     , -39.7896    , array([ 0.10827    ,  0.00466916 ])
[0.10816205 0.00466916]
154     , -50.1791    , array([ 0.0519029  ,  0.00407718 ])
156     , -50.2101    , array([ 0.0519029  ,  0.00408126 ])
158     , -37.8212    , array([ 0.107155   ,  0.00204523 ])
[0.10704836 0.00204523]
160     , -38.2054    , array([ 0.0519029  ,  0.0013802  ])
162     , -38.2072    , array([ 0.0519029  ,  0.00138158 ])
164     , -37.6848    , array([ 0.106653   ,  0.000688963])
[0.1065467  0.00068896]
166     , -37.6857    , array([ 0.0519029  ,  0.000217846])
168     , -37.6856    , array([ 0.0519029  ,  0.000218064])
170     , -37.801     , array([ 0.0251936  ,  0.000434335])
172     , -37.6849    , array([ 0.0434458  ,  0.000258102])
174     , -37.6849    , array([ 0.0434458  ,  0.00025836 ])
[0.04344584 0.0002581 ]
176     , -87.9324    , array([ 0.0519548  ,  0.00768143 ])
178     , -38.8995    , array([ 0.106827   ,  0.00384489 ])
180     , -38.9033    , array([ 0.106827   ,  0.00384874 ])
[0.10682736 0.00384489]
182     , -78.0647    , array([ 0.0519548  ,  0.00687063 ])
184     , -38.5355    , array([ 0.107599   ,  0.00346524 ])
186     , -38.5382    , array([ 0.107599   ,  0.0034687  ])
[0.1075989  0.00346524]
188     , -96.3065    , array([ 0.0583845  ,  0.00946402 ])
190     , -39.2426    , array([ 0.121736   ,  0.0048081  ])
192     , -39.2474    , array([ 0.121736   ,  0.00481292 ])
[0.12173591 0.0048081 ]
194     , -74.0416    , array([ 0.0583845  ,  0.007392   ])
196     , -38.3968    , array([ 0.121217   ,  0.00373815 ])
198     , -38.3991    , array([ 0.121217   ,  0.00374189 ])
[0.12121685 0.00373815]
200     , -52.574     , array([ 0.0583845  ,  0.00495888 ])
202     , -37.8621    , array([ 0.120622   ,  0.00249461 ])
204     , -37.8627    , array([ 0.120622   ,  0.00249711 ])
[0.12062213 0.00249461]
206     , -82.1729    , array([ 0.0583845  ,  0.00817593 ])
208     , -38.671     , array([ 0.121357   ,  0.00413973 ])
210     , -38.6741    , array([ 0.121357   ,  0.00414387 ])
[0.12135728 0.00413973]
212     , -39.384     , array([ 0.0583845  ,  0.00225087 ])
214     , -37.6888    , array([ 0.120066   ,  0.00112684 ])
216     , -37.6889    , array([ 0.120066   ,  0.00112796 ])
[0.12006573 0.00112684]
218     , -46.103     , array([ 0.0583845  ,  0.00395261 ])
220     , -37.7582    , array([ 0.120437   ,  0.00198518 ])
222     , -37.7585    , array([ 0.120437   ,  0.00198716 ])
[0.12043704 0.00198518]
224     , -69.1759    , array([ 0.0583845  ,  0.00689962 ])
226     , -38.2515    , array([ 0.121089   ,  0.00348521 ])
228     , -38.2534    , array([ 0.121089   ,  0.0034887  ])
[0.12108926 0.00348521]
230     , -42.5055    , array([ 0.0583845  ,  0.00321421 ])
232     , -37.7145    , array([ 0.120269   ,  0.00161195 ])
234     , -37.7147    , array([ 0.120269   ,  0.00161356 ])
[0.12026888 0.00161195]
236     , -40.8538    , array([ 0.0583845  ,  0.00277322 ])
238     , -37.6993    , array([ 0.120178   ,  0.0013897  ])
240     , -37.6994    , array([ 0.120178   ,  0.00139109 ])
[0.12017847 0.0013897 ]
242     , -93.4205    , array([ 0.0583845  ,  0.00920596 ])
244     , -39.1157    , array([ 0.121658   ,  0.00467373 ])
246     , -39.1201    , array([ 0.121658   ,  0.00467841 ])
[0.12165757 0.00467373]
248     , -46.8118    , array([ 0.0583845  ,  0.00407718 ])
250     , -37.7679    , array([ 0.120442   ,  0.00204783 ])
252     , -37.7682    , array([ 0.120442   ,  0.00204988 ])
[0.12044163 0.00204783]
254     , -38.0265    , array([ 0.0583845  ,  0.0013802  ])
256     , -37.685     , array([ 0.119902   ,  0.000689976])
258     , -37.685     , array([ 0.119902   ,  0.000690666])
[0.11990204 0.00068998]
260     , -37.6862    , array([ 0.0583845  ,  0.000217846])
262     , -37.7578    , array([ 0.0285194  ,  0.000438095])
264     , -37.7581    , array([ 0.0285194  ,  0.000438534])
266     , -37.685     , array([ 0.0479046  ,  0.000264272])
[0.04785672 0.00026427]
268     , -77.0757    , array([ 0.0583261  ,  0.00768143 ])
270     , -77.1541    , array([ 0.0583261  ,  0.00768912 ])
272     , -38.4893    , array([ 0.121429   ,  0.00388763 ])
[0.12130744 0.00388763]
274     , -68.9672    , array([ 0.0583261  ,  0.00687063 ])
276     , -69.0337    , array([ 0.0583261  ,  0.00687751 ])
278     , -38.2416    , array([ 0.121194   ,  0.00347007 ])
[0.12107296 0.00347007]
280     , -56.3379    , array([ 0.0970992  ,  0.00946402 ])
282     , -56.3807    , array([ 0.0970992  ,  0.00947349 ])
284     , -37.9113    , array([ 0.204244   ,  0.00484402 ])
[0.20404026 0.00484402]
286     , -48.0026    , array([ 0.0970992  ,  0.007392   ])
288     , -48.0287    , array([ 0.0970992  ,  0.0073994  ])
290     , -37.7734    , array([ 0.203458   ,  0.00376743 ])
[0.20325437 0.00376743]
292     , -41.2304    , array([ 0.0970992  ,  0.00495888 ])
294     , -41.2405    , array([ 0.0970992  ,  0.00496385 ])
296     , -37.6992    , array([ 0.202712   ,  0.00251726 ])
[0.20250919 0.00251726]
298     , -50.9074    , array([ 0.0970992  ,  0.00817593 ])
300     , -50.9397    , array([ 0.0970992  ,  0.00818411 ])
302     , -37.8163    , array([ 0.203731   ,  0.00417311 ])
[0.20352739 0.00417311]
304     , -37.9719    , array([ 0.0970992  ,  0.00225087 ])
306     , -37.9729    , array([ 0.0970992  ,  0.00225313 ])
308     , -37.6851    , array([ 0.201874   ,  0.00113752 ])
[0.20167253 0.00113752]
310     , -39.5055    , array([ 0.0970992  ,  0.00395261 ])
312     , -39.511     , array([ 0.0970992  ,  0.00395656 ])
314     , -37.6882    , array([ 0.202368   ,  0.00200277 ])
[0.20216597 0.00200277]
316     , -46.3502    , array([ 0.0970992  ,  0.00689962 ])
318     , -46.3723    , array([ 0.0970992  ,  0.00690652 ])
320     , -37.7516    , array([ 0.203386   ,  0.00351511 ])
[0.20318231 0.00351511]
322     , -38.6398    , array([ 0.0970992  ,  0.00321421 ])
324     , -38.6429    , array([ 0.0970992  ,  0.00321743 ])
326     , -37.6849    , array([ 0.202161   ,  0.00162683 ])
[0.20195876 0.00162683]
328     , -38.274     , array([ 0.0970992  ,  0.00277322 ])
330     , -38.276     , array([ 0.0970992  ,  0.00277599 ])
332     , -37.6846    , array([ 0.202074   ,  0.00140298 ])
[0.20187213 0.00140298]
334     , -55.19      , array([ 0.0970992  ,  0.00920596 ])
336     , -55.2303    , array([ 0.0970992  ,  0.00921517 ])
338     , -37.8895    , array([ 0.204209   ,  0.00471104 ])
[0.20400514 0.00471104]
340     , -39.6844    , array([ 0.0970992  ,  0.00407718 ])
342     , -39.6905    , array([ 0.0970992  ,  0.00408126 ])
344     , -37.6891    , array([ 0.202407   ,  0.00206632 ])
[0.202205   0.00206632]
346     , -37.727     , array([ 0.0970992  ,  0.0013802  ])
348     , -37.7271    , array([ 0.0970992  ,  0.00138158 ])
350     , -37.6871    , array([ 0.201806   ,  0.000697254])
[0.20160472 0.00069725]
352     , -37.6886    , array([ 0.0970992  ,  0.000217846])
354     , -37.6886    , array([ 0.0970992  ,  0.000218064])
356     , -37.6902    , array([ 0.0471356  ,  0.000434372])
358     , -37.6855    , array([ 0.0676399  ,  0.000307521])
360     , -37.6855    , array([ 0.0676399  ,  0.000307828])
[0.06763993 0.00030752]
362     , -49.009     , array([ 0.0971963  ,  0.00768143 ])
364     , -37.7886    , array([ 0.203463   ,  0.00391935 ])
366     , -37.789     , array([ 0.203463   ,  0.00392327 ])
[0.20346303 0.00391935]
368     , -46.2335    , array([ 0.0971963  ,  0.00687063 ])
370     , -37.7508    , array([ 0.203162   ,  0.00349996 ])
372     , -37.7511    , array([ 0.203162   ,  0.00350346 ])
[0.20316199 0.00349996]
374     , -108.69     , array([ 0.0528197  ,  0.00946402 ])
376     , -39.8574    , array([ 0.110079   ,  0.00480557 ])
378     , -39.8639    , array([ 0.110079   ,  0.00481038 ])
[0.11007947 0.00480557]
380     , -82.7695    , array([ 0.0528197  ,  0.007392   ])
382     , -38.7001    , array([ 0.109154   ,  0.00371966 ])
384     , -38.7034    , array([ 0.109154   ,  0.00372338 ])
[0.10915431 0.00371966]
386     , -56.8304    , array([ 0.0528197  ,  0.00495888 ])
388     , -37.9488    , array([ 0.109022   ,  0.00249211 ])
390     , -37.9498    , array([ 0.109022   ,  0.00249461 ])
[0.10902174 0.00249211]
392     , -92.3492    , array([ 0.0528197  ,  0.00817593 ])
394     , -39.078     , array([ 0.109751   ,  0.00413813 ])
396     , -39.0824    , array([ 0.109751   ,  0.00414227 ])
[0.10975104 0.00413813]
398     , -40.0181    , array([ 0.0528197  ,  0.00225087 ])
400     , -37.6931    , array([ 0.108493   ,  0.00112544 ])
402     , -37.6931    , array([ 0.108493   ,  0.00112657 ])
[0.10849312 0.00112544]
404     , -48.7234    , array([ 0.0528197  ,  0.00395261 ])
406     , -37.798     , array([ 0.108828   ,  0.00198268 ])
408     , -37.7984    , array([ 0.108828   ,  0.00198467 ])
[0.10882752 0.00198268]
410     , -76.992     , array([ 0.0528197  ,  0.00689962 ])
412     , -38.4984    , array([ 0.109451   ,  0.00348194 ])
414     , -38.5011    , array([ 0.109451   ,  0.00348542 ])
[0.10945149 0.00348194]
416     , -44.1143    , array([ 0.0528197  ,  0.00321421 ])
418     , -37.7335    , array([ 0.108664   ,  0.00160975 ])
420     , -37.7337    , array([ 0.108664   ,  0.00161136 ])
[0.10866366 0.00160975]
422     , -41.9626    , array([ 0.0528197  ,  0.00277322 ])
424     , -37.7097    , array([ 0.10858    ,  0.00138777 ])
426     , -37.7098    , array([ 0.10858    ,  0.00138916 ])
[0.10857966 0.00138777]
428     , -105.381    , array([ 0.0528197  ,  0.00920596 ])
430     , -39.6853    , array([ 0.109995   ,  0.00467067 ])
432     , -39.6914    , array([ 0.109995   ,  0.00467534 ])
[0.1099955  0.00467067]
434     , -49.6185    , array([ 0.0528197  ,  0.00407718 ])
436     , -37.8126    , array([ 0.108834   ,  0.00204531 ])
438     , -37.8131    , array([ 0.108834   ,  0.00204735 ])
[0.10883446 0.00204531]
440     , -38.1741    , array([ 0.0528197  ,  0.0013802  ])
442     , -37.6848    , array([ 0.108344   ,  0.000689117])
444     , -37.6848    , array([ 0.108344   ,  0.000689807])
[0.10834376 0.00068912]
446     , -37.6857    , array([ 0.0528197  ,  0.000217846])
448     , -37.7942    , array([ 0.0255667  ,  0.000433966])
450     , -37.7946    , array([ 0.0255667  ,  0.0004344  ])
452     , -37.6849    , array([ 0.044189   ,  0.000258134])
[0.04414479 0.00025813]
454     , -86.3664    , array([ 0.0527669  ,  0.00768143 ])
456     , -86.4602    , array([ 0.0527669  ,  0.00768912 ])
458     , -38.8275    , array([ 0.109719   ,  0.00388247 ])
[0.10960958 0.00388247]
460     , -76.7433    , array([ 0.0527669  ,  0.00687063 ])
462     , -76.8224    , array([ 0.0527669  ,  0.00687751 ])
464     , -38.4845    , array([ 0.109545   ,  0.00346678 ])
[0.1094359  0.00346678]
466     , -260.3      , array([ 0.0231956  ,  0.00946402 ])
468     , -260.486    , array([ 0.0231956  ,  0.00947349 ])
470     , -59.657     , array([ 0.0482435  ,  0.00478479 ])
[0.04819528 0.00478479]
472     , -212.866    , array([ 0.0231956  ,  0.007392   ])
474     , -213.06     , array([ 0.0231956  ,  0.0073994  ])
476     , -49.8595    , array([ 0.0481808  ,  0.00373203 ])
[0.04813267 0.00373203]
478     , -140.475    , array([ 0.0231956  ,  0.00495888 ])
480     , -140.634    , array([ 0.0231956  ,  0.00496385 ])
482     , -41.8841    , array([ 0.0477751  ,  0.00248137 ])
[0.04772738 0.00248137]
484     , -232.516    , array([ 0.0231956  ,  0.00817593 ])
486     , -232.712    , array([ 0.0231956  ,  0.00818411 ])
488     , -53.2786    , array([ 0.048333   ,  0.0041418  ])
[0.04828467 0.0041418 ]
490     , -59.9061    , array([ 0.0231956  ,  0.00225087 ])
492     , -59.9577    , array([ 0.0231956  ,  0.00225313 ])
494     , -38.0327    , array([ 0.0474641  ,  0.00111874 ])
[0.04741666 0.00111874]
496     , -108.11     , array([ 0.0231956  ,  0.00395261 ])
498     , -108.235    , array([ 0.0231956  ,  0.00395656 ])
500     , -39.8501    , array([ 0.0476514  ,  0.00197253 ])
[0.04760375 0.00197253]
502     , -199.49     , array([ 0.0231956  ,  0.00689962 ])
504     , -199.683    , array([ 0.0231956  ,  0.00690652 ])
506     , -47.9099    , array([ 0.048078   ,  0.00347552 ])
[0.04802996 0.00347552]
508     , -85.407     , array([ 0.0231956  ,  0.00321421 ])
510     , -85.5012    , array([ 0.0231956  ,  0.00321743 ])
512     , -38.8261    , array([ 0.0475687  ,  0.00160116 ])
[0.04752112 0.00160116]
514     , -72.945     , array([ 0.0231956  ,  0.00277322 ])
516     , -73.019     , array([ 0.0231956  ,  0.00277599 ])
518     , -38.3919    , array([ 0.0475249  ,  0.00138017 ])
[0.04747736 0.00138017]
520     , -255.183    , array([ 0.0231956  ,  0.00920596 ])
522     , -255.37     , array([ 0.0231956  ,  0.00921517 ])
524     , -58.3174    , array([ 0.048597   ,  0.0046913  ])
[0.04854843 0.0046913 ]
526     , -112.069    , array([ 0.0231956  ,  0.00407718 ])
528     , -112.198    , array([ 0.0231956  ,  0.00408126 ])
530     , -40.0615    , array([ 0.0476715  ,  0.00203558 ])
[0.04762385 0.00203558]
532     , -44.1758    , array([ 0.0231956  ,  0.0013802  ])
534     , -44.1934    , array([ 0.0231956  ,  0.00138158 ])
536     , -37.7381    , array([ 0.0473845  ,  0.000684821])
[0.04733713 0.00068482]
538     , -37.6916    , array([ 0.0231956  ,  0.000217846])
540     , -37.6916    , array([ 0.0231956  ,  0.000218064])
542     , -37.6885    , array([ 0.0472961  ,  0.000107885])
[0.04724879 0.00010789]
544     , -220.36     , array([ 0.0231956  ,  0.00768143 ])
546     , -220.554    , array([ 0.0231956  ,  0.00768912 ])
548     , -51.0751    , array([ 0.0482441  ,  0.00388361 ])
[0.04819592 0.00388361]
550     , -198.672    , array([ 0.0231956  ,  0.00687063 ])
552     , -198.867    , array([ 0.0231956  ,  0.00687751 ])
554     , -47.7986    , array([ 0.0479294  ,  0.00344962 ])
[0.0478815  0.00344962]
556     , -127.381    , array([ 0.0463395  ,  0.00946402 ])
558     , -127.525    , array([ 0.0463395  ,  0.00947349 ])
560     , -40.961     , array([ 0.0966575  ,  0.00479965 ])
[0.09656089 0.00479965]
562     , -96.4728    , array([ 0.0463395  ,  0.007392   ])
564     , -96.5795    , array([ 0.0463395  ,  0.0073994  ])
566     , -39.2575    , array([ 0.0962351  ,  0.00373123 ])
[0.09613888 0.00373123]
568     , -63.8719    , array([ 0.0463395  ,  0.00495888 ])
570     , -63.9295    , array([ 0.0463395  ,  0.00496385 ])
572     , -38.1148    , array([ 0.0957368  ,  0.00248935 ])
[0.09564115 0.00248935]
574     , -108.055    , array([ 0.0463395  ,  0.00817593 ])
576     , -108.178    , array([ 0.0463395  ,  0.00818411 ])
578     , -39.8194    , array([ 0.0963604  ,  0.00413268 ])
[0.09626412 0.00413268]
580     , -41.1651    , array([ 0.0463395  ,  0.00225087 ])
582     , -41.1752    , array([ 0.0463395  ,  0.00225313 ])
584     , -37.7027    , array([ 0.0952375  ,  0.00112378 ])
[0.09514235 0.00112378]
586     , -53.18      , array([ 0.0463395  ,  0.00395261 ])
588     , -53.2176    , array([ 0.0463395  ,  0.00395656 ])
590     , -37.8769    , array([ 0.0955331  ,  0.00197977 ])
[0.09543757 0.00197977]
592     , -89.3719    , array([ 0.0463395  ,  0.00689962 ])
594     , -89.4709    , array([ 0.0463395  ,  0.00690652 ])
596     , -38.955     , array([ 0.0960934  ,  0.00347723 ])
[0.09599739 0.00347723]
598     , -46.9188    , array([ 0.0463395  ,  0.00321421 ])
600     , -46.9428    , array([ 0.0463395  ,  0.00321743 ])
602     , -37.7715    , array([ 0.0954031  ,  0.00160764 ])
[0.09530779 0.00160764]
604     , -43.9259    , array([ 0.0463395  ,  0.00277322 ])
606     , -43.9427    , array([ 0.0463395  ,  0.00277599 ])
608     , -37.7317    , array([ 0.0953437  ,  0.00138617 ])
[0.0952484  0.00138617]
610     , -123.513    , array([ 0.0463395  ,  0.00920596 ])
612     , -123.65     , array([ 0.0463395  ,  0.00921517 ])
614     , -40.7098    , array([ 0.096637   ,  0.0046677  ])
[0.09654039 0.0046677 ]
616     , -54.3736    , array([ 0.0463395  ,  0.00407718 ])
618     , -54.4138    , array([ 0.0463395  ,  0.00408126 ])
620     , -37.9       , array([ 0.09492    ,  0.0020286  ])
[0.09482508 0.0020286 ]
622     , -38.4555    , array([ 0.0463395  ,  0.0013802  ])
624     , -38.458     , array([ 0.0463395  ,  0.00138158 ])
626     , -37.6852    , array([ 0.0951061  ,  0.000688102])
[0.09501105 0.0006881 ]
628     , -37.6854    , array([ 0.0463395  ,  0.000217846])
630     , -37.6854    , array([ 0.0463395  ,  0.000218064])
632     , -37.8656    , array([ 0.0226     ,  0.000436485])
634     , -37.6851    , array([ 0.0389934  ,  0.000257395])
636     , -37.6851    , array([ 0.0389934  ,  0.000257653])
638     , -37.685     , array([ 0.0429731  ,  0.000234546])
[0.04293011 0.00023455]
640     , -100.723    , array([ 0.0463395  ,  0.00768143 ])
642     , -100.837    , array([ 0.0463395  ,  0.00768912 ])
644     , -39.4534    , array([ 0.096272   ,  0.00387891 ])
[0.09617575 0.00387891]
646     , -88.9551    , array([ 0.0463395  ,  0.00687063 ])
648     , -89.0541    , array([ 0.0463395  ,  0.00687751 ])
650     , -38.9384    , array([ 0.0960786  ,  0.00346206 ])
[0.0959826  0.00346206]
652     , -37.6903    , array([ 0.000293924,  0.00946402 ])
654     , -37.6903    , array([ 0.000293924,  0.00947349 ])
[0.00029392 0.00946402]
656     , -37.6903    , array([ 0.000294218,  0.007392   ])
658     , -244.348    , array([ 0.000605418,  0.00370295 ])
660     , -243.736    , array([ 0.000605418,  0.00370665 ])
662     , -37.6902    , array([ 0.000328216,  0.0066578  ])
664     , -37.6887    , array([ 0.00035598 ,  0.00615429 ])
666     , -37.6887    , array([ 0.00035598 ,  0.00616045 ])
668     , -38.0163    , array([ 0.000464702,  0.00477379 ])
670     , -37.6683    , array([ 0.000388713,  0.00565758 ])
672     , -37.6686    , array([ 0.000388713,  0.00566324 ])
674     , -37.4666    , array([ 0.000434462,  0.00509118 ])
676     , -37.4415    , array([ 0.00044463 ,  0.00497499 ])
678     , -37.441     , array([ 0.00044463 ,  0.00497997 ])
[0.00044463 0.00497499]
680     , -37.6873    , array([ 0.000294218,  0.00495888 ])
682     , -369.731    , array([ 0.000586385,  0.00240608 ])
684     , -369.621    , array([ 0.000586385,  0.00240848 ])
686     , -37.6873    , array([ 0.000294226,  0.00495874 ])
688     , -37.6874    , array([ 0.00029394 ,  0.0049586  ])
690     , -37.6874    , array([ 0.00029394 ,  0.00496356 ])
692     , -77.4708    , array([ 0.00041558 ,  0.00345409 ])
694     , -37.6404    , array([ 0.000323244,  0.00448893 ])
696     , -37.641     , array([ 0.000323244,  0.00449342 ])
698     , -37.6174    , array([ 0.000364903,  0.00395797 ])
700     , -37.627     , array([ 0.000326291,  0.00444505 ])
702     , -37.6278    , array([ 0.000326291,  0.0044495  ])
704     , -37.4475    , array([ 0.000351253,  0.00411916 ])
706     , -37.4394    , array([ 0.000354672,  0.00407332 ])
708     , -37.4392    , array([ 0.000354672,  0.0040774  ])
[0.00035467 0.00407332]
710     , -37.6903    , array([ 0.000294218,  0.00817593 ])
[0.00029392 0.00817593]
712     , -158.775    , array([ 0.000293924,  0.00225087 ])
714     , -157.993    , array([ 0.000293924,  0.00225313 ])
716     , -37.6903    , array([ 0.000152639,  0.00478682 ])
[0.00015249 0.00478682]
718     , -37.6086    , array([ 0.000293924,  0.00395261 ])
720     , -37.6096    , array([ 0.000293924,  0.00395656 ])
722     , -385.41     , array([ 0.000582161,  0.00190298 ])
724     , -37.6077    , array([ 0.000294059,  0.00395067 ])
726     , -37.6087    , array([ 0.000294059,  0.00395462 ])
728     , -37.6058    , array([ 0.000294489,  0.00394871 ])
730     , -231.261    , array([ 0.000413639,  0.00274123 ])
732     , -230.578    , array([ 0.000413639,  0.00274397 ])
734     , -37.6044    , array([ 0.000294703,  0.00394564 ])
736     , -37.6036    , array([ 0.000294661,  0.00394203 ])
738     , -37.6046    , array([ 0.000294661,  0.00394597 ])
740     , -46.2882    , array([ 0.000349467,  0.00328725 ])
742     , -37.4832    , array([ 0.000307985,  0.00375964 ])
744     , -37.4846    , array([ 0.000307985,  0.0037634  ])
746     , -37.5836    , array([ 0.000323812,  0.00356698 ])
748     , -37.4412    , array([ 0.000313991,  0.00368266 ])
750     , -37.4416    , array([ 0.000313991,  0.00368634 ])
[0.00031399 0.00368266]
752     , -37.6903    , array([ 0.000294218,  0.00689962 ])
754     , -284.11     , array([ 0.000594199,  0.00339112 ])
756     , -283.625    , array([ 0.000594199,  0.00339451 ])
758     , -37.6903    , array([ 0.000294218,  0.00689961 ])
760     , -37.6903    , array([ 0.000293924,  0.00689961 ])
762     , -37.6903    , array([ 0.000293924,  0.00690652 ])
764     , -37.4483    , array([ 0.000418329,  0.00483709 ])
766     , -37.4487    , array([ 0.000418016,  0.00483586 ])
768     , -37.4496    , array([ 0.000418016,  0.00484069 ])
770     , -37.4418    , array([ 0.000424436,  0.00476686 ])
[0.00042401 0.00476686]
772     , -37.7317    , array([ 0.000293924,  0.00321421 ])
774     , -37.7202    , array([ 0.000293924,  0.00321743 ])
776     , -37.6903    , array([ 0.000148717,  0.00667703 ])
[0.00014857 0.00667703]
778     , -49.02      , array([ 0.000293924,  0.00277322 ])
780     , -48.8229    , array([ 0.000293924,  0.00277599 ])
782     , -37.6903    , array([ 0.000150414,  0.00582134 ])
[0.00015026 0.00582134]
784     , -37.6903    , array([ 0.000293924,  0.00920596 ])
786     , -37.6903    , array([ 0.000293924,  0.00921517 ])
[0.00029392 0.00920596]
788     , -37.6342    , array([ 0.000294218,  0.00407718 ])
790     , -384.03     , array([ 0.000582425,  0.00196563 ])
792     , -383.984    , array([ 0.000582425,  0.00196759 ])
794     , -37.6337    , array([ 0.000294318,  0.00407571 ])
796     , -37.6339    , array([ 0.000294124,  0.00407422 ])
798     , -37.6346    , array([ 0.000294124,  0.0040783  ])
800     , -209.777    , array([ 0.000414304,  0.00282991 ])
802     , -37.632     , array([ 0.000294503,  0.00406864 ])
804     , -37.6328    , array([ 0.000294503,  0.00407271 ])
806     , -37.6282    , array([ 0.000295397,  0.00405982 ])
808     , -42.3805    , array([ 0.000349485,  0.00338953 ])
810     , -42.2811    , array([ 0.000349485,  0.00339293 ])
812     , -37.5158    , array([ 0.000309658,  0.00386066 ])
814     , -37.4994    , array([ 0.000326234,  0.00364787 ])
816     , -37.4956    , array([ 0.000326234,  0.00365151 ])
818     , -37.4716    , array([ 0.000314321,  0.0037996  ])
820     , -37.4392    , array([ 0.000320298,  0.00372003 ])
822     , -37.4392    , array([ 0.000320298,  0.00372375 ])
[0.0003203  0.00372003]
824     , -372.36     , array([ 0.000294218,  0.0013802  ])
826     , -37.6897    , array([ 0.00015871 ,  0.0030337  ])
828     , -37.6897    , array([ 0.00015871 ,  0.00303673 ])
[0.00015871 0.0030337 ]
830     , -371.872    , array([ 0.000294218,  0.000217846])
832     , -120.136    , array([ 0.000598841,  0.000107908])
834     , -120.281    , array([ 0.000598841,  0.000108016])
836     , -37.6902    , array([ 0.0103288  ,  6.49638e-06])
[1.03185203e-02 6.49637912e-06]
838     , -37.6903    , array([ 0.000293924,  0.00768143 ])
840     , -37.6903    , array([ 0.000293924,  0.00768912 ])
[0.00029392 0.00768143]
842     , -37.6903    , array([ 0.000294218,  0.00687063 ])
844     , -286.171    , array([ 0.000593922,  0.00337531 ])
846     , -285.693    , array([ 0.000593922,  0.00337869 ])
848     , -37.6903    , array([ 0.000294218,  0.00687063 ])
850     , -37.6903    , array([ 0.000293924,  0.00687063 ])
852     , -37.6903    , array([ 0.000293924,  0.00687751 ])
854     , -37.6903    , array([ 0.000294218,  0.00687063 ])
[0.00029392 0.00687063]
856     , -105.438    , array([ 0.0541598  ,  0.00946402 ])
858     , -105.556    , array([ 0.0541598  ,  0.00947349 ])
860     , -39.6732    , array([ 0.113103   ,  0.00480581 ])
[0.11299037 0.00480581]
862     , -80.4512    , array([ 0.0541598  ,  0.007392   ])
864     , -80.5369    , array([ 0.0541598  ,  0.0073994  ])
866     , -38.6083    , array([ 0.112552   ,  0.00373393 ])
[0.11243961 0.00373393]
868     , -55.6774    , array([ 0.0541598  ,  0.00495888 ])
870     , -55.7193    , array([ 0.0541598  ,  0.00496385 ])
872     , -37.9221    , array([ 0.112063   ,  0.00249331 ])
[0.11195061 0.00249331]
874     , -89.6581    , array([ 0.0541598  ,  0.00817593 ])
876     , -89.7554    , array([ 0.0541598  ,  0.00818411 ])
878     , -38.9555    , array([ 0.112784   ,  0.00413904 ])
[0.1126711  0.00413904]
880     , -39.842     , array([ 0.0541598  ,  0.00225087 ])
882     , -39.8485    , array([ 0.0541598  ,  0.00225313 ])
884     , -37.6917    , array([ 0.111498   ,  0.00112576 ])
[0.11138674 0.00112576]
886     , -48.0096    , array([ 0.0541598  ,  0.00395261 ])
888     , -48.036     , array([ 0.0541598  ,  0.00395656 ])
890     , -37.7856    , array([ 0.111822   ,  0.00198286 ])
[0.11170977 0.00198286]
892     , -74.9049    , array([ 0.0541598  ,  0.00689962 ])
894     , -74.9804    , array([ 0.0541598  ,  0.00690652 ])
896     , -38.4235    , array([ 0.11249    ,  0.00348316 ])
[0.11237762 0.00348316]
898     , -43.6726    , array([ 0.0541598  ,  0.00321421 ])
900     , -43.6888    , array([ 0.0541598  ,  0.00321743 ])
902     , -37.7275    , array([ 0.111696   ,  0.00161054 ])
[0.11158444 0.00161054]
904     , -41.6572    , array([ 0.0541598  ,  0.00277322 ])
906     , -41.6685    , array([ 0.0541598  ,  0.00277599 ])
908     , -37.7065    , array([ 0.111606   ,  0.0013884  ])
[0.11149463 0.0013884 ]
910     , -102.235    , array([ 0.0541598  ,  0.00920596 ])
912     , -102.349    , array([ 0.0541598  ,  0.00921517 ])
914     , -39.5144    , array([ 0.113021   ,  0.00467107 ])
[0.11290788 0.00467107]
916     , -48.8536    , array([ 0.0541598  ,  0.00407718 ])
918     , -48.8816    , array([ 0.0541598  ,  0.00408126 ])
920     , -37.7987    , array([ 0.111873   ,  0.00204634 ])
[0.11176104 0.00204634]
922     , -38.1323    , array([ 0.0541598  ,  0.0013802  ])
924     , -38.1339    , array([ 0.0541598  ,  0.00138158 ])
926     , -37.6848    , array([ 0.111357   ,  0.000689384])
[0.11124526 0.00068938]
928     , -37.6858    , array([ 0.0541598  ,  0.000217846])
930     , -37.6858    , array([ 0.0541598  ,  0.000218064])
932     , -37.7832    , array([ 0.0262322  ,  0.000433346])
934     , -37.685     , array([ 0.0452782  ,  0.000258133])
936     , -37.685     , array([ 0.0452782  ,  0.000258391])
[0.04527822 0.00025813]
938     , -83.7106    , array([ 0.054214   ,  0.00768143 ])
940     , -38.7325    , array([ 0.112532   ,  0.00388353 ])
942     , -38.7358    , array([ 0.112532   ,  0.00388742 ])
[0.1125316  0.00388353]
944     , -74.5072    , array([ 0.054214   ,  0.00687063 ])
946     , -38.416     , array([ 0.112362   ,  0.00346801 ])
948     , -38.4184    , array([ 0.112362   ,  0.00347148 ])
[0.11236186 0.00346801]
950     , -324.27     , array([ 0.0161714  ,  0.00946402 ])
952     , -86.9969    , array([ 0.0344773  ,  0.00492985 ])
954     , -87.0923    , array([ 0.0344773  ,  0.00493478 ])
[0.03447733 0.00492985]
956     , -286.697    , array([ 0.0161714  ,  0.007392   ])
958     , -67.1855    , array([ 0.0337342  ,  0.00375732 ])
960     , -67.2492    , array([ 0.0337342  ,  0.00376108 ])
[0.03373415 0.00375732]
962     , -209.066    , array([ 0.0161714  ,  0.00495888 ])
964     , -49.1854    , array([ 0.0332752  ,  0.00248402 ])
966     , -49.2144    , array([ 0.0332752  ,  0.00248651 ])
[0.03327518 0.00248402]
968     , -303.536    , array([ 0.0161714  ,  0.00817593 ])
970     , -74.2944    , array([ 0.0339668  ,  0.00418731 ])
972     , -74.3701    , array([ 0.0339668  ,  0.0041915  ])
[0.03396684 0.00418731]
974     , -86.6898    , array([ 0.0161714  ,  0.00225087 ])
976     , -38.8913    , array([ 0.0329962  ,  0.00111776 ])
978     , -38.8951    , array([ 0.0329962  ,  0.00111887 ])
[0.03299621 0.00111776]
980     , -165.565    , array([ 0.0161714  ,  0.00395261 ])
982     , -44.0231    , array([ 0.0331466  ,  0.001972   ])
984     , -44.0402    , array([ 0.0331466  ,  0.00197398 ])
[0.0331466 0.001972 ]
986     , -274.223    , array([ 0.0161714  ,  0.00689962 ])
988     , -63.0035    , array([ 0.0336223  ,  0.00349446 ])
990     , -63.0601    , array([ 0.0336223  ,  0.00349795 ])
[0.03362233 0.00349446]
992     , -131.002    , array([ 0.0161714  ,  0.00321421 ])
994     , -41.2345    , array([ 0.0330781  ,  0.00160019 ])
996     , -41.2448    , array([ 0.0330781  ,  0.00160179 ])
[0.03307812 0.00160019]
998     , -110.234    , array([ 0.0161714  ,  0.00277322 ])
1000    , -39.9834    , array([ 0.03304    ,  0.00137901 ])
1002    , -39.9903    , array([ 0.03304    ,  0.00138039 ])
[0.03304002 0.00137901]
1004    , -320.725    , array([ 0.0161714  ,  0.00920596 ])
1006    , -84.3612    , array([ 0.0343584  ,  0.00477631 ])
1008    , -84.4527    , array([ 0.0343584  ,  0.00478109 ])
[0.03435841 0.00477631]
1010    , -171.232    , array([ 0.0161714  ,  0.00407718 ])
1012    , -44.5795    , array([ 0.0331594  ,  0.00203497 ])
1014    , -44.5982    , array([ 0.0331594  ,  0.002037   ])
[0.03315939 0.00203497]
1016    , -54.3698    , array([ 0.0161714  ,  0.0013802  ])
1018    , -37.9145    , array([ 0.0329273  ,  0.000683932])
1020    , -37.9153    , array([ 0.0329273  ,  0.000684617])
[0.03292728 0.00068393]
1022    , -37.728     , array([ 0.0161714  ,  0.000217846])
1024    , -37.6869    , array([ 0.0328486  ,  0.000107689])
1026    , -37.6869    , array([ 0.0328486  ,  0.000107797])
[0.03284861 0.00010769]
1028    , -293.328    , array([ 0.0161714  ,  0.00768143 ])
1030    , -69.7472    , array([ 0.0338251  ,  0.00391594 ])
1032    , -69.8151    , array([ 0.0338251  ,  0.00391985 ])
[0.03382509 0.00391594]
1034    , -273.439    , array([ 0.0161714  ,  0.00687063 ])
1036    , -62.767     , array([ 0.0336064  ,  0.003478   ])
1038    , -62.8228    , array([ 0.0336064  ,  0.00348148 ])
[0.03360641 0.003478  ]
1040    , -58.5958    , array([ 0.0927798  ,  0.00946402 ])
1042    , -37.9612    , array([ 0.194622   ,  0.00483997 ])
1044    , -37.9621    , array([ 0.194622   ,  0.00484481 ])
[0.19462162 0.00483997]
1046    , -49.367     , array([ 0.0927798  ,  0.007392   ])
1048    , -37.7955    , array([ 0.193959   ,  0.00376616 ])
1050    , -37.7959    , array([ 0.193959   ,  0.00376992 ])
[0.19395882 0.00376616]
1052    , -41.7613    , array([ 0.0927798  ,  0.00495888 ])
1054    , -37.704     , array([ 0.193088   ,  0.00251416 ])
1056    , -37.7041    , array([ 0.193088   ,  0.00251668 ])
[0.19308754 0.00251416]
1058    , -52.595     , array([ 0.0927798  ,  0.00817593 ])
1060    , -37.847     , array([ 0.1941     ,  0.00416888 ])
1062    , -37.8476    , array([ 0.1941     ,  0.00417305 ])
[0.19409974 0.00416888]
1064    , -38.0262    , array([ 0.0927798  ,  0.00225087 ])
1066    , -37.6849    , array([ 0.192412   ,  0.0011369  ])
1068    , -37.6849    , array([ 0.192412   ,  0.00113804 ])
[0.19241192 0.0011369 ]
1070    , -39.7963    , array([ 0.0927798  ,  0.00395261 ])
1072    , -37.69      , array([ 0.19279    ,  0.00200065 ])
1074    , -37.69      , array([ 0.19279    ,  0.00200265 ])
[0.19278978 0.00200065]
1076    , -47.5228    , array([ 0.0927798  ,  0.00689962 ])
1078    , -37.7688    , array([ 0.193746   ,  0.00351107 ])
1080    , -37.7691    , array([ 0.193746   ,  0.00351458 ])
[0.19374591 0.00351107]
1082    , -38.8014    , array([ 0.0927798  ,  0.00321421 ])
1084    , -37.6855    , array([ 0.192568   ,  0.00162489 ])
1086    , -37.6855    , array([ 0.192568   ,  0.00162651 ])
[0.1925676  0.00162489]
1088    , -38.3776    , array([ 0.0927798  ,  0.00277322 ])
1090    , -37.6847    , array([ 0.192452   ,  0.00140105 ])
1092    , -37.6847    , array([ 0.192452   ,  0.00140245 ])
[0.19245209 0.00140105]
1094    , -57.3294    , array([ 0.0927798  ,  0.00920596 ])
1096    , -37.9356    , array([ 0.194581   ,  0.0047069  ])
1098    , -37.9364    , array([ 0.194581   ,  0.00471161 ])
[0.1945807 0.0047069]
1100    , -40.0007    , array([ 0.0927798  ,  0.00407718 ])
1102    , -37.6912    , array([ 0.192674   ,  0.00206236 ])
1104    , -37.6912    , array([ 0.192674   ,  0.00206443 ])
[0.19267351 0.00206236]
1106    , -37.737     , array([ 0.0927798  ,  0.0013802  ])
1108    , -37.6868    , array([ 0.19218    ,  0.000696233])
1110    , -37.6868    , array([ 0.19218    ,  0.000696929])
[0.19217979 0.00069623]
1112    , -37.6885    , array([ 0.0927798  ,  0.000217846])
1114    , -37.6921    , array([ 0.0449897  ,  0.000434785])
1116    , -37.6921    , array([ 0.0449897  ,  0.00043522 ])
1118    , -37.6856    , array([ 0.0671393  ,  0.000296797])
[0.06707216 0.0002968 ]
1120    , -50.5556    , array([ 0.092687   ,  0.00768143 ])
1122    , -50.5868    , array([ 0.092687   ,  0.00768912 ])
1124    , -37.8127    , array([ 0.194222   ,  0.00391515 ])
[0.19402788 0.00391515]
1126    , -47.4457    , array([ 0.092687   ,  0.00687063 ])
1128    , -47.4704    , array([ 0.092687   ,  0.00687751 ])
1130    , -37.767     , array([ 0.19392    ,  0.00349593 ])
[0.19372615 0.00349593]
1132    , -373.723    , array([ 0.00807199 ,  0.00946402 ])
1134    , -373.716    , array([ 0.00807199 ,  0.00947349 ])
1136    , -342.256    , array([ 0.0197439  ,  0.0148303  ])
1138    , -39.9024    , array([ 0.703181   ,  0.0894234  ])
1140    , -39.9066    , array([ 0.703181   ,  0.0895129  ])
1142    , -208.081    , array([ 35.8738    ,  0.645329   ])
1144    , -37.7017    , array([ 1.00402    ,  0.106958   ])
1146    , -37.7017    , array([ 1.00402    ,  0.107065   ])
[1.00402417 0.10695839]
1148    , -370.827    , array([ 0.00808006 ,  0.007392   ])
1150    , -152.748    , array([ 0.0184564  ,  0.00421318 ])
1152    , -152.921    , array([ 0.0184564  ,  0.00421739 ])
1154    , -37.6902    , array([ 0.504954   ,  0.00044463 ])
[5.04449080e-01 4.44630282e-04]
1156    , -340.456    , array([ 0.00807199 ,  0.00495888 ])
1158    , -340.579    , array([ 0.00807199 ,  0.00496385 ])
1160    , -93.8364    , array([ 0.0168943  ,  0.00252418 ])
[0.01687742 0.00252418]
1162    , -373.217    , array([ 0.00807199 ,  0.00817593 ])
1164    , -373.232    , array([ 0.00807199 ,  0.00818411 ])
1166    , -182.074    , array([ 0.0201005  ,  0.00541705 ])
1168    , -37.6901    , array([ 0.769026   ,  0.00104391 ])
1170    , -37.6901    , array([ 0.769026   ,  0.00104496 ])
[0.76902581 0.00104391]
1172    , -193.872    , array([ 0.00808006 ,  0.00225087 ])
1174    , -47.0223    , array([ 0.0164879  ,  0.00111785 ])
1176    , -47.0466    , array([ 0.0164879  ,  0.00111897 ])
[0.01648792 0.00111785]
1178    , -306.344    , array([ 0.00808006 ,  0.00395261 ])
1180    , -73.2311    , array([ 0.016663   ,  0.00198457 ])
1182    , -73.3061    , array([ 0.016663   ,  0.00198656 ])
[0.01666295 0.00198457]
1184    , -368.117    , array([ 0.00808006 ,  0.00689962 ])
1186    , -139.712    , array([ 0.0179704  ,  0.00378824 ])
1188    , -139.871    , array([ 0.0179704  ,  0.00379203 ])
1190    , -37.6902    , array([ 0.441878   ,  0.000344261])
[4.41435909e-01 3.44260862e-04]
1192    , -267.423    , array([ 0.00807199 ,  0.00321421 ])
1194    , -267.624    , array([ 0.00807199 ,  0.00321743 ])
1196    , -60.096     , array([ 0.016585   ,  0.00160428 ])
[0.01656846 0.00160428]
1198    , -237.029    , array([ 0.00807199 ,  0.00277322 ])
1200    , -237.235    , array([ 0.00807199 ,  0.00277599 ])
1202    , -53.4679    , array([ 0.0165444  ,  0.00138068 ])
[0.0165279  0.00138068]
1204    , -373.862    , array([ 0.00807199 ,  0.00920596 ])
1206    , -373.859    , array([ 0.00807199 ,  0.00921517 ])
1208    , -300.025    , array([ 0.021593   ,  0.0110631  ])
1210    , -37.7071    , array([ 1.10021    ,  0.0230727  ])
1212    , -37.7071    , array([ 1.10021    ,  0.0230958  ])
[1.10020934 0.0230727 ]
1214    , -311.634    , array([ 0.00808006 ,  0.00407718 ])
1216    , -75.6404    , array([ 0.0166821  ,  0.0020496  ])
1218    , -75.7195    , array([ 0.0166821  ,  0.00205165 ])
[0.01668209 0.0020496 ]
1220    , -111.272    , array([ 0.00808006 ,  0.0013802  ])
1222    , -40.0461    , array([ 0.0164388  ,  0.000683372])
1224    , -40.0532    , array([ 0.0164388  ,  0.000684056])
[0.01643884 0.00068337]
1226    , -38.2926    , array([ 0.00808006 ,  0.000217846])
1228    , -37.6852    , array([ 0.0163853  ,  0.000107508])
1230    , -37.6852    , array([ 0.0163853  ,  0.000107615])
[0.01638529 0.00010751]
1232    , -371.939    , array([ 0.00808006 ,  0.00768143 ])
1234    , -161.854    , array([ 0.0189581  ,  0.00456427 ])
1236    , -162.033    , array([ 0.0189581  ,  0.00456884 ])
1238    , -37.6901    , array([ 0.577416   ,  0.000568967])
[5.76838509e-01 5.68966984e-04]
1240    , -367.982    , array([ 0.00807199 ,  0.00687063 ])
1242    , -368.028    , array([ 0.00807199 ,  0.00687751 ])
1244    , -138.797    , array([ 0.0179587  ,  0.00376405 ])
1246    , -37.6902    , array([ 0.437808   ,  0.00033907 ])
1248    , -37.6902    , array([ 0.437808   ,  0.00033941 ])
[4.37808437e-01 3.39070320e-04]
1250    , -56.1005    , array([ 0.0975881  ,  0.00946402 ])
1252    , -37.9083    , array([ 0.204862   ,  0.00484399 ])
1254    , -37.9092    , array([ 0.204862   ,  0.00484884 ])
[0.20486162 0.00484399]
1256    , -47.8612    , array([ 0.0975881  ,  0.007392   ])
1258    , -37.7721    , array([ 0.204222   ,  0.00377044 ])
1260    , -37.7724    , array([ 0.204222   ,  0.00377421 ])
[0.20422249 0.00377044]
1262    , -41.1759    , array([ 0.0975881  ,  0.00495888 ])
1264    , -37.699     , array([ 0.203339   ,  0.00251744 ])
1266    , -37.699     , array([ 0.203339   ,  0.00251996 ])
[0.20333907 0.00251744]
1268    , -50.7314    , array([ 0.0975881  ,  0.00817593 ])
1270    , -37.8145    , array([ 0.20451    ,  0.00417675 ])
1272    , -37.815     , array([ 0.20451    ,  0.00418093 ])
[0.20450967 0.00417675]
1274    , -37.9664    , array([ 0.0975881  ,  0.00225087 ])
1276    , -37.6851    , array([ 0.202506   ,  0.00113764 ])
1278    , -37.6851    , array([ 0.202506   ,  0.00113878 ])
[0.20250638 0.00113764]
1280    , -39.4757    , array([ 0.0975881  ,  0.00395261 ])
1282    , -37.6881    , array([ 0.203001   ,  0.00200298 ])
1284    , -37.6882    , array([ 0.203001   ,  0.00200498 ])
[0.20300064 0.00200298]
1286    , -46.229     , array([ 0.0975881  ,  0.00689962 ])
1288    , -37.7507    , array([ 0.204009   ,  0.00351525 ])
1290    , -37.7509    , array([ 0.204009   ,  0.00351877 ])
[0.20400892 0.00351525]
1292    , -38.6234    , array([ 0.0975881  ,  0.00321421 ])
1294    , -37.6849    , array([ 0.202795   ,  0.00162702 ])
1296    , -37.6849    , array([ 0.202795   ,  0.00162865 ])
[0.20279483 0.00162702]
1298    , -38.2635    , array([ 0.0975881  ,  0.00277322 ])
1300    , -37.6846    , array([ 0.202711   ,  0.00140317 ])
1302    , -37.6846    , array([ 0.202711   ,  0.00140457 ])
[0.20271132 0.00140317]
1304    , -54.9668    , array([ 0.0975881  ,  0.00920596 ])
1306    , -37.8868    , array([ 0.204827   ,  0.00471103 ])
1308    , -37.8875    , array([ 0.204827   ,  0.00471575 ])
[0.20482727 0.00471103]
1310    , -39.652     , array([ 0.0975881  ,  0.00407718 ])
1312    , -37.689     , array([ 0.203037   ,  0.00206651 ])
1314    , -37.6891    , array([ 0.203037   ,  0.00206858 ])
[0.20303741 0.00206651]
1316    , -37.726     , array([ 0.0975881  ,  0.0013802  ])
1318    , -37.6871    , array([ 0.202443   ,  0.00069735 ])
1320    , -37.6871    , array([ 0.202443   ,  0.000698048])
[0.20244339 0.00069735]
1322    , -37.6887    , array([ 0.0975881  ,  0.000217846])
1324    , -37.69      , array([ 0.0472745  ,  0.000434335])
1326    , -37.6901    , array([ 0.0472745  ,  0.00043477 ])
1328    , -37.6855    , array([ 0.067705   ,  0.000308689])
[0.06763731 0.00030869]
1330    , -48.9166    , array([ 0.0974906  ,  0.00768143 ])
1332    , -48.9442    , array([ 0.0974906  ,  0.00768912 ])
1334    , -37.7862    , array([ 0.204493   ,  0.00391946 ])
[0.20428822 0.00391946]
1336    , -46.1611    , array([ 0.0974906  ,  0.00687063 ])
1338    , -46.1829    , array([ 0.0974906  ,  0.00687751 ])
1340    , -37.7492    , array([ 0.204193   ,  0.00350011 ])
[0.20398871 0.00350011]
1342    , -61.3627    , array([ 0.0881975  ,  0.00946402 ])
1344    , -61.4143    , array([ 0.0881975  ,  0.00947349 ])
1346    , -38.0222    , array([ 0.185262   ,  0.00483657 ])
[0.18507706 0.00483657]
1348    , -51.0611    , array([ 0.0881975  ,  0.007392   ])
1350    , -51.0932    , array([ 0.0881975  ,  0.0073994  ])
1352    , -37.8225    , array([ 0.184576   ,  0.00376232 ])
[0.18439194 0.00376232]
1354    , -42.4323    , array([ 0.0881975  ,  0.00495888 ])
1356    , -42.4455    , array([ 0.0881975  ,  0.00496385 ])
1358    , -37.7102    , array([ 0.183715   ,  0.00251116 ])
[0.18353132 0.00251116]
1360    , -54.6844    , array([ 0.0881975  ,  0.00817593 ])
1362    , -54.7244    , array([ 0.0881975  ,  0.00818411 ])
1364    , -37.885     , array([ 0.184729   ,  0.00416508 ])
[0.18454456 0.00416508]
1366    , -38.0963    , array([ 0.0881975  ,  0.00225087 ])
1368    , -38.0977    , array([ 0.0881975  ,  0.00225313 ])
1370    , -37.6848    , array([ 0.183007   ,  0.00113513 ])
[0.18282408 0.00113513]
1372    , -40.1679    , array([ 0.0881975  ,  0.00395261 ])
1374    , -40.1752    , array([ 0.0881975  ,  0.00395656 ])
1376    , -37.6923    , array([ 0.183435   ,  0.00199831 ])
[0.18325187 0.00199831]
1378    , -48.984     , array([ 0.0881975  ,  0.00689962 ])
1380    , -49.012     , array([ 0.0881975  ,  0.00690652 ])
1382    , -37.7902    , array([ 0.184364   ,  0.0035073  ])
[0.18417939 0.0035073 ]
1384    , -39.0098    , array([ 0.0881975  ,  0.00321421 ])
1386    , -39.014     , array([ 0.0881975  ,  0.00321743 ])
1388    , -37.6863    , array([ 0.183245   ,  0.0016232  ])
[0.18306232 0.0016232 ]
1390    , -38.5129    , array([ 0.0881975  ,  0.00277322 ])
1392    , -38.5156    , array([ 0.0881975  ,  0.00277599 ])
1394    , -37.6848    , array([ 0.183111   ,  0.0013994  ])
[0.18292775 0.0013994 ]
1396    , -59.9577    , array([ 0.0881975  ,  0.00920596 ])
1398    , -60.0077    , array([ 0.0881975  ,  0.00921517 ])
1400    , -37.9911    , array([ 0.185059   ,  0.004699   ])
[0.18487374 0.004699  ]
1402    , -40.4052    , array([ 0.0881975  ,  0.00407718 ])
1404    , -40.4132    , array([ 0.0881975  ,  0.00408126 ])
1406    , -37.6939    , array([ 0.183482   ,  0.00206185 ])
[0.18329822 0.00206185]
1408    , -37.7507    , array([ 0.0881975  ,  0.0013802  ])
1410    , -37.751     , array([ 0.0881975  ,  0.00138158 ])
1412    , -37.6865    , array([ 0.182821   ,  0.00069529 ])
[0.18263812 0.00069529]
1414    , -37.6883    , array([ 0.0881975  ,  0.000217846])
1416    , -37.6883    , array([ 0.0881975  ,  0.000218064])
1418    , -37.6946    , array([ 0.042893   ,  0.000435206])
1420    , -37.6856    , array([ 0.0656813  ,  0.000288983])
1422    , -37.6856    , array([ 0.0656813  ,  0.000289272])
[0.06568128 0.00028898]
1424    , -52.3199    , array([ 0.0882857  ,  0.00768143 ])
1426    , -37.8444    , array([ 0.184464   ,  0.00391131 ])
1428    , -37.845     , array([ 0.184464   ,  0.00391522 ])
[0.18446427 0.00391131]
1430    , -48.8362    , array([ 0.0882857  ,  0.00687063 ])
1432    , -37.7889    , array([ 0.18416    ,  0.00349216 ])
1434    , -37.7894    , array([ 0.18416    ,  0.00349566 ])
[0.18416003 0.00349216]
1436    , -134.472    , array([ 0.0442982  ,  0.00946402 ])
1438    , -41.4721    , array([ 0.0922326  ,  0.00480063 ])
1440    , -41.4829    , array([ 0.0922326  ,  0.00480543 ])
[0.0922326  0.00480063]
1442    , -101.826    , array([ 0.0442982  ,  0.007392   ])
1444    , -39.521     , array([ 0.0917811  ,  0.00372988 ])
1446    , -39.5266    , array([ 0.0917811  ,  0.00373361 ])
[0.09178107 0.00372988]
1448    , -66.7324    , array([ 0.0442982  ,  0.00495888 ])
1450    , -38.1962    , array([ 0.0908677  ,  0.00247601 ])
1452    , -38.198     , array([ 0.0908677  ,  0.00247848 ])
[0.09086772 0.00247601]
1454    , -114.119    , array([ 0.0442982  ,  0.00817593 ])
1456    , -40.1671    , array([ 0.0919171  ,  0.00413198 ])
1458    , -40.1744    , array([ 0.0919171  ,  0.00413611 ])
[0.09191709 0.00413198]
1460    , -41.6645    , array([ 0.0442982  ,  0.00225087 ])
1462    , -37.7077    , array([ 0.0908304  ,  0.0011234  ])
1464    , -37.7078    , array([ 0.0908304  ,  0.00112452 ])
[0.09083041 0.0011234 ]
1466    , -55.0312    , array([ 0.0442982  ,  0.00395261 ])
1468    , -37.9155    , array([ 0.091107   ,  0.00197897 ])
1470    , -37.9164    , array([ 0.091107   ,  0.00198095 ])
[0.09110699 0.00197897]
1472    , -94.2391    , array([ 0.0442982  ,  0.00689962 ])
1474    , -39.172     , array([ 0.0913125  ,  0.00346262 ])
1476    , -39.1766    , array([ 0.0913125  ,  0.00346609 ])
[0.09131249 0.00346262]
1478    , -48.1029    , array([ 0.0442982  ,  0.00321421 ])
1480    , -37.7906    , array([ 0.090976   ,  0.00160686 ])
1482    , -37.791     , array([ 0.090976   ,  0.00160847 ])
[0.09097604 0.00160686]
1484    , -44.7681    , array([ 0.0442982  ,  0.00277322 ])
1486    , -37.7431    , array([ 0.0909164  ,  0.00138546 ])
1488    , -37.7434    , array([ 0.0909164  ,  0.00138684 ])
[0.09091635 0.00138546]
1490    , -130.401    , array([ 0.0442982  ,  0.00920596 ])
1492    , -41.1882    , array([ 0.0914121  ,  0.00462538 ])
1494    , -41.1982    , array([ 0.0914121  ,  0.00463001 ])
[0.09141213 0.00462538]
1496    , -56.3452    , array([ 0.0442982  ,  0.00407718 ])
1498    , -37.943     , array([ 0.0911177  ,  0.00204159 ])
1500    , -37.9439    , array([ 0.0911177  ,  0.00204364 ])
[0.09111771 0.00204159]
1502    , -38.5825    , array([ 0.0442982  ,  0.0013802  ])
1504    , -37.6855    , array([ 0.0906922  ,  0.000687767])
1506    , -37.6855    , array([ 0.0906922  ,  0.000688455])
[0.09069216 0.00068777]
1508    , -37.6852    , array([ 0.0442982  ,  0.000217846])
1510    , -37.9007    , array([ 0.0215974  ,  0.000437239])
1512    , -37.9014    , array([ 0.0215974  ,  0.000437677])
1514    , -37.6852    , array([ 0.0375972  ,  0.000255462])
1516    , -37.685     , array([ 0.0418423  ,  0.00023003 ])
1518    , -37.685     , array([ 0.0418423  ,  0.00023026 ])
[0.04184231 0.00023003]
1520    , -106.343    , array([ 0.0442982  ,  0.00768143 ])
1522    , -39.7467    , array([ 0.0918221  ,  0.00387777 ])
1524    , -39.7529    , array([ 0.0918221  ,  0.00388165 ])
[0.09182211 0.00387777]
1526    , -93.8023    , array([ 0.0442982  ,  0.00687063 ])
1528    , -39.1524    , array([ 0.0916758  ,  0.00346258 ])
1530    , -39.1569    , array([ 0.0916758  ,  0.00346604 ])
[0.09167578 0.00346258]
