2       , nan         , array([ 545.254    ,  0.0344585  ])
[5.44708730e+02 3.44584816e-02]
4       , nan         , array([ 544.709    ,  0.0184611  ])
6       , nan         , array([ 544.709    ,  0.0184796  ])
[5.44708730e+02 1.84611431e-02]
8       , nan         , array([ 545.254    ,  0.0749208  ])
[5.44708730e+02 7.49207501e-02]
10      , nan         , array([ 544.709    ,  0.0807456  ])
12      , nan         , array([ 544.709    ,  0.0808264  ])
[5.44708730e+02 8.07456246e-02]
14      , nan         , array([ 545.254    ,  0.0318257  ])
[5.44708730e+02 3.18257206e-02]
16      , nan         , array([ 544.709    ,  0.0235393  ])
18      , nan         , array([ 544.709    ,  0.0235628  ])
[5.44708730e+02 2.35392607e-02]
20      , nan         , array([ 545.254    ,  0.0968362  ])
[5.44708730e+02 9.68361584e-02]
22      , nan         , array([ 544.709    ,  0.000687807])
24      , nan         , array([ 544.709    ,  0.000688496])
[5.44708730e+02 6.87807465e-04]
26      , nan         , array([ 545.254    ,  0.0997996  ])
[5.44708730e+02 9.97996421e-02]
28      , nan         , array([ 544.709    ,  0.0559567  ])
30      , nan         , array([ 544.709    ,  0.0560127  ])
[5.44708730e+02 5.59566675e-02]
32      , nan         , array([ 545.254    ,  0.0536475  ])
[5.44708730e+02 5.36474631e-02]
34      , nan         , array([ 544.709    ,  0.057845   ])
36      , nan         , array([ 544.709    ,  0.0579028  ])
[5.44708730e+02 5.78449513e-02]
38      , nan         , array([ 545.254    ,  0.0805505  ])
[5.44708730e+02 8.05504692e-02]
40      , nan         , array([ 544.709    ,  0.0488427  ])
42      , nan         , array([ 544.709    ,  0.0488916  ])
[5.44708730e+02 4.88426834e-02]
44      , nan         , array([ 545.254    ,  0.0735152  ])
[5.4470873e+02 7.3515244e-02]
46      , nan         , array([ 997.407    ,  0.0344585  ])
48      , nan         , array([ 997.407    ,  0.034493   ])
[9.97406754e+02 3.44584816e-02]
50      , nan         , array([ 998.405    ,  0.0184611  ])
[9.97406754e+02 1.84611431e-02]
52      , nan         , array([ 997.407    ,  0.0749208  ])
54      , nan         , array([ 997.407    ,  0.0749957  ])
[9.97406754e+02 7.49207501e-02]
56      , nan         , array([ 998.405    ,  0.0807456  ])
[9.97406754e+02 8.07456246e-02]
58      , nan         , array([ 997.407    ,  0.0318257  ])
60      , nan         , array([ 997.407    ,  0.0318576  ])
[9.97406754e+02 3.18257206e-02]
62      , nan         , array([ 998.405    ,  0.0235393  ])
[9.97406754e+02 2.35392607e-02]
64      , nan         , array([ 997.407    ,  0.0968362  ])
66      , nan         , array([ 997.407    ,  0.096933   ])
[9.97406754e+02 9.68361584e-02]
68      , nan         , array([ 998.405    ,  0.000687807])
[9.97406754e+02 6.87807465e-04]
70      , nan         , array([ 997.407    ,  0.0997996  ])
72      , nan         , array([ 997.407    ,  0.0998995  ])
[9.97406754e+02 9.97996421e-02]
74      , nan         , array([ 998.405    ,  0.0559567  ])
[9.97406754e+02 5.59566675e-02]
76      , nan         , array([ 997.407    ,  0.0536475  ])
78      , nan         , array([ 997.407    ,  0.0537011  ])
[9.97406754e+02 5.36474631e-02]
80      , nan         , array([ 998.405    ,  0.057845   ])
[9.97406754e+02 5.78449513e-02]
82      , nan         , array([ 997.407    ,  0.0805505  ])
84      , nan         , array([ 997.407    ,  0.0806311  ])
[9.97406754e+02 8.05504692e-02]
86      , nan         , array([ 998.405    ,  0.0488427  ])
[9.97406754e+02 4.88426834e-02]
88      , nan         , array([ 997.407    ,  0.0735152  ])
90      , nan         , array([ 997.407    ,  0.0735888  ])
[9.97406754e+02 7.35152440e-02]
92      , nan         , array([ 263.473    ,  0.0344585  ])
[2.63209162e+02 3.44584816e-02]
94      , nan         , array([ 263.209    ,  0.0184611  ])
96      , nan         , array([ 263.209    ,  0.0184796  ])
[2.63209162e+02 1.84611431e-02]
98      , nan         , array([ 263.473    ,  0.0749208  ])
[2.63209162e+02 7.49207501e-02]
100     , nan         , array([ 263.209    ,  0.0807456  ])
102     , nan         , array([ 263.209    ,  0.0808264  ])
[2.63209162e+02 8.07456246e-02]
104     , nan         , array([ 263.473    ,  0.0318257  ])
[2.63209162e+02 3.18257206e-02]
106     , nan         , array([ 263.209    ,  0.0235393  ])
108     , nan         , array([ 263.209    ,  0.0235628  ])
[2.63209162e+02 2.35392607e-02]
110     , nan         , array([ 263.473    ,  0.0968362  ])
[2.63209162e+02 9.68361584e-02]
112     , nan         , array([ 263.209    ,  0.000687807])
114     , nan         , array([ 263.209    ,  0.000688496])
[2.63209162e+02 6.87807465e-04]
116     , nan         , array([ 263.473    ,  0.0997996  ])
[2.63209162e+02 9.97996421e-02]
118     , nan         , array([ 263.209    ,  0.0559567  ])
120     , nan         , array([ 263.209    ,  0.0560127  ])
[2.63209162e+02 5.59566675e-02]
122     , nan         , array([ 263.473    ,  0.0536475  ])
[2.63209162e+02 5.36474631e-02]
124     , nan         , array([ 263.209    ,  0.057845   ])
126     , nan         , array([ 263.209    ,  0.0579028  ])
[2.63209162e+02 5.78449513e-02]
128     , nan         , array([ 263.473    ,  0.0805505  ])
[2.63209162e+02 8.05504692e-02]
130     , nan         , array([ 263.209    ,  0.0488427  ])
132     , nan         , array([ 263.209    ,  0.0488916  ])
[2.63209162e+02 4.88426834e-02]
134     , nan         , array([ 263.473    ,  0.0735152  ])
[2.63209162e+02 7.35152440e-02]
136     , nan         , array([ 829.881    ,  0.0344585  ])
138     , nan         , array([ 829.881    ,  0.034493   ])
[8.29881358e+02 3.44584816e-02]
140     , nan         , array([ 830.712    ,  0.0184611  ])
[8.29881358e+02 1.84611431e-02]
142     , nan         , array([ 829.881    ,  0.0749208  ])
144     , nan         , array([ 829.881    ,  0.0749957  ])
[8.29881358e+02 7.49207501e-02]
146     , nan         , array([ 830.712    ,  0.0807456  ])
[8.29881358e+02 8.07456246e-02]
148     , nan         , array([ 829.881    ,  0.0318257  ])
150     , nan         , array([ 829.881    ,  0.0318576  ])
[8.29881358e+02 3.18257206e-02]
152     , nan         , array([ 830.712    ,  0.0235393  ])
[8.29881358e+02 2.35392607e-02]
154     , nan         , array([ 829.881    ,  0.0968362  ])
156     , nan         , array([ 829.881    ,  0.096933   ])
[8.29881358e+02 9.68361584e-02]
158     , nan         , array([ 830.712    ,  0.000687807])
[8.29881358e+02 6.87807465e-04]
160     , nan         , array([ 829.881    ,  0.0997996  ])
162     , nan         , array([ 829.881    ,  0.0998995  ])
[8.29881358e+02 9.97996421e-02]
164     , nan         , array([ 830.712    ,  0.0559567  ])
[8.29881358e+02 5.59566675e-02]
166     , nan         , array([ 829.881    ,  0.0536475  ])
168     , nan         , array([ 829.881    ,  0.0537011  ])
[8.29881358e+02 5.36474631e-02]
170     , nan         , array([ 830.712    ,  0.057845   ])
[8.29881358e+02 5.78449513e-02]
172     , nan         , array([ 829.881    ,  0.0805505  ])
174     , nan         , array([ 829.881    ,  0.0806311  ])
[8.29881358e+02 8.05504692e-02]
176     , nan         , array([ 830.712    ,  0.0488427  ])
[8.29881358e+02 4.88426834e-02]
178     , nan         , array([ 829.881    ,  0.0735152  ])
180     , nan         , array([ 829.881    ,  0.0735888  ])
[8.29881358e+02 7.35152440e-02]
182     , nan         , array([ 861.063    ,  0.0344585  ])
[8.60202394e+02 3.44584816e-02]
184     , nan         , array([ 860.202    ,  0.0184611  ])
186     , nan         , array([ 860.202    ,  0.0184796  ])
[8.60202394e+02 1.84611431e-02]
188     , nan         , array([ 861.063    ,  0.0749208  ])
[8.60202394e+02 7.49207501e-02]
190     , nan         , array([ 860.202    ,  0.0807456  ])
192     , nan         , array([ 860.202    ,  0.0808264  ])
[8.60202394e+02 8.07456246e-02]
194     , nan         , array([ 861.063    ,  0.0318257  ])
[8.60202394e+02 3.18257206e-02]
196     , nan         , array([ 860.202    ,  0.0235393  ])
198     , nan         , array([ 860.202    ,  0.0235628  ])
[8.60202394e+02 2.35392607e-02]
200     , nan         , array([ 861.063    ,  0.0968362  ])
[8.60202394e+02 9.68361584e-02]
202     , nan         , array([ 860.202    ,  0.000687807])
204     , nan         , array([ 860.202    ,  0.000688496])
[8.60202394e+02 6.87807465e-04]
206     , nan         , array([ 861.063    ,  0.0997996  ])
[8.60202394e+02 9.97996421e-02]
208     , nan         , array([ 860.202    ,  0.0559567  ])
210     , nan         , array([ 860.202    ,  0.0560127  ])
[8.60202394e+02 5.59566675e-02]
212     , nan         , array([ 861.063    ,  0.0536475  ])
[8.60202394e+02 5.36474631e-02]
214     , nan         , array([ 860.202    ,  0.057845   ])
216     , nan         , array([ 860.202    ,  0.0579028  ])
[8.60202394e+02 5.78449513e-02]
218     , nan         , array([ 861.063    ,  0.0805505  ])
[8.60202394e+02 8.05504692e-02]
220     , nan         , array([ 860.202    ,  0.0488427  ])
222     , nan         , array([ 860.202    ,  0.0488916  ])
[8.60202394e+02 4.88426834e-02]
224     , nan         , array([ 861.063    ,  0.0735152  ])
[8.60202394e+02 7.35152440e-02]
226     , nan         , array([ 993.023    ,  0.0344585  ])
228     , nan         , array([ 993.023    ,  0.034493   ])
[9.93023181e+02 3.44584816e-02]
230     , nan         , array([ 994.017    ,  0.0184611  ])
[9.93023181e+02 1.84611431e-02]
232     , nan         , array([ 993.023    ,  0.0749208  ])
234     , nan         , array([ 993.023    ,  0.0749957  ])
[9.93023181e+02 7.49207501e-02]
236     , nan         , array([ 994.017    ,  0.0807456  ])
[9.93023181e+02 8.07456246e-02]
238     , nan         , array([ 993.023    ,  0.0318257  ])
240     , nan         , array([ 993.023    ,  0.0318576  ])
[9.93023181e+02 3.18257206e-02]
242     , nan         , array([ 994.017    ,  0.0235393  ])
[9.93023181e+02 2.35392607e-02]
244     , nan         , array([ 993.023    ,  0.0968362  ])
246     , nan         , array([ 993.023    ,  0.096933   ])
[9.93023181e+02 9.68361584e-02]
248     , nan         , array([ 994.017    ,  0.000687807])
[9.93023181e+02 6.87807465e-04]
250     , nan         , array([ 993.023    ,  0.0997996  ])
252     , nan         , array([ 993.023    ,  0.0998995  ])
[9.93023181e+02 9.97996421e-02]
254     , nan         , array([ 994.017    ,  0.0559567  ])
[9.93023181e+02 5.59566675e-02]
256     , nan         , array([ 993.023    ,  0.0536475  ])
258     , nan         , array([ 993.023    ,  0.0537011  ])
[9.93023181e+02 5.36474631e-02]
260     , nan         , array([ 994.017    ,  0.057845   ])
[9.93023181e+02 5.78449513e-02]
262     , nan         , array([ 993.023    ,  0.0805505  ])
264     , nan         , array([ 993.023    ,  0.0806311  ])
[9.93023181e+02 8.05504692e-02]
266     , nan         , array([ 994.017    ,  0.0488427  ])
[9.93023181e+02 4.88426834e-02]
268     , nan         , array([ 993.023    ,  0.0735152  ])
270     , nan         , array([ 993.023    ,  0.0735888  ])
[9.93023181e+02 7.35152440e-02]
272     , nan         , array([ 691.962    ,  0.0344585  ])
[6.91270864e+02 3.44584816e-02]
274     , nan         , array([ 691.271    ,  0.0184611  ])
276     , nan         , array([ 691.271    ,  0.0184796  ])
[6.91270864e+02 1.84611431e-02]
278     , nan         , array([ 691.962    ,  0.0749208  ])
[6.91270864e+02 7.49207501e-02]
280     , nan         , array([ 691.271    ,  0.0807456  ])
282     , nan         , array([ 691.271    ,  0.0808264  ])
[6.91270864e+02 8.07456246e-02]
284     , nan         , array([ 691.962    ,  0.0318257  ])
[6.91270864e+02 3.18257206e-02]
286     , nan         , array([ 691.271    ,  0.0235393  ])
288     , nan         , array([ 691.271    ,  0.0235628  ])
[6.91270864e+02 2.35392607e-02]
290     , nan         , array([ 691.962    ,  0.0968362  ])
[6.91270864e+02 9.68361584e-02]
292     , nan         , array([ 691.271    ,  0.000687807])
294     , nan         , array([ 691.271    ,  0.000688496])
[6.91270864e+02 6.87807465e-04]
296     , nan         , array([ 691.962    ,  0.0997996  ])
[6.91270864e+02 9.97996421e-02]
298     , nan         , array([ 691.271    ,  0.0559567  ])
300     , nan         , array([ 691.271    ,  0.0560127  ])
[6.91270864e+02 5.59566675e-02]
302     , nan         , array([ 691.962    ,  0.0536475  ])
[6.91270864e+02 5.36474631e-02]
304     , nan         , array([ 691.271    ,  0.057845   ])
306     , nan         , array([ 691.271    ,  0.0579028  ])
[6.91270864e+02 5.78449513e-02]
308     , nan         , array([ 691.962    ,  0.0805505  ])
[6.91270864e+02 8.05504692e-02]
310     , nan         , array([ 691.271    ,  0.0488427  ])
312     , nan         , array([ 691.271    ,  0.0488916  ])
[6.91270864e+02 4.88426834e-02]
314     , nan         , array([ 691.962    ,  0.0735152  ])
[6.91270864e+02 7.35152440e-02]
316     , nan         , array([ 785.342    ,  0.0344585  ])
318     , nan         , array([ 785.342    ,  0.034493   ])
[7.85342053e+02 3.44584816e-02]
320     , nan         , array([ 786.128    ,  0.0184611  ])
[7.85342053e+02 1.84611431e-02]
322     , nan         , array([ 785.342    ,  0.0749208  ])
324     , nan         , array([ 785.342    ,  0.0749957  ])
[7.85342053e+02 7.49207501e-02]
326     , nan         , array([ 786.128    ,  0.0807456  ])
[7.85342053e+02 8.07456246e-02]
328     , nan         , array([ 785.342    ,  0.0318257  ])
330     , nan         , array([ 785.342    ,  0.0318576  ])
[7.85342053e+02 3.18257206e-02]
332     , nan         , array([ 786.128    ,  0.0235393  ])
[7.85342053e+02 2.35392607e-02]
334     , nan         , array([ 785.342    ,  0.0968362  ])
336     , nan         , array([ 785.342    ,  0.096933   ])
[7.85342053e+02 9.68361584e-02]
338     , nan         , array([ 786.128    ,  0.000687807])
[7.85342053e+02 6.87807465e-04]
340     , nan         , array([ 785.342    ,  0.0997996  ])
342     , nan         , array([ 785.342    ,  0.0998995  ])
[7.85342053e+02 9.97996421e-02]
344     , nan         , array([ 786.128    ,  0.0559567  ])
[7.85342053e+02 5.59566675e-02]
346     , nan         , array([ 785.342    ,  0.0536475  ])
348     , nan         , array([ 785.342    ,  0.0537011  ])
[7.85342053e+02 5.36474631e-02]
350     , nan         , array([ 786.128    ,  0.057845   ])
[7.85342053e+02 5.78449513e-02]
352     , nan         , array([ 785.342    ,  0.0805505  ])
354     , nan         , array([ 785.342    ,  0.0806311  ])
[7.85342053e+02 8.05504692e-02]
356     , nan         , array([ 786.128    ,  0.0488427  ])
[7.85342053e+02 4.88426834e-02]
358     , nan         , array([ 785.342    ,  0.0735152  ])
360     , nan         , array([ 785.342    ,  0.0735888  ])
[7.85342053e+02 7.35152440e-02]
362     , nan         , array([ 985.87     ,  0.0344585  ])
[9.84884462e+02 3.44584816e-02]
364     , nan         , array([ 984.884    ,  0.0184611  ])
366     , nan         , array([ 984.884    ,  0.0184796  ])
[9.84884462e+02 1.84611431e-02]
368     , nan         , array([ 985.87     ,  0.0749208  ])
[9.84884462e+02 7.49207501e-02]
370     , nan         , array([ 984.884    ,  0.0807456  ])
372     , nan         , array([ 984.884    ,  0.0808264  ])
[9.84884462e+02 8.07456246e-02]
374     , nan         , array([ 985.87     ,  0.0318257  ])
[9.84884462e+02 3.18257206e-02]
376     , nan         , array([ 984.884    ,  0.0235393  ])
378     , nan         , array([ 984.884    ,  0.0235628  ])
[9.84884462e+02 2.35392607e-02]
380     , nan         , array([ 985.87     ,  0.0968362  ])
[9.84884462e+02 9.68361584e-02]
382     , nan         , array([ 984.884    ,  0.000687807])
384     , nan         , array([ 984.884    ,  0.000688496])
[9.84884462e+02 6.87807465e-04]
386     , nan         , array([ 985.87     ,  0.0997996  ])
[9.84884462e+02 9.97996421e-02]
388     , nan         , array([ 984.884    ,  0.0559567  ])
390     , nan         , array([ 984.884    ,  0.0560127  ])
[9.84884462e+02 5.59566675e-02]
392     , nan         , array([ 985.87     ,  0.0536475  ])
[9.84884462e+02 5.36474631e-02]
394     , nan         , array([ 984.884    ,  0.057845   ])
396     , nan         , array([ 984.884    ,  0.0579028  ])
[9.84884462e+02 5.78449513e-02]
398     , nan         , array([ 985.87     ,  0.0805505  ])
[9.84884462e+02 8.05504692e-02]
400     , nan         , array([ 984.884    ,  0.0488427  ])
402     , nan         , array([ 984.884    ,  0.0488916  ])
[9.84884462e+02 4.88426834e-02]
404     , nan         , array([ 985.87     ,  0.0735152  ])
[9.84884462e+02 7.35152440e-02]
406     , nan         , array([ 481.282    ,  0.0344585  ])
408     , nan         , array([ 481.282    ,  0.034493   ])
[4.81281711e+02 3.44584816e-02]
410     , nan         , array([ 481.763    ,  0.0184611  ])
[4.81281711e+02 1.84611431e-02]
412     , nan         , array([ 481.282    ,  0.0749208  ])
414     , nan         , array([ 481.282    ,  0.0749957  ])
[4.81281711e+02 7.49207501e-02]
416     , nan         , array([ 481.763    ,  0.0807456  ])
[4.81281711e+02 8.07456246e-02]
418     , nan         , array([ 481.282    ,  0.0318257  ])
420     , nan         , array([ 481.282    ,  0.0318576  ])
[4.81281711e+02 3.18257206e-02]
422     , nan         , array([ 481.763    ,  0.0235393  ])
[4.81281711e+02 2.35392607e-02]
424     , nan         , array([ 481.282    ,  0.0968362  ])
426     , nan         , array([ 481.282    ,  0.096933   ])
[4.81281711e+02 9.68361584e-02]
428     , nan         , array([ 481.763    ,  0.000687807])
[4.81281711e+02 6.87807465e-04]
430     , nan         , array([ 481.282    ,  0.0997996  ])
432     , nan         , array([ 481.282    ,  0.0998995  ])
[4.81281711e+02 9.97996421e-02]
434     , nan         , array([ 481.763    ,  0.0559567  ])
[4.81281711e+02 5.59566675e-02]
436     , nan         , array([ 481.282    ,  0.0536475  ])
438     , nan         , array([ 481.282    ,  0.0537011  ])
[4.81281711e+02 5.36474631e-02]
440     , nan         , array([ 481.763    ,  0.057845   ])
[4.81281711e+02 5.78449513e-02]
442     , nan         , array([ 481.282    ,  0.0805505  ])
444     , nan         , array([ 481.282    ,  0.0806311  ])
[4.81281711e+02 8.05504692e-02]
446     , nan         , array([ 481.763    ,  0.0488427  ])
[4.81281711e+02 4.88426834e-02]
448     , nan         , array([ 481.282    ,  0.0735152  ])
450     , nan         , array([ 481.282    ,  0.0735888  ])
[4.81281711e+02 7.35152440e-02]
452     , nan         , array([ 715.242    ,  0.0344585  ])
[7.14527463e+02 3.44584816e-02]
454     , nan         , array([ 714.527    ,  0.0184611  ])
456     , nan         , array([ 714.527    ,  0.0184796  ])
[7.14527463e+02 1.84611431e-02]
458     , nan         , array([ 715.242    ,  0.0749208  ])
[7.14527463e+02 7.49207501e-02]
460     , nan         , array([ 714.527    ,  0.0807456  ])
462     , nan         , array([ 714.527    ,  0.0808264  ])
[7.14527463e+02 8.07456246e-02]
464     , nan         , array([ 715.242    ,  0.0318257  ])
[7.14527463e+02 3.18257206e-02]
466     , nan         , array([ 714.527    ,  0.0235393  ])
468     , nan         , array([ 714.527    ,  0.0235628  ])
[7.14527463e+02 2.35392607e-02]
470     , nan         , array([ 715.242    ,  0.0968362  ])
[7.14527463e+02 9.68361584e-02]
472     , nan         , array([ 714.527    ,  0.000687807])
474     , nan         , array([ 714.527    ,  0.000688496])
[7.14527463e+02 6.87807465e-04]
476     , nan         , array([ 715.242    ,  0.0997996  ])
[7.14527463e+02 9.97996421e-02]
478     , nan         , array([ 714.527    ,  0.0559567  ])
480     , nan         , array([ 714.527    ,  0.0560127  ])
[7.14527463e+02 5.59566675e-02]
482     , nan         , array([ 715.242    ,  0.0536475  ])
[7.14527463e+02 5.36474631e-02]
484     , nan         , array([ 714.527    ,  0.057845   ])
486     , nan         , array([ 714.527    ,  0.0579028  ])
[7.14527463e+02 5.78449513e-02]
488     , nan         , array([ 715.242    ,  0.0805505  ])
[7.14527463e+02 8.05504692e-02]
490     , nan         , array([ 714.527    ,  0.0488427  ])
492     , nan         , array([ 714.527    ,  0.0488916  ])
[7.14527463e+02 4.88426834e-02]
494     , nan         , array([ 715.242    ,  0.0735152  ])
[7.14527463e+02 7.35152440e-02]
496     , nan         , array([ 127.409    ,  0.0344585  ])
498     , nan         , array([ 127.409    ,  0.034493   ])
[1.27409077e+02 3.44584816e-02]
500     , nan         , array([ 127.537    ,  0.0184611  ])
[1.27409077e+02 1.84611431e-02]
502     , nan         , array([ 127.409    ,  0.0749208  ])
504     , nan         , array([ 127.409    ,  0.0749957  ])
[1.27409077e+02 7.49207501e-02]
506     , nan         , array([ 127.537    ,  0.0807456  ])
[1.27409077e+02 8.07456246e-02]
508     , nan         , array([ 127.409    ,  0.0318257  ])
510     , nan         , array([ 127.409    ,  0.0318576  ])
[1.27409077e+02 3.18257206e-02]
512     , nan         , array([ 127.537    ,  0.0235393  ])
[1.27409077e+02 2.35392607e-02]
514     , nan         , array([ 127.409    ,  0.0968362  ])
516     , nan         , array([ 127.409    ,  0.096933   ])
[1.27409077e+02 9.68361584e-02]
518     , nan         , array([ 127.537    ,  0.000687807])
[1.27409077e+02 6.87807465e-04]
520     , nan         , array([ 127.409    ,  0.0997996  ])
522     , nan         , array([ 127.409    ,  0.0998995  ])
[1.27409077e+02 9.97996421e-02]
524     , nan         , array([ 127.537    ,  0.0559567  ])
[1.27409077e+02 5.59566675e-02]
526     , nan         , array([ 127.409    ,  0.0536475  ])
528     , nan         , array([ 127.409    ,  0.0537011  ])
[1.27409077e+02 5.36474631e-02]
530     , nan         , array([ 127.537    ,  0.057845   ])
[1.27409077e+02 5.78449513e-02]
532     , nan         , array([ 127.409    ,  0.0805505  ])
534     , nan         , array([ 127.409    ,  0.0806311  ])
[1.27409077e+02 8.05504692e-02]
536     , nan         , array([ 127.537    ,  0.0488427  ])
[1.27409077e+02 4.88426834e-02]
538     , nan         , array([ 127.409    ,  0.0735152  ])
540     , nan         , array([ 127.409    ,  0.0735888  ])
[1.27409077e+02 7.35152440e-02]
542     , nan         , array([ 868.838    ,  0.0344585  ])
[8.67969842e+02 3.44584816e-02]
544     , nan         , array([ 867.97     ,  0.0184611  ])
546     , nan         , array([ 867.97     ,  0.0184796  ])
[8.67969842e+02 1.84611431e-02]
548     , nan         , array([ 868.838    ,  0.0749208  ])
[8.67969842e+02 7.49207501e-02]
550     , nan         , array([ 867.97     ,  0.0807456  ])
552     , nan         , array([ 867.97     ,  0.0808264  ])
[8.67969842e+02 8.07456246e-02]
554     , nan         , array([ 868.838    ,  0.0318257  ])
[8.67969842e+02 3.18257206e-02]
556     , nan         , array([ 867.97     ,  0.0235393  ])
558     , nan         , array([ 867.97     ,  0.0235628  ])
[8.67969842e+02 2.35392607e-02]
560     , nan         , array([ 868.838    ,  0.0968362  ])
[8.67969842e+02 9.68361584e-02]
562     , nan         , array([ 867.97     ,  0.000687807])
564     , nan         , array([ 867.97     ,  0.000688496])
[8.67969842e+02 6.87807465e-04]
566     , nan         , array([ 868.838    ,  0.0997996  ])
[8.67969842e+02 9.97996421e-02]
568     , nan         , array([ 867.97     ,  0.0559567  ])
570     , nan         , array([ 867.97     ,  0.0560127  ])
[8.67969842e+02 5.59566675e-02]
572     , nan         , array([ 868.838    ,  0.0536475  ])
[8.67969842e+02 5.36474631e-02]
574     , nan         , array([ 867.97     ,  0.057845   ])
576     , nan         , array([ 867.97     ,  0.0579028  ])
[8.67969842e+02 5.78449513e-02]
578     , nan         , array([ 868.838    ,  0.0805505  ])
[8.67969842e+02 8.05504692e-02]
580     , nan         , array([ 867.97     ,  0.0488427  ])
582     , nan         , array([ 867.97     ,  0.0488916  ])
[8.67969842e+02 4.88426834e-02]
584     , nan         , array([ 868.838    ,  0.0735152  ])
[8.67969842e+02 7.35152440e-02]
586     , nan         , array([ 488.337    ,  0.0344585  ])
588     , nan         , array([ 488.337    ,  0.034493   ])
[4.88337215e+02 3.44584816e-02]
590     , nan         , array([ 488.826    ,  0.0184611  ])
[4.88337215e+02 1.84611431e-02]
592     , nan         , array([ 488.337    ,  0.0749208  ])
594     , nan         , array([ 488.337    ,  0.0749957  ])
[4.88337215e+02 7.49207501e-02]
596     , nan         , array([ 488.826    ,  0.0807456  ])
[4.88337215e+02 8.07456246e-02]
598     , nan         , array([ 488.337    ,  0.0318257  ])
600     , nan         , array([ 488.337    ,  0.0318576  ])
[4.88337215e+02 3.18257206e-02]
602     , nan         , array([ 488.826    ,  0.0235393  ])
[4.88337215e+02 2.35392607e-02]
604     , nan         , array([ 488.337    ,  0.0968362  ])
606     , nan         , array([ 488.337    ,  0.096933   ])
[4.88337215e+02 9.68361584e-02]
608     , nan         , array([ 488.826    ,  0.000687807])
[4.88337215e+02 6.87807465e-04]
610     , nan         , array([ 488.337    ,  0.0997996  ])
612     , nan         , array([ 488.337    ,  0.0998995  ])
[4.88337215e+02 9.97996421e-02]
614     , nan         , array([ 488.826    ,  0.0559567  ])
[4.88337215e+02 5.59566675e-02]
616     , nan         , array([ 488.337    ,  0.0536475  ])
618     , nan         , array([ 488.337    ,  0.0537011  ])
[4.88337215e+02 5.36474631e-02]
620     , nan         , array([ 488.826    ,  0.057845   ])
[4.88337215e+02 5.78449513e-02]
622     , nan         , array([ 488.337    ,  0.0805505  ])
624     , nan         , array([ 488.337    ,  0.0806311  ])
[4.88337215e+02 8.05504692e-02]
626     , nan         , array([ 488.826    ,  0.0488427  ])
[4.88337215e+02 4.88426834e-02]
628     , nan         , array([ 488.337    ,  0.0735152  ])
630     , nan         , array([ 488.337    ,  0.0735888  ])
[4.88337215e+02 7.35152440e-02]
632     , nan         , array([ 872.163    ,  0.0344585  ])
[8.71290973e+02 3.44584816e-02]
634     , nan         , array([ 871.291    ,  0.0184611  ])
636     , nan         , array([ 871.291    ,  0.0184796  ])
[8.71290973e+02 1.84611431e-02]
638     , nan         , array([ 872.163    ,  0.0749208  ])
[8.71290973e+02 7.49207501e-02]
640     , nan         , array([ 871.291    ,  0.0807456  ])
642     , nan         , array([ 871.291    ,  0.0808264  ])
[8.71290973e+02 8.07456246e-02]
644     , nan         , array([ 872.163    ,  0.0318257  ])
[8.71290973e+02 3.18257206e-02]
646     , nan         , array([ 871.291    ,  0.0235393  ])
648     , nan         , array([ 871.291    ,  0.0235628  ])
[8.71290973e+02 2.35392607e-02]
650     , nan         , array([ 872.163    ,  0.0968362  ])
[8.71290973e+02 9.68361584e-02]
652     , nan         , array([ 871.291    ,  0.000687807])
654     , nan         , array([ 871.291    ,  0.000688496])
[8.71290973e+02 6.87807465e-04]
656     , nan         , array([ 872.163    ,  0.0997996  ])
[8.71290973e+02 9.97996421e-02]
658     , nan         , array([ 871.291    ,  0.0559567  ])
660     , nan         , array([ 871.291    ,  0.0560127  ])
[8.71290973e+02 5.59566675e-02]
662     , nan         , array([ 872.163    ,  0.0536475  ])
[8.71290973e+02 5.36474631e-02]
664     , nan         , array([ 871.291    ,  0.057845   ])
666     , nan         , array([ 871.291    ,  0.0579028  ])
[8.71290973e+02 5.78449513e-02]
668     , nan         , array([ 872.163    ,  0.0805505  ])
[8.71290973e+02 8.05504692e-02]
670     , nan         , array([ 871.291    ,  0.0488427  ])
672     , nan         , array([ 871.291    ,  0.0488916  ])
[8.71290973e+02 4.88426834e-02]
674     , nan         , array([ 872.163    ,  0.0735152  ])
[8.71290973e+02 7.35152440e-02]
2       , nan         , array([ 0.0364933  ,  0.00581384 ])
[0.03645684 0.00581384]
4       , nan         , array([ 0.0364568  ,  0.00751895 ])
6       , nan         , array([ 0.0364568  ,  0.00752648 ])
[0.03645684 0.00751895]
8       , nan         , array([ 0.0364933  ,  0.000201744])
[0.03645684 0.00020174]
10      , nan         , array([ 0.0364568  ,  0.000534591])
12      , nan         , array([ 0.0364568  ,  0.000535126])
[0.03645684 0.00053459]
14      , nan         , array([ 0.0364933  ,  0.00124334 ])
[0.03645684 0.00124334]
16      , nan         , array([ 0.0364568  ,  0.00777721 ])
18      , nan         , array([ 0.0364568  ,  0.00778499 ])
[0.03645684 0.00777721]
20      , nan         , array([ 0.0364933  ,  0.00987225 ])
[0.03645684 0.00987225]
22      , nan         , array([ 0.0364568  ,  0.00888619 ])
24      , nan         , array([ 0.0364568  ,  0.00889508 ])
[0.03645684 0.00888619]
26      , nan         , array([ 0.0364933  ,  0.00763864 ])
[0.03645684 0.00763864]
28      , nan         , array([ 0.0364568  ,  0.00919658 ])
30      , nan         , array([ 0.0364568  ,  0.00920578 ])
[0.03645684 0.00919658]
32      , nan         , array([ 0.0364933  ,  0.00650009 ])
[0.03645684 0.00650009]
34      , nan         , array([ 0.0364568  ,  0.0086901  ])
36      , nan         , array([ 0.0364568  ,  0.00869879 ])
[0.03645684 0.0086901 ]
38      , nan         , array([ 0.0364933  ,  0.00974537 ])
[0.03645684 0.00974537]
40      , nan         , array([ 0.0364568  ,  0.00200438 ])
42      , nan         , array([ 0.0364568  ,  0.00200639 ])
[0.03645684 0.00200438]
44      , nan         , array([ 0.0364933  ,  0.000458365])
[0.03645684 0.00045836]
46      , nan         , array([ 0.0854832  ,  0.00581384 ])
48      , nan         , array([ 0.0854832  ,  0.00581966 ])
[0.08548319 0.00581384]
50      , nan         , array([ 0.0855687  ,  0.00751895 ])
[0.08548319 0.00751895]
52      , nan         , array([ 0.0854832  ,  0.000201744])
54      , nan         , array([ 0.0854832  ,  0.000201946])
[0.08548319 0.00020174]
56      , nan         , array([ 0.0855687  ,  0.000534591])
[0.08548319 0.00053459]
58      , nan         , array([ 0.0854832  ,  0.00124334 ])
60      , nan         , array([ 0.0854832  ,  0.00124459 ])
[0.08548319 0.00124334]
62      , nan         , array([ 0.0855687  ,  0.00777721 ])
[0.08548319 0.00777721]
64      , nan         , array([ 0.0854832  ,  0.00987225 ])
66      , nan         , array([ 0.0854832  ,  0.00988213 ])
[0.08548319 0.00987225]
68      , nan         , array([ 0.0855687  ,  0.00888619 ])
[0.08548319 0.00888619]
70      , nan         , array([ 0.0854832  ,  0.00763864 ])
72      , nan         , array([ 0.0854832  ,  0.00764628 ])
[0.08548319 0.00763864]
74      , nan         , array([ 0.0855687  ,  0.00919658 ])
[0.08548319 0.00919658]
76      , nan         , array([ 0.0854832  ,  0.00650009 ])
78      , nan         , array([ 0.0854832  ,  0.0065066  ])
[0.08548319 0.00650009]
80      , nan         , array([ 0.0855687  ,  0.0086901  ])
[0.08548319 0.0086901 ]
82      , nan         , array([ 0.0854832  ,  0.00974537 ])
84      , nan         , array([ 0.0854832  ,  0.00975512 ])
[0.08548319 0.00974537]
86      , nan         , array([ 0.0855687  ,  0.00200438 ])
[0.08548319 0.00200438]
88      , nan         , array([ 0.0854832  ,  0.000458365])
90      , nan         , array([ 0.0854832  ,  0.000458823])
[0.08548319 0.00045836]
92      , nan         , array([ 0.00653803 ,  0.00581384 ])
[0.00653149 0.00581384]
94      , nan         , array([ 0.00653149 ,  0.00751895 ])
96      , nan         , array([ 0.00653149 ,  0.00752648 ])
[0.00653149 0.00751895]
98      , nan         , array([ 0.00653803 ,  0.000201744])
[0.00653149 0.00020174]
100     , nan         , array([ 0.00653149 ,  0.000534591])
102     , nan         , array([ 0.00653149 ,  0.000535126])
[0.00653149 0.00053459]
104     , nan         , array([ 0.00653803 ,  0.00124334 ])
[0.00653149 0.00124334]
106     , nan         , array([ 0.00653149 ,  0.00777721 ])
108     , nan         , array([ 0.00653149 ,  0.00778499 ])
[0.00653149 0.00777721]
110     , nan         , array([ 0.00653803 ,  0.00987225 ])
[0.00653149 0.00987225]
112     , nan         , array([ 0.00653149 ,  0.00888619 ])
114     , nan         , array([ 0.00653149 ,  0.00889508 ])
[0.00653149 0.00888619]
116     , nan         , array([ 0.00653803 ,  0.00763864 ])
[0.00653149 0.00763864]
118     , nan         , array([ 0.00653149 ,  0.00919658 ])
120     , nan         , array([ 0.00653149 ,  0.00920578 ])
[0.00653149 0.00919658]
122     , nan         , array([ 0.00653803 ,  0.00650009 ])
[0.00653149 0.00650009]
124     , nan         , array([ 0.00653149 ,  0.0086901  ])
126     , nan         , array([ 0.00653149 ,  0.00869879 ])
[0.00653149 0.0086901 ]
128     , nan         , array([ 0.00653803 ,  0.00974537 ])
[0.00653149 0.00974537]
130     , nan         , array([ 0.00653149 ,  0.00200438 ])
132     , nan         , array([ 0.00653149 ,  0.00200639 ])
[0.00653149 0.00200438]
134     , nan         , array([ 0.00653803 ,  0.000458365])
[0.00653149 0.00045836]
136     , nan         , array([ 0.0940496  ,  0.00581384 ])
138     , nan         , array([ 0.0940496  ,  0.00581966 ])
[0.09404964 0.00581384]
140     , nan         , array([ 0.0941437  ,  0.00751895 ])
[0.09404964 0.00751895]
142     , nan         , array([ 0.0940496  ,  0.000201744])
144     , nan         , array([ 0.0940496  ,  0.000201946])
[0.09404964 0.00020174]
146     , nan         , array([ 0.0941437  ,  0.000534591])
[0.09404964 0.00053459]
148     , nan         , array([ 0.0940496  ,  0.00124334 ])
150     , nan         , array([ 0.0940496  ,  0.00124459 ])
[0.09404964 0.00124334]
152     , nan         , array([ 0.0941437  ,  0.00777721 ])
[0.09404964 0.00777721]
154     , nan         , array([ 0.0940496  ,  0.00987225 ])
156     , nan         , array([ 0.0940496  ,  0.00988213 ])
[0.09404964 0.00987225]
158     , nan         , array([ 0.0941437  ,  0.00888619 ])
[0.09404964 0.00888619]
160     , nan         , array([ 0.0940496  ,  0.00763864 ])
162     , nan         , array([ 0.0940496  ,  0.00764628 ])
[0.09404964 0.00763864]
164     , nan         , array([ 0.0941437  ,  0.00919658 ])
[0.09404964 0.00919658]
166     , nan         , array([ 0.0940496  ,  0.00650009 ])
168     , nan         , array([ 0.0940496  ,  0.0065066  ])
[0.09404964 0.00650009]
170     , nan         , array([ 0.0941437  ,  0.0086901  ])
[0.09404964 0.0086901 ]
172     , nan         , array([ 0.0940496  ,  0.00974537 ])
174     , nan         , array([ 0.0940496  ,  0.00975512 ])
[0.09404964 0.00974537]
176     , nan         , array([ 0.0941437  ,  0.00200438 ])
[0.09404964 0.00200438]
178     , nan         , array([ 0.0940496  ,  0.000458365])
180     , nan         , array([ 0.0940496  ,  0.000458823])
[0.09404964 0.00045836]
182     , nan         , array([ 0.0772924  ,  0.00581384 ])
[0.07721519 0.00581384]
184     , nan         , array([ 0.0772152  ,  0.00751895 ])
186     , nan         , array([ 0.0772152  ,  0.00752648 ])
[0.07721519 0.00751895]
188     , nan         , array([ 0.0772924  ,  0.000201744])
[0.07721519 0.00020174]
190     , nan         , array([ 0.0772152  ,  0.000534591])
192     , nan         , array([ 0.0772152  ,  0.000535126])
[0.07721519 0.00053459]
194     , nan         , array([ 0.0772924  ,  0.00124334 ])
[0.07721519 0.00124334]
196     , nan         , array([ 0.0772152  ,  0.00777721 ])
198     , nan         , array([ 0.0772152  ,  0.00778499 ])
[0.07721519 0.00777721]
200     , nan         , array([ 0.0772924  ,  0.00987225 ])
[0.07721519 0.00987225]
202     , nan         , array([ 0.0772152  ,  0.00888619 ])
204     , nan         , array([ 0.0772152  ,  0.00889508 ])
[0.07721519 0.00888619]
206     , nan         , array([ 0.0772924  ,  0.00763864 ])
[0.07721519 0.00763864]
208     , nan         , array([ 0.0772152  ,  0.00919658 ])
210     , nan         , array([ 0.0772152  ,  0.00920578 ])
[0.07721519 0.00919658]
212     , nan         , array([ 0.0772924  ,  0.00650009 ])
[0.07721519 0.00650009]
214     , nan         , array([ 0.0772152  ,  0.0086901  ])
216     , nan         , array([ 0.0772152  ,  0.00869879 ])
[0.07721519 0.0086901 ]
218     , nan         , array([ 0.0772924  ,  0.00974537 ])
[0.07721519 0.00974537]
220     , nan         , array([ 0.0772152  ,  0.00200438 ])
222     , nan         , array([ 0.0772152  ,  0.00200639 ])
[0.07721519 0.00200438]
224     , nan         , array([ 0.0772924  ,  0.000458365])
[0.07721519 0.00045836]
226     , nan         , array([ 0.0119908  ,  0.00581384 ])
228     , nan         , array([ 0.0119908  ,  0.00581966 ])
[0.01199077 0.00581384]
230     , nan         , array([ 0.0120028  ,  0.00751895 ])
[0.01199077 0.00751895]
232     , nan         , array([ 0.0119908  ,  0.000201744])
234     , nan         , array([ 0.0119908  ,  0.000201946])
[0.01199077 0.00020174]
236     , nan         , array([ 0.0120028  ,  0.000534591])
[0.01199077 0.00053459]
238     , nan         , array([ 0.0119908  ,  0.00124334 ])
240     , nan         , array([ 0.0119908  ,  0.00124459 ])
[0.01199077 0.00124334]
242     , nan         , array([ 0.0120028  ,  0.00777721 ])
[0.01199077 0.00777721]
244     , nan         , array([ 0.0119908  ,  0.00987225 ])
246     , nan         , array([ 0.0119908  ,  0.00988213 ])
[0.01199077 0.00987225]
248     , nan         , array([ 0.0120028  ,  0.00888619 ])
[0.01199077 0.00888619]
250     , nan         , array([ 0.0119908  ,  0.00763864 ])
252     , nan         , array([ 0.0119908  ,  0.00764628 ])
[0.01199077 0.00763864]
254     , nan         , array([ 0.0120028  ,  0.00919658 ])
[0.01199077 0.00919658]
256     , nan         , array([ 0.0119908  ,  0.00650009 ])
258     , nan         , array([ 0.0119908  ,  0.0065066  ])
[0.01199077 0.00650009]
260     , nan         , array([ 0.0120028  ,  0.0086901  ])
[0.01199077 0.0086901 ]
262     , nan         , array([ 0.0119908  ,  0.00974537 ])
264     , nan         , array([ 0.0119908  ,  0.00975512 ])
[0.01199077 0.00974537]
266     , nan         , array([ 0.0120028  ,  0.00200438 ])
[0.01199077 0.00200438]
268     , nan         , array([ 0.0119908  ,  0.000458365])
270     , nan         , array([ 0.0119908  ,  0.000458823])
[0.01199077 0.00045836]
272     , nan         , array([ 0.075498   ,  0.00581384 ])
[0.07542258 0.00581384]
274     , nan         , array([ 0.0754226  ,  0.00751895 ])
276     , nan         , array([ 0.0754226  ,  0.00752648 ])
[0.07542258 0.00751895]
278     , nan         , array([ 0.075498   ,  0.000201744])
[0.07542258 0.00020174]
280     , nan         , array([ 0.0754226  ,  0.000534591])
282     , nan         , array([ 0.0754226  ,  0.000535126])
[0.07542258 0.00053459]
284     , nan         , array([ 0.075498   ,  0.00124334 ])
[0.07542258 0.00124334]
286     , nan         , array([ 0.0754226  ,  0.00777721 ])
288     , nan         , array([ 0.0754226  ,  0.00778499 ])
[0.07542258 0.00777721]
290     , nan         , array([ 0.075498   ,  0.00987225 ])
[0.07542258 0.00987225]
292     , nan         , array([ 0.0754226  ,  0.00888619 ])
294     , nan         , array([ 0.0754226  ,  0.00889508 ])
[0.07542258 0.00888619]
296     , nan         , array([ 0.075498   ,  0.00763864 ])
[0.07542258 0.00763864]
298     , nan         , array([ 0.0754226  ,  0.00919658 ])
300     , nan         , array([ 0.0754226  ,  0.00920578 ])
[0.07542258 0.00919658]
302     , nan         , array([ 0.075498   ,  0.00650009 ])
[0.07542258 0.00650009]
304     , nan         , array([ 0.0754226  ,  0.0086901  ])
306     , nan         , array([ 0.0754226  ,  0.00869879 ])
[0.07542258 0.0086901 ]
308     , nan         , array([ 0.075498   ,  0.00974537 ])
[0.07542258 0.00974537]
310     , nan         , array([ 0.0754226  ,  0.00200438 ])
312     , nan         , array([ 0.0754226  ,  0.00200639 ])
[0.07542258 0.00200438]
314     , nan         , array([ 0.075498   ,  0.000458365])
[0.07542258 0.00045836]
316     , nan         , array([ 0.0829676  ,  0.00581384 ])
318     , nan         , array([ 0.0829676  ,  0.00581966 ])
[0.08296757 0.00581384]
320     , nan         , array([ 0.0830506  ,  0.00751895 ])
[0.08296757 0.00751895]
322     , nan         , array([ 0.0829676  ,  0.000201744])
324     , nan         , array([ 0.0829676  ,  0.000201946])
[0.08296757 0.00020174]
326     , nan         , array([ 0.0830506  ,  0.000534591])
[0.08296757 0.00053459]
328     , nan         , array([ 0.0829676  ,  0.00124334 ])
330     , nan         , array([ 0.0829676  ,  0.00124459 ])
[0.08296757 0.00124334]
332     , nan         , array([ 0.0830506  ,  0.00777721 ])
[0.08296757 0.00777721]
334     , nan         , array([ 0.0829676  ,  0.00987225 ])
336     , nan         , array([ 0.0829676  ,  0.00988213 ])
[0.08296757 0.00987225]
338     , nan         , array([ 0.0830506  ,  0.00888619 ])
[0.08296757 0.00888619]
340     , nan         , array([ 0.0829676  ,  0.00763864 ])
342     , nan         , array([ 0.0829676  ,  0.00764628 ])
[0.08296757 0.00763864]
344     , nan         , array([ 0.0830506  ,  0.00919658 ])
[0.08296757 0.00919658]
346     , nan         , array([ 0.0829676  ,  0.00650009 ])
348     , nan         , array([ 0.0829676  ,  0.0065066  ])
[0.08296757 0.00650009]
350     , nan         , array([ 0.0830506  ,  0.0086901  ])
[0.08296757 0.0086901 ]
352     , nan         , array([ 0.0829676  ,  0.00974537 ])
354     , nan         , array([ 0.0829676  ,  0.00975512 ])
[0.08296757 0.00974537]
356     , nan         , array([ 0.0830506  ,  0.00200438 ])
[0.08296757 0.00200438]
358     , nan         , array([ 0.0829676  ,  0.000458365])
360     , nan         , array([ 0.0829676  ,  0.000458823])
[0.08296757 0.00045836]
362     , nan         , array([ 0.0626656  ,  0.00581384 ])
[0.06260295 0.00581384]
364     , nan         , array([ 0.0626029  ,  0.00751895 ])
366     , nan         , array([ 0.0626029  ,  0.00752648 ])
[0.06260295 0.00751895]
368     , nan         , array([ 0.0626656  ,  0.000201744])
[0.06260295 0.00020174]
370     , nan         , array([ 0.0626029  ,  0.000534591])
372     , nan         , array([ 0.0626029  ,  0.000535126])
[0.06260295 0.00053459]
374     , nan         , array([ 0.0626656  ,  0.00124334 ])
[0.06260295 0.00124334]
376     , nan         , array([ 0.0626029  ,  0.00777721 ])
378     , nan         , array([ 0.0626029  ,  0.00778499 ])
[0.06260295 0.00777721]
380     , nan         , array([ 0.0626656  ,  0.00987225 ])
[0.06260295 0.00987225]
382     , nan         , array([ 0.0626029  ,  0.00888619 ])
384     , nan         , array([ 0.0626029  ,  0.00889508 ])
[0.06260295 0.00888619]
386     , nan         , array([ 0.0626656  ,  0.00763864 ])
[0.06260295 0.00763864]
388     , nan         , array([ 0.0626029  ,  0.00919658 ])
390     , nan         , array([ 0.0626029  ,  0.00920578 ])
[0.06260295 0.00919658]
392     , nan         , array([ 0.0626656  ,  0.00650009 ])
[0.06260295 0.00650009]
394     , nan         , array([ 0.0626029  ,  0.0086901  ])
396     , nan         , array([ 0.0626029  ,  0.00869879 ])
[0.06260295 0.0086901 ]
398     , nan         , array([ 0.0626656  ,  0.00974537 ])
[0.06260295 0.00974537]
400     , nan         , array([ 0.0626029  ,  0.00200438 ])
402     , nan         , array([ 0.0626029  ,  0.00200639 ])
[0.06260295 0.00200438]
404     , nan         , array([ 0.0626656  ,  0.000458365])
[0.06260295 0.00045836]
406     , nan         , array([ 0.0344937  ,  0.00581384 ])
408     , nan         , array([ 0.0344937  ,  0.00581966 ])
[0.03449374 0.00581384]
410     , nan         , array([ 0.0345282  ,  0.00751895 ])
[0.03449374 0.00751895]
412     , nan         , array([ 0.0344937  ,  0.000201744])
414     , nan         , array([ 0.0344937  ,  0.000201946])
[0.03449374 0.00020174]
416     , nan         , array([ 0.0345282  ,  0.000534591])
[0.03449374 0.00053459]
418     , nan         , array([ 0.0344937  ,  0.00124334 ])
420     , nan         , array([ 0.0344937  ,  0.00124459 ])
[0.03449374 0.00124334]
422     , nan         , array([ 0.0345282  ,  0.00777721 ])
[0.03449374 0.00777721]
424     , nan         , array([ 0.0344937  ,  0.00987225 ])
426     , nan         , array([ 0.0344937  ,  0.00988213 ])
[0.03449374 0.00987225]
428     , nan         , array([ 0.0345282  ,  0.00888619 ])
[0.03449374 0.00888619]
430     , nan         , array([ 0.0344937  ,  0.00763864 ])
432     , nan         , array([ 0.0344937  ,  0.00764628 ])
[0.03449374 0.00763864]
434     , nan         , array([ 0.0345282  ,  0.00919658 ])
[0.03449374 0.00919658]
436     , nan         , array([ 0.0344937  ,  0.00650009 ])
438     , nan         , array([ 0.0344937  ,  0.0065066  ])
[0.03449374 0.00650009]
440     , nan         , array([ 0.0345282  ,  0.0086901  ])
[0.03449374 0.0086901 ]
442     , nan         , array([ 0.0344937  ,  0.00974537 ])
444     , nan         , array([ 0.0344937  ,  0.00975512 ])
[0.03449374 0.00974537]
446     , nan         , array([ 0.0345282  ,  0.00200438 ])
[0.03449374 0.00200438]
448     , nan         , array([ 0.0344937  ,  0.000458365])
450     , nan         , array([ 0.0344937  ,  0.000458823])
[0.03449374 0.00045836]
452     , nan         , array([ 0.062025   ,  0.00581384 ])
[0.06196303 0.00581384]
454     , nan         , array([ 0.061963   ,  0.00751895 ])
456     , nan         , array([ 0.061963   ,  0.00752648 ])
[0.06196303 0.00751895]
458     , nan         , array([ 0.062025   ,  0.000201744])
[0.06196303 0.00020174]
460     , nan         , array([ 0.061963   ,  0.000534591])
462     , nan         , array([ 0.061963   ,  0.000535126])
[0.06196303 0.00053459]
464     , nan         , array([ 0.062025   ,  0.00124334 ])
[0.06196303 0.00124334]
466     , nan         , array([ 0.061963   ,  0.00777721 ])
468     , nan         , array([ 0.061963   ,  0.00778499 ])
[0.06196303 0.00777721]
470     , nan         , array([ 0.062025   ,  0.00987225 ])
[0.06196303 0.00987225]
472     , nan         , array([ 0.061963   ,  0.00888619 ])
474     , nan         , array([ 0.061963   ,  0.00889508 ])
[0.06196303 0.00888619]
476     , nan         , array([ 0.062025   ,  0.00763864 ])
[0.06196303 0.00763864]
478     , nan         , array([ 0.061963   ,  0.00919658 ])
480     , nan         , array([ 0.061963   ,  0.00920578 ])
[0.06196303 0.00919658]
482     , nan         , array([ 0.062025   ,  0.00650009 ])
[0.06196303 0.00650009]
484     , nan         , array([ 0.061963   ,  0.0086901  ])
486     , nan         , array([ 0.061963   ,  0.00869879 ])
[0.06196303 0.0086901 ]
488     , nan         , array([ 0.062025   ,  0.00974537 ])
[0.06196303 0.00974537]
490     , nan         , array([ 0.061963   ,  0.00200438 ])
492     , nan         , array([ 0.061963   ,  0.00200639 ])
[0.06196303 0.00200438]
494     , nan         , array([ 0.062025   ,  0.000458365])
[0.06196303 0.00045836]
496     , nan         , array([ 0.0145497  ,  0.00581384 ])
498     , nan         , array([ 0.0145497  ,  0.00581966 ])
[0.01454975 0.00581384]
500     , nan         , array([ 0.0145643  ,  0.00751895 ])
[0.01454975 0.00751895]
502     , nan         , array([ 0.0145497  ,  0.000201744])
504     , nan         , array([ 0.0145497  ,  0.000201946])
[0.01454975 0.00020174]
506     , nan         , array([ 0.0145643  ,  0.000534591])
[0.01454975 0.00053459]
508     , nan         , array([ 0.0145497  ,  0.00124334 ])
510     , nan         , array([ 0.0145497  ,  0.00124459 ])
[0.01454975 0.00124334]
512     , nan         , array([ 0.0145643  ,  0.00777721 ])
[0.01454975 0.00777721]
514     , nan         , array([ 0.0145497  ,  0.00987225 ])
516     , nan         , array([ 0.0145497  ,  0.00988213 ])
[0.01454975 0.00987225]
518     , nan         , array([ 0.0145643  ,  0.00888619 ])
[0.01454975 0.00888619]
520     , nan         , array([ 0.0145497  ,  0.00763864 ])
522     , nan         , array([ 0.0145497  ,  0.00764628 ])
[0.01454975 0.00763864]
524     , nan         , array([ 0.0145643  ,  0.00919658 ])
[0.01454975 0.00919658]
526     , nan         , array([ 0.0145497  ,  0.00650009 ])
528     , nan         , array([ 0.0145497  ,  0.0065066  ])
[0.01454975 0.00650009]
530     , nan         , array([ 0.0145643  ,  0.0086901  ])
[0.01454975 0.0086901 ]
532     , nan         , array([ 0.0145497  ,  0.00974537 ])
534     , nan         , array([ 0.0145497  ,  0.00975512 ])
[0.01454975 0.00974537]
536     , nan         , array([ 0.0145643  ,  0.00200438 ])
[0.01454975 0.00200438]
538     , nan         , array([ 0.0145497  ,  0.000458365])
540     , nan         , array([ 0.0145497  ,  0.000458823])
[0.01454975 0.00045836]
542     , nan         , array([ 0.047355   ,  0.00581384 ])
[0.04730766 0.00581384]
544     , nan         , array([ 0.0473077  ,  0.00751895 ])
546     , nan         , array([ 0.0473077  ,  0.00752648 ])
[0.04730766 0.00751895]
548     , nan         , array([ 0.047355   ,  0.000201744])
[0.04730766 0.00020174]
550     , nan         , array([ 0.0473077  ,  0.000534591])
552     , nan         , array([ 0.0473077  ,  0.000535126])
[0.04730766 0.00053459]
554     , nan         , array([ 0.047355   ,  0.00124334 ])
[0.04730766 0.00124334]
556     , nan         , array([ 0.0473077  ,  0.00777721 ])
558     , nan         , array([ 0.0473077  ,  0.00778499 ])
[0.04730766 0.00777721]
560     , nan         , array([ 0.047355   ,  0.00987225 ])
[0.04730766 0.00987225]
562     , nan         , array([ 0.0473077  ,  0.00888619 ])
564     , nan         , array([ 0.0473077  ,  0.00889508 ])
[0.04730766 0.00888619]
566     , nan         , array([ 0.047355   ,  0.00763864 ])
[0.04730766 0.00763864]
568     , nan         , array([ 0.0473077  ,  0.00919658 ])
570     , nan         , array([ 0.0473077  ,  0.00920578 ])
[0.04730766 0.00919658]
572     , nan         , array([ 0.047355   ,  0.00650009 ])
[0.04730766 0.00650009]
574     , nan         , array([ 0.0473077  ,  0.0086901  ])
576     , nan         , array([ 0.0473077  ,  0.00869879 ])
[0.04730766 0.0086901 ]
578     , nan         , array([ 0.047355   ,  0.00974537 ])
[0.04730766 0.00974537]
580     , nan         , array([ 0.0473077  ,  0.00200438 ])
582     , nan         , array([ 0.0473077  ,  0.00200639 ])
[0.04730766 0.00200438]
584     , nan         , array([ 0.047355   ,  0.000458365])
[0.04730766 0.00045836]
586     , nan         , array([ 0.053096   ,  0.00581384 ])
588     , nan         , array([ 0.053096   ,  0.00581966 ])
[0.05309604 0.00581384]
590     , nan         , array([ 0.0531492  ,  0.00751895 ])
[0.05309604 0.00751895]
592     , nan         , array([ 0.053096   ,  0.000201744])
594     , nan         , array([ 0.053096   ,  0.000201946])
[0.05309604 0.00020174]
596     , nan         , array([ 0.0531492  ,  0.000534591])
[0.05309604 0.00053459]
598     , nan         , array([ 0.053096   ,  0.00124334 ])
600     , nan         , array([ 0.053096   ,  0.00124459 ])
[0.05309604 0.00124334]
602     , nan         , array([ 0.0531492  ,  0.00777721 ])
[0.05309604 0.00777721]
604     , nan         , array([ 0.053096   ,  0.00987225 ])
606     , nan         , array([ 0.053096   ,  0.00988213 ])
[0.05309604 0.00987225]
608     , nan         , array([ 0.0531492  ,  0.00888619 ])
[0.05309604 0.00888619]
610     , nan         , array([ 0.053096   ,  0.00763864 ])
612     , nan         , array([ 0.053096   ,  0.00764628 ])
[0.05309604 0.00763864]
614     , nan         , array([ 0.0531492  ,  0.00919658 ])
[0.05309604 0.00919658]
616     , nan         , array([ 0.053096   ,  0.00650009 ])
618     , nan         , array([ 0.053096   ,  0.0065066  ])
[0.05309604 0.00650009]
620     , nan         , array([ 0.0531492  ,  0.0086901  ])
[0.05309604 0.0086901 ]
622     , nan         , array([ 0.053096   ,  0.00974537 ])
624     , nan         , array([ 0.053096   ,  0.00975512 ])
[0.05309604 0.00974537]
626     , nan         , array([ 0.0531492  ,  0.00200438 ])
[0.05309604 0.00200438]
628     , nan         , array([ 0.053096   ,  0.000458365])
630     , nan         , array([ 0.053096   ,  0.000458823])
[0.05309604 0.00045836]
632     , nan         , array([ 0.0193611  ,  0.00581384 ])
[0.01934176 0.00581384]
634     , nan         , array([ 0.0193418  ,  0.00751895 ])
636     , nan         , array([ 0.0193418  ,  0.00752648 ])
[0.01934176 0.00751895]
638     , nan         , array([ 0.0193611  ,  0.000201744])
[0.01934176 0.00020174]
640     , nan         , array([ 0.0193418  ,  0.000534591])
642     , nan         , array([ 0.0193418  ,  0.000535126])
[0.01934176 0.00053459]
644     , nan         , array([ 0.0193611  ,  0.00124334 ])
[0.01934176 0.00124334]
646     , nan         , array([ 0.0193418  ,  0.00777721 ])
648     , nan         , array([ 0.0193418  ,  0.00778499 ])
[0.01934176 0.00777721]
650     , nan         , array([ 0.0193611  ,  0.00987225 ])
[0.01934176 0.00987225]
652     , nan         , array([ 0.0193418  ,  0.00888619 ])
654     , nan         , array([ 0.0193418  ,  0.00889508 ])
[0.01934176 0.00888619]
656     , nan         , array([ 0.0193611  ,  0.00763864 ])
[0.01934176 0.00763864]
658     , nan         , array([ 0.0193418  ,  0.00919658 ])
660     , nan         , array([ 0.0193418  ,  0.00920578 ])
[0.01934176 0.00919658]
662     , nan         , array([ 0.0193611  ,  0.00650009 ])
[0.01934176 0.00650009]
664     , nan         , array([ 0.0193418  ,  0.0086901  ])
666     , nan         , array([ 0.0193418  ,  0.00869879 ])
[0.01934176 0.0086901 ]
668     , nan         , array([ 0.0193611  ,  0.00974537 ])
[0.01934176 0.00974537]
670     , nan         , array([ 0.0193418  ,  0.00200438 ])
672     , nan         , array([ 0.0193418  ,  0.00200639 ])
[0.01934176 0.00200438]
674     , nan         , array([ 0.0193611  ,  0.000458365])
[0.01934176 0.00045836]
