2       , -152.946    , array([ 0.0517853  ,  0.00587395 ])
4       , -53.6931    , array([ 0.107046   ,  0.00295664 ])
6       , -53.7013    , array([ 0.107046   ,  0.00295959 ])
[0.10704599 0.00295664]
8       , -168.798    , array([ 0.0517853  ,  0.00630869 ])
10      , -54.3215    , array([ 0.107142   ,  0.00317848 ])
12      , -54.3311    , array([ 0.107142   ,  0.00318166 ])
[0.10714205 0.00317848]
14      , -73.6242    , array([ 0.0517853  ,  0.00302898 ])
16      , -51.031     , array([ 0.106507   ,  0.00151656 ])
18      , -51.0327    , array([ 0.106507   ,  0.00151807 ])
[0.10650715 0.00151656]
20      , -233.876    , array([ 0.0517853  ,  0.00795098 ])
22      , -57.3285    , array([ 0.107498   ,  0.00402011 ])
24      , -57.3455    , array([ 0.107498   ,  0.00402413 ])
[0.10749796 0.00402011]
26      , -81.9356    , array([ 0.0517853  ,  0.00344488 ])
28      , -51.2846    , array([ 0.106584   ,  0.00172609 ])
30      , -51.2867    , array([ 0.106584   ,  0.00172782 ])
[0.1065841  0.00172609]
32      , -157.632    , array([ 0.0517853  ,  0.0060052  ])
34      , -53.8774    , array([ 0.106768   ,  0.00301443 ])
36      , -53.8858    , array([ 0.106768   ,  0.00301744 ])
[0.10676849 0.00301443]
38      , -320.899    , array([ 0.0517853  ,  0.0099993  ])
40      , -62.5485    , array([ 0.107989   ,  0.00508071 ])
42      , -62.5781    , array([ 0.107989   ,  0.00508579 ])
[0.10798904 0.00508071]
44      , -171.086    , array([ 0.0517853  ,  0.00637009 ])
46      , -54.4159    , array([ 0.107173   ,  0.00321039 ])
48      , -54.4258    , array([ 0.107173   ,  0.0032136  ])
[0.10717253 0.00321039]
50      , -55.3576    , array([ 0.0517853  ,  0.00161682 ])
52      , -50.4596    , array([ 0.106263   ,  0.000807584])
54      , -50.4601    , array([ 0.106263   ,  0.000808392])
[0.10626309 0.00080758]
56      , -50.5114    , array([ 0.0517853  ,  0.000417768])
58      , -50.2197    , array([ 0.106356   ,  0.00020886 ])
60      , -50.2198    , array([ 0.106356   ,  0.000209069])
[0.10635586 0.00020886]
62      , -137.09     , array([ 0.0517853  ,  0.00541613 ])
64      , -53.0965    , array([ 0.106942   ,  0.00272338 ])
66      , -53.1031    , array([ 0.106942   ,  0.00272611 ])
[0.10694183 0.00272338]
68      , -112.627    , array([ 0.0517853  ,  0.00464142 ])
70      , -52.2463    , array([ 0.106802   ,  0.00233063 ])
72      , -52.2509    , array([ 0.106802   ,  0.00233296 ])
[0.10680244 0.00233063]
74      , -201.951    , array([ 0.0517853  ,  0.00716678 ])
76      , -55.7663    , array([ 0.107336   ,  0.00361776 ])
78      , -55.7796    , array([ 0.107336   ,  0.00362138 ])
[0.10733578 0.00361776]
80      , -185.692    , array([ 0.0517853  ,  0.00675311 ])
82      , -55.0382    , array([ 0.107246   ,  0.00340589 ])
84      , -55.0496    , array([ 0.107246   ,  0.00340929 ])
[0.10724559 0.00340589]
86      , -70.2163    , array([ 0.0517853  ,  0.0028361  ])
88      , -50.9291    , array([ 0.106474   ,  0.00141952 ])
90      , -50.9305    , array([ 0.106474   ,  0.00142094 ])
[0.10647404 0.00141952]
92      , -807.731    , array([ 0.0142112  ,  0.00587395 ])
94      , -134.596    , array([ 0.029415   ,  0.00296079 ])
96      , -134.777    , array([ 0.029415   ,  0.00296375 ])
[0.02941504 0.00296079]
98      , -850.403    , array([ 0.0142112  ,  0.00630869 ])
100     , -148.272    , array([ 0.0294515  ,  0.00318412 ])
102     , -148.479    , array([ 0.0294515  ,  0.00318731 ])
[0.02945153 0.00318412]
104     , -398.96     , array([ 0.0142112  ,  0.00302898 ])
106     , -68.6026    , array([ 0.0290487  ,  0.00150692 ])
108     , -68.6469    , array([ 0.0290487  ,  0.00150843 ])
[0.02904874 0.00150692]
110     , -969.849    , array([ 0.0142112  ,  0.00795098 ])
112     , -205.922    , array([ 0.0297216  ,  0.00405284 ])
114     , -206.223    , array([ 0.0297216  ,  0.0040569  ])
[0.02972162 0.00405284]
116     , -470.672    , array([ 0.0142112  ,  0.00344488 ])
118     , -75.2753    , array([ 0.0290886  ,  0.00171625 ])
120     , -75.335     , array([ 0.0290886  ,  0.00171796 ])
[0.02908858 0.00171625]
122     , -821.164    , array([ 0.0142112  ,  0.0060052  ])
124     , -138.656    , array([ 0.0294452  ,  0.00303025 ])
126     , -138.842    , array([ 0.0294452  ,  0.00303329 ])
[0.02944524 0.00303025]
128     , -1050.24    , array([ 0.0142112  ,  0.0099993  ])
130     , -287.955    , array([ 0.0309418  ,  0.00534194 ])
132     , -288.364    , array([ 0.0309418  ,  0.00534728 ])
134     , -50.194     , array([ 0.69884    ,  0.000435127])
[6.98141529e-01 4.35126512e-04]
136     , -856.65     , array([ 0.014197   ,  0.00637009 ])
138     , -857.231    , array([ 0.014197   ,  0.00637647 ])
140     , -150.083    , array([ 0.0295414  ,  0.00322216 ])
[0.02951184 0.00322216]
142     , -163.324    , array([ 0.014197   ,  0.00161682 ])
144     , -163.557    , array([ 0.014197   ,  0.00161844 ])
146     , -54.2333    , array([ 0.0289731  ,  0.000801415])
[0.02894414 0.00080141]
148     , -54.9885    , array([ 0.014197   ,  0.000417768])
150     , -54.9999    , array([ 0.014197   ,  0.000418186])
152     , -50.4547    , array([ 0.0288997  ,  0.000206546])
[0.02887078 0.00020655]
154     , -757.715    , array([ 0.014197   ,  0.00541613 ])
156     , -758.352    , array([ 0.014197   ,  0.00542155 ])
158     , -120.894    , array([ 0.0293628  ,  0.002722   ])
[0.02933345 0.002722  ]
160     , -657.981    , array([ 0.014197   ,  0.00464142 ])
162     , -658.627    , array([ 0.014197   ,  0.00464606 ])
164     , -100.34     , array([ 0.0292528  ,  0.00232348 ])
[0.02922351 0.00232348]
166     , -920.951    , array([ 0.014197   ,  0.00716678 ])
168     , -921.464    , array([ 0.014197   ,  0.00717396 ])
170     , -177.176    , array([ 0.0297414  ,  0.00365178 ])
[0.02971168 0.00365178]
172     , -889.487    , array([ 0.014197   ,  0.00675311 ])
174     , -890.031    , array([ 0.014197   ,  0.00675986 ])
176     , -162.793    , array([ 0.0295561  ,  0.00341773 ])
[0.02952659 0.00341773]
178     , -365.663    , array([ 0.014197   ,  0.0028361  ])
180     , -366.155    , array([ 0.014197   ,  0.00283893 ])
182     , -65.8532    , array([ 0.0290654  ,  0.00141034 ])
[0.02903635 0.00141034]
184     , -76.0112    , array([ 0.0928076  ,  0.00587395 ])
186     , -76.0713    , array([ 0.0928076  ,  0.00587983 ])
188     , -51.0469    , array([ 0.193914   ,  0.00298448 ])
[0.19372049 0.00298448]
190     , -80.6696    , array([ 0.0928076  ,  0.00630869 ])
192     , -80.7403    , array([ 0.0928076  ,  0.006315   ])
194     , -51.1781    , array([ 0.193288   ,  0.00319416 ])
[0.19309468 0.00319416]
196     , -55.5057    , array([ 0.0928076  ,  0.00302898 ])
198     , -55.5182    , array([ 0.0928076  ,  0.00303201 ])
200     , -50.4497    , array([ 0.19306    ,  0.00153166 ])
[0.19286666 0.00153166]
202     , -101.612    , array([ 0.0928076  ,  0.00795098 ])
204     , -101.725    , array([ 0.0928076  ,  0.00795893 ])
206     , -51.7823    , array([ 0.194542   ,  0.00405407 ])
[0.19434756 0.00405407]
208     , -57.4115    , array([ 0.0928076  ,  0.00344488 ])
210     , -57.4288    , array([ 0.0928076  ,  0.00344833 ])
212     , -50.508     , array([ 0.193156   ,  0.0017429  ])
[0.19296283 0.0017429 ]
214     , -77.3779    , array([ 0.0928076  ,  0.0060052  ])
216     , -77.4417    , array([ 0.0928076  ,  0.00601121 ])
218     , -51.0864    , array([ 0.193891   ,  0.00305076 ])
[0.19369706 0.00305076]
220     , -133.957    , array([ 0.0928076  ,  0.0099993  ])
222     , -134.127    , array([ 0.0928076  ,  0.0100093  ])
224     , -52.8145    , array([ 0.195325   ,  0.00512115 ])
[0.19513026 0.00512115]
226     , -81.3641    , array([ 0.0928076  ,  0.00637009 ])
228     , -81.4366    , array([ 0.0928076  ,  0.00637647 ])
230     , -51.1963    , array([ 0.194002   ,  0.00323815 ])
[0.19380798 0.00323815]
232     , -51.4862    , array([ 0.0928076  ,  0.00161682 ])
234     , -51.4889    , array([ 0.0928076  ,  0.00161844 ])
236     , -50.2867    , array([ 0.192743   ,  0.000816142])
[0.19255056 0.00081614]
238     , -50.3074    , array([ 0.0928076  ,  0.000417768])
240     , -50.3076    , array([ 0.0928076  ,  0.000418186])
242     , -50.201     , array([ 0.193572   ,  0.000211857])
[0.19337879 0.00021186]
244     , -71.5284    , array([ 0.0928076  ,  0.00541613 ])
246     , -71.5788    , array([ 0.0928076  ,  0.00542155 ])
248     , -50.9188    , array([ 0.193746   ,  0.00274927 ])
[0.19355246 0.00274927]
250     , -64.9659    , array([ 0.0928076  ,  0.00464142 ])
252     , -65.0013    , array([ 0.0928076  ,  0.00464606 ])
254     , -50.7377    , array([ 0.193502   ,  0.0023528  ])
[0.19330815 0.0023528 ]
256     , -90.9891    , array([ 0.0928076  ,  0.00716678 ])
258     , -91.0816    , array([ 0.0928076  ,  0.00717396 ])
260     , -51.4698    , array([ 0.194271   ,  0.00364865 ])
[0.19407676 0.00364865]
262     , -85.8371    , array([ 0.0928076  ,  0.00675311 ])
264     , -85.9191    , array([ 0.0928076  ,  0.00675986 ])
266     , -51.3213    , array([ 0.194125   ,  0.00343523 ])
[0.19393128 0.00343523]
268     , -54.7408    , array([ 0.0928076  ,  0.0028361  ])
270     , -54.7515    , array([ 0.0928076  ,  0.00283893 ])
272     , -50.4204    , array([ 0.192981   ,  0.0014335  ])
[0.19278781 0.0014335 ]
274     , -262.502    , array([ 0.0360564  ,  0.00587395 ])
276     , -262.871    , array([ 0.0360564  ,  0.00587983 ])
278     , -58.9309    , array([ 0.0745108  ,  0.00294948 ])
[0.07443629 0.00294948]
280     , -290.244    , array([ 0.0360564  ,  0.00630869 ])
282     , -290.646    , array([ 0.0360564  ,  0.006315   ])
284     , -60.5731    , array([ 0.0745867  ,  0.00317118 ])
[0.07451212 0.00317118]
286     , -106.225    , array([ 0.0360564  ,  0.00302898 ])
288     , -106.352    , array([ 0.0360564  ,  0.00303201 ])
290     , -52.0691    , array([ 0.0735467  ,  0.00150062 ])
[0.07347318 0.00150062]
292     , -396.093    , array([ 0.0360564  ,  0.00795098 ])
294     , -396.605    , array([ 0.0360564  ,  0.00795893 ])
296     , -68.3069    , array([ 0.0748728  ,  0.00401298 ])
[0.07479792 0.00401298]
298     , -124.537    , array([ 0.0360564  ,  0.00344488 ])
300     , -124.696    , array([ 0.0360564  ,  0.00344833 ])
302     , -52.6875    , array([ 0.0741369  ,  0.00172071 ])
[0.0740628  0.00172071]
304     , -270.838    , array([ 0.0360564  ,  0.0060052  ])
306     , -271.219    , array([ 0.0360564  ,  0.00601121 ])
308     , -59.4085    , array([ 0.07453    ,  0.00301621 ])
[0.07445553 0.00301621]
310     , -521.388    , array([ 0.0360564  ,  0.0099993  ])
312     , -521.968    , array([ 0.0360564  ,  0.0100093  ])
314     , -81.3103    , array([ 0.0753486  ,  0.00508136 ])
[0.07527333 0.00508136]
316     , -294.184    , array([ 0.0360564  ,  0.00637009 ])
318     , -294.597    , array([ 0.0360564  ,  0.00637647 ])
320     , -60.8186    , array([ 0.0745761  ,  0.00320156 ])
[0.07450153 0.00320156]
322     , -62.9447    , array([ 0.0360564  ,  0.00161682 ])
324     , -62.9757    , array([ 0.0360564  ,  0.00161844 ])
326     , -50.7174    , array([ 0.0738802  ,  0.000804712])
[0.07380631 0.00080471]
328     , -50.8163    , array([ 0.0360564  ,  0.000417768])
330     , -50.8176    , array([ 0.0360564  ,  0.000418186])
332     , -50.2468    , array([ 0.0737495  ,  0.000207552])
[0.07367582 0.00020755]
334     , -233.846    , array([ 0.0360564  ,  0.00541613 ])
336     , -234.181    , array([ 0.0360564  ,  0.00542155 ])
338     , -57.381     , array([ 0.0744285  ,  0.00271644 ])
[0.07435413 0.00271644]
340     , -187.456    , array([ 0.0360564  ,  0.00464142 ])
342     , -187.726    , array([ 0.0360564  ,  0.00464606 ])
344     , -55.1671    , array([ 0.0742945  ,  0.00232351 ])
[0.07422028 0.00232351]
346     , -345.665    , array([ 0.0360564  ,  0.00716678 ])
348     , -346.126    , array([ 0.0360564  ,  0.00717396 ])
350     , -64.309     , array([ 0.0747423  ,  0.00361047 ])
[0.07466762 0.00361047]
352     , -318.895    , array([ 0.0360564  ,  0.00675311 ])
354     , -319.327    , array([ 0.0360564  ,  0.00675986 ])
356     , -62.4261    , array([ 0.0746699  ,  0.00339858 ])
[0.07459531 0.00339858]
358     , -98.5237    , array([ 0.0360564  ,  0.0028361  ])
360     , -98.633     , array([ 0.0360564  ,  0.00283893 ])
362     , -51.8173    , array([ 0.0740459  ,  0.00141482 ])
[0.07397189 0.00141482]
364     , -146.92     , array([ 0.0532483  ,  0.00587395 ])
366     , -147.118    , array([ 0.0532483  ,  0.00587983 ])
368     , -53.4393    , array([ 0.110332   ,  0.00295782 ])
[0.11022186 0.00295782]
370     , -161.997    , array([ 0.0532483  ,  0.00630869 ])
372     , -162.221    , array([ 0.0532483  ,  0.006315   ])
374     , -54.0213    , array([ 0.110427   ,  0.00317963 ])
[0.1103167  0.00317963]
376     , -72.0496    , array([ 0.0532483  ,  0.00302898 ])
378     , -72.1021    , array([ 0.0532483  ,  0.00303201 ])
380     , -50.9787    , array([ 0.109759   ,  0.00151689 ])
[0.10964882 0.00151689]
382     , -224.217    , array([ 0.0532483  ,  0.00795098 ])
384     , -224.535    , array([ 0.0532483  ,  0.00795893 ])
386     , -56.7951    , array([ 0.110774   ,  0.00402081 ])
[0.11066342 0.00402081]
388     , -79.8334    , array([ 0.0532483  ,  0.00344488 ])
390     , -79.9034    , array([ 0.0532483  ,  0.00344833 ])
392     , -51.2149    , array([ 0.109833   ,  0.00172639 ])
[0.10972275 0.00172639]
394     , -151.387    , array([ 0.0532483  ,  0.0060052  ])
396     , -151.595    , array([ 0.0532483  ,  0.00601121 ])
398     , -53.6098    , array([ 0.110337   ,  0.00302405 ])
[0.11022679 0.00302405]
400     , -308.085    , array([ 0.0532483  ,  0.0099993  ])
402     , -308.495    , array([ 0.0532483  ,  0.0100093  ])
404     , -61.6158    , array([ 0.11133    ,  0.0050841  ])
[0.11121912 0.0050841 ]
406     , -164.168    , array([ 0.0532483  ,  0.00637009 ])
408     , -164.393    , array([ 0.0532483  ,  0.00637647 ])
410     , -54.1079    , array([ 0.110458   ,  0.00321153 ])
[0.11034756 0.00321153]
412     , -55.0129    , array([ 0.0532483  ,  0.00161682 ])
414     , -55.0244    , array([ 0.0532483  ,  0.00161844 ])
416     , -50.4442    , array([ 0.109522   ,  0.000807875])
[0.10941231 0.00080787]
418     , -50.4955    , array([ 0.0532483  ,  0.000417768])
420     , -50.4961    , array([ 0.0532483  ,  0.000418186])
422     , -50.2182    , array([ 0.109323   ,  0.000208353])
[0.10921361 0.00020835]
424     , -131.878    , array([ 0.0532483  ,  0.00541613 ])
426     , -132.051    , array([ 0.0532483  ,  0.00542155 ])
428     , -52.8915    , array([ 0.110229   ,  0.00272457 ])
[0.11011835 0.00272457]
430     , -108.718    , array([ 0.0532483  ,  0.00464142 ])
432     , -108.846    , array([ 0.0532483  ,  0.00464606 ])
434     , -52.1056    , array([ 0.11009    ,  0.00233175 ])
[0.10997989 0.00233175]
436     , -193.635    , array([ 0.0532483  ,  0.00716678 ])
438     , -193.907    , array([ 0.0532483  ,  0.00717396 ])
440     , -55.3538    , array([ 0.110617   ,  0.00361875 ])
[0.1105068  0.00361875]
442     , -178.101    , array([ 0.0532483  ,  0.00675311 ])
444     , -178.349    , array([ 0.0532483  ,  0.00675986 ])
446     , -54.6802    , array([ 0.110529   ,  0.00340697 ])
[0.11041871 0.00340697]
448     , -68.8646    , array([ 0.0532483  ,  0.0028361  ])
450     , -68.9096    , array([ 0.0532483  ,  0.00283893 ])
452     , -50.8851    , array([ 0.109726   ,  0.00141986 ])
[0.10961677 0.00141986]
454     , -87.398     , array([ 0.0802258  ,  0.00587395 ])
456     , -87.4834    , array([ 0.0802258  ,  0.00587983 ])
458     , -51.3897    , array([ 0.167116   ,  0.00297466 ])
[0.16694887 0.00297466]
460     , -93.9409    , array([ 0.0802258  ,  0.00630869 ])
462     , -94.0391    , array([ 0.0802258  ,  0.006315   ])
464     , -51.584     , array([ 0.167272   ,  0.00319804 ])
[0.1671051  0.00319804]
466     , -57.9022    , array([ 0.0802258  ,  0.00302898 ])
468     , -57.9207    , array([ 0.0802258  ,  0.00303201 ])
470     , -50.5298    , array([ 0.166375   ,  0.00152665 ])
[0.16620898 0.00152665]
472     , -122.743    , array([ 0.0802258  ,  0.00795098 ])
474     , -122.896    , array([ 0.0802258  ,  0.00795893 ])
476     , -52.4885    , array([ 0.16777    ,  0.00404356 ])
[0.16760203 0.00404356]
478     , -60.7031    , array([ 0.0802258  ,  0.00344488 ])
480     , -60.7285    , array([ 0.0802258  ,  0.00344833 ])
482     , -50.6174    , array([ 0.166486   ,  0.00173749 ])
[0.16631949 0.00173749]
484     , -89.3207    , array([ 0.0802258  ,  0.0060052  ])
486     , -89.4094    , array([ 0.0802258  ,  0.00601121 ])
488     , -51.446     , array([ 0.16719    ,  0.00304258 ])
[0.16702331 0.00304258]
490     , -165.895    , array([ 0.0802258  ,  0.0099993  ])
492     , -166.123    , array([ 0.0802258  ,  0.0100093  ])
494     , -54.0452    , array([ 0.16832    ,  0.00510352 ])
[0.16815168 0.00510352]
496     , -94.8988    , array([ 0.0802258  ,  0.00637009 ])
498     , -94.9986    , array([ 0.0802258  ,  0.00637647 ])
500     , -51.6132    , array([ 0.167309   ,  0.00322993 ])
[0.16714189 0.00322993]
502     , -52.0006    , array([ 0.0802258  ,  0.00161682 ])
504     , -52.0044    , array([ 0.0802258  ,  0.00161844 ])
506     , -50.3104    , array([ 0.16617    ,  0.000813832])
[0.16600386 0.00081383]
508     , -50.336     , array([ 0.0802258  ,  0.000417768])
510     , -50.3362    , array([ 0.0802258  ,  0.000418186])
512     , -50.2039    , array([ 0.166148   ,  0.000210255])
[0.16598152 0.00021026]
514     , -81.0517    , array([ 0.0802258  ,  0.00541613 ])
516     , -81.1228    , array([ 0.0802258  ,  0.00542155 ])
518     , -51.209     , array([ 0.167037   ,  0.00274142 ])
[0.16687016 0.00274142]
520     , -71.676     , array([ 0.0802258  ,  0.00464142 ])
522     , -71.727     , array([ 0.0802258  ,  0.00464606 ])
524     , -50.9378    , array([ 0.166791   ,  0.00234557 ])
[0.16662411 0.00234557]
526     , -108.235    , array([ 0.0802258  ,  0.00716678 ])
528     , -108.362    , array([ 0.0802258  ,  0.00717396 ])
530     , -52.0182    , array([ 0.167486   ,  0.00363806 ])
[0.16731879 0.00363806]
532     , -101.113    , array([ 0.0802258  ,  0.00675311 ])
534     , -101.227    , array([ 0.0802258  ,  0.00675986 ])
536     , -51.8009    , array([ 0.167337   ,  0.00342476 ])
[0.16716995 0.00342476]
538     , -56.7776    , array([ 0.0802258  ,  0.0028361  ])
540     , -56.7934    , array([ 0.0802258  ,  0.00283893 ])
542     , -50.495     , array([ 0.16633    ,  0.00142901 ])
[0.1661634  0.00142901]
544     , -445.823    , array([ 0.0247868  ,  0.00587395 ])
546     , -446.382    , array([ 0.0247868  ,  0.00587983 ])
548     , -72.7928    , array([ 0.0511778  ,  0.00294681 ])
[0.05112665 0.00294681]
550     , -486.362    , array([ 0.0247868  ,  0.00630869 ])
552     , -486.939    , array([ 0.0247868  ,  0.006315   ])
554     , -76.9686    , array([ 0.051256   ,  0.00316999 ])
[0.05120473 0.00316999]
556     , -177.464    , array([ 0.0247868  ,  0.00302898 ])
558     , -177.718    , array([ 0.0247868  ,  0.00303201 ])
560     , -54.7809    , array([ 0.0508197  ,  0.00150851 ])
[0.05076891 0.00150851]
562     , -626.63     , array([ 0.0247868  ,  0.00795098 ])
564     , -627.256    , array([ 0.0247868  ,  0.00795893 ])
566     , -95.9835    , array([ 0.0515522  ,  0.00401976 ])
[0.0515007  0.00401976]
568     , -213.607    , array([ 0.0247868  ,  0.00344488 ])
570     , -213.915    , array([ 0.0247868  ,  0.00344833 ])
572     , -56.4274    , array([ 0.0508686  ,  0.00171734 ])
[0.05081774 0.00171734]
574     , -458.185    , array([ 0.0247868  ,  0.0060052  ])
576     , -458.746    , array([ 0.0247868  ,  0.00601121 ])
578     , -74.0133    , array([ 0.0512056  ,  0.00301436 ])
[0.05115439 0.00301436]
580     , -766.781    , array([ 0.0247868  ,  0.0099993  ])
582     , -767.361    , array([ 0.0247868  ,  0.0100093  ])
584     , -126.133    , array([ 0.0521045  ,  0.00511434 ])
[0.05205246 0.00511434]
586     , -491.986    , array([ 0.0247868  ,  0.00637009 ])
588     , -492.572    , array([ 0.0247868  ,  0.00637647 ])
590     , -77.5879    , array([ 0.0512569  ,  0.0032009  ])
[0.05120564 0.0032009 ]
592     , -82.302     , array([ 0.0247868  ,  0.00161682 ])
594     , -82.3779    , array([ 0.0247868  ,  0.00161844 ])
596     , -51.3299    , array([ 0.0506733  ,  0.000802843])
[0.05062261 0.00080284]
598     , -51.5328    , array([ 0.0247868  ,  0.000417768])
600     , -51.5356    , array([ 0.0247868  ,  0.000418186])
602     , -50.3001    , array([ 0.050582   ,  0.000207065])
[0.05053143 0.00020707]
604     , -402.091    , array([ 0.0247868  ,  0.00541613 ])
606     , -402.611    , array([ 0.0247868  ,  0.00542155 ])
608     , -68.801     , array([ 0.0511179  ,  0.0027138  ])
[0.05106683 0.0027138 ]
610     , -326.806    , array([ 0.0247868  ,  0.00464142 ])
612     , -327.254    , array([ 0.0247868  ,  0.00464606 ])
614     , -63.0112    , array([ 0.0510151  ,  0.00232074 ])
[0.05096408 0.00232074]
616     , -562.487    , array([ 0.0247868  ,  0.00716678 ])
618     , -563.101    , array([ 0.0247868  ,  0.00717396 ])
620     , -86.2825    , array([ 0.0513981  ,  0.00361173 ])
[0.05134674 0.00361173]
622     , -526.484    , array([ 0.0247868  ,  0.00675311 ])
624     , -527.089    , array([ 0.0247868  ,  0.00675986 ])
626     , -81.6176    , array([ 0.0513185  ,  0.00339767 ])
[0.05126723 0.00339767]
628     , -161.645    , array([ 0.0247868  ,  0.0028361  ])
630     , -161.872    , array([ 0.0247868  ,  0.00283893 ])
632     , -54.126     , array([ 0.0507997  ,  0.00141188 ])
[0.05074896 0.00141188]
634     , -87.4207    , array([ 0.0802061  ,  0.00587395 ])
636     , -87.5062    , array([ 0.0802061  ,  0.00587983 ])
638     , -51.3904    , array([ 0.167074   ,  0.00297465 ])
[0.16690737 0.00297465]
640     , -93.9671    , array([ 0.0802061  ,  0.00630869 ])
642     , -94.0654    , array([ 0.0802061  ,  0.006315   ])
644     , -51.5849    , array([ 0.167231   ,  0.00319804 ])
[0.16706366 0.00319804]
646     , -57.907     , array([ 0.0802061  ,  0.00302898 ])
648     , -57.9256    , array([ 0.0802061  ,  0.00303201 ])
650     , -50.53      , array([ 0.166333   ,  0.00152664 ])
[0.16616721 0.00152664]
652     , -122.784    , array([ 0.0802061  ,  0.00795098 ])
654     , -122.937    , array([ 0.0802061  ,  0.00795893 ])
656     , -52.4899    , array([ 0.167728   ,  0.00404356 ])
[0.16756075 0.00404356]
658     , -60.7098    , array([ 0.0802061  ,  0.00344488 ])
660     , -60.7352    , array([ 0.0802061  ,  0.00344833 ])
662     , -50.6176    , array([ 0.166444   ,  0.00173749 ])
[0.16627781 0.00173749]
664     , -89.3443    , array([ 0.0802061  ,  0.0060052  ])
666     , -89.433     , array([ 0.0802061  ,  0.00601121 ])
668     , -51.4468    , array([ 0.167149   ,  0.00304258 ])
[0.16698184 0.00304258]
670     , -165.957    , array([ 0.0802061  ,  0.0099993  ])
672     , -166.185    , array([ 0.0802061  ,  0.0100093  ])
674     , -54.0477    , array([ 0.168279   ,  0.00510354 ])
[0.16811068 0.00510354]
676     , -94.9255    , array([ 0.0802061  ,  0.00637009 ])
678     , -95.0252    , array([ 0.0802061  ,  0.00637647 ])
680     , -51.614     , array([ 0.167268   ,  0.00322993 ])
[0.16710045 0.00322993]
682     , -52.0016    , array([ 0.0802061  ,  0.00161682 ])
684     , -52.0054    , array([ 0.0802061  ,  0.00161844 ])
686     , -50.3104    , array([ 0.166128   ,  0.000813826])
[0.16596162 0.00081383]
688     , -50.3361    , array([ 0.0802061  ,  0.000417768])
690     , -50.3363    , array([ 0.0802061  ,  0.000418186])
692     , -50.2039    , array([ 0.166105   ,  0.000210253])
[0.16593908 0.00021025]
694     , -81.0706    , array([ 0.0802061  ,  0.00541613 ])
696     , -81.1418    , array([ 0.0802061  ,  0.00542155 ])
698     , -51.2096    , array([ 0.166996   ,  0.00274141 ])
[0.16682864 0.00274141]
700     , -71.6895    , array([ 0.0802061  ,  0.00464142 ])
702     , -71.7405    , array([ 0.0802061  ,  0.00464606 ])
704     , -50.9382    , array([ 0.166749   ,  0.00234556 ])
[0.16658251 0.00234556]
706     , -108.269    , array([ 0.0802061  ,  0.00716678 ])
708     , -108.396    , array([ 0.0802061  ,  0.00717396 ])
710     , -52.0193    , array([ 0.167445   ,  0.00363806 ])
[0.16727744 0.00363806]
712     , -101.144    , array([ 0.0802061  ,  0.00675311 ])
714     , -101.258    , array([ 0.0802061  ,  0.00675986 ])
716     , -51.8019    , array([ 0.167296   ,  0.00342476 ])
[0.16712855 0.00342476]
718     , -56.7817    , array([ 0.0802061  ,  0.0028361  ])
720     , -56.7976    , array([ 0.0802061  ,  0.00283893 ])
722     , -50.4951    , array([ 0.166288   ,  0.00142901 ])
[0.1661217  0.00142901]
724     , -192.125    , array([ 0.0443831  ,  0.00587395 ])
726     , -192.401    , array([ 0.0443831  ,  0.00587983 ])
728     , -55.3346    , array([ 0.0917987  ,  0.00295222 ])
[0.0917069  0.00295222]
730     , -212.686    , array([ 0.0443831  ,  0.00630869 ])
732     , -212.989    , array([ 0.0443831  ,  0.006315   ])
734     , -56.2826    , array([ 0.0919023  ,  0.0031745  ])
[0.09181041 0.0031745 ]
736     , -84.4239    , array([ 0.0443831  ,  0.00302898 ])
738     , -84.5043    , array([ 0.0443831  ,  0.00303201 ])
740     , -51.3643    , array([ 0.0913117  ,  0.0015139  ])
[0.09122048 0.0015139 ]
742     , -294.59     , array([ 0.0443831  ,  0.00795098 ])
744     , -294.993    , array([ 0.0443831  ,  0.00795893 ])
746     , -60.7982    , array([ 0.0922515  ,  0.00401707 ])
[0.09215928 0.00401707]
748     , -96.2337    , array([ 0.0443831  ,  0.00344488 ])
750     , -96.3386    , array([ 0.0443831  ,  0.00344833 ])
752     , -51.7275    , array([ 0.0913882  ,  0.00172327 ])
[0.09129683 0.00172327]
754     , -198.261    , array([ 0.0443831  ,  0.0060052  ])
756     , -198.54     , array([ 0.0443831  ,  0.00601121 ])
758     , -55.6092    , array([ 0.0918578  ,  0.00302024 ])
[0.09176597 0.00302024]
760     , -398.98     , array([ 0.0443831  ,  0.0099993  ])
762     , -399.484    , array([ 0.0443831  ,  0.0100093  ])
764     , -68.5614    , array([ 0.0927017  ,  0.00507853 ])
[0.09260905 0.00507853]
766     , -215.623    , array([ 0.0443831  ,  0.00637009 ])
768     , -215.927    , array([ 0.0443831  ,  0.00637647 ])
770     , -56.4251    , array([ 0.0919309  ,  0.00320645 ])
[0.09183901 0.00320645]
772     , -57.7734    , array([ 0.0443831  ,  0.00161682 ])
774     , -57.7917    , array([ 0.0443831  ,  0.00161844 ])
776     , -50.5439    , array([ 0.0911089  ,  0.000806235])
[0.09101779 0.00080624]
778     , -50.6078    , array([ 0.0443831  ,  0.000417768])
780     , -50.6085    , array([ 0.0443831  ,  0.000418186])
782     , -50.229     , array([ 0.091008   ,  0.000208085])
[0.09091709 0.00020808]
784     , -171.336    , array([ 0.0443831  ,  0.00541613 ])
786     , -171.576    , array([ 0.0443831  ,  0.00542155 ])
788     , -54.4383    , array([ 0.0917334  ,  0.00272008 ])
[0.09164171 0.00272008]
790     , -138.584    , array([ 0.0443831  ,  0.00464142 ])
792     , -138.771    , array([ 0.0443831  ,  0.00464606 ])
794     , -53.1626    , array([ 0.0915804  ,  0.00232692 ])
[0.09148891 0.00232692]
796     , -254.872    , array([ 0.0443831  ,  0.00716678 ])
798     , -255.232    , array([ 0.0443831  ,  0.00717396 ])
800     , -58.4561    , array([ 0.0920638  ,  0.00361301 ])
[0.09197176 0.00361301]
802     , -234.285    , array([ 0.0443831  ,  0.00675311 ])
804     , -234.622    , array([ 0.0443831  ,  0.00675986 ])
806     , -57.3578    , array([ 0.0919639  ,  0.00340054 ])
[0.09187201 0.00340054]
808     , -79.5332    , array([ 0.0443831  ,  0.0028361  ])
810     , -79.6018    , array([ 0.0443831  ,  0.00283893 ])
812     , -51.2173    , array([ 0.0913046  ,  0.00141738 ])
[0.09121334 0.00141738]
814     , -78.5448    , array([ 0.0894487  ,  0.00587395 ])
816     , -78.611     , array([ 0.0894487  ,  0.00587983 ])
818     , -51.1251    , array([ 0.186716   ,  0.00298136 ])
[0.18652958 0.00298136]
820     , -83.6356    , array([ 0.0894487  ,  0.00630869 ])
822     , -83.7123    , array([ 0.0894487  ,  0.006315   ])
824     , -51.2651    , array([ 0.186872   ,  0.00320492 ])
[0.1866855  0.00320492]
826     , -56.0286    , array([ 0.0894487  ,  0.00302898 ])
828     , -56.0425    , array([ 0.0894487  ,  0.00303201 ])
830     , -50.4677    , array([ 0.185904   ,  0.00153018 ])
[0.18571833 0.00153018]
832     , -106.374    , array([ 0.0894487  ,  0.00795098 ])
834     , -106.497    , array([ 0.0894487  ,  0.00795893 ])
836     , -51.9348    , array([ 0.187341   ,  0.00405026 ])
[0.18715326 0.00405026]
838     , -58.132     , array([ 0.0894487  ,  0.00344488 ])
840     , -58.1511    , array([ 0.0894487  ,  0.00344833 ])
842     , -50.5319    , array([ 0.186016   ,  0.00174141 ])
[0.18583039 0.00174141]
844     , -80.0355    , array([ 0.0894487  ,  0.0060052  ])
846     , -80.1043    , array([ 0.0894487  ,  0.00601121 ])
848     , -51.1656    , array([ 0.186794   ,  0.00304934 ])
[0.18660682 0.00304934]
850     , -141.251    , array([ 0.0894487  ,  0.0099993  ])
852     , -141.434    , array([ 0.0894487  ,  0.0100093  ])
854     , -53.083     , array([ 0.188131   ,  0.00511735 ])
[0.1879426  0.00511735]
856     , -84.3845    , array([ 0.0894487  ,  0.00637009 ])
858     , -84.4625    , array([ 0.0894487  ,  0.00637647 ])
860     , -51.2863    , array([ 0.18691    ,  0.00323683 ])
[0.18672367 0.00323683]
862     , -51.5982    , array([ 0.0894487  ,  0.00161682 ])
864     , -51.6012    , array([ 0.0894487  ,  0.00161844 ])
866     , -50.2919    , array([ 0.185566   ,  0.000815197])
[0.18538019 0.0008152 ]
868     , -50.3137    , array([ 0.0894487  ,  0.000417768])
870     , -50.3139    , array([ 0.0894487  ,  0.000418186])
872     , -50.2017    , array([ 0.186159   ,  0.000211358])
[0.18597335 0.00021136]
874     , -73.6358    , array([ 0.0894487  ,  0.00541613 ])
876     , -73.6914    , array([ 0.0894487  ,  0.00542155 ])
878     , -50.9831    , array([ 0.186556   ,  0.00274643 ])
[0.18636943 0.00274643]
880     , -66.4411    , array([ 0.0894487  ,  0.00464142 ])
882     , -66.4798    , array([ 0.0894487  ,  0.00464606 ])
884     , -50.7809    , array([ 0.186388   ,  0.0023513  ])
[0.18620149 0.0023513 ]
886     , -94.8474    , array([ 0.0894487  ,  0.00716678 ])
888     , -94.9484    , array([ 0.0894487  ,  0.00717396 ])
890     , -51.5917    , array([ 0.18707    ,  0.00364504 ])
[0.18688321 0.00364504]
892     , -89.2533    , array([ 0.0894487  ,  0.00675311 ])
894     , -89.3412    , array([ 0.0894487  ,  0.00675986 ])
896     , -51.4261    , array([ 0.18704    ,  0.00343405 ])
[0.18685353 0.00343405]
898     , -55.1872    , array([ 0.0894487  ,  0.0028361  ])
900     , -55.1991    , array([ 0.0894487  ,  0.00283893 ])
902     , -50.4388    , array([ 0.185847   ,  0.00143227 ])
[0.18566144 0.00143227]
904     , -78.6707    , array([ 0.0892923  ,  0.00587395 ])
906     , -78.7371    , array([ 0.0892923  ,  0.00587983 ])
908     , -51.129     , array([ 0.186386   ,  0.00298129 ])
[0.18619962 0.00298129]
910     , -83.7819    , array([ 0.0892923  ,  0.00630869 ])
912     , -83.8589    , array([ 0.0892923  ,  0.006315   ])
914     , -51.2695    , array([ 0.186542   ,  0.00320486 ])
[0.18635593 0.00320486]
916     , -56.0548    , array([ 0.0892923  ,  0.00302898 ])
918     , -56.0688    , array([ 0.0892923  ,  0.00303201 ])
920     , -50.4686    , array([ 0.185572   ,  0.00153011 ])
[0.18538623 0.00153011]
922     , -106.611    , array([ 0.0892923  ,  0.00795098 ])
924     , -106.734    , array([ 0.0892923  ,  0.00795893 ])
926     , -51.9425    , array([ 0.187012   ,  0.00405024 ])
[0.18682497 0.00405024]
928     , -58.168     , array([ 0.0892923  ,  0.00344488 ])
930     , -58.1872    , array([ 0.0892923  ,  0.00344833 ])
932     , -50.5331    , array([ 0.185685   ,  0.00174134 ])
[0.18549891 0.00174134]
934     , -80.1667    , array([ 0.0892923  ,  0.0060052  ])
936     , -80.2358    , array([ 0.0892923  ,  0.00601121 ])
938     , -51.1695    , array([ 0.186463   ,  0.00304928 ])
[0.18627707 0.00304928]
940     , -141.606    , array([ 0.0892923  ,  0.0099993  ])
942     , -141.793    , array([ 0.0892923  ,  0.0100093  ])
944     , -53.0998    , array([ 0.186397   ,  0.00507543 ])
[0.18621099 0.00507543]
946     , -84.5334    , array([ 0.0892923  ,  0.00637009 ])
948     , -84.6117    , array([ 0.0892923  ,  0.00637647 ])
950     , -51.2908    , array([ 0.186581   ,  0.00323677 ])
[0.18639417 0.00323677]
952     , -51.6039    , array([ 0.0892923  ,  0.00161682 ])
954     , -51.6069    , array([ 0.0892923  ,  0.00161844 ])
956     , -50.2921    , array([ 0.185232   ,  0.000815155])
[0.1850471  0.00081516]
958     , -50.314     , array([ 0.0892923  ,  0.000417768])
960     , -50.3142    , array([ 0.0892923  ,  0.000418186])
962     , -50.2017    , array([ 0.185816   ,  0.000211337])
[0.18563026 0.00021134]
964     , -73.7412    , array([ 0.0892923  ,  0.00541613 ])
966     , -73.797     , array([ 0.0892923  ,  0.00542155 ])
968     , -50.9863    , array([ 0.186225   ,  0.00274636 ])
[0.18603889 0.00274636]
970     , -66.5143    , array([ 0.0892923  ,  0.00464142 ])
972     , -66.5534    , array([ 0.0892923  ,  0.00464606 ])
974     , -50.7833    , array([ 0.185647   ,  0.00234567 ])
[0.18546147 0.00234567]
976     , -95.0406    , array([ 0.0892923  ,  0.00716678 ])
978     , -95.142     , array([ 0.0892923  ,  0.00717396 ])
980     , -51.5978    , array([ 0.186741   ,  0.00364499 ])
[0.18655418 0.00364499]
982     , -89.4214    , array([ 0.0892923  ,  0.00675311 ])
984     , -89.5097    , array([ 0.0892923  ,  0.00675986 ])
986     , -51.4313    , array([ 0.186711   ,  0.003434   ])
[0.18652429 0.003434  ]
988     , -55.2095    , array([ 0.0892923  ,  0.0028361  ])
990     , -55.2215    , array([ 0.0892923  ,  0.00283893 ])
992     , -50.4397    , array([ 0.185516   ,  0.00143221 ])
[0.18533013 0.00143221]
994     , -50.193     , array([ 1.12683e-05,  0.00587395 ])
996     , -50.193     , array([ 1.12683e-05,  0.00587983 ])
[1.12682652e-05 5.87395495e-03]
998     , -50.193     , array([ 1.12795e-05,  0.00630869 ])
[1.12682652e-05 6.30869236e-03]
1000    , -50.193     , array([ 1.12683e-05,  0.00302898 ])
1002    , -50.193     , array([ 1.12683e-05,  0.00303201 ])
[1.12682652e-05 3.02897697e-03]
1004    , -50.193     , array([ 1.12795e-05,  0.00795098 ])
[1.12682652e-05 7.95097733e-03]
1006    , -50.193     , array([ 1.12683e-05,  0.00344488 ])
1008    , -50.193     , array([ 1.12683e-05,  0.00344833 ])
[1.12682652e-05 3.44487946e-03]
1010    , -50.193     , array([ 1.12795e-05,  0.0060052  ])
[1.12682652e-05 6.00519971e-03]
1012    , -50.193     , array([ 1.12683e-05,  0.0099993  ])
1014    , -50.193     , array([ 1.12683e-05,  0.0100093  ])
[1.12682652e-05 9.99930412e-03]
1016    , -50.193     , array([ 1.12795e-05,  0.00637009 ])
[1.12682652e-05 6.37009177e-03]
1018    , -50.193     , array([ 1.12683e-05,  0.00161682 ])
1020    , -50.193     , array([ 1.12683e-05,  0.00161844 ])
[1.12682652e-05 1.61682020e-03]
1022    , -50.193     , array([ 1.12795e-05,  0.000417768])
[1.12682652e-05 4.17768063e-04]
1024    , -50.193     , array([ 1.12683e-05,  0.00541613 ])
1026    , -50.193     , array([ 1.12683e-05,  0.00542155 ])
[1.12682652e-05 5.41612736e-03]
1028    , -50.193     , array([ 1.12795e-05,  0.00464142 ])
[1.12682652e-05 4.64141730e-03]
1030    , -50.193     , array([ 1.12683e-05,  0.00716678 ])
1032    , -50.193     , array([ 1.12683e-05,  0.00717396 ])
[1.12682652e-05 7.16678474e-03]
1034    , -50.193     , array([ 1.12795e-05,  0.00675311 ])
[1.12682652e-05 6.75310843e-03]
1036    , -50.193     , array([ 1.12683e-05,  0.0028361  ])
1038    , -50.193     , array([ 1.12683e-05,  0.00283893 ])
[1.12682652e-05 2.83609568e-03]
1040    , -77.6325    , array([ 0.0906088  ,  0.00587395 ])
1042    , -51.1012    , array([ 0.188787   ,  0.00298182 ])
1044    , -51.1031    , array([ 0.188787   ,  0.0029848  ])
[0.1887868  0.00298182]
1046    , -82.5736    , array([ 0.0906088  ,  0.00630869 ])
1048    , -51.2382    , array([ 0.18894    ,  0.00320532 ])
1050    , -51.2403    , array([ 0.18894    ,  0.00320853 ])
[0.18893978 0.00320532]
1052    , -55.8398    , array([ 0.0906088  ,  0.00302898 ])
1054    , -50.4625    , array([ 0.187991   ,  0.00153063 ])
1056    , -50.4629    , array([ 0.187991   ,  0.00153216 ])
[0.18799066 0.00153063]
1058    , -104.658    , array([ 0.0906088  ,  0.00795098 ])
1060    , -51.8879    , array([ 0.189536   ,  0.00405364 ])
1062    , -51.8916    , array([ 0.189536   ,  0.0040577  ])
[0.18953551 0.00405364]
1064    , -57.8722    , array([ 0.0906088  ,  0.00344488 ])
1066    , -50.5246    , array([ 0.188098   ,  0.00174186 ])
1068    , -50.5252    , array([ 0.188098   ,  0.0017436  ])
[0.18809822 0.00174186]
1070    , -79.0835    , array([ 0.0906088  ,  0.0060052  ])
1072    , -51.1422    , array([ 0.188862   ,  0.00304976 ])
1074    , -51.144     , array([ 0.188862   ,  0.00305282 ])
[0.18886226 0.00304976]
1076    , -138.659    , array([ 0.0906088  ,  0.0099993  ])
1078    , -53.0009    , array([ 0.190176   ,  0.00511695 ])
1080    , -53.0073    , array([ 0.190176   ,  0.00512207 ])
[0.19017646 0.00511695]
1082    , -83.3037    , array([ 0.0906088  ,  0.00637009 ])
1084    , -51.2587    , array([ 0.188977   ,  0.00323722 ])
1086    , -51.2609    , array([ 0.188977   ,  0.00324046 ])
[0.18897736 0.00323722]
1088    , -51.5578    , array([ 0.0906088  ,  0.00161682 ])
1090    , -50.2903    , array([ 0.187659   ,  0.000815486])
1092    , -50.2904    , array([ 0.187659   ,  0.000816302])
[0.1876594  0.00081549]
1094    , -50.3114    , array([ 0.0906088  ,  0.000417768])
1096    , -50.2015    , array([ 0.188323   ,  0.000211511])
1098    , -50.2015    , array([ 0.188323   ,  0.000211722])
[0.18832312 0.00021151]
1100    , -72.8752    , array([ 0.0906088  ,  0.00541613 ])
1102    , -50.9634    , array([ 0.188715   ,  0.00274827 ])
1104    , -50.965     , array([ 0.188715   ,  0.00275102 ])
[0.18871458 0.00274827]
1106    , -65.911     , array([ 0.0906088  ,  0.00464142 ])
1108    , -50.7676    , array([ 0.188462   ,  0.00235176 ])
1110    , -50.7687    , array([ 0.188462   ,  0.00235411 ])
[0.18846203 0.00235176]
1112    , -93.4677    , array([ 0.0906088  ,  0.00716678 ])
1114    , -51.5543    , array([ 0.189256   ,  0.00364794 ])
1116    , -51.5572    , array([ 0.189256   ,  0.00365159 ])
[0.18925589 0.00364794]
1118    , -88.0321    , array([ 0.0906088  ,  0.00675311 ])
1120    , -51.394     , array([ 0.189105   ,  0.00343439 ])
1122    , -51.3965    , array([ 0.189105   ,  0.00343783 ])
[0.18910534 0.00343439]
1124    , -55.0262    , array([ 0.0906088  ,  0.0028361  ])
1126    , -50.4332    , array([ 0.187928   ,  0.00143265 ])
1128    , -50.4337    , array([ 0.187928   ,  0.00143408 ])
[0.18792789 0.00143265]
1130    , -77.5434    , array([ 0.0907246  ,  0.00587395 ])
1132    , -51.0985    , array([ 0.189031   ,  0.00298187 ])
1134    , -51.1003    , array([ 0.189031   ,  0.00298485 ])
[0.18903105 0.00298187]
1136    , -82.4698    , array([ 0.0907246  ,  0.00630869 ])
1138    , -51.2352    , array([ 0.189184   ,  0.00320537 ])
1140    , -51.2372    , array([ 0.189184   ,  0.00320858 ])
[0.18918369 0.00320537]
1142    , -55.8214    , array([ 0.0907246  ,  0.00302898 ])
1144    , -50.4619    , array([ 0.188237   ,  0.00153068 ])
1146    , -50.4623    , array([ 0.188237   ,  0.00153221 ])
[0.1882366  0.00153068]
1148    , -104.493    , array([ 0.0907246  ,  0.00795098 ])
1150    , -51.8826    , array([ 0.189779   ,  0.00405366 ])
1152    , -51.8862    , array([ 0.189779   ,  0.00405772 ])
[0.1897785  0.00405366]
1154    , -57.8469    , array([ 0.0907246  ,  0.00344488 ])
1156    , -50.5238    , array([ 0.188344   ,  0.00174191 ])
1158    , -50.5243    , array([ 0.188344   ,  0.00174365 ])
[0.18834365 0.00174191]
1160    , -78.9906    , array([ 0.0907246  ,  0.0060052  ])
1162    , -51.1395    , array([ 0.189106   ,  0.00304981 ])
1164    , -51.1413    , array([ 0.189106   ,  0.00305286 ])
[0.18910629 0.00304981]
1166    , -138.405    , array([ 0.0907246  ,  0.0099993  ])
1168    , -52.9914    , array([ 0.190418   ,  0.00511691 ])
1170    , -52.9978    , array([ 0.190418   ,  0.00512203 ])
[0.19041807 0.00511691]
1172    , -83.198     , array([ 0.0907246  ,  0.00637009 ])
1174    , -51.2555    , array([ 0.189221   ,  0.00323726 ])
1176    , -51.2577    , array([ 0.189221   ,  0.0032405  ])
[0.1892212  0.00323726]
1178    , -51.5538    , array([ 0.0907246  ,  0.00161682 ])
1180    , -50.2901    , array([ 0.187906   ,  0.000815518])
1182    , -50.2902    , array([ 0.187906   ,  0.000816334])
[0.1879061  0.00081552]
1184    , -50.3112    , array([ 0.0907246  ,  0.000417768])
1186    , -50.2015    , array([ 0.188578   ,  0.000211527])
1188    , -50.2015    , array([ 0.188578   ,  0.000211739])
[0.1885777  0.00021153]
1190    , -72.8017    , array([ 0.0907246  ,  0.00541613 ])
1192    , -50.9611    , array([ 0.188959   ,  0.00274832 ])
1194    , -50.9627    , array([ 0.188959   ,  0.00275107 ])
[0.18895879 0.00274832]
1196    , -65.8593    , array([ 0.0907246  ,  0.00464142 ])
1198    , -50.7661    , array([ 0.188707   ,  0.00235181 ])
1200    , -50.7671    , array([ 0.188707   ,  0.00235416 ])
[0.18870662 0.00235181]
1202    , -93.333     , array([ 0.0907246  ,  0.00716678 ])
1204    , -51.55      , array([ 0.189499   ,  0.00364797 ])
1206    , -51.5529    , array([ 0.189499   ,  0.00365162 ])
[0.18949928 0.00364797]
1208    , -87.9127    , array([ 0.0907246  ,  0.00675311 ])
1210    , -51.3903    , array([ 0.189349   ,  0.00343443 ])
1212    , -51.3928    , array([ 0.189349   ,  0.00343787 ])
[0.18934896 0.00343443]
1214    , -55.0105    , array([ 0.0907246  ,  0.0028361  ])
1216    , -50.4326    , array([ 0.188173   ,  0.00143269 ])
1218    , -50.433     , array([ 0.188173   ,  0.00143412 ])
[0.18817314 0.00143269]
1220    , -90.3817    , array([ 0.0777423  ,  0.00587395 ])
1222    , -51.4886    , array([ 0.161583   ,  0.00297395 ])
1224    , -51.4914    , array([ 0.161583   ,  0.00297693 ])
[0.16158344 0.00297395]
1226    , -97.4057    , array([ 0.0777423  ,  0.00630869 ])
1228    , -51.7027    , array([ 0.161649   ,  0.00319546 ])
1230    , -51.7059    , array([ 0.161649   ,  0.00319865 ])
[0.16164903 0.00319546]
1232    , -58.5494    , array([ 0.0777423  ,  0.00302898 ])
1234    , -50.5528    , array([ 0.160811   ,  0.00152572 ])
1236    , -50.5534    , array([ 0.160811   ,  0.00152725 ])
[0.16081124 0.00152572]
1238    , -128.178    , array([ 0.0777423  ,  0.00795098 ])
1240    , -52.6895    , array([ 0.162146   ,  0.00404071 ])
1242    , -52.695     , array([ 0.162146   ,  0.00404476 ])
[0.16214624 0.00404071]
1244    , -61.5877    , array([ 0.0777423  ,  0.00344488 ])
1246    , -50.6486    , array([ 0.160902   ,  0.00173626 ])
1248    , -50.6495    , array([ 0.160902   ,  0.001738   ])
[0.16090225 0.00173626]
1250    , -92.4518    , array([ 0.0777423  ,  0.0060052  ])
1252    , -51.5508    , array([ 0.161568   ,  0.00304009 ])
1254    , -51.5537    , array([ 0.161568   ,  0.00304313 ])
[0.16156795 0.00304009]
1256    , -173.936    , array([ 0.0777423  ,  0.0099993  ])
1258    , -54.4035    , array([ 0.162711   ,  0.00510102 ])
1260    , -54.4133    , array([ 0.162711   ,  0.00510613 ])
[0.16271082 0.00510102]
1262    , -98.4408    , array([ 0.0777423  ,  0.00637009 ])
1264    , -51.7347    , array([ 0.161685   ,  0.00322733 ])
1266    , -51.7381    , array([ 0.161685   ,  0.00323055 ])
[0.16168476 0.00322733]
1268    , -52.1343    , array([ 0.0777423  ,  0.00161682 ])
1270    , -50.3172    , array([ 0.160552   ,  0.000813017])
1272    , -50.3174    , array([ 0.160552   ,  0.00081383 ])
[0.16055188 0.00081302]
1274    , -50.3437    , array([ 0.0777423  ,  0.000417768])
1276    , -50.2047    , array([ 0.160501   ,  0.000210004])
1278    , -50.2047    , array([ 0.160501   ,  0.000210214])
[0.16050112 0.00021   ]
1280    , -83.5711    , array([ 0.0777423  ,  0.00541613 ])
1282    , -51.2889    , array([ 0.161417   ,  0.00273912 ])
1284    , -51.2911    , array([ 0.161417   ,  0.00274186 ])
[0.16141696 0.00273912]
1286    , -73.4565    , array([ 0.0777423  ,  0.00464142 ])
1288    , -50.996     , array([ 0.161245   ,  0.00234465 ])
1290    , -50.9976    , array([ 0.161245   ,  0.00234699 ])
[0.16124509 0.00234465]
1292    , -112.688    , array([ 0.0777423  ,  0.00716678 ])
1294    , -52.1768    , array([ 0.161863   ,  0.00363529 ])
1296    , -52.1811    , array([ 0.161863   ,  0.00363893 ])
[0.16186347 0.00363529]
1298    , -105.098    , array([ 0.0777423  ,  0.00675311 ])
1300    , -51.9361    , array([ 0.161816   ,  0.00342437 ])
1302    , -51.9399    , array([ 0.161816   ,  0.00342779 ])
[0.16181573 0.00342437]
1304    , -57.3269    , array([ 0.0777423  ,  0.0028361  ])
1306    , -50.5144    , array([ 0.160769   ,  0.00142817 ])
1308    , -50.5149    , array([ 0.160769   ,  0.0014296  ])
[0.16076869 0.00142817]
