-151.735, 336.277, 0.00987324
-151.432, 215.083, 0.024165
-151.431, 215.083, 0.0241892
-965.123, 36.1753, 0.86715
-146.995, 125.866, 0.0708395
-146.986, 125.866, 0.0709104
-86.7705, 62.7227, 0.287292
-88.5692, 56.2471, 0.356818
-88.6209, 56.2471, 0.357175
-86.7705, 62.7227, 0.287292
-149.886, 335.941, 0.0714676
-149.882, 335.941, 0.0715391
-135.847, 215.729, 0.175092
-7187.84, 36.5021, 6.30812
-7184.84, 36.5021, 6.31443
-135.661, 215.175, 0.176004
-135.457, 214.403, 0.176928
-135.428, 214.403, 0.177105
-763.817, 88.554, 1.05645
-105.67, 165.308, 0.299064
-105.611, 165.308, 0.299364
-102.372, 125.745, 0.520545
-90.1299, 147.065, 0.378683
-90.0922, 147.065, 0.379062
-87.199, 139.9, 0.419704
-87.1675, 139.094, 0.423768
-87.1686, 139.094, 0.424192
-148.508, 336.277, 0.0945277
-125.851, 215.631, 0.231651
-125.808, 215.631, 0.231883
-5954.77, 36.6382, 8.35479
-125.491, 214.92, 0.233203
-125.448, 214.92, 0.233436
-125.147, 214.42, 0.234778
-1548.77, 88.5453, 1.40054
-1552.55, 88.5453, 1.40194
-94.4971, 171.133, 0.370374
-116.117, 136.176, 0.586646
-116.27, 136.176, 0.587233
-88.1642, 160.224, 0.423127
-87.449, 155.823, 0.446733
-87.4513, 155.823, 0.44718
-149.451, 336.277, 0.079448
-132.528, 215.554, 0.194662
-132.494, 215.554, 0.194857
-6810.79, 36.5734, 7.01582
-132.292, 214.958, 0.195754
-132.258, 214.958, 0.195949
-132.069, 214.574, 0.19686
-997.8, 88.4987, 1.17522
-1000.33, 88.4987, 1.17639
-102.544, 169.024, 0.318751
-100.157, 132.861, 0.517282
-100.295, 132.861, 0.517799
-92.5711, 157.113, 0.369445
-87.276, 145.162, 0.432575
-87.2778, 145.162, 0.433008
-151.688, 336.277, 0.0149634
-150.994, 215.165, 0.0366302
-150.993, 215.165, 0.0366668
-2352.01, 36.2445, 1.31546
-143.177, 131.538, 0.0984694
-143.16, 131.538, 0.0985679
-85.8526, 70.8792, 0.341802
-99.0758, 84.1013, 0.241898
-99.0174, 84.1013, 0.24214
-85.7484, 71.7152, 0.333842
-85.7428, 71.8728, 0.331705
-85.7432, 71.8728, 0.332037
-88.9879, 77.8248, 0.283264
-85.7428, 71.8728, 0.331705
-85.7432, 71.8728, 0.332037
-148.415, 336.277, 0.0959011
-125.223, 215.638, 0.23502
-125.179, 215.638, 0.235256
-5874.09, 36.6441, 8.47684
-124.859, 214.931, 0.236586
-124.814, 214.931, 0.236823
-124.51, 214.435, 0.238174
-1602.83, 88.5555, 1.4209
-1606.32, 88.5555, 1.42232
-96.7683, 175.104, 0.358768
-95.9456, 145.731, 0.518997
-96.0529, 145.731, 0.519517
-89.5593, 164.445, 0.407344
-87.462, 156.815, 0.447508
-87.4639, 156.815, 0.447956
-150.667, 336.277, 0.0545567
-142.079, 215.425, 0.133634
-142.061, 215.425, 0.133768
-7595.72, 36.4635, 4.81057
-141.97, 214.913, 0.134276
-141.952, 214.913, 0.13441
-141.868, 214.614, 0.134926
-350.997, 88.3738, 0.80565
-351.96, 88.3738, 0.806456
-116.77, 160.504, 0.242374
-87.8899, 121.002, 0.427558
-87.9221, 121.002, 0.427985
-91.78, 134.198, 0.347721
-86.8811, 124.519, 0.403557
-86.8819, 124.519, 0.403961
-148.835, 336.277, 0.0895673
-128.096, 215.606, 0.219483
-128.056, 215.606, 0.219702
-6245.69, 36.617, 7.9141
-127.781, 214.935, 0.220869
-127.74, 214.935, 0.22109
-127.479, 214.475, 0.222276
-1353.88, 88.531, 1.32632
-1357.27, 88.531, 1.32764
-96.6665, 170.235, 0.354533
-112.108, 134.487, 0.569722
-112.243, 134.487, 0.570292
-88.2159, 157.023, 0.417409
-87.3994, 152.291, 0.44314
-87.4025, 152.291, 0.443583
-150.792, 336.277, 0.0513741
-143.116, 215.408, 0.125834
-143.1, 215.408, 0.12596
-7570.92, 36.4491, 4.52905
-143.017, 214.887, 0.126449
-143, 214.887, 0.126576
-142.923, 214.577, 0.127073
-299.169, 88.3488, 0.75863
-299.941, 88.3488, 0.759389
-118.806, 159.14, 0.232119
-86.8849, 120.476, 0.405979
-86.8938, 120.476, 0.406385
-87.6429, 124.98, 0.377784
-86.8849, 120.476, 0.405979
-86.8938, 120.476, 0.406385
-151.135, 336.277, 0.0413334
-146.056, 215.352, 0.101228
-146.045, 215.352, 0.101329
-7166.51, 36.4025, 3.64157
-145.974, 214.718, 0.101831
-145.963, 214.718, 0.101933
-145.896, 214.293, 0.102444
-165.008, 88.2339, 0.610784
-165.446, 88.2339, 0.611395
-115.149, 141.808, 0.235329
-86.9921, 108.946, 0.399416
-87.0128, 108.946, 0.399816
-88.9204, 116.732, 0.348265
-86.9921, 108.946, 0.399416
-87.0128, 108.946, 0.399816
-149.356, 336.277, 0.0810892
-131.826, 215.563, 0.198687
-131.791, 215.563, 0.198886
-6723.56, 36.5805, 7.16144
-131.579, 214.959, 0.199816
-131.544, 214.959, 0.200015
-131.346, 214.567, 0.200959
-1051.08, 88.5059, 1.19965
-1053.75, 88.5059, 1.20085
-101.45, 169.153, 0.324881
-103.026, 132.923, 0.527582
-103.182, 132.923, 0.52811
-87.5684, 148.918, 0.420232
-87.2995, 146.235, 0.435076
-87.3023, 146.235, 0.435511
-150.229, 336.277, 0.0645955
-138.509, 215.478, 0.158243
-138.485, 215.478, 0.158401
-7444.2, 36.5083, 5.69921
-138.358, 214.947, 0.159032
-138.333, 214.947, 0.159191
-138.216, 214.629, 0.15983
-569.551, 88.4312, 0.954414
-571.216, 88.4312, 0.955369
-110.069, 163.696, 0.276079
-96.3749, 123.421, 0.487096
-96.4879, 123.421, 0.487584
-95.9861, 148.524, 0.335941
-87.0634, 133.557, 0.41539
-87.0637, 133.557, 0.415806
-148.318, 336.277, 0.0973016
-124.58, 215.645, 0.238456
-124.535, 215.645, 0.238695
-5791.67, 36.6501, 8.60132
-124.201, 214.923, 0.240079
-124.156, 214.923, 0.240319
-123.838, 214.412, 0.241724
-1654.99, 88.558, 1.44193
-1658.61, 88.558, 1.44337
-95.8784, 174.972, 0.36461
-98.4008, 145.339, 0.529539
-98.526, 145.339, 0.530069
-87.583, 159.53, 0.439501
-87.4755, 157.807, 0.448354
-87.4771, 157.807, 0.448803
-151.477, 336.277, 0.0280947
-149.073, 215.274, 0.0687927
-149.068, 215.274, 0.0688616
-5553.79, 36.3358, 2.47295
-145.706, 182.249, 0.0961789
-145.694, 182.249, 0.0962751
-141.595, 163.542, 0.119841
-140.87, 77.0101, 0.544391
-141.21, 77.0101, 0.544936
-139.435, 156.897, 0.130274
-87.7023, 98.5401, 0.331487
-87.6736, 98.5401, 0.331818
-87.0742, 91.4958, 0.385619
-149.347, 335.941, 0.0812012
-149.342, 335.941, 0.0812825
-131.795, 215.779, 0.198962
-6709.95, 36.5444, 7.17138
-6705.64, 36.5444, 7.17855
-131.544, 215.166, 0.200109
-131.272, 214.335, 0.201271
-131.236, 214.335, 0.201472
-1054.13, 88.5914, 1.20141
-101.34, 168.984, 0.325335
-101.282, 168.984, 0.325661
-103.174, 133.058, 0.528303
-87.5665, 148.875, 0.420216
-87.554, 148.875, 0.420636
-87.3022, 146.463, 0.435188
-151.751, 590.674, 0.00987324
-151.751, 590.674, 0.00988312
-151.578, 378.101, 0.0241506
-595.577, 63.1648, 0.864576
-597.223, 63.1648, 0.865441
-148.76, 217.353, 0.0731069
-91.0777, 104.984, 0.312875
-91.0328, 104.984, 0.313188
-91.4304, 89.6269, 0.430181
-91.0777, 104.984, 0.312875
-91.0328, 104.984, 0.313188
-150.691, 591.265, 0.0714676
-142.221, 378.463, 0.174985
-142.203, 378.463, 0.17516
-10438.6, 63.8502, 6.28887
-142.123, 377.648, 0.175746
-142.105, 377.648, 0.175922
-142.033, 377.205, 0.176516
-430.896, 155.037, 1.05361
-432.214, 155.037, 1.05466
-117.981, 283.982, 0.312457
-91.2416, 210.381, 0.570163
-91.3009, 210.381, 0.570734
-97.8088, 246.35, 0.415896
-88.2011, 220.768, 0.517481
-88.2003, 220.768, 0.517998
-149.891, 591.265, 0.0945277
-135.754, 378.588, 0.231485
-135.725, 378.588, 0.231717
-10392.5, 63.9553, 8.32488
-135.593, 377.75, 0.23252
-135.564, 377.75, 0.232752
-135.444, 377.286, 0.233566
-936.322, 155.181, 1.39442
-938.648, 155.181, 1.39581
-108.943, 297.702, 0.376332
-92.596, 234.202, 0.608814
-92.6673, 234.202, 0.609423
-93.7111, 266.977, 0.468627
-88.4177, 247.145, 0.54632
-88.4181, 247.145, 0.546866
-150.438, 591.265, 0.079448
-140.127, 378.507, 0.194536
-140.105, 378.507, 0.194731
-10550.1, 63.8873, 6.99314
-140.008, 377.686, 0.195389
-139.987, 377.686, 0.195584
-139.899, 377.237, 0.196251
-595.929, 155.089, 1.1715
-597.749, 155.089, 1.17267
-113.982, 287.635, 0.33869
-96.1621, 214.329, 0.610965
-96.2657, 214.329, 0.611577
-98.9953, 259.26, 0.417415
-88.2873, 230.582, 0.5274
-88.2862, 230.582, 0.527927
-151.724, 591.265, 0.0149634
-151.327, 377.937, 0.0366118
-151.326, 377.937, 0.0366484
-1704.75, 63.4072, 1.31216
-145.991, 224.527, 0.103939
-145.979, 224.527, 0.104043
-86.8137, 114.708, 0.400041
-123.617, 158.217, 0.209597
-123.571, 158.217, 0.209806
-86.7163, 116.479, 0.387945
-149.834, 590.674, 0.0959011
-149.831, 590.674, 0.095997
-135.347, 378.974, 0.23485
-10350.4, 63.8975, 8.44623
-10348.2, 63.8975, 8.45468
-135.175, 378.101, 0.235943
-134.986, 376.847, 0.237049
-134.955, 376.847, 0.237286
-970.306, 155.331, 1.41498
-108.035, 297.332, 0.382016
-107.977, 297.332, 0.382399
-93.9961, 234.053, 0.619761
-94.0808, 269.147, 0.466847
-94.0331, 269.147, 0.467314
-88.4304, 248.841, 0.547831
-151.139, 590.674, 0.0545567
-151.138, 590.674, 0.0546113
-146.072, 378.744, 0.133563
-9534.56, 63.7036, 4.79768
-9539.08, 63.7036, 4.80248
-145.996, 377.698, 0.134307
-145.912, 376.271, 0.135061
-145.901, 376.271, 0.135196
-200.968, 154.977, 0.804972
-123.558, 266.414, 0.270357
-123.512, 266.414, 0.270628
-88.1259, 199.774, 0.48319
-88.0095, 196.196, 0.500057
-88.0162, 196.196, 0.500557
-150.081, 591.265, 0.0895673
-137.247, 378.562, 0.21933
-137.221, 378.562, 0.21955
-10487.1, 63.9332, 7.88667
-137.105, 377.755, 0.220274
-137.078, 377.755, 0.220494
-136.974, 377.322, 0.221228
-820.38, 155.162, 1.32089
-822.35, 155.162, 1.32221
-112.301, 298.224, 0.355235
-88.9824, 236.48, 0.565527
-89.0072, 236.48, 0.566093
-90.5604, 253.381, 0.493149
-88.9824, 236.48, 0.565527
-89.0072, 236.48, 0.566093
-151.211, 591.265, 0.0513741
-146.693, 378.345, 0.125768
-146.683, 378.345, 0.125894
-9236.19, 63.7506, 4.51722
-146.611, 377.104, 0.126601
-146.601, 377.104, 0.126728
-146.532, 376.232, 0.127447
-175.221, 154.716, 0.758754
-175.609, 154.716, 0.759513
-122.281, 257.437, 0.273228
-88.3217, 196.226, 0.470591
-88.3062, 196.226, 0.471062
-88.0233, 190.91, 0.498296
-151.408, 590.674, 0.0413334
-151.407, 590.674, 0.0413748
-148.449, 378.656, 0.101179
-7928.67, 63.6301, 3.63275
-7935.35, 63.6301, 3.63638
-147.266, 355.763, 0.114682
-145.862, 336.112, 0.128291
-145.851, 336.112, 0.128419
-144.978, 146.389, 0.682677
-144.699, 323.768, 0.138305
-144.685, 323.768, 0.138444
-94.1863, 192.305, 0.39464
-88.0665, 179.221, 0.453736
-88.0523, 179.221, 0.45419
-87.7273, 176.157, 0.470672
-150.381, 590.674, 0.0810892
-150.379, 590.674, 0.0811703
-139.687, 378.895, 0.198557
-10546.2, 63.831, 7.13801
-10545.9, 63.831, 7.14516
-139.57, 378.109, 0.199388
-139.44, 376.943, 0.200229
-139.417, 376.943, 0.200429
-632.966, 155.27, 1.19551
-113.147, 288.041, 0.344046
-113.092, 288.041, 0.34439
-97.3187, 215.373, 0.618845
-98.931, 261.069, 0.419318
-98.8749, 261.069, 0.419738
-88.3052, 232.715, 0.529542
-150.886, 590.674, 0.0645955
-150.885, 590.674, 0.0646601
-143.893, 378.803, 0.158151
-10193.7, 63.7536, 5.6827
-10196.8, 63.7536, 5.68839
-143.803, 377.901, 0.158911
-143.704, 376.618, 0.159681
-143.688, 376.618, 0.15984
-318.006, 155.109, 0.952584
-121.092, 279.258, 0.291391
-121.043, 279.258, 0.291683
-88.7654, 206.909, 0.533629
-93.5118, 228.599, 0.435811
-93.4648, 228.599, 0.436248
-88.7654, 206.909, 0.533629
-149.778, 590.674, 0.0973016
-149.774, 590.674, 0.0973989
-134.913, 378.981, 0.238282
-10316, 63.9037, 8.56998
-10313.4, 63.9037, 8.57856
-134.741, 378.131, 0.239363
-134.552, 376.899, 0.240455
-134.522, 376.899, 0.240696
-1005.82, 155.35, 1.43551
-107.203, 297.373, 0.387517
-107.145, 297.373, 0.387905
-95.5458, 233.811, 0.630186
-94.3359, 271.289, 0.466202
-94.2876, 271.289, 0.466669
-88.4413, 250.287, 0.549436
-151.603, 590.674, 0.0280947
-151.603, 590.674, 0.0281228
-150.218, 378.542, 0.0687615
-5225.86, 63.5339, 2.46735
-5232.8, 63.5339, 2.46982
-139.941, 248.835, 0.159608
-88.1082, 154.327, 0.415531
-88.0875, 154.327, 0.415946
-89.5714, 144.411, 0.475732
-88.1082, 154.327, 0.415531
-88.0875, 154.327, 0.415946
-150.379, 591.265, 0.0812012
-139.645, 378.517, 0.198832
-139.623, 378.517, 0.199031
-10551.8, 63.8953, 7.14791
-139.523, 377.698, 0.1997
-139.5, 377.698, 0.1999
-139.409, 377.252, 0.200579
-636.839, 155.102, 1.19738
-638.775, 155.102, 1.19858
-113.1, 288.336, 0.344507
-97.4693, 215.2, 0.61946
-97.583, 215.2, 0.62008
-98.9468, 261.454, 0.419502
-88.3038, 232.609, 0.529695
-88.3028, 232.609, 0.530225
-151.758, 875.984, 0.00987324
-151.641, 559.134, 0.0241403
-151.64, 559.134, 0.0241645
-404.107, 93.2754, 0.862729
-149.63, 318.452, 0.0742456
-149.626, 318.452, 0.0743198
-98.3734, 152.026, 0.325427
-90.1468, 127.857, 0.458839
-90.2059, 127.857, 0.459298
-151.039, 875.984, 0.0714676
-145.176, 560.393, 0.174936
-145.164, 560.393, 0.175111
-11656.8, 94.33, 6.28004
-145.093, 558.927, 0.175859
-145.08, 558.927, 0.176035
-145.014, 558.012, 0.176793
-302.172, 229.199, 1.05369
-302.868, 229.199, 1.05475
-126.927, 419.92, 0.312939
-91.5466, 319.79, 0.539745
-91.5094, 319.79, 0.540285
-91.4, 290.809, 0.654521
-150.494, 875.108, 0.0945277
-150.491, 875.108, 0.0946223
-140.571, 561.093, 0.231411
-12701.4, 94.353, 8.31154
-12703.7, 94.353, 8.31986
-140.453, 559.843, 0.232451
-140.323, 558.028, 0.233502
-140.302, 558.028, 0.233736
-630.452, 229.689, 1.39311
-116.091, 428.948, 0.396204
-116.037, 428.948, 0.3966
-92.5658, 323.767, 0.698775
-97.7768, 377.212, 0.512985
-97.7228, 377.212, 0.513499
-88.9758, 340.807, 0.630327
-150.867, 875.108, 0.079448
-150.865, 875.108, 0.0795275
-143.703, 561.004, 0.194479
-12167.6, 94.278, 6.98286
-12171.8, 94.278, 6.98985
-143.613, 559.702, 0.195389
-143.514, 557.835, 0.19631
-143.498, 557.835, 0.196507
-391.118, 229.558, 1.17082
-123.226, 423.395, 0.341612
-123.18, 423.395, 0.341954
-88.9925, 320.362, 0.599374
-88.888, 315.022, 0.618713
-88.8941, 315.022, 0.619332
-151.74, 875.984, 0.0149634
-151.471, 559.522, 0.0365985
-151.47, 559.522, 0.0366351
-1249.34, 93.5994, 1.30978
-147.489, 326.973, 0.107154
-147.481, 326.973, 0.107261
-87.8006, 162.324, 0.435559
-105.135, 143.992, 0.552394
-105.304, 143.992, 0.552947
-87.8006, 162.324, 0.435559
-150.456, 875.108, 0.0959011
-150.454, 875.108, 0.095997
-140.265, 561.101, 0.234775
-12731.1, 94.3596, 8.43259
-12732.9, 94.3596, 8.44103
-140.149, 559.9, 0.235787
-140.021, 558.136, 0.236812
-139.999, 558.136, 0.237049
-656.53, 229.719, 1.41313
-115.469, 429.458, 0.401023
-115.415, 429.458, 0.401424
-93.3221, 324.239, 0.706908
-98.1229, 380.372, 0.511819
-98.0685, 380.372, 0.512331
-88.9856, 342.849, 0.6319
-151.344, 875.108, 0.0545567
-151.343, 875.108, 0.0546113
-147.867, 560.833, 0.133528
-9866.87, 94.1345, 4.79148
-9874.33, 94.1345, 4.79627
-147.716, 556.49, 0.135628
-147.463, 549.191, 0.138991
-147.455, 549.191, 0.13913
-162.632, 227.599, 0.816071
-123.562, 365.119, 0.315388
-123.516, 365.119, 0.315704
-88.9747, 276.942, 0.550395
-88.7072, 269.045, 0.582132
-88.7181, 269.045, 0.582715
-150.624, 875.984, 0.0895673
-141.638, 560.503, 0.219262
-141.619, 560.503, 0.219481
-12584.3, 94.4233, 7.87439
-141.539, 559.353, 0.220169
-141.52, 559.353, 0.220389
-141.449, 558.756, 0.221086
-541.178, 229.465, 1.31944
-542.698, 229.465, 1.32076
-118.489, 427.813, 0.378099
-90.332, 322.069, 0.667604
-90.3707, 322.069, 0.668272
-95.5119, 363.083, 0.525751
-88.936, 332.833, 0.624923
-88.9359, 332.833, 0.625548
-151.392, 875.984, 0.0513741
-148.297, 560.246, 0.125736
-148.29, 560.246, 0.125861
-9397.38, 94.2067, 4.51144
-147.641, 540.79, 0.134979
-147.633, 540.79, 0.135114
-146.723, 519.35, 0.146689
-167.05, 220.972, 0.813497
-167.52, 220.972, 0.814311
-122.481, 353.4, 0.317649
-88.8284, 269.281, 0.547042
-88.8153, 269.281, 0.54759
-88.6176, 263.307, 0.573386
-151.526, 875.108, 0.0413334
-151.525, 875.108, 0.0413748
-149.507, 560.711, 0.101153
-7616.29, 94.0324, 3.62817
-7624.63, 94.0324, 3.6318
-139.89, 397.679, 0.201506
-105.648, 285.755, 0.390261
-105.59, 285.755, 0.390652
-100.996, 276.996, 0.416247
-656.406, 161.309, 1.22891
-658.393, 161.309, 1.23014
-88.4134, 243.926, 0.537169
-88.3828, 242.431, 0.542745
-88.3841, 242.431, 0.543288
-150.83, 875.984, 0.0810892
-143.375, 560.453, 0.198498
-143.359, 560.453, 0.198697
-12251.5, 94.3808, 7.12743
-143.289, 559.245, 0.199361
-143.272, 559.245, 0.19956
-143.208, 558.59, 0.200233
-412.576, 229.379, 1.19463
-413.67, 229.379, 1.19583
-122.501, 424.599, 0.347408
-88.8806, 320.31, 0.610787
-88.8785, 320.31, 0.611399
-88.8715, 319.225, 0.616201
-151.172, 875.108, 0.0645955
-151.171, 875.108, 0.0646601
-146.35, 560.907, 0.158108
-11052.5, 94.1969, 5.67501
-11059.1, 94.1969, 5.68069
-146.246, 558.71, 0.15936
-146.13, 555.885, 0.160667
-146.119, 555.885, 0.160828
-245.262, 229.058, 0.954875
-129.763, 414.496, 0.289648
-129.725, 414.496, 0.289938
-96.6528, 321.269, 0.484093
-92.1563, 309.037, 0.522284
-92.1159, 309.037, 0.522806
-88.7342, 290.088, 0.594238
-150.418, 875.108, 0.0973016
-150.415, 875.108, 0.0973989
-139.95, 561.109, 0.238205
-12754, 94.3663, 8.55604
-12755.3, 94.3663, 8.5646
-139.836, 559.952, 0.239195
-139.709, 558.232, 0.240195
-139.686, 558.232, 0.240436
-683.934, 229.747, 1.43357
-114.837, 429.967, 0.405935
-114.782, 429.967, 0.406341
-94.1544, 324.736, 0.715083
-98.3871, 383.333, 0.511296
-98.3324, 383.333, 0.511807
-88.9953, 344.897, 0.633543
-151.658, 875.108, 0.0280947
-151.658, 875.108, 0.0281228
-150.717, 560.521, 0.0687429
-4528.55, 93.8732, 2.46402
-4535.82, 93.8732, 2.46648
-141.271, 349.661, 0.176994
-93.0787, 195.259, 0.567802
-93.1577, 195.259, 0.56837
-133.679, 310.392, 0.224722
-89.2558, 214.101, 0.472085
-89.23, 214.101, 0.472557
-150.827, 875.984, 0.0812012
-143.353, 560.454, 0.198773
-143.337, 560.454, 0.198972
-12256.6, 94.3814, 7.1373
-143.267, 559.251, 0.199632
-143.25, 559.251, 0.199832
-143.187, 558.602, 0.200501
-414.062, 229.382, 1.19626
-415.16, 229.382, 1.19746
-122.45, 424.65, 0.347805
-88.8781, 320.33, 0.611561
-88.8764, 320.33, 0.612173
-88.8718, 319.481, 0.616063
-151.745, 455.029, 0.00987324
-151.745, 455.029, 0.00988312
-151.52, 291.434, 0.0241573
-755.544, 48.7946, 0.865775
-757.543, 48.7946, 0.866642
-148.024, 168.76, 0.0721895
-87.6493, 82.4635, 0.302536
-87.6169, 82.4635, 0.302838
-91.0268, 71.6371, 0.401904
-87.6493, 82.4635, 0.302536
-87.6169, 82.4635, 0.302838
-150.373, 455.485, 0.0714676
-139.628, 291.695, 0.175028
-139.605, 291.695, 0.175203
-9118.59, 49.3082, 6.29654
-139.505, 291.065, 0.175791
-139.483, 291.065, 0.175967
-139.392, 290.724, 0.176563
-562.573, 119.609, 1.05439
-564.037, 119.609, 1.05544
-114.378, 224.241, 0.297888
-89.058, 172.658, 0.503343
-89.0951, 172.658, 0.503847
-92.2936, 191.389, 0.40986
-87.7515, 178.254, 0.472024
-87.7521, 178.254, 0.472496
-149.343, 455.485, 0.0945277
-131.652, 291.815, 0.231551
-131.617, 291.815, 0.231783
-8411.04, 49.4099, 8.33673
-131.426, 291.069, 0.232749
-131.39, 291.069, 0.232982
-131.212, 290.61, 0.233962
-1200.39, 119.709, 1.3966
-1203.6, 119.709, 1.39799
-100.643, 228.19, 0.381004
-116.876, 176.528, 0.638088
-117.111, 176.528, 0.638727
-88.5213, 204.353, 0.475946
-88.0039, 199.309, 0.499543
-88.0073, 199.309, 0.500043
-150.047, 455.485, 0.079448
-137.023, 291.737, 0.194587
-136.996, 291.737, 0.194781
-8973.45, 49.3438, 7.00215
-136.868, 291.068, 0.195488
-136.841, 291.068, 0.195684
-136.724, 290.687, 0.1964
-747.274, 119.645, 1.1727
-749.311, 119.645, 1.17387
-108.989, 225.268, 0.328305
-96.627, 172.634, 0.560153
-96.7371, 172.634, 0.560714
-95.603, 205.195, 0.396239
-87.8467, 186.2, 0.480949
-87.8471, 186.2, 0.48143
-151.71, 455.485, 0.0149634
-151.195, 291.279, 0.0366202
-151.194, 291.279, 0.0366568
-2017.88, 48.9582, 1.31366
-144.638, 174.422, 0.102459
-144.624, 174.422, 0.102562
-86.995, 90.4008, 0.383793
-125.962, 131.144, 0.18157
-125.919, 131.144, 0.181751
-86.0938, 93.1356, 0.361517
-86.0702, 93.7313, 0.356206
-86.0695, 93.7313, 0.356562
-149.273, 455.485, 0.0959011
-131.139, 291.822, 0.234918
-131.103, 291.822, 0.235153
-8347.34, 49.4158, 8.45836
-130.911, 291.088, 0.236113
-130.875, 291.088, 0.236349
-130.698, 290.642, 0.237323
-1246.98, 119.723, 1.41681
-1250.28, 119.723, 1.41823
-100.018, 228.521, 0.385445
-118.573, 177.067, 0.643477
-118.817, 177.067, 0.64412
-88.523, 205.514, 0.477428
-88.0152, 200.527, 0.50067
-88.0184, 200.527, 0.501171
-150.953, 455.485, 0.0545567
-144.466, 291.602, 0.133591
-144.452, 291.602, 0.133725
-8847.37, 49.2303, 4.80286
-144.381, 290.898, 0.134243
-144.367, 290.898, 0.134378
-144.302, 290.48, 0.134904
-259.132, 119.465, 0.804937
-259.909, 119.465, 0.805742
-120.782, 211.292, 0.255994
-88.2022, 155.788, 0.471761
-88.229, 155.788, 0.472233
-93.0286, 172.848, 0.3835
-88.2022, 155.788, 0.471761
-88.229, 155.788, 0.472233
-149.587, 455.485, 0.0895673
-133.476, 291.789, 0.219391
-133.443, 291.789, 0.21961
-8626.09, 49.3883, 7.89755
-133.273, 291.068, 0.220488
-133.241, 291.068, 0.220709
-133.084, 290.634, 0.2216
-1037.78, 119.688, 1.32291
-1040.6, 119.688, 1.32423
-103.12, 227.127, 0.364301
-110.239, 174.833, 0.616195
-110.437, 174.833, 0.616811
-88.4497, 199.786, 0.471811
-87.9612, 194.851, 0.495217
-87.9651, 194.851, 0.495712
-151.045, 455.485, 0.0513741
-145.26, 291.584, 0.125794
-145.247, 291.584, 0.12592
-8670.69, 49.2151, 4.52199
-145.18, 290.844, 0.12644
-145.167, 290.844, 0.126566
-145.104, 290.39, 0.127094
-217.561, 119.428, 0.7581
-218.181, 119.428, 0.758859
-121.272, 207.076, 0.250972
-87.6869, 153.417, 0.457993
-87.7026, 153.417, 0.458451
-90.2837, 164.455, 0.399038
-87.6869, 153.417, 0.457993
-87.7026, 153.417, 0.458451
-151.301, 455.485, 0.0413334
-147.493, 291.525, 0.101199
-147.485, 291.525, 0.1013
-7766.87, 49.1648, 3.63635
-147.4, 290.245, 0.102098
-147.392, 290.245, 0.1022
-147.307, 289.223, 0.103032
-130.179, 119.127, 0.612094
-130.425, 119.127, 0.612707
-146.538, 279.898, 0.110052
-94.5471, 156.397, 0.354055
-94.4959, 156.397, 0.354409
-87.2399, 141.94, 0.431178
-149.975, 455.029, 0.0810892
-149.971, 455.029, 0.0811703
-136.478, 292.037, 0.198609
-8920.51, 49.3017, 7.14732
-8918.21, 49.3017, 7.15447
-136.314, 291.352, 0.199552
-136.134, 290.372, 0.200506
-136.105, 290.372, 0.200707
-789.665, 119.769, 1.19711
-107.93, 225.302, 0.334349
-107.872, 225.302, 0.334684
-98.6307, 173.023, 0.570374
-95.6128, 206.737, 0.397621
-95.5607, 206.737, 0.398018
-87.8664, 187.902, 0.48301
-150.626, 455.029, 0.0645955
-150.624, 455.029, 0.0646601
-141.723, 291.95, 0.158188
-9116.35, 49.2278, 5.6893
-9116.71, 49.2278, 5.69499
-141.621, 291.322, 0.158875
-141.507, 290.401, 0.159569
-141.488, 290.401, 0.159729
-435.74, 119.685, 0.952804
-116.358, 218.297, 0.283493
-116.304, 218.297, 0.283777
-92.1805, 161.773, 0.519377
-97.9989, 192.032, 0.366989
-97.9431, 192.032, 0.367356
-87.6666, 171.464, 0.461959
-149.198, 455.029, 0.0973016
-149.193, 455.029, 0.0973989
-130.63, 292.121, 0.238351
-8272.91, 49.3725, 8.5824
-8268.17, 49.3725, 8.59098
-130.391, 291.367, 0.239597
-130.13, 290.319, 0.240859
-130.093, 290.319, 0.2411
-1294.92, 119.843, 1.43776
-103.056, 234.525, 0.370431
-102.998, 234.525, 0.370802
-91.8112, 192.226, 0.554375
-90.8544, 213.371, 0.448244
-90.8172, 213.371, 0.448692
-88.0236, 202.348, 0.499864
-151.554, 455.029, 0.0280947
-151.553, 455.029, 0.0281228
-149.765, 291.725, 0.0687748
-5502.19, 49.0384, 2.46972
-5508.47, 49.0384, 2.4722
-140.91, 205.66, 0.138832
-107.079, 146.167, 0.275171
-107.02, 146.167, 0.275446
-101.305, 140.647, 0.297898
-446.028, 83.0073, 0.857745
-447.337, 83.0073, 0.858603
-87.0163, 123.14, 0.389107
-86.8165, 121.21, 0.400851
-86.8192, 121.21, 0.401252
-149.972, 455.485, 0.0812012
-136.426, 291.746, 0.198884
-136.399, 291.746, 0.199083
-8924.18, 49.3516, 7.15723
-136.262, 291.063, 0.199826
-136.234, 291.063, 0.200026
-136.109, 290.667, 0.200779
-793.395, 119.65, 1.19876
-795.564, 119.65, 1.19996
-107.891, 225.549, 0.334749
-98.8243, 172.869, 0.571044
-98.9504, 172.869, 0.571615
-95.6372, 207.057, 0.397736
-87.8656, 187.816, 0.483152
-87.8662, 187.816, 0.483636
-151.7, 169.022, 0.00987324
-151.103, 108.287, 0.024185
-151.101, 108.287, 0.0242092
-1381.22, 18.3347, 0.870746
-144.101, 65.7173, 0.0662151
-144.087, 65.7173, 0.0662814
-86.1341, 35.007, 0.23629
-84.1372, 33.6107, 0.255988
-84.1304, 33.6107, 0.256244
-84.0266, 33.2891, 0.261527
-148.098, 168.853, 0.0714676
-148.091, 168.853, 0.0715391
-123.518, 108.731, 0.175331
-2719.92, 18.6021, 6.35126
-2715.87, 18.6021, 6.35762
-122.87, 108.125, 0.177338
-122.179, 107.407, 0.179393
-122.132, 107.407, 0.179573
-1361.82, 44.7436, 1.06741
-91.826, 86.3268, 0.279789
-91.7774, 86.3268, 0.280069
-96.2157, 70.3809, 0.424756
-85.7748, 78.508, 0.339397
-85.7769, 78.508, 0.339737
-145.472, 169.022, 0.0945277
-108.759, 108.736, 0.232024
-108.7, 108.736, 0.232256
-1660.1, 18.7183, 8.42217
-107.411, 107.746, 0.236394
-107.352, 107.746, 0.236631
-106.079, 106.87, 0.240856
-2481.66, 44.6815, 1.42426
-2486.3, 44.6815, 1.42569
-87.0712, 91.9894, 0.327053
-85.9577, 88.2652, 0.355102
-85.9648, 88.2652, 0.355457
-147.264, 169.022, 0.079448
-118.35, 108.662, 0.194945
-118.298, 108.662, 0.19514
-2304.88, 18.6549, 7.06683
-117.476, 107.936, 0.197627
-117.424, 107.936, 0.197824
-116.604, 107.313, 0.200376
-1731.47, 44.698, 1.18997
-1735.2, 44.698, 1.19116
-89.3082, 88.1559, 0.299059
-86.1768, 80.3555, 0.36042
-86.1895, 80.3555, 0.360781
-85.8094, 82.2238, 0.344641
-151.606, 168.853, 0.0149634
-151.605, 168.853, 0.0149783
-150.25, 108.432, 0.0366597
-2684.56, 18.3475, 1.32077
-2688.01, 18.3475, 1.32209
-142.433, 74.5312, 0.0781369
-105.674, 50.5811, 0.170534
-105.615, 50.5811, 0.170705
-97.4229, 47.8764, 0.190926
-259.407, 29.6232, 0.502164
-260.118, 29.6232, 0.502667
-86.6911, 41.8015, 0.251084
-89.196, 37.1663, 0.317671
-89.257, 37.1663, 0.317989
-86.6911, 41.8015, 0.251084
-145.29, 168.853, 0.0959011
-145.278, 168.853, 0.095997
-107.944, 108.852, 0.235402
-1606.54, 18.7053, 8.54581
-1603.1, 18.7053, 8.55436
-106.554, 107.835, 0.239955
-105.127, 106.72, 0.244598
-105.068, 106.72, 0.244842
-2550.09, 44.7239, 1.44578
-87.2364, 92.6695, 0.326258
-87.2101, 92.6695, 0.326584
-85.9778, 88.8703, 0.35608
-149.606, 168.853, 0.0545567
-149.601, 168.853, 0.0546113
-133.912, 108.646, 0.133792
-3742.5, 18.5289, 4.83901
-3739.11, 18.5289, 4.84385
-133.613, 108.24, 0.134811
-133.292, 107.724, 0.13585
-133.259, 107.724, 0.135986
-683.829, 44.7214, 0.810789
-102.003, 83.2708, 0.229102
-101.944, 83.2708, 0.229331
-90.2139, 64.6183, 0.384119
-86.5687, 73.315, 0.296671
-86.5563, 73.315, 0.296968
-85.7308, 69.5514, 0.330836
-146.086, 168.853, 0.0895673
-146.075, 168.853, 0.089657
-111.885, 108.821, 0.219824
-1846.72, 18.6789, 7.97588
-1843.04, 18.6789, 7.98386
-110.692, 107.919, 0.223587
-109.449, 106.912, 0.227438
-109.391, 106.912, 0.227666
-2228.78, 44.7325, 1.34686
-87.4944, 90.5313, 0.319254
-87.4652, 90.5313, 0.319573
-85.9541, 86.0579, 0.354728
-149.847, 168.853, 0.0513741
-149.843, 168.853, 0.0514255
-135.721, 108.629, 0.125978
-3935, 18.515, 4.55503
-3931.9, 18.515, 4.55959
-135.469, 108.253, 0.126867
-135.197, 107.767, 0.127772
-135.167, 107.767, 0.1279
-580.394, 44.7134, 0.762894
-104.798, 82.8156, 0.218017
-104.738, 82.8156, 0.218235
-87.9478, 64.1529, 0.366752
-86.4498, 70.8755, 0.299006
-86.4373, 70.8755, 0.299305
-85.7144, 67.7597, 0.328227
-150.519, 168.853, 0.0413334
-150.516, 168.853, 0.0413748
-140.975, 108.577, 0.101332
-4438.9, 18.4707, 3.66046
-4437.32, 18.4707, 3.66412
-140.829, 108.264, 0.101927
-140.669, 107.841, 0.102531
-140.649, 107.841, 0.102634
-311.858, 44.6753, 0.612626
-111.694, 79.5301, 0.190031
-111.638, 79.5301, 0.190221
-85.9908, 60.1365, 0.335484
-86.1586, 63.4813, 0.300028
-86.1461, 63.4813, 0.300328
-85.9908, 60.1365, 0.335484
-147.078, 168.853, 0.0810892
-147.069, 168.853, 0.0811703
-117.314, 108.779, 0.198979
-2220.34, 18.6432, 7.21413
-2216.41, 18.6432, 7.22135
-116.39, 108.024, 0.201822
-115.415, 107.159, 0.204736
-115.361, 107.159, 0.204941
-1810.14, 44.7414, 1.21532
-88.8184, 88.3705, 0.303196
-88.7805, 88.3705, 0.3035
-86.0847, 81.5007, 0.358256
-85.8138, 82.9153, 0.345213
-85.8176, 82.9153, 0.345559
-148.758, 169.022, 0.0645955
-127.846, 108.588, 0.158447
-127.806, 108.588, 0.158606
-3126.94, 18.5911, 5.73605
-127.362, 108.074, 0.159984
-127.321, 108.074, 0.160144
-126.884, 107.663, 0.161555
-1063.94, 44.6942, 0.962646
-1066.54, 44.6942, 0.963609
-95.7284, 85.4427, 0.258442
-92.7274, 68.4092, 0.405263
-92.8091, 68.4092, 0.405669
-86.056, 77.8682, 0.312106
-85.7655, 74.9032, 0.337043
-85.7676, 74.9032, 0.33738
-145.114, 169.022, 0.0973016
-107.065, 108.75, 0.238847
-107.006, 108.75, 0.239086
-1561.62, 18.7299, 8.67193
-105.639, 107.712, 0.243566
-105.58, 107.712, 0.24381
-104.238, 106.792, 0.248372
-2621.83, 44.679, 1.46761
-2626.59, 44.679, 1.46907
-87.0934, 93.0714, 0.328852
-85.9815, 89.4072, 0.35622
-85.9885, 89.4072, 0.356576
-151.19, 169.022, 0.0280947
-146.566, 108.399, 0.0688545
-146.556, 108.399, 0.0689234
-4442.65, 18.4295, 2.48407
-146.491, 108.076, 0.0692703
-146.481, 108.076, 0.0693396
-146.419, 107.86, 0.069693
-117.127, 44.5402, 0.41608
-117.341, 44.5402, 0.416496
-145.176, 103.269, 0.0761008
-89.7244, 57.4405, 0.248746
-89.6976, 57.4405, 0.248995
-85.3844, 52.0072, 0.30473
-147.065, 168.853, 0.0812012
-147.056, 168.853, 0.0812825
-117.242, 108.78, 0.199254
-2214.98, 18.6437, 7.22419
-2211.04, 18.6437, 7.23142
-116.315, 108.024, 0.202105
-115.338, 107.158, 0.205028
-115.284, 107.158, 0.205233
-1815.56, 44.7416, 1.21703
-88.7902, 88.3933, 0.303461
-88.7525, 88.3933, 0.303765
-86.0801, 81.57, 0.358139
-85.8141, 82.9677, 0.345253
-85.8179, 82.9677, 0.345598
-151.759, 955.03, 0.00987324
-151.651, 609.476, 0.0241381
-151.651, 609.476, 0.0241622
-377.083, 101.599, 0.862331
-149.827, 347.886, 0.0738722
-149.823, 347.886, 0.0739461
-101.722, 166.71, 0.3211
-87.4794, 141.873, 0.442112
-87.4947, 141.873, 0.442554
-151.099, 955.03, 0.0714676
-145.698, 610.897, 0.174927
-145.687, 610.897, 0.175102
-11793, 102.788, 6.2784
-145.604, 608.947, 0.176054
-145.592, 608.947, 0.17623
-145.513, 607.593, 0.177197
-294.484, 249.657, 1.05476
-295.08, 249.657, 1.05581
-129.628, 462.321, 0.306709
-97.4671, 360.455, 0.504529
-97.4135, 360.455, 0.505034
-92.7605, 347.06, 0.545484
-88.9355, 323.553, 0.626709
-88.9419, 323.553, 0.627336
-150.599, 955.03, 0.0945277
-141.423, 611.042, 0.231397
-141.404, 611.042, 0.231629
-13081.5, 102.91, 8.30915
-141.315, 609.687, 0.232432
-141.295, 609.687, 0.232665
-141.214, 608.933, 0.233479
-579.072, 250.081, 1.39284
-580.656, 250.081, 1.39424
-118.527, 468.658, 0.395112
-90.0201, 355.048, 0.688797
-90.0514, 355.048, 0.689486
-94.2902, 393.574, 0.561146
-89.0804, 364.783, 0.652363
-89.0806, 364.783, 0.653015
-150.942, 955.03, 0.079448
-144.329, 610.95, 0.194469
-144.315, 610.95, 0.194663
-12386.2, 102.833, 6.98098
-144.245, 609.511, 0.195391
-144.23, 609.511, 0.195587
-144.166, 608.674, 0.196325
-370.318, 249.933, 1.1707
-371.197, 249.933, 1.17187
-125.785, 464.559, 0.337786
-91.1726, 355.865, 0.575765
-91.1386, 355.865, 0.576341
-90.5626, 328.591, 0.677118
-151.742, 954.075, 0.0149634
-151.742, 954.075, 0.0149783
-151.496, 610.519, 0.0365954
-1164.91, 101.857, 1.30923
-1167.72, 101.857, 1.31054
-147.888, 357.698, 0.106538
-89.234, 178.027, 0.428869
-89.2049, 178.027, 0.429298
-94.9618, 159.729, 0.533754
-89.234, 178.027, 0.428869
-89.2049, 178.027, 0.429298
-150.565, 955.03, 0.0959011
-141.139, 611.05, 0.234761
-141.119, 611.05, 0.234996
-13123, 102.917, 8.43014
-141.033, 609.752, 0.235766
-141.012, 609.752, 0.236002
-140.934, 609.056, 0.236783
-602.06, 250.114, 1.41284
-603.717, 250.114, 1.41425
-117.9, 469.108, 0.4001
-90.4615, 355.298, 0.697869
-90.4999, 355.298, 0.698567
-95.2507, 399.031, 0.553799
-89.0899, 367.018, 0.653814
-89.0898, 367.018, 0.654468
-151.379, 955.03, 0.0545567
-148.178, 610.768, 0.133521
-148.171, 610.768, 0.133655
-9830.8, 102.68, 4.79027
-147.169, 580.583, 0.147816
-147.16, 580.583, 0.147964
-145.949, 553.544, 0.162988
-193.266, 238.168, 0.883604
-193.844, 238.168, 0.884488
-124.553, 395.034, 0.320749
-88.999, 296.047, 0.571053
-88.9857, 296.047, 0.571624
-88.8057, 289.165, 0.599851
-150.717, 954.075, 0.0895673
-150.715, 954.075, 0.089657
-142.432, 611.624, 0.21925
-12904.7, 102.783, 7.87217
-12908.5, 102.783, 7.88005
-142.329, 610.211, 0.22027
-142.216, 608.183, 0.221303
-142.197, 608.183, 0.221525
-500.631, 250.272, 1.3199
-120.847, 466.761, 0.37661
-120.798, 466.761, 0.376987
-89.0865, 354.917, 0.654272
-89.6876, 365.315, 0.61616
-89.6678, 365.315, 0.616777
-89.0865, 354.917, 0.654272
-151.423, 954.075, 0.0513741
-151.423, 954.075, 0.0514255
-148.58, 611.35, 0.125729
-9331.92, 102.553, 4.5103
-9340.26, 102.553, 4.51481
-144.469, 515.514, 0.177015
-139.804, 463.93, 0.218276
-139.781, 463.93, 0.218495
-269.333, 218.341, 0.992215
-116.64, 361.273, 0.360526
-116.587, 361.273, 0.360887
-91.2037, 299.319, 0.526905
-89.3094, 278.126, 0.609328
-89.3349, 278.126, 0.609937
-151.546, 955.03, 0.0413334
-149.689, 610.633, 0.101148
-149.685, 610.633, 0.101249
-7469.27, 102.567, 3.62723
-139.46, 422.558, 0.211647
-139.437, 422.558, 0.211859
-97.9734, 290.519, 0.449559
-94.6093, 282.882, 0.473279
-94.5605, 282.882, 0.473753
-743.839, 170.421, 1.31023
-88.9601, 255.341, 0.581205
-88.9813, 255.341, 0.581786
-150.907, 955.03, 0.0810892
-144.033, 610.96, 0.198488
-144.018, 610.96, 0.198686
-12491.6, 102.841, 7.1255
-143.941, 609.45, 0.199477
-143.926, 609.45, 0.199676
-143.854, 608.541, 0.200478
-389.193, 249.916, 1.1952
-390.14, 249.916, 1.1964
-124.956, 464.869, 0.344326
-90.4047, 355.307, 0.58957
-90.3763, 355.307, 0.59016
-89.7387, 334.7, 0.666075
-151.222, 954.075, 0.0645955
-151.22, 954.075, 0.0646601
-146.782, 611.459, 0.1581
-11119.8, 102.644, 5.67356
-11126.6, 102.644, 5.67924
-146.691, 609.187, 0.159286
-146.587, 606.165, 0.160561
-146.577, 606.165, 0.160722
-229.855, 249.688, 0.95444
-128.504, 438.495, 0.307562
-128.464, 438.495, 0.30787
-89.2632, 318.616, 0.585093
-89.0728, 307.912, 0.625383
-89.0883, 307.912, 0.626009
-150.53, 955.03, 0.0973016
-140.846, 611.058, 0.238191
-140.826, 611.058, 0.238429
-13158, 102.924, 8.55354
-140.741, 609.811, 0.239171
-140.721, 609.811, 0.23941
-140.645, 609.166, 0.240162
-626.266, 250.145, 1.43326
-627.998, 250.145, 1.43469
-117.262, 469.559, 0.405182
-90.9886, 355.581, 0.706981
-91.0343, 355.581, 0.707688
-96.0642, 403.97, 0.548204
-89.0995, 369.274, 0.655289
-89.0992, 369.274, 0.655944
-151.668, 955.03, 0.0280947
-150.802, 610.416, 0.0687388
-150.8, 610.416, 0.0688075
-4349.93, 102.384, 2.46327
-142.043, 380.511, 0.177183
-142.024, 380.511, 0.17736
-90.9666, 212.595, 0.569884
-132.73, 328.509, 0.237838
-132.696, 328.509, 0.238076
-88.9955, 228.319, 0.49397
-150.904, 954.075, 0.0812012
-150.902, 954.075, 0.0812825
-144.02, 611.572, 0.198762
-12496, 102.739, 7.13536
-12500.9, 102.739, 7.1425
-143.928, 610.07, 0.199746
-143.827, 607.951, 0.200743
-143.812, 607.951, 0.200944
-390.242, 250.171, 1.19682
-124.882, 464.444, 0.344745
-124.837, 464.444, 0.345089
-90.3758, 355.641, 0.590459
-89.7128, 334.745, 0.665482
-89.7402, 334.745, 0.666148
-151.727, 274.62, 0.00987324
-151.356, 175.724, 0.0241703
-151.356, 175.724, 0.0241945
-1104.17, 29.6073, 0.868099
-146.183, 103.606, 0.0698897
-146.173, 103.606, 0.0699597
-86.4983, 52.3091, 0.276567
-87.0832, 47.9722, 0.32845
-87.1235, 47.9722, 0.328779
-86.4983, 52.3091, 0.276567
-149.474, 274.345, 0.0714676
-149.469, 274.345, 0.0715391
-132.784, 176.285, 0.175147
-5785.3, 29.9033, 6.31796
-5781.09, 29.9033, 6.32428
-132.536, 175.768, 0.176191
-132.267, 175.072, 0.177251
-132.233, 175.072, 0.177428
-908.038, 72.4273, 1.05824
-101.511, 136.609, 0.292717
-101.452, 136.609, 0.29301
-98.6545, 106.046, 0.489482
-88.6436, 123.149, 0.361031
-88.6123, 123.149, 0.361392
-86.7477, 118.317, 0.392261
-147.799, 274.345, 0.0945277
-147.791, 274.345, 0.0946223
-121.367, 176.401, 0.231736
-4408.72, 30.0021, 8.37017
-4403.13, 30.0021, 8.37854
-120.861, 175.673, 0.233686
-120.322, 174.768, 0.235669
-120.272, 174.768, 0.235905
-1805.47, 72.4837, 1.40449
-91.3207, 141.622, 0.36085
-91.2776, 141.622, 0.361211
-89.2665, 127.077, 0.45035
-87.3348, 134.411, 0.40115
-87.3217, 134.411, 0.401551
-148.946, 274.62, 0.079448
-128.941, 176.15, 0.194727
-128.902, 176.15, 0.194922
-5321.48, 29.9677, 7.02745
-128.615, 175.568, 0.196035
-128.576, 175.568, 0.196231
-128.303, 175.158, 0.197363
-1198.58, 72.3781, 1.17769
-1201.38, 72.3781, 1.17887
-99.0844, 140.313, 0.309163
-95.1491, 113.587, 0.47315
-95.2164, 113.587, 0.473624
-87.4521, 126.155, 0.383404
-86.861, 122.751, 0.404408
-86.865, 122.751, 0.404812
-151.669, 274.62, 0.0149634
-150.823, 175.785, 0.0366375
-150.821, 175.785, 0.0366742
-2528.45, 29.6587, 1.31678
-142.211, 109.329, 0.0952425
-142.193, 109.329, 0.0953378
-85.728, 60.9267, 0.309413
-85.6332, 59.6105, 0.322661
-85.6376, 59.6105, 0.322984
-147.69, 274.62, 0.0959011
-120.639, 176.232, 0.235108
-120.59, 176.232, 0.235343
-4336.63, 30.0379, 8.49259
-120.115, 175.49, 0.237126
-120.065, 175.49, 0.237364
-119.605, 174.92, 0.239179
-1867.76, 72.4136, 1.42522
-1871.98, 72.4136, 1.42664
-90.9235, 142.029, 0.364763
-88.7655, 128.33, 0.447074
-88.8082, 128.33, 0.447521
-87.2711, 134.985, 0.40436
-150.423, 274.345, 0.0545567
-150.42, 274.345, 0.0546113
-140.12, 176.198, 0.13367
-6539.59, 29.8292, 4.81707
-6538.17, 29.8292, 4.82189
-139.984, 175.759, 0.134344
-139.836, 175.143, 0.135027
-139.814, 175.143, 0.135162
-432.04, 72.3522, 0.806496
-112.041, 131.683, 0.240182
-111.985, 131.683, 0.240422
-90.512, 98.7386, 0.43045
-89.2856, 111.412, 0.336622
-89.2488, 111.412, 0.336959
-86.4302, 105.255, 0.378331
-148.195, 274.345, 0.0895673
-148.188, 274.345, 0.089657
-123.899, 176.377, 0.219561
-4701.2, 29.981, 7.92819
-4695.85, 29.981, 7.93613
-123.452, 175.691, 0.221299
-122.973, 174.828, 0.223066
-122.926, 174.828, 0.223289
-1592.39, 72.4707, 1.32985
-93.165, 140.812, 0.345726
-93.1163, 140.812, 0.346072
-105.161, 114.437, 0.527256
-87.1047, 130.687, 0.402127
-87.0965, 130.687, 0.402529
-86.9839, 129.425, 0.410933
-150.574, 274.345, 0.0513741
-150.572, 274.345, 0.0514255
-141.351, 176.181, 0.125867
-6604.42, 29.815, 4.53499
-6603.76, 29.815, 4.53953
-141.229, 175.743, 0.1265
-141.095, 175.128, 0.127143
-141.076, 175.128, 0.12727
-360.96, 72.3318, 0.759336
-114.107, 130.45, 0.230416
-114.052, 130.45, 0.230647
-88.9457, 97.6757, 0.414065
-88.8291, 108.227, 0.335936
-88.7944, 108.227, 0.336272
-86.3715, 102.492, 0.375722
-150.994, 274.345, 0.0413334
-150.992, 274.345, 0.0413748
-144.861, 176.127, 0.101252
-6530.25, 29.7697, 3.64591
-6531.59, 29.7697, 3.64956
-144.778, 175.688, 0.101763
-144.686, 175.072, 0.10228
-144.673, 175.072, 0.102383
-199.195, 72.2652, 0.61066
-118.077, 123.116, 0.208066
-118.025, 123.116, 0.208274
-86.0839, 93.9625, 0.359586
-148.827, 274.345, 0.0810892
-148.821, 274.345, 0.0811703
-128.152, 176.334, 0.198754
-5214.38, 29.9448, 7.17345
-5209.31, 29.9448, 7.18063
-127.811, 175.74, 0.200115
-127.444, 174.968, 0.201498
-127.403, 174.968, 0.2017
-1256.99, 72.4561, 1.20226
-97.8701, 140.159, 0.315668
-97.8137, 140.159, 0.315983
-96.9015, 113.506, 0.484717
-87.4932, 127.17, 0.38433
-87.4745, 127.17, 0.384714
-86.8796, 124.032, 0.405082
-149.889, 274.345, 0.0645955
-149.885, 274.345, 0.0646601
-135.91, 176.25, 0.15829
-6151.16, 29.8734, 5.70761
-6147.87, 29.8734, 5.71332
-135.716, 175.776, 0.159154
-135.504, 175.124, 0.16003
-135.475, 175.124, 0.16019
-691.587, 72.4017, 0.955714
-106.486, 135.651, 0.26815
-106.427, 135.651, 0.268418
-92.492, 105.065, 0.450314
-88.3915, 117.924, 0.355872
-88.3613, 117.924, 0.356229
-86.628, 112.854, 0.389714
-147.569, 274.345, 0.0973016
-147.561, 274.345, 0.0973989
-119.944, 176.415, 0.238546
-4249.3, 30.0138, 8.61744
-4243.66, 30.0138, 8.62607
-119.401, 175.658, 0.240635
-118.823, 174.722, 0.24276
-118.772, 174.722, 0.243003
-1929.08, 72.4885, 1.44636
-90.515, 142.175, 0.368623
-90.4752, 142.175, 0.368992
-88.3581, 129.789, 0.444303
-87.2162, 135.346, 0.40729
-87.2072, 135.346, 0.407697
-151.411, 274.62, 0.0280947
-148.491, 175.877, 0.0688072
-148.484, 175.877, 0.068876
-5406.06, 29.7364, 2.47555
-148.398, 174.872, 0.0696063
-148.391, 174.872, 0.069676
-148.288, 173.873, 0.0705559
-93.9797, 71.8334, 0.41793
-94.069, 71.8334, 0.418348
-146.954, 162.665, 0.0806934
-89.4097, 85.5521, 0.293888
-89.3687, 85.5521, 0.294182
-85.831, 79.0475, 0.345339
-148.819, 274.345, 0.0812012
-148.813, 274.345, 0.0812825
-128.097, 176.335, 0.199029
-5207.45, 29.9453, 7.18342
-5202.46, 29.9453, 7.19061
-127.752, 175.736, 0.200404
-127.381, 174.959, 0.2018
-127.34, 174.959, 0.202002
-1261.27, 72.4547, 1.204
-97.7873, 140.155, 0.316127
-97.731, 140.155, 0.316444
-97.0275, 113.495, 0.485493
-87.4958, 127.246, 0.384406
-87.4771, 127.246, 0.384791
-86.8808, 124.112, 0.405123
-151.741, 396.735, 0.00987324
-151.741, 396.735, 0.00988312
-151.484, 254.171, 0.0241608
-850.07, 42.6046, 0.866396
-852.18, 42.6046, 0.867263
-147.638, 148.243, 0.0712297
-86.8652, 73.3119, 0.291758
-86.8356, 73.3119, 0.29205
-88.1396, 65.1712, 0.370172
-86.8652, 73.3119, 0.291758
-86.8356, 73.3119, 0.29205
-150.171, 397.132, 0.0714676
-138.025, 254.404, 0.175055
-138, 254.404, 0.17523
-8291.34, 43.0576, 6.30136
-137.878, 253.816, 0.175873
-137.853, 253.816, 0.176049
-137.742, 253.479, 0.176701
-638.062, 104.367, 1.0552
-639.863, 104.367, 1.05626
-110.005, 194.754, 0.300605
-95.9878, 147.917, 0.522376
-96.0952, 147.917, 0.522899
-95.9061, 176.617, 0.366089
-87.4979, 159.475, 0.448856
-87.4981, 159.475, 0.449305
-148.995, 397.132, 0.0945277
-129.173, 254.523, 0.231593
-129.134, 254.523, 0.231824
-7300.37, 43.1582, 8.34424
-128.899, 253.81, 0.232908
-128.86, 253.81, 0.233141
-128.639, 253.347, 0.23424
-1337.89, 104.461, 1.39805
-1341.11, 104.461, 1.39945
-99.0856, 202.236, 0.369158
-105.112, 161.588, 0.579514
-105.28, 161.588, 0.580093
-88.0211, 181.572, 0.458889
-87.7594, 178.444, 0.474316
-87.7617, 178.444, 0.47479
-149.799, 397.132, 0.079448
-135.117, 254.445, 0.194618
-135.087, 254.445, 0.194813
-8025.21, 43.0928, 7.00784
-134.934, 253.828, 0.195574
-134.904, 253.828, 0.19577
-134.763, 253.461, 0.196542
-860.786, 104.405, 1.1736
-863.201, 104.405, 1.17477
-105.095, 196.52, 0.328359
-106.131, 149.994, 0.565118
-106.305, 149.994, 0.565683
-88.0244, 169.835, 0.440746
-87.6092, 165.858, 0.461388
-87.6134, 165.858, 0.461849
-151.701, 397.132, 0.0149634
-151.112, 254.025, 0.0366246
-151.11, 254.025, 0.0366612
-2176.04, 42.7381, 1.31446
-143.963, 153.357, 0.100882
-143.948, 153.357, 0.100983
-86.4275, 80.691, 0.36694
-119.166, 110.823, 0.193665
-119.115, 110.823, 0.193859
-85.878, 82.6357, 0.349808
-85.7794, 83.5867, 0.341178
-85.7815, 83.5867, 0.34152
-99.3103, 96.3424, 0.257049
-85.7794, 83.5867, 0.341178
-85.7815, 83.5867, 0.34152
-148.915, 397.132, 0.0959011
-128.608, 254.529, 0.234961
-128.568, 254.529, 0.235196
-7225.15, 43.1641, 8.46604
-128.322, 253.799, 0.236327
-128.282, 253.799, 0.236563
-128.05, 253.319, 0.237712
-1385.75, 104.463, 1.41862
-1389.09, 104.463, 1.42004
-98.3159, 202.305, 0.3743
-107.567, 161.622, 0.587763
-107.75, 161.622, 0.588351
-88.055, 182.76, 0.459522
-87.7722, 179.513, 0.475496
-87.7745, 179.513, 0.475972
-150.835, 397.132, 0.0545567
-143.465, 254.314, 0.133609
-143.449, 254.314, 0.133743
-8336.15, 42.9813, 4.80608
-143.375, 253.739, 0.13422
-143.359, 253.739, 0.134354
-143.291, 253.414, 0.134838
-306.077, 104.261, 0.80501
-307.034, 104.261, 0.805816
-118.987, 186.584, 0.249805
-89.0553, 137.406, 0.461675
-89.0996, 137.406, 0.462137
-95.484, 157.946, 0.349426
-87.2317, 142.78, 0.427346
-87.2317, 142.78, 0.427774
-149.274, 397.132, 0.0895673
-131.183, 254.497, 0.219429
-131.147, 254.497, 0.219648
-7560.32, 43.1368, 7.90443
-130.945, 253.829, 0.220597
-130.909, 253.829, 0.220818
-130.721, 253.41, 0.221781
-1174.52, 104.448, 1.32403
-1177.31, 104.448, 1.32535
-102.216, 202.233, 0.349663
-96.4834, 162.145, 0.545022
-96.5932, 162.145, 0.545567
-91.8712, 187.079, 0.409184
-87.7086, 174.695, 0.468893
-87.7101, 174.695, 0.469362
-150.94, 397.132, 0.0513741
-144.361, 254.296, 0.125811
-144.347, 254.296, 0.125937
-8231.6, 42.9665, 4.52494
-144.275, 253.679, 0.126428
-144.261, 253.679, 0.126554
-144.194, 253.312, 0.127052
-254.543, 104.222, 0.758224
-255.319, 104.222, 0.758983
-120.076, 183.71, 0.242631
-88.1001, 135.407, 0.447583
-88.131, 135.407, 0.448031
-93.3751, 151.65, 0.357001
-87.1688, 139.217, 0.423255
-87.1692, 139.217, 0.423679
-151.232, 397.132, 0.0413334
-146.892, 254.239, 0.101211
-146.883, 254.239, 0.101312
-7550.03, 42.9183, 3.63855
-146.808, 253.342, 0.101933
-146.798, 253.342, 0.102035
-146.726, 252.692, 0.102668
-142.107, 104.036, 0.611197
-142.428, 104.036, 0.611809
-146.003, 245.785, 0.108556
-93.302, 138.769, 0.342298
-93.2529, 138.769, 0.342641
-87.5049, 124.625, 0.425829
-149.716, 396.735, 0.0810892
-149.712, 396.735, 0.0811703
-134.512, 254.708, 0.198642
-7950.63, 43.0569, 7.15319
-7947.13, 43.0569, 7.16035
-134.319, 254.078, 0.199638
-134.108, 253.19, 0.200646
-134.076, 253.19, 0.200847
-910.771, 104.515, 1.19802
-104.127, 196.688, 0.333935
-104.068, 196.688, 0.334269
-108.228, 150.674, 0.572808
-88.0914, 171.322, 0.441184
-88.0747, 171.322, 0.441626
-87.6289, 167.422, 0.4631
-150.46, 396.735, 0.0645955
-150.458, 396.735, 0.0646601
-140.374, 254.622, 0.158211
-8407.07, 42.984, 5.69343
-8406.63, 42.984, 5.69912
-140.25, 254.029, 0.158956
-140.113, 253.18, 0.15971
-140.091, 253.18, 0.15987
-481.402, 104.424, 0.953571
-114.603, 193.039, 0.275871
-114.548, 193.039, 0.276147
-89.4499, 147.116, 0.477921
-93.5189, 166.321, 0.372472
-93.4702, 166.321, 0.372845
-87.4017, 153.117, 0.440924
-148.83, 396.735, 0.0973016
-148.824, 396.735, 0.0973989
-128.049, 254.791, 0.238395
-7140.44, 43.127, 8.59027
-7134.9, 43.127, 8.59886
-127.761, 254.069, 0.239765
-127.447, 253.09, 0.241154
-127.406, 253.09, 0.241395
-1433.58, 104.579, 1.4393
-97.5679, 202.234, 0.379309
-97.5128, 202.234, 0.379688
-109.902, 161.907, 0.595512
-88.0692, 183.713, 0.460486
-88.0562, 183.713, 0.460947
-87.7864, 180.781, 0.476656
-151.522, 396.735, 0.0280947
-151.521, 396.735, 0.0281228
-149.478, 254.408, 0.0687824
-5565.49, 42.804, 2.4711
-5571.31, 42.804, 2.47357
-142.56, 190.873, 0.122566
-125.28, 150.536, 0.197151
-125.237, 150.536, 0.197348
-258.43, 80.352, 0.697983
-95.8027, 121.109, 0.305299
-95.7484, 121.109, 0.305605
-86.9856, 106.436, 0.396612
-149.711, 396.735, 0.0812012
-149.707, 396.735, 0.0812825
-134.469, 254.709, 0.198916
-7945.86, 43.0574, 7.16312
-7942.31, 43.0574, 7.17028
-134.276, 254.079, 0.199912
-134.065, 253.193, 0.20092
-134.033, 253.193, 0.201121
-914.257, 104.516, 1.19967
-104.066, 196.715, 0.334306
-104.007, 196.715, 0.334641
-108.373, 150.712, 0.573313
-88.0958, 171.431, 0.441233
-88.079, 171.431, 0.441674
-87.6302, 167.517, 0.463212
-151.757, 819.651, 0.00987324
-151.757, 819.651, 0.00988312
-151.632, 524.298, 0.024142
-430.717, 87.3384, 0.863033
-431.958, 87.3384, 0.863897
-149.485, 298.51, 0.0743339
-96.3627, 142.106, 0.326533
-96.3081, 142.106, 0.326859
-93.1563, 119.151, 0.465124
-150.989, 819.651, 0.0714676
-150.988, 819.651, 0.0715391
-144.759, 525.448, 0.174943
-11518.1, 88.3005, 6.28134
-11522.7, 88.3005, 6.28763
-144.678, 524.182, 0.175793
-144.588, 522.387, 0.176654
-144.574, 522.387, 0.17683
-312.876, 214.987, 1.05339
-125.152, 391.623, 0.315126
-125.108, 391.623, 0.315441
-89.48, 295.669, 0.555351
-89.0381, 282.903, 0.605623
-89.0567, 282.903, 0.606229
-150.409, 820.471, 0.0945277
-139.863, 525.059, 0.231422
-139.841, 525.059, 0.231653
-12393, 88.5033, 8.31347
-139.746, 523.956, 0.232402
-139.723, 523.956, 0.232634
-139.638, 523.371, 0.233393
-677.335, 215.006, 1.39295
-679.305, 215.006, 1.39434
-114.427, 402.393, 0.395903
-95.1444, 302.475, 0.701331
-95.2353, 302.475, 0.702032
-98.7813, 360.875, 0.492796
-88.8889, 322.944, 0.614825
-88.8878, 322.944, 0.61544
-150.807, 820.471, 0.079448
-143.182, 524.972, 0.194488
-143.166, 524.972, 0.194682
-11969, 88.43, 6.98436
-143.093, 523.831, 0.195339
-143.076, 523.831, 0.195535
-143.01, 523.208, 0.196201
-412.879, 214.883, 1.17062
-414.014, 214.883, 1.17179
-121.549, 396.435, 0.342644
-88.8827, 297.387, 0.609321
-88.8936, 297.387, 0.609931
-90.3937, 312.654, 0.552114
-88.8827, 297.387, 0.609321
-88.8936, 297.387, 0.609931
-151.738, 820.471, 0.0149634
-151.45, 524.13, 0.0366008
-151.45, 524.13, 0.0366374
-1323.87, 87.723, 1.31019
-147.205, 306.251, 0.107229
-147.196, 306.251, 0.107336
-87.3939, 151.992, 0.436334
-87.4788, 149.849, 0.448008
-87.4893, 149.849, 0.448457
-87.3939, 151.992, 0.436334
-150.369, 819.651, 0.0959011
-150.366, 819.651, 0.095997
-139.551, 525.592, 0.234785
-12401.6, 88.4213, 8.43456
-12402.3, 88.4213, 8.443
-139.435, 524.525, 0.235746
-139.306, 522.931, 0.236718
-139.283, 522.931, 0.236954
-705.173, 215.246, 1.41301
-113.776, 402.508, 0.400642
-113.721, 402.508, 0.401043
-96.0382, 303.345, 0.708903
-98.8573, 362.878, 0.493461
-98.802, 362.878, 0.493955
-88.9006, 325.158, 0.616533
-151.315, 819.651, 0.0545567
-151.314, 819.651, 0.0546113
-147.612, 525.333, 0.133533
-9869.96, 88.2038, 4.79242
-9877.07, 88.2038, 4.79721
-147.498, 522.431, 0.135027
-147.328, 517.865, 0.137152
-147.32, 517.865, 0.137289
-172.097, 213.937, 0.810733
-125.757, 353.322, 0.295506
-125.713, 353.322, 0.295802
-89.0021, 263.366, 0.534121
-88.7057, 254.27, 0.572023
-88.7202, 254.27, 0.572596
-150.548, 820.471, 0.0895673
-141.003, 525.031, 0.219272
-140.983, 525.031, 0.219491
-12305.6, 88.4797, 7.87617
-140.892, 523.888, 0.220235
-140.872, 523.888, 0.220455
-140.79, 523.262, 0.221209
-579.656, 214.955, 1.31995
-581.333, 214.955, 1.32127
-116.744, 400.572, 0.378482
-92.1786, 300.592, 0.672717
-92.2414, 300.592, 0.67339
-97.7981, 350.623, 0.494662
-88.8517, 315.857, 0.608964
-88.8508, 315.857, 0.609573
-151.367, 820.471, 0.0513741
-148.068, 524.784, 0.125741
-148.061, 524.784, 0.125866
-9427.01, 88.2714, 4.51232
-147.866, 519.105, 0.128517
-147.859, 519.105, 0.128646
-147.519, 510.543, 0.133147
-153.608, 212.076, 0.775115
-154.019, 212.076, 0.775891
-118.402, 324.46, 0.330775
-88.5975, 254.203, 0.538774
-88.5881, 254.203, 0.539313
-88.4704, 250.537, 0.555828
-151.509, 819.651, 0.0413334
-151.509, 819.651, 0.0413748
-149.357, 525.22, 0.101157
-7709.03, 88.1086, 3.62889
-7717.23, 88.1086, 3.63252
-140.168, 379.304, 0.194364
-111.074, 281.481, 0.352905
-111.016, 281.481, 0.353258
-105.946, 271.919, 0.379006
-599.717, 154.708, 1.17276
-601.548, 154.708, 1.17394
-88.8569, 235.474, 0.505872
-88.3003, 229.016, 0.533827
-88.3053, 229.016, 0.534361
-150.767, 820.471, 0.0810892
-142.843, 524.982, 0.198507
-142.826, 524.982, 0.198706
-12038.7, 88.4382, 7.12897
-142.744, 523.762, 0.199437
-142.726, 523.762, 0.199637
-142.651, 523.059, 0.200378
-437.312, 214.863, 1.1952
-438.53, 214.863, 1.19639
-120.746, 397.085, 0.348598
-89.1342, 297.805, 0.620219
-89.1531, 297.805, 0.62084
-92.1965, 321.654, 0.532337
-89.1342, 297.805, 0.620219
-89.1531, 297.805, 0.62084
-151.133, 820.471, 0.0645955
-145.993, 524.879, 0.158115
-145.982, 524.879, 0.158273
-10975.3, 88.3515, 5.67615
-145.895, 523.056, 0.159223
-145.884, 523.056, 0.159382
-145.801, 521.745, 0.16035
-248.794, 214.487, 0.954028
-249.33, 214.487, 0.954982
-127.882, 386.166, 0.293453
-92.351, 293.87, 0.506875
-92.3095, 293.87, 0.507383
-89.7687, 285.433, 0.538499
-88.6194, 275.979, 0.575029
-88.6203, 275.979, 0.575604
-150.329, 820.471, 0.0973016
-139.206, 525.075, 0.238216
-139.183, 525.075, 0.238454
-12420, 88.5164, 8.55805
-139.08, 523.939, 0.239255
-139.056, 523.939, 0.239494
-138.963, 523.321, 0.240306
-737.023, 215.012, 1.43407
-739.166, 215.012, 1.4355
-113.129, 403.308, 0.405711
-97.1295, 303.582, 0.716745
-97.2367, 303.582, 0.717462
-98.9243, 365.467, 0.49459
-88.9076, 326.726, 0.618321
-88.9066, 326.726, 0.618939
-151.651, 820.471, 0.0280947
-150.645, 524.522, 0.068746
-150.643, 524.522, 0.0688148
-4661.48, 88.052, 2.46457
-141.121, 330.554, 0.173467
-141.101, 330.554, 0.173641
-90.1558, 188.712, 0.534679
-129.317, 280.091, 0.241787
-129.278, 280.091, 0.242029
-88.43, 200.535, 0.473362
-150.763, 819.651, 0.0812012
-150.761, 819.651, 0.0812825
-142.828, 525.508, 0.198781
-12040.3, 88.3503, 7.13884
-12043.8, 88.3503, 7.14599
-142.729, 524.293, 0.199708
-142.62, 522.549, 0.200646
-142.602, 522.549, 0.200847
-438.551, 215.081, 1.19682
-120.671, 396.744, 0.348982
-120.622, 396.744, 0.349331
-89.148, 298.139, 0.620929
-92.2904, 321.871, 0.531285
-92.2498, 321.871, 0.531817
-89.148, 298.139, 0.620929
-151.623, 81.5537, 0.00987324
-151.623, 81.5537, 0.00988312
-150.42, 52.5091, 0.0242205
-1354.76, 8.97895, 0.877157
-1356.51, 8.97895, 0.878035
-144.477, 37.0994, 0.0490891
-120.54, 26.527, 0.0969061
-120.492, 26.527, 0.097003
-112.594, 24.2982, 0.116076
-134.7, 14.7633, 0.319088
-135.002, 14.7633, 0.319407
-86.1082, 19.3084, 0.185246
-82.1474, 17.7173, 0.220201
-82.1576, 17.7173, 0.220422
-144.501, 81.6353, 0.0714676
-105.022, 52.7744, 0.175838
-104.962, 52.7744, 0.176014
-384.081, 9.26354, 6.44351
-100.67, 51.2795, 0.186607
-100.61, 51.2795, 0.186794
-96.4718, 49.9013, 0.197834
-2116.63, 21.4788, 1.12904
-2120.14, 21.4788, 1.13017
-90.2636, 46.106, 0.233005
-84.8986, 41.5673, 0.288114
-84.9058, 41.5673, 0.288403
-139.526, 81.6353, 0.0945277
-91.3177, 52.8826, 0.232804
-91.287, 52.8826, 0.233037
-146.923, 9.35888, 8.56477
-89.2409, 51.3428, 0.247567
-89.2107, 51.3428, 0.247814
-87.2323, 49.8796, 0.263464
-3180.31, 21.5844, 1.50217
-3184.18, 21.5844, 1.50367
-86.7923, 49.5142, 0.267526
-85.3176, 47.7544, 0.287847
-85.3098, 47.7544, 0.288135
-142.897, 81.6353, 0.079448
-98.7026, 52.8127, 0.195541
-98.6435, 52.8127, 0.195737
-273.732, 9.29718, 7.17557
-94.2523, 50.9007, 0.211074
-94.2212, 50.9007, 0.211285
-93.3659, 50.294, 0.216834
-2473.44, 21.6023, 1.24736
-2477.15, 21.6023, 1.24861
-91.5808, 49.1007, 0.2279
-89.1635, 47.5633, 0.242931
-89.131, 47.5633, 0.243174
-312.918, 32.0863, 0.550475
-85.2262, 44.5196, 0.278621
-85.2158, 44.5196, 0.2789
-151.432, 81.6353, 0.0149634
-148.721, 52.485, 0.0367171
-148.716, 52.485, 0.0367538
-2011.58, 9.01226, 1.33114
-148.644, 52.2175, 0.0371012
-148.638, 52.2175, 0.0371383
-148.567, 51.9986, 0.0374962
-82.982, 21.6261, 0.223412
-82.9754, 21.6261, 0.223635
-82.9615, 21.6173, 0.224053
-82.9069, 21.5258, 0.225537
-82.9033, 21.5258, 0.225763
-555.442, 13.9352, 0.547925
-82.8618, 21.4099, 0.22803
-82.862, 21.4099, 0.228258
-82.8612, 21.3947, 0.228826
-139.188, 81.5537, 0.0959011
-139.165, 81.5537, 0.095997
-90.8785, 52.9417, 0.2362
-138.524, 9.355, 8.69165
-137.986, 9.355, 8.70035
-88.6936, 51.3096, 0.252106
-86.7162, 49.7051, 0.268781
-86.6932, 49.7051, 0.26905
-3246.95, 21.5852, 1.52845
-86.383, 49.4, 0.272247
-86.3622, 49.4, 0.27252
-147.433, 81.6353, 0.0545567
-119.954, 52.6909, 0.134127
-119.905, 52.6909, 0.134262
-786.058, 9.19043, 4.89998
-118.092, 51.9237, 0.13824
-118.041, 51.9237, 0.138379
-116.136, 51.199, 0.142593
-1197.18, 21.6703, 0.835885
-1199.73, 21.6703, 0.836721
-92.6737, 42.1415, 0.21292
-86.0043, 35.962, 0.294537
-86.0381, 35.962, 0.294832
-85.4494, 38.6318, 0.254676
-140.671, 81.5537, 0.0895673
-140.651, 81.5537, 0.089657
-92.9715, 52.9129, 0.220542
-178.77, 9.32955, 8.10699
-178.097, 9.32955, 8.1151
-91.3871, 51.6952, 0.231475
-89.5446, 50.3568, 0.243936
-89.5132, 50.3568, 0.24418
-2925.98, 21.6967, 1.40627
-88.6919, 49.7691, 0.24996
-88.6617, 49.7691, 0.25021
-85.131, 46.273, 0.291412
-147.906, 81.5537, 0.0513741
-147.898, 81.5537, 0.0514255
-122.846, 52.7275, 0.126284
-894.214, 9.16727, 4.61072
-892.281, 9.16727, 4.61534
-121.342, 52.0629, 0.129624
-119.719, 51.3378, 0.133144
-119.67, 51.3378, 0.133278
-1038.69, 21.7157, 0.783512
-94.116, 41.6513, 0.204722
-94.0758, 41.6513, 0.204927
-84.5318, 36.8764, 0.263549
-84.3818, 36.3395, 0.271065
-84.3848, 36.3395, 0.271336
-149.242, 81.6353, 0.0413334
-131.596, 52.6236, 0.101555
-131.561, 52.6236, 0.101657
-1335.01, 9.13192, 3.70082
-130.896, 52.2097, 0.103214
-130.86, 52.2097, 0.103317
-130.177, 51.8417, 0.104938
-598.637, 21.7363, 0.623182
-600.16, 21.7363, 0.623805
-99.6053, 40.2125, 0.176723
-92.1894, 37.1979, 0.20694
-92.1461, 37.1979, 0.207147
-85.586, 31.9237, 0.283786
-84.6214, 34.044, 0.248196
-84.6044, 34.044, 0.248445
-142.551, 81.6353, 0.0810892
-97.4993, 52.8205, 0.199594
-97.4408, 52.8205, 0.199794
-255.433, 9.30402, 7.3264
-93.4922, 50.8222, 0.216212
-93.4603, 50.8222, 0.216429
-91.045, 49.2078, 0.231662
-2637.26, 21.3756, 1.30278
-2641.04, 21.3756, 1.30409
-89.7407, 48.3869, 0.239885
-88.1897, 47.3658, 0.250215
-88.1593, 47.3658, 0.250465
-348.918, 31.8512, 0.570943
-85.0566, 44.4926, 0.284885
-85.0524, 44.4926, 0.28517
-145.772, 81.6353, 0.0645955
-110.934, 52.7408, 0.158881
-110.877, 52.7408, 0.15904
-514.644, 9.2341, 5.81495
-107.665, 51.5761, 0.166379
-107.606, 51.5761, 0.166545
-104.302, 50.4731, 0.174333
-1733.33, 21.5672, 1.00685
-1736.5, 21.5672, 1.00785
-90.5059, 44.2629, 0.228621
-92.2185, 36.9704, 0.330873
-92.3026, 36.9704, 0.331204
-84.7969, 40.4959, 0.274713
-138.851, 81.5537, 0.0973016
-138.827, 81.5537, 0.0973989
-90.4347, 52.948, 0.239663
-131.114, 9.36056, 8.8211
-130.604, 9.36056, 8.82992
-88.1518, 51.2223, 0.25678
-85.334, 47.1551, 0.304415
-85.3446, 47.1551, 0.30472
-150.587, 81.6353, 0.0280947
-141.662, 52.5548, 0.0689837
-141.644, 52.5548, 0.0690527
-2029.02, 9.0724, 2.50746
-141.451, 52.3219, 0.069613
-141.432, 52.3219, 0.0696826
-141.242, 52.1385, 0.070258
-205.283, 21.7273, 0.419725
-205.847, 21.7273, 0.420145
-106.036, 36.4602, 0.145969
-83.7459, 27.8591, 0.252498
-83.7538, 27.8591, 0.252751
-84.9144, 29.4399, 0.226018
-83.7459, 27.8591, 0.252498
-83.7538, 27.8591, 0.252751
-142.527, 81.6353, 0.0812012
-97.4185, 52.821, 0.199871
-97.3601, 52.821, 0.200071
-254.232, 9.30449, 7.3367
-93.44, 50.8168, 0.216565
-93.4081, 50.8168, 0.216782
-90.9654, 49.1872, 0.23219
-2644.25, 21.3716, 1.30519
-2648.03, 21.3716, 1.30649
-89.6854, 48.3814, 0.240281
-88.1711, 47.3815, 0.250396
-88.1408, 47.3815, 0.250646
-350.164, 31.8535, 0.571675
-85.0555, 44.5095, 0.285064
-85.0514, 44.5095, 0.285349
-151.713, 207.128, 0.00987324
-151.223, 132.626, 0.0241783
-151.222, 132.626, 0.0242025
-1282.54, 22.4058, 0.869545
-144.952, 79.2879, 0.068123
-144.939, 79.2879, 0.0681912
-85.9065, 41.0529, 0.256901
-84.8112, 38.9476, 0.285054
-84.8234, 38.9476, 0.28534
-148.754, 207.128, 0.0714676
-127.718, 132.976, 0.175243
-127.678, 132.976, 0.175419
-3904.7, 22.7027, 6.33535
-127.301, 132.435, 0.176698
-127.26, 132.435, 0.176874
-126.893, 132.023, 0.17818
-1162.49, 54.6927, 1.06246
-1165.4, 54.6927, 1.06353
-95.4776, 104.543, 0.286055
-98.3803, 82.8799, 0.457229
-98.4928, 82.8799, 0.457686
-86.0826, 93.2533, 0.360683
-146.569, 206.921, 0.0945277
-146.559, 206.921, 0.0946223
-114.313, 133.223, 0.231887
-2621.09, 22.778, 8.39736
-2616.58, 22.778, 8.40576
-113.427, 132.376, 0.234914
-112.497, 131.397, 0.238002
-112.44, 131.397, 0.23824
-2194.3, 54.7628, 1.41371
-88.4408, 109.864, 0.342482
-88.4088, 109.864, 0.342825
-86.6718, 103.537, 0.387174
-148.057, 206.921, 0.079448
-148.05, 206.921, 0.0795275
-123.144, 133.149, 0.194841
-3418.82, 22.7143, 7.04802
-3414.14, 22.7143, 7.05507
-122.582, 132.511, 0.196748
-121.983, 131.739, 0.198694
-121.936, 131.739, 0.198893
-1495.33, 54.7571, 1.18339
-92.4444, 106.493, 0.306028
-92.3957, 106.493, 0.306334
-96.662, 87.4751, 0.457188
-86.2133, 97.3436, 0.367253
-86.2183, 97.3436, 0.36762
-151.636, 207.128, 0.0149634
-150.522, 132.67, 0.0366494
-150.519, 132.67, 0.0366861
-2674.2, 22.4427, 1.31891
-141.779, 86.3871, 0.0870122
-141.76, 86.3871, 0.0870992
-90.9792, 52.7838, 0.235313
-89.5109, 51.6133, 0.245697
-89.4804, 51.6133, 0.245942
-88.2763, 50.7278, 0.25493
-346.869, 33.7075, 0.579853
-347.837, 33.7075, 0.580434
-85.3089, 47.7394, 0.288115
-85.1708, 47.0596, 0.295967
-85.1722, 47.0596, 0.296263
-146.427, 207.128, 0.0959011
-113.49, 133.097, 0.235262
-113.434, 133.097, 0.235497
-2562.21, 22.8066, 8.52042
-112.575, 132.234, 0.238396
-112.519, 132.234, 0.238634
-111.672, 131.502, 0.241593
-2261.89, 54.7093, 1.43474
-2266.43, 54.7093, 1.43617
-88.1881, 110.232, 0.34587
-86.6198, 104.274, 0.38646
-86.6339, 104.274, 0.386847
-149.996, 207.128, 0.0545567
-136.777, 132.889, 0.133734
-136.749, 132.889, 0.133868
-4919.9, 22.6292, 4.82853
-136.571, 132.491, 0.13455
-136.544, 132.491, 0.134685
-136.375, 132.222, 0.135379
-567.642, 54.6451, 0.808505
-569.262, 54.6451, 0.809314
-106.242, 100.958, 0.233763
-90.2725, 76.8461, 0.40539
-90.3302, 76.8461, 0.405795
-87.6132, 87.494, 0.312351
-85.8505, 82.8502, 0.348112
-85.8556, 82.8502, 0.34846
-147.088, 207.128, 0.0895673
-117.187, 133.066, 0.219699
-117.134, 133.066, 0.219918
-2871.15, 22.78, 7.95312
-116.412, 132.292, 0.222318
-116.358, 132.292, 0.22254
-115.646, 131.648, 0.224992
-1960.72, 54.7078, 1.33768
-1964.77, 54.7078, 1.33902
-89.9225, 109.356, 0.328031
-87.2539, 99.9513, 0.393011
-87.2844, 99.9513, 0.393404
-86.4605, 103.797, 0.364724
-150.193, 206.921, 0.0513741
-150.19, 206.921, 0.0514255
-138.338, 133.006, 0.125925
-5073.32, 22.5926, 4.54546
-5070.91, 22.5926, 4.55001
-138.16, 132.624, 0.12666
-137.966, 132.107, 0.127406
-137.941, 132.107, 0.127533
-477.387, 54.6866, 0.760999
-108.745, 100.154, 0.223154
-108.687, 100.154, 0.223378
-88.3232, 76.2285, 0.388542
-87.0019, 84.6672, 0.313521
-86.9752, 84.6672, 0.313834
-85.8022, 81.0016, 0.343598
-150.745, 206.921, 0.0413334
-150.743, 206.921, 0.0413748
-142.795, 132.953, 0.101294
-5386.77, 22.5481, 3.65352
-5386.26, 22.5481, 3.65717
-142.685, 132.609, 0.101827
-142.564, 132.13, 0.102367
-142.546, 132.13, 0.102469
-257.762, 54.6373, 0.611555
-114.627, 95.6409, 0.196761
-114.573, 95.6409, 0.196958
-86.2628, 71.5106, 0.354913
-86.0194, 75.9676, 0.31344
-86.0117, 75.9676, 0.313754
-147.91, 207.128, 0.0810892
-122.163, 133.024, 0.198872
-122.116, 133.024, 0.199071
-3330.39, 22.744, 7.19471
-121.565, 132.362, 0.200895
-121.517, 132.362, 0.201096
-120.976, 131.829, 0.202959
-1569.25, 54.7022, 1.2084
-1572.81, 54.7022, 1.20961
-91.6978, 106.792, 0.311278
-88.4179, 93.6021, 0.405998
-88.4516, 93.6021, 0.406404
-86.227, 98.4919, 0.36686
-149.294, 206.921, 0.0645955
-149.289, 206.921, 0.0646601
-131.558, 133.074, 0.158372
-4325.11, 22.6504, 5.72247
-4321.11, 22.6504, 5.72819
-131.237, 132.594, 0.159535
-130.892, 131.979, 0.16072
-130.856, 131.979, 0.16088
-895.599, 54.7299, 0.959016
-99.9536, 103.494, 0.263086
-99.8952, 103.494, 0.263349
-92.8084, 81.456, 0.42832
-87.0629, 92.7392, 0.328616
-87.0384, 92.7392, 0.328944
-86.0352, 88.9101, 0.358663
-146.27, 206.921, 0.0973016
-146.26, 206.921, 0.0973989
-112.707, 133.237, 0.238703
-2492.51, 22.7896, 8.64593
-2488.02, 22.7896, 8.65458
-111.764, 132.355, 0.24195
-110.78, 131.342, 0.245259
-110.722, 131.342, 0.245505
-2328.65, 54.7653, 1.45619
-87.945, 110.419, 0.349068
-87.9169, 110.419, 0.349417
-86.5821, 105.197, 0.386002
-151.295, 206.921, 0.0280947
-151.294, 206.921, 0.0281228
-147.48, 132.882, 0.0688321
-4942.57, 22.4876, 2.48003
-4945.07, 22.4876, 2.48251
-147.406, 132.417, 0.0693205
-147.326, 131.817, 0.0698179
-147.318, 131.817, 0.0698878
-106.368, 54.4995, 0.416114
-146.315, 126.346, 0.0760559
-146.304, 126.346, 0.076132
-90.4443, 69.0195, 0.258301
-85.6403, 61.9343, 0.320785
-85.6406, 61.9343, 0.321106
-147.9, 207.128, 0.0812012
-122.098, 133.024, 0.199147
-122.05, 133.024, 0.199346
-3324.05, 22.7445, 7.20472
-121.498, 132.363, 0.201174
-121.45, 132.363, 0.201375
-120.908, 131.829, 0.203243
-1574.2, 54.7028, 1.21009
-1577.76, 54.7028, 1.2113
-91.6502, 106.808, 0.311618
-88.3808, 93.7114, 0.405604
-88.4142, 93.7114, 0.40601
-86.2289, 98.5393, 0.367015
-151.75, 562.925, 0.00987324
-151.75, 562.925, 0.00988312
-151.568, 360.376, 0.0241519
-623.627, 60.2287, 0.8648
-625.375, 60.2287, 0.865666
-148.615, 207.158, 0.0731387
-89.9912, 100.042, 0.313253
-89.9497, 100.042, 0.313566
-92.6237, 85.2212, 0.432629
-89.9912, 100.042, 0.313253
-89.9497, 100.042, 0.313566
-150.638, 563.489, 0.0714676
-141.784, 360.714, 0.174993
-141.766, 360.714, 0.175168
-10222.9, 60.8757, 6.29016
-141.685, 359.954, 0.175737
-141.666, 359.954, 0.175912
-141.593, 359.55, 0.176489
-456.822, 147.797, 1.05363
-458.231, 147.797, 1.05469
-117.01, 271.215, 0.311234
-92.1993, 200.951, 0.567848
-92.2694, 200.951, 0.568416
-98.3434, 237.953, 0.404966
-88.1236, 212.337, 0.508244
-88.1226, 212.337, 0.508752
-149.8, 563.489, 0.0945277
-135.056, 360.837, 0.231496
-135.026, 360.837, 0.231728
-10046.5, 60.98, 8.32685
-134.881, 360.004, 0.232576
-134.851, 360.004, 0.232809
-134.719, 359.526, 0.23367
-974.605, 147.919, 1.3949
-977.101, 147.919, 1.39629
-107.029, 282.704, 0.379194
-97.0344, 220.606, 0.623624
-97.1445, 220.606, 0.624248
-94.7348, 259.086, 0.452031
-88.3434, 237.609, 0.53701
-88.3441, 237.609, 0.537547
-150.373, 563.489, 0.079448
-139.603, 360.757, 0.194545
-139.58, 360.757, 0.194739
-10285.9, 60.9124, 6.99464
-139.482, 359.991, 0.195379
-139.459, 359.991, 0.195574
-139.371, 359.581, 0.196222
-632.494, 147.849, 1.17154
-634.423, 147.849, 1.17271
-112.946, 274.694, 0.337392
-97.5584, 204.943, 0.607177
-97.6733, 204.943, 0.607784
-98.847, 249.192, 0.410491
-88.2095, 221.686, 0.518407
-88.2086, 221.686, 0.518926
-151.722, 563.489, 0.0149634
-151.305, 360.213, 0.0366133
-151.304, 360.213, 0.03665
-1760.77, 60.4542, 1.31244
-145.697, 213.841, 0.104122
-145.685, 213.841, 0.104226
-87.1189, 109.106, 0.401924
-133.67, 168.95, 0.166973
-133.638, 168.95, 0.16714
-86.8416, 113.183, 0.373433
-149.741, 562.925, 0.0959011
-149.737, 562.925, 0.095997
-134.633, 361.205, 0.234862
-10000.6, 60.9251, 8.44825
-9997.55, 60.9251, 8.4567
-134.459, 360.391, 0.235932
-134.266, 359.214, 0.237014
-134.235, 359.214, 0.237251
-1010.1, 148.084, 1.41505
-106.215, 282.547, 0.384389
-106.157, 282.547, 0.384773
-98.7062, 220.797, 0.632925
-94.7761, 260.467, 0.452841
-94.7265, 260.467, 0.453294
-88.3561, 239.196, 0.538693
-151.108, 562.925, 0.0545567
-151.107, 562.925, 0.0546113
-145.805, 360.978, 0.133568
-9436.06, 60.7332, 4.79856
-9440.23, 60.7332, 4.80336
-145.728, 360.019, 0.134284
-145.643, 358.696, 0.13501
-145.632, 358.696, 0.135145
-208.6, 147.744, 0.804893
-123.059, 255.229, 0.267621
-123.013, 255.229, 0.267888
-87.906, 190.585, 0.482409
-87.8906, 189.44, 0.487304
-87.893, 189.44, 0.487792
-149.999, 563.489, 0.0895673
-136.607, 360.811, 0.21934
-136.58, 360.811, 0.21956
-10168, 60.958, 7.88848
-136.452, 360.005, 0.220331
-136.424, 360.005, 0.220551
-136.308, 359.554, 0.221332
-849.729, 147.898, 1.32135
-851.86, 147.898, 1.32268
-110.137, 282.617, 0.359418
-91.6402, 221.438, 0.586216
-91.7028, 221.438, 0.586802
-93.5563, 251.083, 0.456098
-88.3014, 232.504, 0.531387
-88.3018, 232.504, 0.531919
-151.184, 563.489, 0.0513741
-146.453, 360.597, 0.125772
-146.443, 360.597, 0.125898
-9160.58, 60.7777, 4.51803
-146.372, 359.473, 0.126564
-146.362, 359.473, 0.126691
-146.294, 358.701, 0.127369
-180.454, 147.504, 0.758587
-180.879, 147.504, 0.759346
-122.139, 247.396, 0.268779
-87.9781, 187.198, 0.469838
-87.969, 187.198, 0.470308
-87.8656, 184.349, 0.485524
-151.39, 562.925, 0.0413334
-151.389, 562.925, 0.0413748
-148.29, 360.892, 0.101182
-7920.03, 60.6617, 3.63337
-7926.15, 60.6617, 3.637
-148.16, 358.196, 0.102718
-147.949, 353.779, 0.1051
-147.942, 353.779, 0.105205
-123.277, 146.642, 0.617953
-147.041, 338.623, 0.114765
-147.032, 338.623, 0.11488
-96.2188, 187.976, 0.375204
-88.8509, 175.221, 0.431231
-88.825, 175.221, 0.431663
-87.6447, 169.079, 0.464218
-150.314, 562.925, 0.0810892
-150.311, 562.925, 0.0811703
-139.145, 361.127, 0.198566
-10274.5, 60.859, 7.13957
-10274.1, 60.859, 7.14671
-139.016, 360.334, 0.199447
-138.873, 359.177, 0.200338
-138.849, 359.177, 0.200539
-667.56, 147.996, 1.19596
-116.304, 283.597, 0.32233
-116.25, 283.597, 0.322652
-88.4967, 226.805, 0.506437
-88.2542, 221.962, 0.527862
-88.2604, 221.962, 0.52839
-150.844, 563.489, 0.0645955
-143.521, 360.675, 0.158157
-143.505, 360.675, 0.158316
-10028.4, 60.8433, 5.68381
-143.43, 359.843, 0.158894
-143.414, 359.843, 0.159053
-143.345, 359.365, 0.15964
-335.908, 147.72, 0.952557
-336.92, 147.72, 0.95351
-120.253, 267.079, 0.290009
-89.2286, 197.295, 0.532228
-89.264, 197.295, 0.53276
-95.1895, 223.167, 0.416227
-88.0349, 203.515, 0.500013
-88.0349, 203.515, 0.500513
-149.684, 563.489, 0.0973016
-134.167, 360.852, 0.238294
-134.136, 360.852, 0.238532
-9964.55, 60.9922, 8.57205
-133.982, 360.008, 0.23942
-133.951, 360.008, 0.239659
-133.81, 359.52, 0.240559
-1049.91, 147.933, 1.436
-1052.62, 147.933, 1.43743
-105.433, 282.917, 0.389791
-100.648, 220.574, 0.642252
-100.785, 220.574, 0.642895
-94.7898, 262.226, 0.454222
-88.3659, 240.304, 0.540459
-88.3671, 240.304, 0.541
-151.595, 563.489, 0.0280947
-150.141, 360.423, 0.0687639
-150.138, 360.423, 0.0688327
-5288.54, 60.6305, 2.46777
-139.743, 238.376, 0.157692
-139.72, 238.376, 0.15785
-88.6206, 149.976, 0.400571
-87.8151, 147.798, 0.411686
-87.7972, 147.798, 0.412098
-87.2714, 144.956, 0.428907
-665.341, 93.6547, 1.02881
-667.263, 93.6547, 1.02984
-89.8425, 138.421, 0.470524
-87.2684, 144.811, 0.428907
-87.2674, 144.811, 0.429336
-150.311, 563.489, 0.0812012
-139.101, 360.767, 0.19884
-139.078, 360.767, 0.199039
-10279.8, 60.9204, 7.14946
-138.972, 359.976, 0.19972
-138.948, 359.976, 0.19992
-199.156, 0.0640648, 0.00206069
-155.912, 0.131783, 0.00103192
-155.919, 0.131783, 0.00103295
-460.633, 0.0640648, 0.00637238
-178.613, 0.132724, 0.00321509
-178.657, 0.132724, 0.00321831
-656.684, 0.0640648, 0.008887
-198.943, 0.133373, 0.00450737
-199.023, 0.133373, 0.00451188
-678.25, 0.0640648, 0.00915747
-201.415, 0.133453, 0.00464757
-201.5, 0.133453, 0.00465222
-224.641, 0.0640648, 0.00265123
-157.879, 0.13186, 0.00132845
-157.89, 0.13186, 0.00132978
-165.2, 0.0640648, 0.000983117
-153.091, 0.131525, 0.000491304
-153.093, 0.131525, 0.000491796
-255.395, 0.0640648, 0.00326156
-160.473, 0.131981, 0.00163584
-160.487, 0.131981, 0.00163747
-615.864, 0.0640648, 0.00837388
-194.451, 0.133232, 0.00424229
-194.525, 0.133232, 0.00424653
-158.671, 0.0640648, 0.000662728
-152.4, 0.131543, 0.00033124
-152.401, 0.131543, 0.000331572
-651.35, 0.0640648, 0.00881997
-198.342, 0.133332, 0.00447187
-198.421, 0.133332, 0.00447635
-676.328, 0.0640648, 0.00913327
-201.191, 0.133438, 0.00463471
-201.276, 0.133438, 0.00463935
-718.508, 0.0640648, 0.00966196
-206.147, 0.133593, 0.00490918
-206.238, 0.133593, 0.00491409
-663.369, 0.0640648, 0.00897153
-199.709, 0.133337, 0.0045489
-199.79, 0.133337, 0.00455345
-341.536, 0.0640648, 0.00469136
-167.695, 0.132291, 0.00235877
-167.722, 0.132291, 0.00236113
-189.559, 0.0640648, 0.00180544
-155.039, 0.131752, 0.00090388
-155.045, 0.131752, 0.000904784
-181.18, 0.0834917, 0.00206069
-154.255, 0.17249, 0.00103663
-154.26, 0.17249, 0.00103766
-348.928, 0.0834917, 0.00637238
-168.014, 0.173518, 0.003226
-168.042, 0.173518, 0.00322923
-483.638, 0.0834917, 0.008887
-180.285, 0.174341, 0.00452215
-180.333, 0.174341, 0.00452668
-498.938, 0.0834917, 0.00915747
-181.781, 0.174407, 0.00466172
-181.832, 0.174407, 0.00466638
-197.026, 0.0834917, 0.00265123
-155.625, 0.17249, 0.0013337
-155.632, 0.17249, 0.00133503
-160.248, 0.0834917, 0.000983117
-152.537, 0.172074, 0.000493297
-152.538, 0.172074, 0.000493791
-216.198, 0.0834917, 0.00326156
-157.062, 0.172664, 0.00164247
-157.071, 0.172664, 0.00164412
-454.915, 0.0834917, 0.00837388
-177.591, 0.174119, 0.00425515
-177.633, 0.174119, 0.00425941
-156.256, 0.0834917, 0.000662728
-152.133, 0.171992, 0.00033237
-152.133, 0.171992, 0.000332703
-479.865, 0.0834917, 0.00881997
-179.922, 0.174297, 0.0044868
-179.97, 0.174297, 0.00449129
-497.561, 0.0834917, 0.00913327
-181.645, 0.174391, 0.00464892
-181.696, 0.174391, 0.00465357
-527.706, 0.0834917, 0.00966196
-184.669, 0.174636, 0.00492559
-184.723, 0.174636, 0.00493052
-488.382, 0.0834917, 0.00897153
-180.747, 0.174398, 0.00456678
-180.796, 0.174398, 0.00457135
-270.89, 0.0834917, 0.00469136
-161.464, 0.173055, 0.0023682
-161.48, 0.173055, 0.00237057
-175.211, 0.0834917, 0.00180544
-153.79, 0.172386, 0.000907647
-153.793, 0.172386, 0.000908555
-222.945, 0.050986, 0.00206069
-157.831, 0.10458, 0.00102885
-157.841, 0.10458, 0.00102988
-596.689, 0.050986, 0.00637238
-192.686, 0.105379, 0.00320703
-192.756, 0.105379, 0.00321023
-855.223, 0.050986, 0.008887
-223.832, 0.105973, 0.00449949
-223.954, 0.105973, 0.004504
-882.639, 0.050986, 0.00915747
-227.6, 0.106063, 0.00464069
-227.729, 0.106063, 0.00464533
-261.065, 0.050986, 0.00265123
-161.052, 0.104671, 0.0013249
-161.067, 0.104671, 0.00132622
-171.824, 0.050986, 0.000983117
-153.632, 0.104396, 0.000489957
-153.634, 0.104396, 0.000490447
-306.506, 0.050986, 0.00326156
-164.925, 0.104663, 0.00162975
-164.948, 0.104663, 0.00163138
-802.687, 0.050986, 0.00837388
-216.948, 0.105814, 0.00423289
-217.057, 0.105814, 0.00423713
-162.053, 0.050986, 0.000662728
-152.769, 0.104458, 0.000330487
-152.77, 0.104458, 0.000330817
-848.378, 0.050986, 0.00881997
-222.912, 0.105934, 0.00446379
-223.033, 0.105934, 0.00446826
-880.212, 0.050986, 0.00913327
-227.259, 0.106049, 0.00462774
-227.388, 0.106049, 0.00463237
-933.421, 0.050986, 0.00966196
-234.771, 0.106154, 0.00490087
-234.912, 0.106154, 0.00490577
-863.756, 0.050986, 0.00897153
-225.003, 0.105751, 0.00453209
-225.128, 0.105751, 0.00453662
-430.965, 0.050986, 0.00469136
-176.035, 0.105029, 0.00235277
-176.077, 0.105029, 0.00235512
-208.521, 0.050986, 0.00180544
-156.7, 0.104523, 0.000900907
-156.708, 0.104523, 0.000901808
-202.383, 0.0617218, 0.00206069
-156.194, 0.126873, 0.00103116
-156.2, 0.126873, 0.00103219
-480.09, 0.0617218, 0.00637238
-180.499, 0.127816, 0.00321366
-180.547, 0.127816, 0.00321688
-685.789, 0.0617218, 0.008887
-202.366, 0.128286, 0.00449945
-202.453, 0.128286, 0.00450395
-708.332, 0.0617218, 0.00915747
-205.025, 0.128476, 0.00464382
-205.114, 0.128476, 0.00464846
-229.662, 0.0617218, 0.00265123
-158.315, 0.12697, 0.00132771
-158.326, 0.12697, 0.00132904
-166.158, 0.0617218, 0.000983117
-153.193, 0.126636, 0.000490988
-153.196, 0.126636, 0.000491479
-262.47, 0.0617218, 0.00326156
-161.045, 0.127095, 0.00163505
-161.06, 0.127095, 0.00163668
-643.127, 0.0617218, 0.00837388
-197.497, 0.128336, 0.00424143
-197.574, 0.128336, 0.00424568
-159.147, 0.0617218, 0.000662728
-152.449, 0.126638, 0.000330986
-152.451, 0.126638, 0.000331317
-680.26, 0.0617218, 0.00881997
-201.713, 0.12844, 0.00447129
-201.798, 0.12844, 0.00447576
-706.296, 0.0617218, 0.00913327
-204.794, 0.128283, 0.00462403
-204.882, 0.128283, 0.00462866
-750.308, 0.0617218, 0.00966196
-210.06, 0.128618, 0.00490548
-210.159, 0.128618, 0.00491039
-692.887, 0.0617218, 0.00897153
-203.192, 0.128448, 0.00454843
-203.281, 0.128448, 0.00455298
-354.073, 0.0617218, 0.00469136
-168.841, 0.127387, 0.00235749
-168.871, 0.127387, 0.00235985
-192.117, 0.0617218, 0.00180544
-155.281, 0.126837, 0.000903159
-155.288, 0.126837, 0.000904063
-173.008, 0.09993, 0.00206069
-153.576, 0.207286, 0.00104109
-153.578, 0.207286, 0.00104213
-295.312, 0.09993, 0.00637238
-163.29, 0.208403, 0.00323813
-163.311, 0.208403, 0.00324137
-396.861, 0.09993, 0.008887
-171.852, 0.209237, 0.0045357
-171.886, 0.209237, 0.00454023
-408.574, 0.09993, 0.00915747
-172.896, 0.209423, 0.00467833
-172.932, 0.209423, 0.00468301
-184.36, 0.09993, 0.00265123
-154.458, 0.20721, 0.00133891
-154.463, 0.20721, 0.00134025
-157.864, 0.09993, 0.000983117
-152.293, 0.207032, 0.000496033
-152.294, 0.207032, 0.000496529
-198.211, 0.09993, 0.00326156
-155.651, 0.207471, 0.00164936
-155.658, 0.207471, 0.00165101
-374.956, 0.09993, 0.00837388
-169.977, 0.209134, 0.00427151
-170.007, 0.209134, 0.00427578
-154.966, 0.09993, 0.000662728
-152.016, 0.206785, 0.000333957
-152.017, 0.206785, 0.000334291
-393.956, 0.09993, 0.00881997
-171.6, 0.209193, 0.00450045
-171.633, 0.209193, 0.00450495
-407.527, 0.09993, 0.00913327
-172.801, 0.209406, 0.00466555
-172.837, 0.209406, 0.00467021
-430.773, 0.09993, 0.00966196
-174.939, 0.209511, 0.00493834
-174.979, 0.209511, 0.00494329
-400.524, 0.09993, 0.00897153
-172.175, 0.209294, 0.00458021
-172.209, 0.209294, 0.00458479
-237.877, 0.09993, 0.00469136
-158.695, 0.207819, 0.00237668
-158.708, 0.207819, 0.00237906
-168.7, 0.09993, 0.00180544
-153.289, 0.207057, 0.000911059
-153.291, 0.207057, 0.00091197
-379.151, 0.0260583, 0.00206069
-171.709, 0.0532052, 0.00102402
-171.744, 0.0532052, 0.00102504
-1257.5, 0.0260583, 0.00637238
-288.524, 0.0537546, 0.00320054
-288.753, 0.0537546, 0.00320375
-1668.07, 0.0260583, 0.008887
-387.989, 0.0542652, 0.00450879
-388.367, 0.0542652, 0.0045133
-1704.82, 0.0260583, 0.00915747
-399.587, 0.0541679, 0.00463702
-399.983, 0.0541679, 0.00464166
-491.556, 0.0260583, 0.00265123
-182.416, 0.0532649, 0.00131898
-182.467, 0.0532649, 0.0013203
-216.976, 0.0260583, 0.000983117
-157.514, 0.0530994, 0.000487548
-157.523, 0.0530994, 0.000488036
-616.871, 0.0260583, 0.00326156
-195.465, 0.0533312, 0.0016247
-195.54, 0.0533312, 0.00162632
-1594.4, 0.0260583, 0.00837388
-366.382, 0.0541477, 0.00423854
-366.73, 0.0541477, 0.00424278
-184.848, 0.0260583, 0.000662728
-154.761, 0.0530762, 0.000328515
-154.766, 0.0530762, 0.000328843
-1658.75, 0.0260583, 0.00881997
-385.144, 0.0542621, 0.00447451
-385.519, 0.0542621, 0.00447899
-1701.61, 0.0260583, 0.00913327
-398.578, 0.0543405, 0.00464072
-398.973, 0.0543405, 0.00464536
-1769.65, 0.0260583, 0.00966196
-421.698, 0.0544851, 0.0049236
-422.124, 0.0544851, 0.00492853
-1679.69, 0.0260583, 0.00897153
-391.582, 0.0542788, 0.00455292
-391.963, 0.0542788, 0.00455747
-920.827, 0.0260583, 0.00469136
-233.239, 0.0535027, 0.0023447
-233.379, 0.0535027, 0.00234704
-334.726, 0.0260583, 0.00180544
-167.69, 0.0531755, 0.000896663
-167.716, 0.0531755, 0.000897561
-195.335, 0.0671104, 0.00206069
-155.55, 0.138081, 0.00103218
-155.557, 0.138081, 0.00103321
-437.79, 0.0671104, 0.00637238
-176.352, 0.139097, 0.00321666
-176.395, 0.139097, 0.00321988
-622.029, 0.0671104, 0.008887
-195.036, 0.139721, 0.00450764
-195.108, 0.139721, 0.00451215
-642.433, 0.0671104, 0.00915747
-197.264, 0.139797, 0.00464758
-197.34, 0.139797, 0.00465223
-218.843, 0.0671104, 0.00265123
-157.387, 0.138198, 0.00132915
-157.396, 0.138198, 0.00133048
-164.108, 0.0671104, 0.000983117
-152.972, 0.137899, 0.000491756
-152.975, 0.137899, 0.000492248
-247.178, 0.0671104, 0.00326156
-159.795, 0.138342, 0.00163692
-159.809, 0.138342, 0.00163855
-583.503, 0.0671104, 0.00837388
-190.848, 0.139587, 0.00424299
-190.915, 0.139587, 0.00424724
-158.131, 0.0671104, 0.000662728
-152.342, 0.137942, 0.000331606
-152.343, 0.137942, 0.000331938
-616.987, 0.0671104, 0.00881997
-194.495, 0.139771, 0.00447538
-194.566, 0.139771, 0.00447986
-640.586, 0.0671104, 0.00913327
-197.061, 0.139782, 0.00463474
-197.138, 0.139782, 0.00463938
-680.549, 0.0671104, 0.00966196
-201.608, 0.139704, 0.00490005
-201.693, 0.139704, 0.00490496
-628.438, 0.0671104, 0.00897153
-195.724, 0.139774, 0.00455238
-195.797, 0.139774, 0.00455694
-326.877, 0.0671104, 0.00469136
-166.398, 0.138664, 0.00236029
-166.422, 0.138664, 0.00236265
-186.508, 0.0671104, 0.00180544
-154.764, 0.138028, 0.000903962
-154.769, 0.138028, 0.000904866
-177.41, 0.0900392, 0.00206069
-153.935, 0.186142, 0.00103737
-153.939, 0.186142, 0.00103841
-324.528, 0.0900392, 0.00637238
-165.821, 0.187401, 0.00323111
-165.844, 0.187401, 0.00323435
-444.446, 0.0900392, 0.008887
-176.467, 0.188237, 0.00452802
-176.507, 0.188237, 0.00453255
-458.175, 0.0900392, 0.00915747
-177.709, 0.188299, 0.00466754
-177.752, 0.188299, 0.00467221
-191.189, 0.0900392, 0.00265123
-155.08, 0.186351, 0.00133624
-155.086, 0.186351, 0.00133758
-159.13, 0.0900392, 0.000983117
-152.424, 0.185912, 0.000494261
-152.425, 0.185912, 0.000494756
-207.961, 0.0900392, 0.00326156
-156.397, 0.186535, 0.00164557
-156.404, 0.186535, 0.00164722
-418.761, 0.0900392, 0.00837388
-174.055, 0.188015, 0.00426109
-174.094, 0.188015, 0.00426535
-155.655, 0.0900392, 0.000662728
-152.079, 0.185789, 0.000332952
-152.079, 0.185789, 0.000333285
-441.07, 0.0900392, 0.00881997
-176.15, 0.188192, 0.0044927
-176.193, 0.188192, 0.00449719
-456.939, 0.0900392, 0.00913327
-177.596, 0.188283, 0.00465475
-177.639, 0.188283, 0.00465941
-484.049, 0.0900392, 0.00966196
-180.149, 0.188526, 0.00493119
-180.198, 0.188526, 0.00493612
-448.696, 0.0900392, 0.00897153
-176.849, 0.188294, 0.00457263
-176.89, 0.188294, 0.0045772
-255.792, 0.0900392, 0.00469136
-160.206, 0.186882, 0.00237167
-160.22, 0.186882, 0.00237404
-172.305, 0.0900392, 0.00180544
-153.552, 0.186374, 0.000910072
-153.555, 0.186374, 0.000910983
-326.829, 0.0304303, 0.00206069
-166.959, 0.0621776, 0.00102479
-166.984, 0.0621776, 0.00102582
-1070.88, 0.0304303, 0.00637238
-255.835, 0.0627706, 0.00320039
-256.011, 0.0627706, 0.00320359
-1461.65, 0.0304303, 0.008887
-332.984, 0.0632548, 0.00449997
-333.28, 0.0632548, 0.00450447
-1498.54, 0.0304303, 0.00915747
-342.098, 0.0633275, 0.00464268
-342.41, 0.0633275, 0.00464732
-415.961, 0.0304303, 0.00265123
-175.02, 0.0622472, 0.00131998
-175.059, 0.0622472, 0.0013213
-201.478, 0.0304303, 0.000983117
-156.284, 0.062066, 0.00048801
-156.292, 0.062066, 0.000488498
-517.447, 0.0304303, 0.00326156
-184.898, 0.0623241, 0.00162591
-184.955, 0.0623241, 0.00162754
-1388.89, 0.0304303, 0.00837388
-316.098, 0.0631712, 0.00423413
-316.369, 0.0631712, 0.00423837
-176.989, 0.0304303, 0.000662728
-154.084, 0.0620355, 0.000328808
-154.088, 0.0620355, 0.000329137
-1452.42, 0.0304303, 0.00881997
-330.755, 0.0632579, 0.00446627
-331.048, 0.0632579, 0.00447074
-1495.25, 0.0304303, 0.00913327
-341.274, 0.0633131, 0.00462928
-341.585, 0.0633131, 0.00463391
-1564.44, 0.0304303, 0.00966196
-359.448, 0.0634588, 0.00490945
-359.785, 0.0634588, 0.00491436
-1473.33, 0.0304303, 0.00897153
-335.806, 0.0633033, 0.00454653
-336.106, 0.0633033, 0.00455108
-772.688, 0.0304303, 0.00469136
-213.546, 0.0625132, 0.00234602
-213.652, 0.0625132, 0.00234837
-292.112, 0.0304303, 0.00180544
-163.872, 0.0621471, 0.000897401
-163.893, 0.0621471, 0.000898299
-157.052, 0.000148849, 0.00206069
-151.772, 7.49789e-05, 0.00427097
-151.772, 7.49789e-05, 0.00427524
-151.772, 0.000148849, 0.00637238
-151.772, 5.47039e-05, 0.00636836
-151.772, 5.47039e-05, 0.00637473
-151.772, 9.88743e-05, 0.00637073
-151.772, 0.000129268, 0.00637182
-151.772, 0.000129268, 0.00637819
-151.772, 0.000141885, 0.00637219
-151.772, 0.000146561, 0.00637232
-151.772, 0.000146561, 0.0063787
-151.772, 0.000148188, 0.00637236
-151.772, 0.000148701, 0.008887
-151.772, 0.000148701, 0.00889589
-151.772, 5.47587e-05, 0.00887594
-151.772, 0.000108653, 0.00888353
-151.772, 0.000108653, 0.00889242
-151.772, 0.000136804, 0.00888606
-151.772, 0.000117467, 0.00888439
-151.772, 0.000117467, 0.00889328
-151.772, 0.000129991, 0.0088855
-151.772, 0.000134164, 0.00888586
-151.772, 0.000134164, 0.00889475
-151.772, 0.000135567, 0.00888596
-151.772, 0.000136668, 0.00888606
-151.772, 0.000136668, 0.00889495
-151.772, 0.000148849, 0.00915747
-151.772, 5.47057e-05, 0.00908485
-151.772, 5.47057e-05, 0.00909394
-151.772, 0.000101609, 0.00912968
-151.772, 0.000126832, 0.00914588
-151.772, 0.000126832, 0.00915503
-151.772, 0.00014086, 0.00915345
-151.87, 0.000148701, 0.00265123
-151.869, 0.000148701, 0.00265388
-151.772, 7.44883e-05, 0.00545558
-2264.46, 0.000148701, 0.000983117
-2261.91, 0.000148701, 0.0009841
-151.772, 7.81027e-05, 0.00211114
-151.774, 0.000148701, 0.00326156
-151.774, 0.000148701, 0.00326482
-151.772, 7.40444e-05, 0.0066728
-151.772, 0.000148701, 0.00837388
-151.772, 0.000148701, 0.00838226
-151.772, 5.4761e-05, 0.00829698
-151.772, 9.01554e-05, 0.00833531
-151.772, 9.01554e-05, 0.00834365
-151.772, 0.000123077, 0.0083592
-151.772, 0.000140066, 0.00836926
-151.772, 0.000140066, 0.00837763
-151.772, 0.000145396, 0.00837207
-151.772, 0.000143303, 0.00837102
-151.772, 0.000143303, 0.0083794
-151.772, 0.000144506, 0.00837159
-2660.29, 0.000148701, 0.000662728
-2660.02, 0.000148701, 0.000663391
-151.91, 8.08137e-05, 0.00146287
-151.772, 0.000148701, 0.00881997
-151.772, 0.000148701, 0.0088288
-151.772, 5.47598e-05, 0.00887604
-151.772, 0.000112357, 0.00883565
-151.772, 0.000112357, 0.00884449
-151.772, 0.000136476, 0.00882482
-151.772, 0.000142648, 0.00882229
-151.772, 0.000142648, 0.00883112
-151.772, 0.000147395, 0.00882052
-151.772, 0.00014831, 0.00882012
-151.772, 0.00014831, 0.00882894
-151.772, 0.000148779, 0.00882
-151.772, 0.000148697, 0.00881997
-151.772, 0.000148697, 0.0088288
-151.772, 0.000148842, 0.00881997
-151.772, 0.000148662, 0.00881999
-151.772, 0.000148662, 0.00882881
-151.772, 0.000148841, 0.00881997
-151.772, 0.000148694, 0.00881997
-151.772, 0.000148694, 0.0088288
-151.772, 0.000148842, 0.00881997
-151.772, 0.000148701, 0.00913327
-151.772, 0.000148701, 0.00914241
-151.772, 5.47587e-05, 0.00912544
-151.772, 0.000106961, 0.00913069
-151.772, 0.000106961, 0.00913983
-151.772, 0.000131841, 0.00913232
-151.772, 0.000143093, 0.00913297
-151.772, 0.000143093, 0.00914211
-151.772, 0.00014668, 0.00913316
-151.772, 0.000147593, 0.00913321
-151.772, 0.000147593, 0.00914235
-151.772, 0.000148428, 0.00913325
-151.772, 0.00014811, 0.00913324
-151.772, 0.00014811, 0.00914238
-151.772, 0.000148403, 0.00913325
-151.772, 0.000148701, 0.00966196
-151.772, 0.000148701, 0.00967162
-151.772, 5.47621e-05, 0.00977104
-151.772, 9.4159e-05, 0.00971166
-151.772, 9.4159e-05, 0.00972137
-151.772, 0.000148849, 0.00897153
-151.772, 5.47042e-05, 0.0089458
-151.772, 5.47042e-05, 0.00895475
-151.772, 8.77282e-05, 0.00895792
-151.772, 0.000128874, 0.00896784
-151.772, 0.000128874, 0.00897682
-151.772, 0.000140115, 0.00896997
-151.772, 0.000144241, 0.00897075
-151.772, 0.000144241, 0.00897972
-151.772, 0.000147379, 0.00897127
-151.772, 0.000148701, 0.00469136
-151.772, 0.000148701, 0.00469605
-151.772, 5.48575e-05, 0.00498165
-181.33, 0.000148701, 0.00180544
-180.965, 0.000148701, 0.00180725
-151.772, 7.54024e-05, 0.00375816
-211.288, 0.0563791, 0.00206069
-211.389, 0.0563791, 0.00206276
-156.856, 0.116005, 0.00103007
-531.709, 0.0563791, 0.00637238
-532.282, 0.0563791, 0.00637875
-185.66, 0.116854, 0.0032098
-761.946, 0.0563791, 0.008887
-762.766, 0.0563791, 0.00889589
-211.412, 0.117468, 0.0045016
-786.808, 0.0563791, 0.00915747
-787.647, 0.0563791, 0.00916664
-214.541, 0.117553, 0.00464225
-243.274, 0.0563791, 0.00265123
-243.43, 0.0563791, 0.00265388
-159.508, 0.116093, 0.00132629
-168.536, 0.0563791, 0.000983117
-168.565, 0.0563791, 0.0009841
-153.392, 0.115864, 0.000490807
-281.619, 0.0563791, 0.00326156
-281.837, 0.0563791, 0.00326482
-162.632, 0.116208, 0.00163331
-714.612, 0.0563791, 0.00837388
-715.392, 0.0563791, 0.00838226
-205.716, 0.117318, 0.00423586
-160.481, 0.0563791, 0.000662728
-160.496, 0.0563791, 0.000663391
-152.583, 0.115737, 0.000330482
-755.735, 0.0563791, 0.00881997
-756.556, 0.0563791, 0.0088288
-210.65, 0.117428, 0.00446601
-784.59, 0.0563791, 0.00913327
-785.428, 0.0563791, 0.00914241
-214.258, 0.117539, 0.00462935
-832.933, 0.0563791, 0.00966196
-833.805, 0.0563791, 0.00967162
-220.489, 0.117707, 0.00490489
-769.703, 0.0563791, 0.00897153
-770.522, 0.0563791, 0.00898051
-212.381, 0.117519, 0.00454653
-387.792, 0.0563791, 0.00469136
-388.169, 0.0563791, 0.00469605
-171.932, 0.11651, 0.00235572
-199.247, 0.0563791, 0.00180544
-199.326, 0.0563791, 0.00180725
-155.938, 0.116444, 0.000906044
-230.13, 0.048288, 0.00206069
-230.265, 0.048288, 0.00206276
-158.429, 0.0991824, 0.00102819
-635.33, 0.048288, 0.00637238
-636.029, 0.048288, 0.00637875
-196.873, 0.0993555, 0.00318528
-909.417, 0.048288, 0.008887
-910.38, 0.048288, 0.00889589
-231.105, 0.0998289, 0.00446438
-938.316, 0.048288, 0.00915747
-939.29, 0.048288, 0.00916664
-235.206, 0.100596, 0.0046379
-272.006, 0.048288, 0.00265123
-272.209, 0.048288, 0.00265388
-161.925, 0.0992802, 0.00132419
-173.856, 0.048288, 0.000983117
-173.892, 0.048288, 0.0009841
-153.78, 0.0990878, 0.000490048
-321.759, 0.048288, 0.00326156
-322.039, 0.048288, 0.00326482
-166.223, 0.0993897, 0.0016309
-854.221, 0.048288, 0.00837388
-855.131, 0.048288, 0.00838226
-223.484, 0.100405, 0.00423243
-163.044, 0.048288, 0.000662728
-163.062, 0.048288, 0.000663391
-152.878, 0.0990282, 0.000330141
-902.298, 0.048288, 0.00881997
-903.239, 0.048288, 0.0088288
-230.087, 0.10053, 0.00446385
-935.734, 0.048288, 0.00913327
-936.71, 0.048288, 0.00914241
-234.834, 0.100581, 0.00462494
-991.388, 0.048288, 0.00966196
-992.41, 0.048288, 0.00967162
-243.115, 0.100215, 0.00487357
-918.519, 0.048288, 0.00897153
-919.478, 0.048288, 0.00898051
-232.366, 0.100553, 0.00454165
-457.13, 0.048288, 0.00469136
-457.608, 0.048288, 0.00469605
-178.521, 0.0996352, 0.0023519
-214.252, 0.048288, 0.00180544
-214.359, 0.048288, 0.00180725
-157.137, 0.0991492, 0.000900523
-185.43, 0.0774489, 0.00206069
-185.488, 0.0774489, 0.00206276
-154.622, 0.160021, 0.00103455
-376.274, 0.0774489, 0.00637238
-376.632, 0.0774489, 0.00637875
-170.517, 0.161131, 0.00322275
-526.884, 0.0774489, 0.008887
-527.438, 0.0774489, 0.00889589
-184.637, 0.16189, 0.00451737
-543.862, 0.0774489, 0.00915747
-544.438, 0.0774489, 0.00916664
-186.316, 0.16196, 0.00465706
-203.576, 0.0774489, 0.00265123
-203.665, 0.0774489, 0.00265388
-156.16, 0.160159, 0.00133223
-161.388, 0.0774489, 0.000983117
-161.403, 0.0774489, 0.0009841
-152.663, 0.16009, 0.000493786
-225.557, 0.0774489, 0.00326156
-225.683, 0.0774489, 0.00326482
-157.832, 0.160303, 0.00164047
-494.947, 0.0774489, 0.00837388
-495.47, 0.0774489, 0.00838226
-181.437, 0.161667, 0.00425018
-156.799, 0.0774489, 0.000662728
-156.806, 0.0774489, 0.000663391
-152.193, 0.160263, 0.000333246
-522.702, 0.0774489, 0.00881997
-523.253, 0.0774489, 0.0088288
-184.208, 0.161846, 0.00448199
-542.341, 0.0774489, 0.00913327
-542.915, 0.0774489, 0.00914241
-186.164, 0.161944, 0.00464425
-575.72, 0.0774489, 0.00966196
-576.338, 0.0774489, 0.00967162
-189.585, 0.162076, 0.00491744
-532.138, 0.0774489, 0.00897153
-532.694, 0.0774489, 0.00898051
-185.162, 0.161945, 0.00456205
-287.934, 0.0774489, 0.00469136
-288.161, 0.0774489, 0.00469605
-162.914, 0.160658, 0.00236516
-178.645, 0.0774489, 0.00180544
-178.692, 0.0774489, 0.00180725
-154.063, 0.159942, 0.000905929
-173.317, 0.0991148, 0.00206069
-173.352, 0.0991148, 0.00206276
-153.595, 0.205948, 0.00104077
-297.432, 0.0991148, 0.00637238
-297.673, 0.0991148, 0.00637875
-163.437, 0.207043, 0.00323688
-400.352, 0.0991148, 0.008887
-400.741, 0.0991148, 0.00889589
-172.098, 0.207937, 0.00453549
-412.204, 0.0991148, 0.00915747
-412.612, 0.0991148, 0.00916664
-173.16, 0.207995, 0.00467497
-184.858, 0.0991148, 0.00265123
-184.915, 0.0991148, 0.00265388
-154.491, 0.205889, 0.00133862
-157.953, 0.0991148, 0.000983117
-157.963, 0.0991148, 0.0009841
-152.3, 0.205698, 0.00049589
-198.905, 0.0991148, 0.00326156
-198.985, 0.0991148, 0.00326482
-155.701, 0.206143, 0.00164896
-378.162, 0.0991148, 0.00837388
-378.522, 0.0991148, 0.00838226
-170.194, 0.20772, 0.00426873
-155.015, 0.0991148, 0.000662728
-155.021, 0.0991148, 0.000663391
-152.02, 0.205464, 0.000333878
-397.419, 0.0991148, 0.00881997
-397.805, 0.0991148, 0.0088288
-171.842, 0.207892, 0.00450022
-411.128, 0.0991148, 0.00913327
-411.534, 0.0991148, 0.00914241
-173.063, 0.207979, 0.00466221
-434.697, 0.0991148, 0.00966196
-435.132, 0.0991148, 0.00967162
-175.231, 0.208215, 0.00493826
-404.05, 0.0991148, 0.00897153
-404.442, 0.0991148, 0.00898051
-172.426, 0.207995, 0.00458003
-239.175, 0.0991148, 0.00469136
-239.323, 0.0991148, 0.00469605
-158.784, 0.206505, 0.00237629
-168.956, 0.0991148, 0.00180544
-168.985, 0.0991148, 0.00180725
-153.303, 0.20573, 0.000910826
-894.317, 0.0120005, 0.00206069
-895.287, 0.0120005, 0.00206276
-229.387, 0.0245109, 0.00102229
-2232.75, 0.0120005, 0.00637238
-2233.66, 0.0120005, 0.00637875
-639.495, 0.0251128, 0.00324315
-2458.19, 0.0120005, 0.008887
-2458.63, 0.0120005, 0.00889589
-928.468, 0.0262532, 0.00476409
-151.793, 0.598328, 0.000393442
-151.793, 0.598328, 0.000393836
-2469.94, 0.0120125, 0.00915747
-962.521, 0.0265414, 0.00498449
-963.529, 0.0265414, 0.00498948
-151.793, 0.635697, 0.000437524
-1168.06, 0.0120005, 0.00265123
-1169.25, 0.0120005, 0.00265388
-271.136, 0.0245499, 0.00131739
-397.593, 0.0120005, 0.000983117
-397.993, 0.0120005, 0.0009841
-173.607, 0.0244448, 0.000486383
-1425.47, 0.0120005, 0.00326156
-1426.75, 0.0120005, 0.00326482
-320.953, 0.0245541, 0.00162094
-2430.03, 0.0120005, 0.00837388
-2430.54, 0.0120005, 0.00838226
-868.724, 0.0259569, 0.00442674
-151.792, 0.565319, 0.00034571
-151.792, 0.565319, 0.000346055
-278.957, 0.0120125, 0.000662728
-162.925, 0.0244039, 0.000327652
-162.943, 0.0244039, 0.00032798
-2454.35, 0.0120125, 0.00881997
-922.188, 0.0262564, 0.00473482
-923.188, 0.0262564, 0.00473956
-151.793, 0.602292, 0.000393233
-2469.41, 0.0120005, 0.00913327
-2469.81, 0.0120005, 0.00914241
-958.308, 0.026518, 0.00495916
-151.793, 0.629113, 0.000431059
-151.793, 0.629113, 0.00043149
-2488.74, 0.0120125, 0.00966196
-1024.16, 0.0270234, 0.00538811
-1025.21, 0.0270234, 0.0053935
-151.793, 0.695556, 0.0005211
-2462.2, 0.0120005, 0.00897153
-2462.61, 0.0120005, 0.00898051
-938.231, 0.0262947, 0.00481897
-151.794, 0.603074, 0.00040115
-151.794, 0.603074, 0.000401551
-1894.93, 0.0120125, 0.00469136
-457.966, 0.0247451, 0.00235275
-458.446, 0.0247451, 0.0023551
-771.378, 0.0120125, 0.00180544
-213.733, 0.0244688, 0.000895011
-213.839, 0.0244688, 0.000895907
