-48.0033, 534.891, 0.0199222
-47.9056, 342.036, 0.0487544
-47.9054, 342.036, 0.0488032
-4083.71, 57.4739, 1.74871
-47.1902, 214.941, 0.123802
-47.1892, 214.941, 0.123926
-92.9738, 121.496, 0.389579
-46.965, 186.614, 0.164378
-46.9653, 186.614, 0.164542
-46.9677, 192.304, 0.155077
-46.965, 186.614, 0.164378
-46.9653, 186.614, 0.164542
-47.9079, 534.891, 0.0602437
-47.2479, 342.292, 0.147486
-47.2469, 342.292, 0.147633
-11512.7, 57.6893, 5.29787
-47.2476, 342.245, 0.147526
-47.2466, 342.245, 0.147674
-47.2477, 342.541, 0.147567
-492.008, 140.433, 0.884189
-493.277, 140.433, 0.885074
-47.1841, 273.469, 0.232057
-47.0906, 321.405, 0.167385
-47.0897, 321.405, 0.167552
-46.9695, 295.474, 0.198623
-47.9345, 534.357, 0.0520453
-47.9343, 534.357, 0.0520974
-47.3945, 342.602, 0.127409
-10885.5, 57.6037, 4.57579
-10890.3, 57.6037, 4.58037
-47.3941, 342.535, 0.127459
-47.3931, 342.125, 0.127509
-47.3922, 342.125, 0.127636
-342.224, 140.525, 0.763841
-46.972, 275.081, 0.197652
-46.9723, 275.081, 0.19785
-46.9931, 288.212, 0.180333
-46.972, 275.081, 0.197652
-46.9723, 275.081, 0.19785
-47.9945, 534.891, 0.0262385
-47.8293, 342.107, 0.0642186
-47.8289, 342.107, 0.0642829
-6043.59, 57.5336, 2.30433
-47.0824, 229.751, 0.142793
-47.0815, 229.751, 0.142936
-65.6979, 148.365, 0.34418
-46.9696, 207.946, 0.174433
-46.9699, 207.946, 0.174607
-46.9667, 213.85, 0.165233
-47.9868, 534.357, 0.0307094
-47.9867, 534.357, 0.0307401
-47.7657, 342.486, 0.075165
-7262.41, 57.5065, 2.69769
-7270.14, 57.5065, 2.70038
-47.1374, 250.562, 0.140774
-48.5512, 190.285, 0.244114
-48.5622, 190.285, 0.244358
-46.9772, 230.637, 0.166254
-46.9648, 224.376, 0.175346
-46.9649, 224.376, 0.175521
-47.9994, 534.891, 0.0229378
-47.8713, 342.074, 0.0561373
-47.871, 342.074, 0.0561934
-5048.49, 57.5055, 2.01396
-47.119, 221.089, 0.134775
-47.118, 221.089, 0.134909
-82.4336, 132.153, 0.379259
-46.9757, 195.612, 0.172307
-46.9762, 195.612, 0.172479
-46.9715, 204.259, 0.158298
-47.7622, 534.357, 0.0944828
-47.7617, 534.357, 0.0945773
-47.0024, 342.738, 0.231343
-47.4953, 454.063, 0.131106
-47.4944, 454.063, 0.131237
-46.9764, 358.614, 0.211199
-48.0136, 534.357, 0.00757597
-48.0136, 534.357, 0.00758355
-47.9991, 341.975, 0.0185293
-544.511, 57.0784, 0.663038
-545.935, 57.0784, 0.663701
-47.7904, 199.606, 0.0543685
-52.7796, 98.3539, 0.223382
-52.8102, 98.3539, 0.223606
-47.4043, 158.593, 0.0861118
-46.9734, 123.917, 0.140745
-46.9741, 123.917, 0.140886
-47.0463, 137.27, 0.114932
-46.9734, 123.917, 0.140745
-46.9741, 123.917, 0.140886
-47.949, 534.891, 0.0470509
-47.4859, 342.237, 0.115178
-47.4851, 342.237, 0.115293
-10326, 57.6425, 4.13601
-47.4853, 342.147, 0.115239
-47.4845, 342.147, 0.115354
-47.4852, 342.399, 0.1153
-273.285, 140.347, 0.690567
-273.864, 140.347, 0.691258
-47.003, 278.797, 0.174239
-46.9867, 260.367, 0.199504
-46.9873, 260.367, 0.199704
-48.0153, 534.891, 0.00151578
-48.0147, 341.454, 0.00370631
-48.0147, 341.454, 0.00371002
-48.0142, 56.9863, 0.132485
-47.9605, 140.065, 0.0219569
-47.9603, 140.065, 0.0219788
-47.2253, 77.241, 0.0721908
-46.9315, 65.9524, 0.0987655
-46.9316, 65.9524, 0.0988643
-47.968, 534.891, 0.0396571
-47.619, 342.2, 0.0970734
-47.6183, 342.2, 0.0971705
-9195.01, 57.611, 3.48512
-47.617, 341.798, 0.0973025
-47.6163, 341.798, 0.0973999
-47.6138, 341.447, 0.0976994
-199.677, 140.114, 0.583518
-199.997, 140.114, 0.584102
-47.3046, 296.32, 0.129882
-47.0342, 264.922, 0.162325
-47.0335, 264.922, 0.162487
-53.0397, 192.856, 0.307765
-46.9672, 248.212, 0.185021
-46.9673, 248.212, 0.185207
-47.8025, 534.891, 0.086125
-46.9723, 342.376, 0.210872
-46.9722, 342.376, 0.211083
-47.985, 534.891, 0.0316614
-47.751, 342.15, 0.0774958
-47.7505, 342.15, 0.0775734
-7497.53, 57.5696, 2.78145
-47.1283, 252.503, 0.142631
-47.1273, 252.503, 0.142773
-48.2549, 195.097, 0.239881
-46.9759, 232.934, 0.167709
-46.9755, 232.934, 0.167877
-46.965, 227.469, 0.17625
-48.0134, 534.357, 0.00796124
-48.0134, 534.357, 0.00796921
-47.9974, 342, 0.0194723
-615.542, 57.0995, 0.696885
-616.905, 57.0995, 0.697582
-47.7887, 203.312, 0.0550925
-50.8804, 103.407, 0.212511
-50.9025, 103.407, 0.212724
-47.3944, 161.142, 0.087696
-46.9597, 127.88, 0.138964
-46.9601, 127.88, 0.139103
-46.997, 136.513, 0.122189
-46.9597, 127.88, 0.138964
-46.9601, 127.88, 0.139103
-47.8576, 534.891, 0.0735434
-47.0544, 342.339, 0.180057
-47.0536, 342.339, 0.180238
-11927.1, 57.7286, 6.46964
-47.0543, 342.312, 0.180086
-47.0534, 342.312, 0.180266
-47.0528, 342.337, 0.180422
-832.865, 140.439, 1.0804
-835.063, 140.439, 1.08148
-48.2932, 273.731, 0.282887
-46.9736, 323.357, 0.201944
-46.9734, 323.357, 0.202146
-48.006, 689.994, 0.0199222
-47.9296, 441.048, 0.0487451
-47.9294, 441.048, 0.0487938
-3608.24, 73.998, 1.74704
-47.2664, 271.31, 0.129057
-47.2654, 271.31, 0.129186
-100.107, 147.18, 0.440456
-46.9652, 232.032, 0.176553
-46.9652, 232.032, 0.176729
-47.9314, 689.994, 0.0602437
-47.375, 441.402, 0.147461
-47.3741, 441.402, 0.147609
-12191.6, 74.2955, 5.29355
-47.3746, 441.317, 0.147519
-47.3736, 441.317, 0.147666
-47.3746, 441.673, 0.147576
-401.458, 180.966, 0.883855
-402.317, 180.966, 0.884739
-46.9728, 363.109, 0.218702
-47.9523, 689.304, 0.0520453
-47.9522, 689.304, 0.0520974
-47.5081, 441.804, 0.127388
-11232.1, 74.1879, 4.57214
-11239.3, 74.1879, 4.57671
-47.5074, 441.653, 0.127476
-47.5062, 441.042, 0.127574
-47.5053, 441.042, 0.127702
-302.431, 181.068, 0.763733
-47.1757, 384.793, 0.167777
-47.1747, 384.793, 0.167945
-46.9782, 347.57, 0.206214
-58.6687, 250.615, 0.396853
-58.7248, 250.615, 0.397251
-47.0099, 329.763, 0.229182
-46.978, 347.223, 0.206214
-46.9777, 347.223, 0.206421
-47.9991, 689.994, 0.0262385
-47.8692, 441.157, 0.0642076
-47.8689, 441.157, 0.0642719
-5569.21, 74.0895, 2.30236
-47.1056, 284.323, 0.154934
-47.1047, 284.323, 0.155089
-88.3598, 169.013, 0.440532
-46.9939, 251.345, 0.198385
-46.9947, 251.345, 0.198584
-46.9801, 265.707, 0.177823
-47.9931, 689.304, 0.0307094
-47.9931, 689.304, 0.0307401
-47.8183, 441.652, 0.0751527
-6862.37, 74.06, 2.69548
-6870.84, 74.06, 2.69818
-47.0672, 298.005, 0.165449
-65.9962, 193.916, 0.39094
-66.0813, 193.916, 0.391332
-46.9796, 270.801, 0.200472
-46.9724, 279.813, 0.187355
-46.9721, 279.813, 0.187543
-48.0029, 689.994, 0.0229378
-47.9025, 441.107, 0.0561272
-47.9023, 441.107, 0.0561834
-4554.56, 74.0473, 2.01216
-47.1735, 276.905, 0.142733
-47.1725, 276.905, 0.142876
-99.2067, 156.221, 0.450525
-46.9778, 240.429, 0.18945
-46.9783, 240.429, 0.18964
-46.9794, 251.732, 0.17313
-46.9778, 240.429, 0.18945
-46.9783, 240.429, 0.18964
-47.8158, 689.994, 0.0944828
-46.9819, 441.525, 0.231302
-46.9817, 441.525, 0.231534
-48.014, 689.994, 0.00757597
-48.0027, 440.438, 0.0185238
-48.0027, 440.438, 0.0185424
-431.285, 73.4877, 0.662067
-47.8455, 259.29, 0.0533372
-47.8451, 259.29, 0.0533906
-49.0192, 129.947, 0.21221
-47.4477, 197.722, 0.091629
-47.4468, 197.722, 0.0917206
-46.9571, 156.877, 0.145713
-46.9569, 156.096, 0.146878
-46.9569, 156.096, 0.147025
-47.9637, 689.994, 0.0470509
-47.5872, 441.335, 0.11516
-47.5865, 441.335, 0.115275
-10468.2, 74.2389, 4.13274
-47.5863, 441.114, 0.115276
-47.5855, 441.114, 0.115391
-47.5853, 441.239, 0.115442
-243.647, 180.808, 0.690717
-244.318, 180.808, 0.691408
-47.0225, 345.546, 0.188579
-47.0449, 312.423, 0.230395
-47.0463, 312.423, 0.230626
-46.9715, 329.449, 0.207531
-48.0153, 689.304, 0.00151578
-48.0153, 689.304, 0.00151729
-48.0148, 441.121, 0.00370721
-47.3466, 73.6163, 0.132647
-47.3507, 73.6163, 0.132779
-48.0148, 440.92, 0.0037106
-47.7897, 128.205, 0.0437561
-47.7893, 128.205, 0.0437999
-47.0153, 87.1084, 0.094941
-47.9785, 689.304, 0.0396571
-47.9784, 689.304, 0.0396968
-47.6991, 441.729, 0.097058
-9061.01, 74.1246, 3.48236
-9069.45, 74.1246, 3.48585
-47.2627, 357.342, 0.148528
-46.9899, 315.616, 0.190177
-46.9894, 315.616, 0.190367
-371.984, 153.107, 0.813796
-47.5294, 273.224, 0.25402
-47.5345, 273.224, 0.254274
-46.9705, 307.608, 0.200644
-46.9701, 306.212, 0.202079
-46.9701, 306.212, 0.202281
-47.8479, 689.994, 0.086125
-47.0312, 441.5, 0.210836
-47.0305, 441.5, 0.211047
-13487.4, 74.378, 7.57189
-47.0311, 441.473, 0.210862
-47.0304, 441.473, 0.211073
-47.0304, 441.652, 0.211114
-955.377, 181.062, 1.26433
-957.824, 181.062, 1.2656
-48.53, 354.788, 0.327832
-46.9758, 420.937, 0.232044
-46.9757, 420.937, 0.232276
-47.9918, 689.994, 0.0316614
-47.8065, 441.22, 0.0774832
-47.8061, 441.22, 0.0775608
-7120.55, 74.1423, 2.77919
-47.0643, 301.03, 0.166839
-47.0635, 301.03, 0.167006
-62.0014, 200.671, 0.37712
-46.9753, 275.165, 0.199787
-46.9757, 275.165, 0.199987
-48.0139, 689.994, 0.00796124
-48.0014, 440.475, 0.0194667
-48.0013, 440.475, 0.0194862
-485.203, 73.5184, 0.695882
-47.8262, 258.606, 0.0563718
-47.8258, 258.606, 0.0564282
-50.1044, 128.987, 0.226503
-47.4471, 201.688, 0.0925997
-47.4462, 201.688, 0.0926923
-46.9583, 158.641, 0.149847
-46.97, 163.375, 0.14102
-46.9696, 163.375, 0.141161
-46.9583, 158.641, 0.149847
-47.8916, 689.304, 0.0735434
-47.8913, 689.304, 0.073617
-47.1742, 441.899, 0.180027
-13125.9, 74.2673, 6.46417
-13129.1, 74.2673, 6.47064
-47.1739, 441.848, 0.180068
-47.1655, 440.025, 0.181206
-47.1645, 440.025, 0.181387
-644.448, 180.955, 1.08229
-47.4067, 354.235, 0.280153
-47.411, 354.235, 0.280433
-46.9827, 400.66, 0.219187
-46.9741, 391.501, 0.229149
-46.9741, 391.501, 0.229379
-48.008, 879.18, 0.0199222
-47.9476, 561.762, 0.0487358
-47.9475, 561.762, 0.0487845
-3128.5, 94.1069, 1.74538
-47.3588, 341.494, 0.131993
-47.3578, 341.494, 0.132125
-94.3434, 181.196, 0.470277
-46.9831, 288.937, 0.184431
-46.9827, 288.937, 0.184615
-46.9708, 279.281, 0.197811
-47.9491, 878.301, 0.0602437
-47.9489, 878.301, 0.0603039
-47.4862, 562.84, 0.147442
-12437.5, 94.4449, 5.29001
-12445.7, 94.4449, 5.29531
-47.4854, 562.649, 0.147542
-47.4841, 561.863, 0.14766
-47.4833, 561.863, 0.147808
-359.577, 230.589, 0.883812
-46.9758, 441.781, 0.239235
-46.9758, 441.781, 0.239474
-47.9657, 879.18, 0.0520453
-47.6015, 562.226, 0.127371
-47.6008, 562.226, 0.127499
-11202.5, 94.4969, 4.56909
-47.5434, 545.253, 0.135451
-47.5426, 545.253, 0.135587
-47.5104, 536.931, 0.139976
-279.619, 225.026, 0.799727
-280.405, 225.026, 0.800528
-46.9847, 424.242, 0.224549
-46.9787, 409.917, 0.240088
-46.979, 409.917, 0.240328
-48.0026, 879.18, 0.0262385
-47.8995, 561.931, 0.0641971
-47.8992, 561.931, 0.0642614
-5023.42, 94.2492, 2.30048
-47.1803, 355.583, 0.160573
-47.1793, 355.583, 0.160734
-92.1667, 203.824, 0.490605
-46.9774, 309.814, 0.21162
-46.9778, 309.814, 0.211831
-46.9796, 321.496, 0.196889
-46.9774, 309.814, 0.21162
-46.9778, 309.814, 0.211831
-47.9979, 879.18, 0.0307094
-47.8585, 562.012, 0.0751413
-47.8582, 562.012, 0.0752165
-6328, 94.3171, 2.69344
-47.0945, 365.686, 0.177801
-47.0935, 365.686, 0.177979
-84.1158, 221.624, 0.486071
-46.9999, 325.121, 0.225048
-47.0007, 325.121, 0.225273
-46.9829, 343.483, 0.201988
-48.0056, 878.301, 0.0229378
-48.0056, 878.301, 0.0229607
-47.9262, 562.416, 0.0561173
-4029.86, 94.0898, 2.01039
-4036.71, 94.0898, 2.0124
-47.2633, 348.246, 0.146549
-96.5449, 190.952, 0.487212
-96.7431, 190.952, 0.4877
-46.9697, 298.762, 0.199195
-47.8565, 878.301, 0.0944828
-47.8562, 878.301, 0.0945773
-47.054, 562.988, 0.23127
-14903.7, 94.5698, 8.30202
-14905.6, 94.5698, 8.31033
-47.0539, 562.95, 0.231301
-47.052, 561.958, 0.231657
-47.0512, 561.958, 0.231889
-949.725, 230.761, 1.3868
-48.0967, 455.375, 0.353405
-48.1052, 455.375, 0.353759
-46.9805, 533.431, 0.257725
-48.0143, 878.301, 0.00757597
-48.0143, 878.301, 0.00758355
-48.0054, 561.473, 0.0185191
-350.781, 93.3042, 0.661218
-351.719, 93.3042, 0.66188
-47.8706, 325.49, 0.0549041
-48.8331, 158.631, 0.229576
-48.8455, 158.631, 0.229806
-47.4868, 244.224, 0.0973328
-46.9628, 191.305, 0.158053
-46.9627, 191.305, 0.158211
-46.9616, 189.125, 0.162028
-47.9746, 878.301, 0.0470509
-47.9745, 878.301, 0.0470979
-47.6691, 562.753, 0.115144
-10285.4, 94.3718, 4.12995
-10294.5, 94.3718, 4.13409
-47.3305, 477.081, 0.160369
-47.141, 442.379, 0.186227
-47.14, 442.379, 0.186413
-377.184, 204.528, 0.876988
-46.9993, 412.542, 0.214227
-46.9988, 412.542, 0.214441
-46.9746, 397.134, 0.23169
-48.0153, 878.301, 0.00151578
-48.0153, 878.301, 0.00151729
-48.015, 562.462, 0.0037085
-47.0467, 94.1282, 0.132878
-47.0484, 94.1282, 0.133011
-48.015, 561.972, 0.00371497
-47.7495, 150.689, 0.0517732
-47.7491, 150.689, 0.051825
-46.9838, 104.197, 0.108621
-47.9863, 878.301, 0.0396571
-47.9863, 878.301, 0.0396968
-47.7617, 562.687, 0.0970445
-8677.37, 94.3167, 3.47994
-8686.86, 94.3167, 3.48342
-47.0616, 399.482, 0.192886
-53.1727, 287.2, 0.373091
-53.2055, 287.2, 0.373464
-46.9731, 371.954, 0.222576
-47.8824, 878.301, 0.086125
-47.8821, 878.301, 0.0862111
-47.1374, 562.959, 0.210806
-14612.9, 94.5447, 7.56664
-14617.1, 94.5447, 7.57421
-47.1372, 562.897, 0.210853
-47.1314, 561.117, 0.211772
-47.1304, 561.117, 0.211984
-764.878, 230.558, 1.26586
-47.4401, 457.411, 0.319208
-47.4446, 457.411, 0.319528
-46.9842, 517.469, 0.249667
-46.9774, 507.322, 0.259274
-46.9775, 507.322, 0.259534
-47.9968, 879.18, 0.0316614
-47.8491, 562.027, 0.0774716
-47.8488, 562.027, 0.0775491
-6595.52, 94.3291, 2.77711
-47.0776, 367.437, 0.181589
-47.0767, 367.437, 0.181771
-83.4018, 224.826, 0.48703
-47.0079, 327.931, 0.228089
-47.0088, 327.931, 0.228317
-46.9827, 347.584, 0.203382
-48.0142, 878.301, 0.00796124
-48.0142, 878.301, 0.00796921
-48.0044, 561.514, 0.0194616
-400.86, 93.3378, 0.69497
-401.945, 93.3378, 0.695665
-47.8565, 325.64, 0.0576658
-49.5, 158.799, 0.240907
-49.5158, 158.799, 0.241149
-47.49, 249.559, 0.0980198
-46.9618, 194.164, 0.161348
-46.9618, 194.164, 0.16151
-46.9616, 193.561, 0.162676
-47.9174, 878.301, 0.0735434
-47.9172, 878.301, 0.073617
-47.2972, 562.907, 0.180002
-13836.8, 94.5012, 6.45978
-13843, 94.5012, 6.46624
-47.2967, 562.805, 0.180068
-47.2958, 562.14, 0.180134
-47.2947, 562.14, 0.180314
-538.478, 230.715, 1.07871
-46.9796, 471.859, 0.255994
-46.9798, 471.859, 0.25625
-46.9875, 487.988, 0.239772
-46.9796, 471.859, 0.255994
-46.9798, 471.859, 0.25625
-48.008, 878.73, 0.0199222
-47.9476, 561.475, 0.0487358
-47.9475, 561.475, 0.0487846
-3129.54, 94.0593, 1.74538
-47.3585, 341.319, 0.131994
-47.3575, 341.319, 0.132126
-94.3918, 181.103, 0.470286
-46.983, 288.793, 0.184427
-46.9826, 288.793, 0.184612
-46.9708, 279.18, 0.197753
-47.949, 877.852, 0.0602437
-47.9489, 877.852, 0.0603039
-47.4859, 562.552, 0.147442
-12437.5, 94.3968, 5.29002
-12445.7, 94.3968, 5.29531
-47.4852, 562.355, 0.147546
-47.4838, 561.555, 0.147671
-47.483, 561.555, 0.147819
-359.854, 230.467, 0.883846
-46.9758, 441.547, 0.239243
-46.9757, 441.547, 0.239482
-47.9657, 878.73, 0.0520453
-47.6013, 561.939, 0.127371
-47.6006, 561.939, 0.127499
-11203, 94.4487, 4.56909
-47.5458, 545.68, 0.1351
-47.545, 545.68, 0.135235
-47.5133, 537.456, 0.139559
-278.368, 225.079, 0.798535
-279.151, 225.079, 0.799334
-46.9857, 424.518, 0.224027
-46.9793, 409.396, 0.240455
-46.9796, 409.396, 0.240696
-48.0026, 878.73, 0.0262385
-47.8994, 561.645, 0.0641972
-47.8992, 561.645, 0.0642614
-5024.57, 94.2017, 2.30049
-47.18, 355.392, 0.160582
-47.179, 355.392, 0.160743
-92.2458, 203.704, 0.490685
-46.9775, 309.65, 0.211629
-46.9779, 309.65, 0.211841
-46.9797, 321.398, 0.196809
-46.9775, 309.65, 0.211629
-46.9779, 309.65, 0.211841
-47.9979, 878.73, 0.0307094
-47.8584, 561.725, 0.0751413
-47.8581, 561.725, 0.0752165
-6329.2, 94.2692, 2.69344
-47.0942, 365.502, 0.177799
-47.0933, 365.502, 0.177977
-84.1455, 221.515, 0.486054
-47.0001, 324.964, 0.225037
-47.0009, 324.964, 0.225262
-46.983, 343.347, 0.201942
-48.0056, 877.852, 0.0229378
-48.0056, 877.852, 0.0229607
-47.9262, 562.129, 0.0561174
-4030.96, 94.0421, 2.01039
-4037.81, 94.0421, 2.01241
-47.263, 348.063, 0.146554
-96.6142, 190.846, 0.487259
-96.8126, 190.846, 0.487746
-46.9697, 298.607, 0.199198
-47.8565, 877.852, 0.0944828
-47.8562, 877.852, 0.0945773
-47.0538, 562.701, 0.23127
-14901, 94.5217, 8.30203
-14902.9, 94.5217, 8.31034
-47.0537, 562.663, 0.231301
-47.0518, 561.672, 0.231655
-47.051, 561.672, 0.231887
-950.154, 230.644, 1.3868
-48.0995, 455.127, 0.353429
-48.108, 455.127, 0.353783
-46.9804, 533.195, 0.25769
-48.0143, 877.852, 0.00757597
-48.0143, 877.852, 0.00758355
-48.0054, 561.188, 0.0185191
-350.977, 93.258, 0.661224
-351.916, 93.258, 0.661885
-47.8706, 325.324, 0.0549048
-48.8365, 158.55, 0.229583
-48.8489, 158.55, 0.229813
-47.4869, 244.136, 0.0973057
-46.9628, 191.224, 0.158029
-46.9627, 191.224, 0.158187
-46.9616, 189.05, 0.161994
-47.9746, 877.852, 0.0470509
-47.9745, 877.852, 0.0470979
-47.669, 562.465, 0.115145
-10286, 94.3238, 4.12996
-10295.1, 94.3238, 4.13409
-47.3325, 477.26, 0.160085
-47.1448, 442.884, 0.18561
-47.1438, 442.884, 0.185796
-376.047, 204.593, 0.875536
-47.0033, 413.565, 0.212947
-47.0027, 413.565, 0.213161
-46.9747, 396.725, 0.231931
-48.0153, 877.852, 0.00151578
-48.0153, 877.852, 0.00151729
-48.015, 562.266, 0.00370881
-47.0472, 94.1571, 0.132932
-47.0488, 94.1571, 0.133065
-48.015, 561.778, 0.00371526
-47.7498, 150.755, 0.051758
-47.7493, 150.755, 0.0518098
-46.9839, 104.246, 0.108621
-47.9863, 877.852, 0.0396571
-47.9863, 877.852, 0.0396968
-47.7616, 562.399, 0.0970445
-8678.42, 94.2687, 3.47995
-8687.9, 94.2687, 3.48343
-47.0618, 399.343, 0.192822
-53.1423, 287.189, 0.372737
-53.175, 287.189, 0.37311
-46.9731, 371.84, 0.222486
-47.8823, 877.852, 0.086125
-47.8821, 877.852, 0.0862111
-47.1372, 562.671, 0.210807
-14611.2, 94.4967, 7.56665
-14615.4, 94.4967, 7.57422
-47.1369, 562.608, 0.210854
-47.1311, 560.807, 0.21179
-47.1301, 560.807, 0.212002
-765.271, 230.435, 1.26591
-47.4423, 457.13, 0.319275
-47.4468, 457.13, 0.319595
-46.9842, 517.257, 0.249616
-46.9774, 507.116, 0.25922
-46.9775, 507.116, 0.259479
-47.9968, 878.73, 0.0316614
-47.849, 561.739, 0.0774717
-47.8487, 561.739, 0.0775492
-6596.75, 94.2811, 2.77711
-47.0774, 367.264, 0.181575
-47.0766, 367.264, 0.181757
-83.3935, 224.738, 0.486915
-47.008, 327.787, 0.228057
-47.0089, 327.787, 0.228285
-46.9827, 347.439, 0.203344
-48.0142, 877.852, 0.00796124
-48.0142, 877.852, 0.00796921
-48.0044, 561.227, 0.0194616
-401.089, 93.2906, 0.694972
-402.175, 93.2906, 0.695667
-47.8564, 325.474, 0.0576661
-49.504, 158.718, 0.24091
-49.5197, 158.718, 0.241151
-47.4899, 249.454, 0.0980034
-46.9618, 194.078, 0.161329
-46.9617, 194.078, 0.16149
-46.9616, 193.486, 0.162638
-47.9174, 877.852, 0.0735434
-47.9172, 877.852, 0.073617
-47.2969, 562.619, 0.180003
-13835.9, 94.453, 6.45979
-13842.1, 94.453, 6.46625
-47.2965, 562.517, 0.180068
-47.2955, 561.853, 0.180133
-47.2945, 561.853, 0.180314
-538.6, 230.597, 1.07871
-46.9797, 471.529, 0.256091
-46.98, 471.529, 0.256347
-46.9879, 488.033, 0.239482
-46.9797, 471.529, 0.256091
-46.98, 471.529, 0.256347
-48.0078, 860.781, 0.0199222
-47.9462, 550.025, 0.0487366
-47.9461, 550.025, 0.0487854
-3171.96, 92.1538, 1.74553
-47.3484, 334.372, 0.131998
-47.3474, 334.372, 0.13213
-96.2088, 177.426, 0.470307
-46.9793, 283.077, 0.184228
-46.9789, 283.077, 0.184413
-46.9698, 275.074, 0.195506
-47.9477, 859.92, 0.0602437
-47.9475, 859.92, 0.0603039
-47.477, 551.073, 0.147443
-12434.8, 92.4787, 5.29031
-12442.7, 92.4787, 5.2956
-47.4763, 550.895, 0.147539
-47.4751, 550.142, 0.147648
-47.4742, 550.142, 0.147796
-369.133, 225.784, 0.8838
-46.9753, 432.776, 0.238988
-46.9753, 432.776, 0.239227
-47.9647, 860.781, 0.0520453
-47.5939, 550.473, 0.127373
-47.5931, 550.473, 0.1275
-11220.4, 92.5297, 4.56934
-47.5901, 549.338, 0.127901
-47.5894, 549.338, 0.128029
-47.5836, 547.853, 0.128856
-249.209, 224.925, 0.767325
-249.904, 224.925, 0.768093
-47.0224, 429.058, 0.210419
-47.0392, 389.765, 0.25463
-47.0405, 389.765, 0.254885
-46.9747, 409.707, 0.230834
-48.0023, 859.92, 0.0262385
-48.0023, 859.92, 0.0262648
-47.8972, 550.738, 0.0641981
-5073.42, 92.1983, 2.30065
-5081.19, 92.1983, 2.30296
-47.1682, 348.243, 0.160825
-95.1388, 198.923, 0.492882
-95.3322, 198.923, 0.493376
-46.9816, 303.525, 0.211808
-46.9823, 316.854, 0.193944
-46.9819, 316.854, 0.194138
-46.9816, 303.525, 0.211808
-47.9975, 859.92, 0.0307094
-47.9975, 859.92, 0.0307401
-47.8555, 550.816, 0.0751423
-6380.35, 92.2632, 2.69362
-6389.05, 92.2632, 2.69631
-47.0868, 358.658, 0.17756
-84.9094, 217.24, 0.484061
-85.0663, 217.24, 0.484545
-47.0042, 319.186, 0.224304
-46.9827, 337.445, 0.200237
-46.9823, 337.445, 0.200437
-48.0054, 860.781, 0.0229378
-47.9243, 550.113, 0.0561182
-47.9241, 550.113, 0.0561743
-4073.86, 92.2272, 2.01055
-47.2508, 340.488, 0.146684
-47.2498, 340.488, 0.146831
-99.056, 186.92, 0.488506
-46.9696, 292.235, 0.199207
-46.9697, 292.235, 0.199406
-46.9703, 295.211, 0.195597
-46.9696, 292.235, 0.199207
-46.9697, 292.235, 0.199406
-47.8535, 860.781, 0.0944828
-47.0453, 550.668, 0.231272
-47.0445, 550.668, 0.231504
-14808.3, 92.694, 8.30249
-47.0451, 550.631, 0.231304
-47.0444, 550.631, 0.231535
-47.0441, 550.787, 0.231637
-968.995, 225.727, 1.38678
-971.366, 225.727, 1.38817
-48.2115, 445.709, 0.354364
-46.9795, 523.203, 0.256302
-46.9794, 523.203, 0.256558
-48.0143, 860.781, 0.00757597
-48.0052, 549.194, 0.0185194
-48.0052, 549.194, 0.018538
-358.579, 91.4601, 0.66128
-47.8674, 318.333, 0.0549244
-47.8671, 318.333, 0.0549794
-48.9671, 155.42, 0.229795
-47.489, 240.208, 0.0962842
-47.4882, 240.208, 0.0963805
-46.9622, 188.099, 0.157081
-46.9611, 185.851, 0.160572
-46.9612, 185.851, 0.160732
-47.9738, 860.781, 0.0470509
-47.6623, 550.437, 0.115146
-47.6616, 550.437, 0.115261
-10312.4, 92.4999, 4.13019
-47.2597, 455.787, 0.168127
-47.2587, 455.787, 0.168296
-47.0309, 414.091, 0.204219
-418.295, 195.517, 0.918403
-419.15, 195.517, 0.919322
-47.0965, 368.994, 0.257369
-46.9745, 393.778, 0.225448
-46.9744, 393.778, 0.225673
-48.0153, 860.781, 0.00151578
-48.0149, 550.212, 0.00370874
-48.0149, 550.212, 0.00371246
-47.0624, 92.3106, 0.132921
-48.0149, 549.767, 0.00371476
-48.0149, 549.767, 0.00371847
-47.7577, 149.352, 0.0506855
-46.9878, 102.692, 0.107147
-46.9871, 102.692, 0.107254
-47.9857, 860.781, 0.0396571
-47.7565, 550.374, 0.0970457
-47.756, 550.374, 0.0971428
-8718.02, 92.4464, 3.48015
-47.0688, 393.803, 0.1899
-47.0679, 393.803, 0.19009
-51.8093, 287.868, 0.356703
-46.9732, 367.161, 0.218542
-46.9732, 367.161, 0.218761
-46.9729, 366.058, 0.220306
-47.8797, 859.92, 0.086125
-47.8794, 859.92, 0.0862111
-47.1272, 551.19, 0.210809
-14536.7, 92.5766, 7.56707
-14540.3, 92.5766, 7.57464
-47.127, 551.133, 0.210852
-47.1219, 549.543, 0.211654
-47.121, 549.543, 0.211866
-777.294, 225.78, 1.26554
-47.5145, 446.855, 0.320647
-47.5195, 446.855, 0.320968
-46.9841, 508.77, 0.247589
-46.9772, 498.836, 0.257073
-46.9773, 498.836, 0.25733
-47.9964, 860.781, 0.0316614
-47.8457, 550.28, 0.0774727
-47.8454, 550.28, 0.0775502
-6646.35, 92.3673, 2.77729
-47.0727, 360.496, 0.180858
-47.0718, 360.496, 0.181039
-82.6087, 221.491, 0.481109
-47.0089, 322.225, 0.226485
-47.0098, 322.225, 0.226711
-46.982, 341.582, 0.201894
-48.0142, 859.92, 0.00796124
-48.0142, 859.92, 0.00796921
-48.0041, 549.788, 0.019462
-410.456, 91.4053, 0.69505
-411.571, 91.4053, 0.695745
-47.8532, 318.843, 0.0576743
-49.6648, 155.483, 0.240992
-49.6813, 155.483, 0.241233
-47.4881, 245.187, 0.0973739
-46.9613, 190.614, 0.160545
-46.9613, 190.614, 0.160706
-46.9613, 190.463, 0.161119
-47.9154, 859.92, 0.0735434
-47.9152, 859.92, 0.073617
-47.2865, 551.139, 0.180004
-13795.2, 92.5338, 6.46014
-13800.9, 92.5338, 6.4666
-47.2861, 551.048, 0.180064
-47.2852, 550.407, 0.180123
-47.2841, 550.407, 0.180304
-543.843, 225.905, 1.07871
-46.9897, 458.696, 0.259712
-46.9902, 458.696, 0.259972
-47.0082, 488.117, 0.229699
-46.9897, 458.696, 0.259712
-46.9902, 458.696, 0.259972
-48.0086, 954.93, 0.0199222
-47.9529, 610.08, 0.0487325
-47.9528, 610.08, 0.0487812
-2969.08, 102.146, 1.74479
-47.4051, 371.864, 0.131227
-47.4042, 371.864, 0.131359
-84.3943, 198.323, 0.462563
-47.0074, 314.186, 0.18386
-47.0067, 314.186, 0.184044
-46.9813, 295, 0.208983
-47.9542, 953.975, 0.0602437
-47.9541, 953.975, 0.0603039
-47.5208, 611.282, 0.147436
-12441.1, 102.539, 5.28889
-12449.5, 102.539, 5.29419
-47.5201, 611.066, 0.14754
-47.5188, 610.185, 0.147671
-47.518, 610.185, 0.147819
-324.123, 250.385, 0.883751
-46.9836, 478.881, 0.240122
-46.9833, 478.881, 0.240362
-46.9792, 465.918, 0.254223
-47.9695, 953.975, 0.0520453
-47.9694, 953.975, 0.0520974
-47.6305, 611.226, 0.127366
-11123.2, 102.492, 4.5681
-11132.7, 102.492, 4.57267
-47.3564, 536.272, 0.165584
-47.2329, 510.283, 0.182566
-47.2319, 510.283, 0.182748
-398.029, 228.92, 0.913224
-47.1247, 415.158, 0.276146
-47.1268, 415.158, 0.276422
-47.0693, 477.457, 0.209032
-46.9756, 443.532, 0.241851
-46.9756, 443.532, 0.242093
-48.0036, 954.93, 0.0262385
-47.9084, 610.277, 0.0641934
-47.9082, 610.277, 0.0642577
-4820.77, 102.311, 2.29982
-47.1879, 380.968, 0.164941
-47.1869, 380.968, 0.165106
-104.466, 212.636, 0.531366
-46.9836, 329.431, 0.220672
-46.9841, 329.431, 0.220893
-46.9864, 345.608, 0.200874
-46.9836, 329.431, 0.220672
-46.9841, 329.431, 0.220893
-47.9993, 954.93, 0.0307094
-47.8704, 610.37, 0.0751373
-47.8701, 610.37, 0.0752125
-6120.81, 102.389, 2.69273
-47.1005, 391.638, 0.182796
-47.0996, 391.638, 0.182978
-95.3685, 230.787, 0.528454
-47.0139, 345.368, 0.235162
-47.0149, 345.368, 0.235398
-46.9883, 368.613, 0.206803
-48.0064, 953.975, 0.0229378
-48.0064, 953.975, 0.0229607
-47.9331, 610.797, 0.0561138
-3855.01, 102.133, 2.00976
-3861.95, 102.133, 2.01177
-47.2774, 374.049, 0.149766
-105.118, 200.83, 0.519105
-105.346, 200.83, 0.519625
-46.9707, 318.9, 0.206106
-47.8686, 953.975, 0.0944828
-47.8683, 953.975, 0.0945773
-47.0893, 611.443, 0.23126
-15278.9, 102.674, 8.30024
-15282.5, 102.674, 8.30854
-47.0891, 611.388, 0.231301
-47.0858, 609.997, 0.231895
-47.0849, 609.997, 0.232127
-886.863, 250.511, 1.38737
-47.678, 498.212, 0.348183
-47.684, 498.212, 0.348532
-46.9835, 572.351, 0.264065
-46.9787, 563.198, 0.272206
-46.9787, 563.198, 0.272478
-48.0144, 954.93, 0.00757597
-48.0062, 609.149, 0.0185177
-48.0062, 609.149, 0.0185362
-321.178, 101.368, 0.660969
-47.8823, 353.49, 0.0547629
-47.882, 353.49, 0.0548177
-48.3143, 172.929, 0.228039
-47.4489, 256.165, 0.104025
-47.448, 256.165, 0.104129
-46.9647, 204.805, 0.162788
-47.9778, 953.975, 0.0470509
-47.9777, 953.975, 0.0470979
-47.6938, 611.185, 0.115139
-10160.4, 102.457, 4.12904
-10170.1, 102.457, 4.13317
-47.1366, 472.104, 0.193244
-47.23, 391.988, 0.280031
-47.233, 391.988, 0.280311
-46.9792, 431.96, 0.230943
-46.9751, 425.317, 0.237757
-46.9751, 425.317, 0.237995
-48.0153, 954.93, 0.00151578
-48.015, 610.567, 0.00370928
-48.015, 610.567, 0.00371299
-46.9963, 102.554, 0.133016
-48.015, 609.82, 0.0037184
-48.015, 609.82, 0.00372212
-47.7009, 155.569, 0.0576751
-46.9665, 110.03, 0.115281
-46.966, 110.03, 0.115396
-47.9886, 954.93, 0.0396571
-47.7802, 610.5, 0.09704
-47.7797, 610.5, 0.0971371
-8498.13, 102.498, 3.47913
-47.0497, 423.911, 0.201619
-47.0489, 423.911, 0.20182
-58.3711, 292.612, 0.424751
-46.9799, 391.646, 0.236296
-46.9803, 391.646, 0.236532
-47.8927, 954.93, 0.086125
-47.1778, 610.799, 0.210797
-47.1768, 610.799, 0.211008
-14905.3, 102.749, 7.56503
-47.1775, 610.725, 0.210849
-47.1765, 610.725, 0.21106
-47.1695, 609.278, 0.212281
-724.2, 249.956, 1.26725
-725.784, 249.956, 1.26851
-47.1879, 503.608, 0.311158
-46.9819, 549.944, 0.260238
-46.9817, 549.944, 0.260498
-46.9783, 542.783, 0.267712
-47.9983, 953.975, 0.0316614
-47.9982, 953.975, 0.0316931
-47.8618, 610.998, 0.0774676
-6394.26, 102.301, 2.77639
-6403.22, 102.301, 2.77917
-47.0861, 394.289, 0.186331
-93.2265, 234.557, 0.526493
-93.414, 234.557, 0.52702
-47.0198, 349.141, 0.237744
-46.9871, 372.386, 0.208521
-46.9866, 372.386, 0.20873
-48.0143, 954.93, 0.00796124
-48.0052, 609.189, 0.0194601
-48.0052, 609.189, 0.0194795
-365.873, 101.402, 0.694699
-47.8688, 353.461, 0.0575782
-47.8685, 353.461, 0.0576358
-48.8821, 172.864, 0.239968
-47.4875, 265.999, 0.101459
-47.4866, 265.999, 0.101561
-46.9645, 208.696, 0.164864
-46.9633, 206.052, 0.168771
-46.9634, 206.052, 0.16894
-47.9251, 954.93, 0.0735434
-47.3379, 610.744, 0.179995
-47.337, 610.744, 0.180175
-13987.4, 102.702, 6.45842
-47.3375, 610.631, 0.180062
-47.3365, 610.631, 0.180242
-47.3375, 611.128, 0.180129
-523.895, 250.278, 1.07859
-524.84, 250.278, 1.07966
-47.0283, 536.841, 0.233643
-46.988, 499.718, 0.269241
-46.9885, 499.718, 0.26951
-46.9791, 514.342, 0.254606
-47.9844, 206.487, 0.0199222
-47.9843, 206.487, 0.0199421
-47.7475, 132.533, 0.0487967
-4887.52, 22.3812, 1.75631
-4892.04, 22.3812, 1.75806
-47.6389, 122.914, 0.0568008
-47.5876, 119.277, 0.060225
-47.5869, 119.277, 0.0602853
-110.782, 51.7193, 0.325229
-47.0498, 95.0225, 0.0952343
-47.049, 95.0225, 0.0953296
-49.205, 72.5004, 0.164625
-46.9451, 88.9053, 0.108905
-46.9448, 88.9053, 0.109014
-46.9411, 87.7754, 0.111975
-47.7516, 206.487, 0.0602437
-47.7511, 206.487, 0.0603039
-46.9872, 132.672, 0.147635
-47.4812, 175.922, 0.0832856
-47.4803, 175.922, 0.0833689
-46.9578, 139.066, 0.134234
-47.8145, 206.487, 0.0520453
-47.8141, 206.487, 0.0520974
-46.9658, 132.651, 0.127534
-6389.16, 22.4809, 4.59835
-6386.35, 22.4809, 4.60295
-46.9657, 132.646, 0.127544
-46.9653, 132.486, 0.127598
-46.9649, 132.486, 0.127726
-792.607, 54.6293, 0.76599
-49.0143, 107.579, 0.194362
-49.0276, 107.579, 0.194556
-46.9523, 129.138, 0.134643
-47.962, 206.487, 0.0262385
-47.9619, 206.487, 0.0262648
-47.5779, 132.561, 0.0642744
-6014.65, 22.4049, 2.31436
-6017.99, 22.4049, 2.31667
-47.5773, 132.52, 0.0643147
-47.5764, 132.347, 0.064355
-47.5756, 132.347, 0.0644194
-153.987, 54.5082, 0.385928
-47.0033, 103.679, 0.105299
-47.0025, 103.679, 0.105404
-47.0319, 93.1259, 0.13102
-46.9449, 98.4833, 0.116806
-46.9448, 98.4833, 0.116922
-47.9427, 206.694, 0.0307094
-47.4471, 132.447, 0.0752314
-47.4462, 132.447, 0.0753067
-6479.24, 22.4425, 2.70962
-47.4466, 132.417, 0.075266
-47.4457, 132.417, 0.0753413
-47.4465, 132.519, 0.0753006
-223.84, 54.4804, 0.451704
-224.298, 54.4804, 0.452156
-46.9663, 107.849, 0.114107
-46.9529, 102.898, 0.125204
-46.9533, 102.898, 0.125329
-47.9744, 206.694, 0.0229378
-47.6693, 132.415, 0.0561858
-47.6687, 132.415, 0.056242
-5503.79, 22.4153, 2.02268
-47.6685, 132.343, 0.056247
-47.6678, 132.343, 0.0563033
-47.6678, 132.392, 0.0563189
-114.84, 54.4212, 0.337513
-115.071, 54.4212, 0.337851
-47.1227, 103.696, 0.0921697
-49.0672, 77.0289, 0.167512
-49.0808, 77.0289, 0.16768
-46.9559, 95.2655, 0.109357
-46.9431, 92.6283, 0.115493
-46.9431, 92.6283, 0.115608
-47.4398, 206.694, 0.0944828
-50.2825, 132.553, 0.231554
-50.302, 132.553, 0.231786
-47.0709, 178.295, 0.127396
-47.0618, 155.243, 0.168219
-47.0635, 155.243, 0.168388
-46.9811, 169.889, 0.140467
-48.0108, 206.487, 0.00757597
-48.0108, 206.487, 0.00758355
-47.9738, 132.443, 0.01855
-1102.62, 22.3047, 0.666751
-1104.94, 22.3047, 0.667418
-47.5548, 79.6614, 0.0515867
-60.7407, 41.3303, 0.192763
-60.785, 41.3303, 0.192956
-47.1858, 68.198, 0.0705174
-46.9283, 59.677, 0.0920541
-46.9282, 59.677, 0.0921462
-46.9271, 59.2402, 0.093613
-47.8494, 206.487, 0.0470509
-47.8491, 206.487, 0.0470979
-47.0293, 132.636, 0.115289
-6627.26, 22.4684, 4.15593
-6625.45, 22.4684, 4.16009
-47.0292, 132.625, 0.115309
-47.0268, 132.363, 0.115537
-47.026, 132.363, 0.115652
-626.235, 54.5889, 0.692937
-47.8657, 108.175, 0.173688
-47.8729, 108.175, 0.173862
-46.9539, 125.611, 0.128686
-48.0152, 206.487, 0.00151578
-48.0152, 206.487, 0.00151729
-48.0137, 132.149, 0.00370731
-53.5181, 22.0585, 0.132665
-53.5476, 22.0585, 0.132798
-47.9869, 74.8545, 0.011551
-47.1699, 35.2601, 0.0519334
-47.1689, 35.2601, 0.0519854
-47.0069, 28.6812, 0.0786393
-46.9742, 32.5531, 0.0609271
-46.9733, 32.5531, 0.060988
-47.8959, 206.694, 0.0396571
-47.1927, 132.48, 0.0971632
-47.1916, 132.48, 0.0972604
-6790.91, 22.4704, 3.50127
-47.1923, 132.461, 0.097191
-47.1913, 132.461, 0.0972883
-47.1769, 131.785, 0.0983992
-416.41, 54.363, 0.58696
-417.485, 54.363, 0.587547
-47.3255, 105.182, 0.155136
-46.9583, 118.225, 0.122272
-46.9579, 118.225, 0.122395
-46.9495, 115.641, 0.128111
-47.5199, 206.487, 0.086125
-47.5191, 206.487, 0.0862111
-48.826, 132.698, 0.211081
-47.0986, 173.768, 0.122091
-47.0976, 173.768, 0.122213
-46.9666, 155.495, 0.153169
-47.9382, 206.487, 0.0316614
-47.938, 206.487, 0.0316931
-47.4195, 132.583, 0.0775646
-6544.29, 22.4232, 2.79381
-6546.48, 22.4232, 2.79661
-47.419, 132.554, 0.0775984
-47.418, 132.393, 0.0776323
-47.4171, 132.393, 0.0777099
-238.432, 54.5401, 0.465715
-46.9503, 107.136, 0.119002
-46.9501, 107.136, 0.119121
-46.9474, 105.394, 0.123252
-48.0104, 206.487, 0.00796124
-48.0104, 206.487, 0.00796921
-47.9695, 132.448, 0.0194937
-1223.29, 22.3093, 0.700729
-1225.82, 22.3093, 0.70143
-47.5203, 79.8749, 0.0539308
-62.3163, 41.6392, 0.199627
-62.3666, 41.6392, 0.199827
-47.1403, 68.3667, 0.0737547
-46.9334, 59.5789, 0.0970838
-46.9337, 59.5789, 0.0971809
-46.9348, 61.5761, 0.0910349
-46.9334, 59.5789, 0.0970838
-46.9337, 59.5789, 0.0971809
-47.6378, 206.694, 0.0735434
-47.5175, 132.562, 0.180243
-47.5226, 132.562, 0.180423
-47.5427, 196.276, 0.0816535
-46.9702, 152.441, 0.135867
-46.9698, 152.441, 0.136003
-48.0029, 518.677, 0.0199222
-47.9023, 331.684, 0.0487555
-47.9021, 331.684, 0.0488043
-4138.97, 55.7447, 1.74891
-47.181, 208.968, 0.123187
-47.1799, 208.968, 0.12331
-92.164, 118.711, 0.383837
-46.9655, 181.767, 0.162956
-46.9659, 181.767, 0.163119
-46.968, 187.821, 0.152896
-46.9655, 181.767, 0.162956
-46.9659, 181.767, 0.163119
-47.9047, 518.677, 0.0602437
-47.2322, 331.931, 0.147489
-47.2312, 331.931, 0.147636
-11404.1, 55.9528, 5.29845
-47.2319, 331.886, 0.147529
-47.2308, 331.886, 0.147676
-47.19, 326.787, 0.1525
-534.25, 135.086, 0.898895
-535.654, 135.086, 0.899795
-47.3526, 261.292, 0.239089
-46.9783, 293.838, 0.188447
-46.978, 293.838, 0.188636
-46.9693, 287.311, 0.197549
-47.932, 518.159, 0.0520453
-47.9318, 518.159, 0.0520974
-47.3799, 332.23, 0.127411
-10818.6, 55.8694, 4.57628
-10823.3, 55.8694, 4.58086
-47.3794, 332.164, 0.127462
-47.3784, 331.766, 0.127513
-47.3775, 331.766, 0.127641
-350.775, 136.282, 0.763894
-46.9797, 265.936, 0.19889
-46.9802, 265.936, 0.199089
-47.0214, 286.357, 0.171755
-46.9681, 271.59, 0.190656
-46.9681, 271.59, 0.190847
-47.9938, 518.677, 0.0262385
-47.8238, 331.751, 0.06422
-47.8234, 331.751, 0.0642842
-6092.06, 55.8013, 2.30457
-47.0837, 224.297, 0.140897
-47.0828, 224.297, 0.141038
-62.9427, 146.807, 0.330585
-46.9662, 203.658, 0.171024
-46.9665, 203.658, 0.171195
-46.9649, 208.066, 0.164157
-47.9859, 518.159, 0.0307094
-47.9858, 518.159, 0.0307401
-47.7586, 332.118, 0.0751665
-7295.38, 55.7748, 2.69796
-7303.14, 55.7748, 2.70066
-47.1222, 242.967, 0.140798
-48.7212, 184.503, 0.24421
-48.733, 184.503, 0.244454
-46.9746, 224.495, 0.165025
-46.9643, 219.016, 0.173072
-46.9643, 219.016, 0.173245
-47.9989, 518.677, 0.0229378
-47.867, 331.719, 0.0561385
-47.8667, 331.719, 0.0561946
-5101.68, 55.7746, 2.01418
-47.1176, 215.598, 0.133289
-47.1166, 215.598, 0.133422
-78.6759, 130.325, 0.366769
-46.972, 191.333, 0.169378
-46.9725, 191.333, 0.169547
-46.9692, 198.822, 0.157132
-47.7549, 518.159, 0.0944828
-47.7545, 518.159, 0.0945773
-47.0154, 332.364, 0.231348
-47.5216, 448.572, 0.126292
-47.5207, 448.572, 0.126418
-46.9779, 350.89, 0.207427
-48.0135, 518.159, 0.00757597
-48.0135, 518.159, 0.00758355
-47.9986, 331.631, 0.0185299
-561.95, 55.3671, 0.663152
-563.424, 55.3671, 0.663815
-47.7839, 193.577, 0.0543773
-53.2296, 95.3859, 0.223464
-53.2621, 95.3859, 0.223688
-47.3946, 154.126, 0.0857726
-46.9788, 120.482, 0.140073
-46.9796, 120.482, 0.140213
-47.0548, 134.479, 0.112662
-46.9788, 120.482, 0.140073
-46.9796, 120.482, 0.140213
-47.947, 518.677, 0.0470509
-47.4726, 331.876, 0.115181
-47.4717, 331.876, 0.115296
-10286.4, 55.9069, 4.13644
-47.472, 331.786, 0.115243
-47.4711, 331.786, 0.115359
-47.4718, 332.028, 0.115306
-278.333, 136.109, 0.690621
-278.943, 136.109, 0.691312
-46.9865, 268.81, 0.176272
-46.9746, 256.434, 0.193395
-46.9749, 256.434, 0.193589
-48.0153, 518.677, 0.00151578
-48.0147, 331.068, 0.00370611
-48.0147, 331.068, 0.00370982
-48.1278, 55.2289, 0.132449
-48.0007, 178.557, 0.0127081
-48.0007, 178.557, 0.0127208
-47.4383, 82.0885, 0.0600528
-46.9334, 65.2205, 0.0948522
-46.9332, 65.2205, 0.0949471
-47.9665, 518.677, 0.0396571
-47.6083, 331.84, 0.0970754
-47.6076, 331.84, 0.0971725
-9192.29, 55.8762, 3.48547
-47.6073, 331.649, 0.0971876
-47.6066, 331.649, 0.0972848
-47.6061, 331.702, 0.0973519
-199.981, 136.004, 0.58251
-200.318, 136.004, 0.583093
-47.2413, 282.065, 0.134824
-46.9665, 244.338, 0.179542
-46.9664, 244.338, 0.179721
-47.7963, 518.677, 0.086125
-46.9714, 332.013, 0.210877
-46.9715, 332.013, 0.211088
-47.9841, 518.677, 0.0316614
-47.7434, 331.792, 0.0774974
-47.7429, 331.792, 0.077575
-7530.14, 55.8361, 2.78174
-47.1743, 250.93, 0.135798
-47.1733, 250.93, 0.135934
-47.3297, 201.973, 0.210401
-46.9725, 226.486, 0.166831
-46.9722, 226.486, 0.166998
-46.9645, 221.831, 0.174286
-48.0134, 518.159, 0.00796124
-48.0134, 518.159, 0.00796921
-47.9968, 331.658, 0.019473
-628.263, 55.3894, 0.697016
-629.695, 55.3894, 0.697713
-47.7785, 196.52, 0.055468
-51.7678, 99.3726, 0.216527
-51.7939, 99.3726, 0.216744
-47.3843, 156.578, 0.0873802
-46.9669, 123.907, 0.139262
-46.9674, 123.907, 0.139401
-47.0202, 134.946, 0.117645
-46.9669, 123.907, 0.139262
-46.9674, 123.907, 0.139401
-47.8529, 518.677, 0.0735434
-47.0419, 331.977, 0.180062
-47.0411, 331.977, 0.180242
-11753, 55.9914, 6.47038
-47.0418, 331.954, 0.180086
-47.041, 331.954, 0.180266
-47.0407, 332.042, 0.180353
-860.921, 136.214, 1.08026
-863.192, 136.214, 1.08134
-48.43, 265.547, 0.282693
-46.9723, 314.815, 0.200348
-46.9722, 314.815, 0.200549
-47.7774, 23.8626, 0.0199222
-46.8629, 15.5732, 0.0492383
-46.8624, 15.5732, 0.0492875
-312.6, 2.83918, 1.83723
-46.8624, 15.5666, 0.0492827
-46.8619, 15.5666, 0.049332
-46.8599, 15.546, 0.049527
-346.047, 6.63699, 0.30165
-346.756, 6.63699, 0.301952
-47.3589, 13.1161, 0.0710743
-46.8438, 15.0584, 0.052885
-46.8439, 15.0584, 0.0529379
-46.885, 23.8626, 0.0602437
-61.806, 13.638, 0.138094
-61.8651, 13.638, 0.138232
-46.9753, 21.6831, 0.0694547
-46.8779, 23.3461, 0.0621419
-46.8779, 23.3461, 0.0622041
-46.9771, 23.8626, 0.0520453
-56.6642, 15.3257, 0.127643
-56.6993, 15.3257, 0.12777
-46.8764, 22.3109, 0.0596597
-47.6245, 23.8388, 0.0262385
-47.6238, 23.8388, 0.0262648
-47.0453, 15.6038, 0.0648785
-47.2963, 20.6173, 0.0357529
-47.2952, 20.6173, 0.0357887
-46.8536, 16.9698, 0.0542537
-47.5048, 23.8388, 0.0307094
-47.504, 23.8388, 0.0307401
-47.4607, 15.6081, 0.0759432
-47.3076, 21.9979, 0.0364512
-47.3066, 21.9979, 0.0364877
-46.8589, 18.0666, 0.0555906
-47.7073, 23.8388, 0.0229378
-47.7068, 23.8388, 0.0229607
-46.8682, 15.597, 0.0567053
-47.2836, 19.4815, 0.0352478
-47.2825, 19.4815, 0.0352831
-46.8495, 16.1127, 0.0529119
-48.2894, 23.8388, 0.0944828
-48.299, 23.8388, 0.0945773
-47.4886, 34.5447, 0.0373137
-47.9783, 23.8388, 0.00757597
-47.9783, 23.8388, 0.00758355
-47.7107, 15.543, 0.0186982
-544.969, 2.79487, 0.693813
-545.137, 2.79487, 0.694507
-47.7096, 15.531, 0.0187286
-47.7083, 15.5034, 0.0187592
-47.7077, 15.5034, 0.018778
-62.4366, 6.58915, 0.114085
-47.1519, 12.0404, 0.0319579
-47.1507, 12.0404, 0.0319898
-47.0265, 9.09795, 0.0578037
-46.894, 10.9339, 0.0391566
-46.8932, 10.9339, 0.0391957
-46.818, 10.0455, 0.0469117
-47.0754, 23.8388, 0.0470509
-47.0744, 23.8388, 0.0470979
-53.2888, 15.5016, 0.115978
-46.8712, 21.2556, 0.0598059
-46.8713, 21.2556, 0.0598657
-48.0138, 23.8626, 0.00151578
-48.0017, 15.4987, 0.00373777
-48.0017, 15.4987, 0.00374151
-82.7652, 2.77183, 0.138205
-47.8522, 9.40062, 0.0106607
-47.8518, 9.40062, 0.0106714
-46.7616, 4.94511, 0.0410684
-47.0918, 6.13481, 0.0260817
-47.0911, 6.13481, 0.0261078
-46.7587, 5.00022, 0.0401253
-46.7609, 5.02956, 0.0395532
-46.7608, 5.02956, 0.0395927
-46.7587, 5.00022, 0.0401253
-47.2588, 23.8388, 0.0396571
-47.2577, 23.8388, 0.0396968
-49.5841, 15.5873, 0.0980089
-46.8995, 20.6729, 0.0536782
-46.8989, 20.6729, 0.053732
-47.5882, 23.8626, 0.086125
-47.5636, 34.462, 0.0339942
-47.5628, 34.462, 0.0340282
-47.479, 23.8626, 0.0316614
-47.5947, 15.5925, 0.0782974
-47.5995, 15.5925, 0.0783757
-46.9033, 19.0623, 0.0511175
-47.9745, 23.8388, 0.00796124
-47.9745, 23.8388, 0.00796921
-47.6824, 15.5446, 0.01965
-552.489, 2.79634, 0.729279
-552.609, 2.79634, 0.730008
-47.6813, 15.5329, 0.0196814
-47.6799, 15.5056, 0.0197129
-47.6793, 15.5056, 0.0197326
-65.6383, 6.59133, 0.119901
-47.1032, 12.0703, 0.0334221
-47.102, 12.0703, 0.0334556
-47.1554, 9.10875, 0.0606285
-46.8182, 10.4083, 0.0456733
-46.8181, 10.4083, 0.045719
-47.0136, 23.8626, 0.0735434
-47.6712, 33.8909, 0.0288414
-47.6706, 33.8909, 0.0288703
-46.9112, 25.8733, 0.059302
-48.0019, 479.41, 0.0199222
-48.0019, 479.41, 0.0199421
-47.8936, 307.223, 0.0487583
-4272.2, 51.5546, 1.74942
-4278.7, 51.5546, 1.75117
-47.1641, 195.258, 0.121087
-87.4016, 112.627, 0.364591
-87.5639, 112.627, 0.364956
-46.9646, 170.79, 0.158412
-46.9661, 176.167, 0.148559
-46.9658, 176.167, 0.148708
-46.9646, 170.79, 0.158412
-47.8959, 479.41, 0.0602437
-47.8957, 479.41, 0.0603039
-47.1931, 307.452, 0.147497
-11092.3, 51.7468, 5.29997
-11094.6, 51.7468, 5.30527
-47.1928, 307.414, 0.147534
-47.181, 305.76, 0.148843
-47.18, 305.76, 0.148992
-557.731, 125.912, 0.888179
-47.4218, 243.58, 0.235126
-47.4262, 243.58, 0.235361
-46.9785, 276.624, 0.182418
-46.9683, 269.596, 0.19172
-46.9683, 269.596, 0.191912
-47.9255, 479.89, 0.0520453
-47.3416, 307.113, 0.127418
-47.3406, 307.113, 0.127546
-10619.6, 51.7722, 4.57755
-47.3411, 307.055, 0.127466
-47.3401, 307.055, 0.127594
-47.3411, 307.305, 0.127514
-376.172, 126.008, 0.764005
-377.126, 126.008, 0.76477
-47.0175, 244.982, 0.201124
-47.071, 275.601, 0.158401
-47.0702, 275.601, 0.15856
-46.967, 255.564, 0.184731
-47.9921, 479.41, 0.0262385
-47.992, 479.41, 0.0262648
-47.8095, 307.283, 0.0642234
-6202.04, 51.605, 2.3052
-6209.45, 51.605, 2.30751
-47.089, 211.46, 0.136023
-57.2826, 143.07, 0.29748
-57.3324, 143.07, 0.297777
-46.9616, 193.444, 0.162655
-47.9835, 479.41, 0.0307094
-47.9835, 479.41, 0.0307401
-47.7396, 307.315, 0.0751705
-7366.14, 51.6316, 2.69869
-7373.61, 51.6316, 2.70139
-47.1758, 233.277, 0.130766
-47.2693, 188.488, 0.20026
-47.2727, 188.488, 0.200461
-46.9697, 209.963, 0.161564
-46.963, 205.679, 0.168057
-46.9631, 205.679, 0.168225
-47.9975, 479.89, 0.0229378
-47.8557, 306.947, 0.0561416
-47.8554, 306.947, 0.0561978
-5228.44, 51.6328, 2.01475
-47.108, 201.833, 0.130254
-47.1071, 201.833, 0.130385
-72.6276, 124.895, 0.342068
-46.9674, 180.331, 0.163305
-46.9677, 180.331, 0.163468
-46.9654, 186.124, 0.153569
-47.7357, 479.41, 0.0944828
-47.7352, 479.41, 0.0945773
-47.0619, 307.548, 0.231362
-47.5584, 429.289, 0.118001
-47.5576, 429.289, 0.118119
-46.9822, 331.684, 0.198722
-48.0134, 479.41, 0.00757597
-48.0134, 479.41, 0.00758355
-47.9972, 306.885, 0.0185315
-592.61, 51.2718, 0.663444
-593.996, 51.2718, 0.664107
-47.7798, 181.262, 0.0531393
-51.9839, 91.1425, 0.209864
-52.0109, 91.1425, 0.210074
-47.3859, 144.352, 0.0838023
-46.9661, 113.948, 0.134245
-46.9667, 113.948, 0.134379
-47.0232, 124.561, 0.112561
-46.9661, 113.948, 0.134245
-46.9667, 113.948, 0.134379
-47.9416, 479.89, 0.0470509
-47.438, 307.092, 0.115187
-47.4371, 307.092, 0.115302
-10151.6, 51.7545, 4.13758
-47.4375, 307.017, 0.115244
-47.4365, 307.017, 0.115359
-47.4373, 307.248, 0.115301
-294.014, 125.975, 0.6907
-294.706, 125.975, 0.691391
-46.9668, 246.234, 0.179923
-48.0153, 479.41, 0.00151578
-48.0153, 479.41, 0.00151729
-48.0146, 306.586, 0.00370593
-48.4576, 51.0229, 0.132417
-48.468, 51.0229, 0.132549
-48.001, 168.602, 0.0122196
-47.4364, 76.9633, 0.0583102
-47.4355, 76.9633, 0.0583686
-46.9296, 61.0626, 0.0927162
-47.9626, 479.41, 0.0396571
-47.9625, 479.41, 0.0396968
-47.5806, 307.365, 0.0970806
-9156.81, 51.6738, 3.48641
-9163.05, 51.6738, 3.48989
-47.5799, 307.244, 0.0971574
-47.5787, 306.795, 0.0972477
-47.5779, 306.795, 0.097345
-204.258, 126.036, 0.582276
-47.1186, 252.34, 0.144015
-47.1176, 252.34, 0.144159
-47.4233, 205.879, 0.217205
-46.9714, 232.471, 0.169817
-46.9711, 232.471, 0.169986
-46.965, 228.444, 0.17624
-47.7797, 479.41, 0.086125
-47.7793, 479.41, 0.0862111
-46.9773, 307.53, 0.21089
-47.9815, 479.41, 0.0316614
-47.9815, 479.41, 0.0316931
-47.7238, 307.321, 0.0775016
-7592.47, 51.6366, 2.78248
-7599.79, 51.6366, 2.78526
-47.2653, 244.49, 0.122697
-46.9669, 211.423, 0.163956
-46.9667, 211.423, 0.16412
-329.13, 104.59, 0.675429
-48.0582, 180.22, 0.225958
-48.0665, 180.22, 0.226184
-46.9632, 208.902, 0.168293
-48.0132, 479.41, 0.00796124
-48.0132, 479.41, 0.00796921
-47.9953, 306.91, 0.0194747
-666.576, 51.2924, 0.697323
-668.175, 51.2924, 0.69802
-47.7546, 180.917, 0.0560797
-53.9593, 90.6496, 0.223109
-53.9948, 90.6496, 0.223332
-47.3526, 145.285, 0.0869833
-46.9944, 114.641, 0.13946
-46.9954, 114.641, 0.1396
-47.0584, 129.214, 0.109981
-46.9944, 114.641, 0.13946
-46.9954, 114.641, 0.1396
-47.8405, 479.89, 0.0735434
-47.0134, 307.188, 0.180072
-47.0127, 307.188, 0.180252
-11284.9, 51.8356, 6.47232
-47.0133, 307.171, 0.180093
-47.0126, 307.171, 0.180273
-47.0128, 307.328, 0.18027
-900.158, 126.09, 1.08017
-902.079, 126.09, 1.08125
-47.8651, 256.055, 0.260258
-46.9703, 294.955, 0.195413
-46.9702, 294.955, 0.195609
-48.0069, 767.017, 0.0199222
-47.938, 490.201, 0.0487411
-47.9378, 490.201, 0.0487898
-3396.68, 82.1908, 1.74633
-47.3182, 301.296, 0.129203
-47.3172, 301.296, 0.129332
-91.7091, 163.207, 0.442005
-46.9737, 256.836, 0.17789
-46.9734, 256.836, 0.178068
-46.9674, 251.374, 0.186088
-47.9396, 766.25, 0.0602437
-47.9394, 766.25, 0.0603039
-47.4254, 491.107, 0.147453
-12343.6, 82.4565, 5.29195
-12350.6, 82.4565, 5.29724
-47.4247, 490.968, 0.147536
-47.4236, 490.34, 0.147619
-47.4227, 490.34, 0.147767
-384.045, 201.278, 0.883851
-47.045, 419.643, 0.201788
-47.0443, 419.643, 0.20199
-47.011, 380.99, 0.245482
-46.9805, 401.147, 0.220901
-46.9802, 401.147, 0.221122
-47.9586, 767.017, 0.0520453
-47.5504, 490.572, 0.127381
-47.5497, 490.572, 0.127508
-11259.2, 82.5021, 4.57077
-47.5497, 490.379, 0.127481
-47.5489, 490.379, 0.127609
-47.5491, 490.621, 0.127611
-282.819, 200.988, 0.763728
-283.611, 200.988, 0.764492
-46.9964, 384.767, 0.207845
-46.9895, 362.985, 0.233167
-46.9901, 362.985, 0.2334
-48.0008, 767.017, 0.0262385
-47.8832, 490.333, 0.0642031
-47.883, 490.333, 0.0642673
-5340.6, 82.3017, 2.30155
-47.1342, 313.056, 0.157818
-47.1332, 313.056, 0.157976
-91.8716, 182.636, 0.465728
-46.9881, 274.825, 0.204898
-46.9887, 274.825, 0.205103
-46.9822, 289.456, 0.185036
-47.9954, 766.25, 0.0307094
-47.9953, 766.25, 0.0307401
-47.837, 490.888, 0.0751477
-6644.79, 82.2728, 2.69459
-6653.39, 82.2728, 2.69729
-47.073, 325.115, 0.171684
-74.9909, 203.78, 0.437173
-75.1106, 203.78, 0.43761
-46.9933, 292.367, 0.212413
-46.9774, 306.229, 0.193185
-46.9771, 306.229, 0.193378
-48.0042, 767.017, 0.0229378
-47.9135, 490.273, 0.056123
-47.9133, 490.273, 0.0561791
-4330.53, 82.2509, 2.0114
-47.2234, 307.25, 0.14315
-47.2224, 307.25, 0.143293
-92.0608, 172.784, 0.454537
-46.9685, 265.775, 0.191417
-46.9686, 265.775, 0.191608
-46.9698, 269.915, 0.185951
-46.9685, 265.775, 0.191417
-46.9686, 265.775, 0.191608
-47.8347, 767.017, 0.0944828
-47.0059, 490.748, 0.231287
-47.0053, 490.748, 0.231519
-14177.1, 82.6507, 8.30518
-47.0058, 490.726, 0.231309
-47.0052, 490.726, 0.23154
-47.0056, 491.052, 0.231464
-1083.12, 201.258, 1.38649
-1085.85, 201.258, 1.38788
-48.9293, 395.626, 0.357299
-46.9765, 472.899, 0.249161
-46.9765, 472.899, 0.249411
-48.0141, 767.017, 0.00757597
-48.004, 489.491, 0.0185217
-48.0039, 489.491, 0.0185402
-404.3, 81.5971, 0.661686
-47.8714, 292.077, 0.0518814
-47.8711, 292.077, 0.0519333
-47.6825, 149.924, 0.196621
-47.85, 283.69, 0.0549862
-47.8497, 283.69, 0.0550412
-47.0767, 185.184, 0.129016
-46.9599, 168.966, 0.154588
-46.96, 168.966, 0.154742
-47.9688, 767.017, 0.0470509
-47.6246, 490.541, 0.115153
-47.6239, 490.541, 0.115268
-10426.5, 82.4762, 4.13149
-47.5724, 476.562, 0.122032
-47.5717, 476.562, 0.122154
-47.5411, 469.323, 0.126091
-248.429, 196.547, 0.721765
-249.117, 196.547, 0.722487
-46.9991, 370.356, 0.202809
-46.9911, 348.005, 0.229334
-46.9918, 348.005, 0.229564
-48.0153, 767.017, 0.00151578
-48.0149, 490.114, 0.00370813
-48.0149, 490.114, 0.00371184
-47.1822, 82.1182, 0.13281
-48.0149, 489.831, 0.00371243
-48.0149, 489.831, 0.00371614
-47.7825, 138.989, 0.0463136
-47.0065, 94.509, 0.100041
-47.0058, 94.509, 0.100141
-47.9822, 767.017, 0.0396571
-47.7277, 490.487, 0.0970521
-47.7272, 490.487, 0.0971492
-8920.05, 82.4305, 3.48129
-47.1301, 368.786, 0.171979
-47.1291, 368.786, 0.172151
-47.7027, 294.101, 0.271339
-46.9805, 340.089, 0.202329
-46.9801, 340.089, 0.202531
-46.9715, 332.976, 0.211516
-47.8638, 766.25, 0.086125
-47.8635, 766.25, 0.0862111
-47.0742, 491.213, 0.210822
-14029.8, 82.5455, 7.56949
-14031.7, 82.5455, 7.57706
-47.074, 491.174, 0.210855
-47.0714, 490.186, 0.211286
-47.0706, 490.186, 0.211497
-859.399, 201.354, 1.26464
-47.9936, 395.08, 0.325875
-48.0015, 395.08, 0.326201
-46.9802, 461.921, 0.238538
-47.9941, 766.25, 0.0316614
-47.9941, 766.25, 0.0316931
-47.8264, 490.899, 0.0774782
-6909.76, 82.2822, 2.77828
-6918.5, 82.2822, 2.78106
-47.0641, 327.779, 0.174152
-71.5995, 208.85, 0.429123
-71.7065, 208.85, 0.429553
-46.9918, 296.293, 0.213245
-46.9763, 309.5, 0.194998
-46.976, 309.5, 0.195193
-48.014, 767.017, 0.00796124
-48.0028, 489.531, 0.0194644
-48.0027, 489.531, 0.0194839
-449.483, 81.6302, 0.695477
-47.8518, 290.134, 0.0552751
-47.8515, 290.134, 0.0553304
-48.4693, 147.133, 0.214672
-47.4132, 216.182, 0.0994219
-47.4123, 216.182, 0.0995214
-46.9599, 174.579, 0.152604
-46.9593, 173.289, 0.15457
-46.9594, 173.289, 0.154725
-47.9037, 767.017, 0.0735434
-47.2273, 490.675, 0.180016
-47.2263, 490.675, 0.180196
-13494.2, 82.5888, 6.46217
-47.227, 490.608, 0.180065
-47.2259, 490.608, 0.180245
-47.2037, 486.564, 0.183452
-599.885, 200.261, 1.0888
-601.295, 200.261, 1.08989
-47.1929, 395.816, 0.27769
-47.0671, 459.315, 0.20555
-47.0662, 459.315, 0.205755
-46.9751, 427.454, 0.237953
-48.002, 481.849, 0.0199222
-48.0019, 481.849, 0.0199421
-47.8942, 308.783, 0.0487581
-4263.77, 51.8147, 1.74939
-4270.26, 51.8147, 1.75114
-47.1656, 196.165, 0.121188
-87.5336, 113.055, 0.365506
-87.6963, 113.055, 0.365872
-46.9645, 171.53, 0.158644
-46.9661, 176.863, 0.14889
-46.9658, 176.863, 0.149039
-46.9645, 171.53, 0.158644
-47.8965, 481.849, 0.0602437
-47.8963, 481.849, 0.0603039
-47.1957, 309.013, 0.147497
-11113.8, 52.008, 5.29987
-11116.1, 52.008, 5.30517
-47.1953, 308.974, 0.147534
-47.183, 307.238, 0.148916
-47.1819, 307.238, 0.149065
-555.117, 126.534, 0.888388
-47.4127, 244.785, 0.235185
-47.417, 244.785, 0.235421
-46.9785, 277.737, 0.182801
-46.9683, 270.693, 0.192107
-46.9684, 270.693, 0.192299
-47.926, 482.331, 0.0520453
-47.3441, 308.673, 0.127418
-47.3431, 308.673, 0.127545
-10632.6, 52.0335, 4.57747
-47.3436, 308.615, 0.127466
-47.3426, 308.615, 0.127594
-47.3436, 308.865, 0.127515
-374.383, 126.646, 0.763999
-375.329, 126.646, 0.764763
-47.0142, 246.294, 0.201011
-47.0688, 276.44, 0.159048
-47.0679, 276.44, 0.159207
-46.9671, 256.601, 0.185107
-47.9922, 481.849, 0.0262385
-47.9921, 481.849, 0.0262648
-47.8105, 308.844, 0.0642232
-6195.2, 51.8657, 2.30516
-6202.62, 51.8657, 2.30747
-47.0876, 212.189, 0.136465
-57.7676, 143.103, 0.300371
-57.8194, 143.103, 0.300671
-46.9618, 194.01, 0.163353
-47.9837, 481.849, 0.0307094
-47.9836, 481.849, 0.0307401
-47.7409, 308.876, 0.0751703
-7361.6, 51.8924, 2.69864
-7369.11, 51.8924, 2.70134
-47.1928, 235.784, 0.129296
-47.1577, 192.201, 0.194531
-47.1602, 192.201, 0.194725
-47.05, 222.175, 0.145695
-46.963, 206.893, 0.167778
-46.963, 206.893, 0.167946
-47.9976, 482.331, 0.0229378
-47.8564, 308.507, 0.0561414
-47.8561, 308.507, 0.0561976
-5220.57, 51.8935, 2.01471
-47.1078, 202.63, 0.130546
-47.1068, 202.63, 0.130677
-73.2903, 125.104, 0.344392
-46.9681, 180.943, 0.163852
-46.9685, 180.943, 0.164016
-46.9658, 186.984, 0.153706
-47.737, 481.849, 0.0944828
-47.7365, 481.849, 0.0945773
-47.0582, 309.11, 0.231361
-47.5569, 430.703, 0.118424
-47.5561, 430.703, 0.118543
-46.9819, 332.927, 0.199253
-48.0134, 481.849, 0.00757597
-48.0134, 481.849, 0.00758355
-47.9973, 308.445, 0.0185315
-590.385, 51.5313, 0.663435
-591.761, 51.5313, 0.664099
-47.7813, 182.252, 0.053098
-51.8529, 91.7015, 0.209417
-51.8794, 91.7015, 0.209626
-47.3877, 145.05, 0.0838417
-46.9649, 114.528, 0.134238
-46.9655, 114.528, 0.134372
-47.0201, 124.87, 0.113141
-46.9649, 114.528, 0.134238
-46.9655, 114.528, 0.134372
-47.942, 482.331, 0.0470509
-47.4403, 308.652, 0.115187
-47.4394, 308.652, 0.115302
-10162.4, 52.0159, 4.1375
-47.4398, 308.584, 0.115237
-47.4389, 308.584, 0.115353
-47.4398, 308.825, 0.115288
-292.815, 126.616, 0.690655
-293.501, 126.616, 0.691346
-46.9672, 247.626, 0.179716
-48.0153, 481.849, 0.00151578
-48.0153, 481.849, 0.00151729
-48.0146, 308.16, 0.00370601
-48.4347, 51.2938, 0.132432
-48.445, 51.2938, 0.132564
-48.0011, 169.382, 0.0122339
-47.4371, 77.3157, 0.0583955
-47.4362, 77.3157, 0.0584539
-46.9299, 61.3451, 0.0928485
-47.9629, 481.849, 0.0396571
-47.9628, 481.849, 0.0396968
-47.5825, 308.926, 0.0970802
-9160.68, 51.9349, 3.48635
-9167, 51.9349, 3.48983
-47.5817, 308.801, 0.0971596
-47.5805, 308.341, 0.097255
-47.5797, 308.341, 0.0973523
-203.879, 126.672, 0.582292
-47.1248, 254.01, 0.143572
-47.1238, 254.01, 0.143716
-47.3645, 207.885, 0.215189
-46.9712, 233.32, 0.1703
-46.9709, 233.32, 0.17047
-46.9651, 229.372, 0.176597
-47.7808, 481.849, 0.086125
-47.7804, 481.849, 0.0862111
-46.9766, 309.091, 0.210889
-47.9817, 481.849, 0.0316614
-47.9817, 481.849, 0.0316931
-47.7251, 308.882, 0.0775013
-7589.08, 51.8975, 2.78243
-7596.44, 51.8975, 2.78521
-47.2503, 244.057, 0.124393
-46.9633, 209.149, 0.169267
-46.9634, 209.149, 0.169436
-48.0132, 482.331, 0.00796124
-47.9954, 308.159, 0.0194746
-47.9954, 308.159, 0.0194941
-663.291, 51.602, 0.697303
-47.7559, 181.696, 0.0560513
-47.7554, 181.696, 0.0561074
-53.8044, 91.2597, 0.222803
-47.3543, 145.854, 0.0870053
-47.3533, 145.854, 0.0870924
-46.9919, 115.329, 0.139473
-47.0563, 129.509, 0.110367
-47.0554, 129.509, 0.110478
-46.9919, 115.329, 0.139473
-47.8411, 481.849, 0.0735434
-47.8408, 481.849, 0.073617
-47.0154, 309.057, 0.180072
-11309.5, 52.0451, 6.47219
-11309.2, 52.0451, 6.47867
-47.0153, 309.039, 0.180093
-47.0141, 308.573, 0.180278
-47.0135, 308.573, 0.180458
-896.97, 126.854, 1.08018
-47.8269, 257.457, 0.259524
-47.8339, 257.457, 0.259784
-46.9706, 296.547, 0.195682
-48.0046, 601.73, 0.0199222
-48.0046, 601.73, 0.0199421
-47.9176, 385.478, 0.0487501
-3868.29, 64.5982, 1.74794
-3874.76, 64.5982, 1.74969
-47.2241, 239.643, 0.126436
-97.5392, 132.387, 0.414689
-97.7381, 132.387, 0.415103
-46.9644, 206.523, 0.170367
-46.9665, 210.383, 0.16383
-46.9663, 210.383, 0.163994
-46.9644, 206.523, 0.170367
-47.9195, 601.73, 0.0602437
-47.9193, 601.73, 0.0603039
-47.3086, 385.773, 0.147474
-11882.5, 64.846, 5.29576
-11887.1, 64.846, 5.30106
-47.3082, 385.708, 0.147524
-47.3073, 385.258, 0.147574
-47.3063, 385.258, 0.147721
-441.039, 158.216, 0.884033
-47.0378, 310.029, 0.228341
-47.0391, 310.029, 0.228569
-47.0701, 350.46, 0.17885
-46.9711, 325.068, 0.20761
-46.971, 325.068, 0.207818
-47.9434, 602.332, 0.0520453
-47.4489, 385.352, 0.127399
-47.448, 385.352, 0.127526
-11098.7, 64.8807, 4.57402
-47.4483, 385.255, 0.127463
-47.4474, 385.255, 0.12759
-47.4482, 385.544, 0.127527
-316.936, 158.001, 0.763747
-317.601, 158.001, 0.764511
-46.991, 316.198, 0.189926
-46.9769, 301.34, 0.208786
-46.9773, 301.34, 0.208995
-47.9968, 602.332, 0.0262385
-47.849, 385.179, 0.0642134
-47.8487, 385.179, 0.0642777
-5839.23, 64.7353, 2.30341
-47.091, 253.526, 0.148606
-47.0901, 253.526, 0.148755
-75.1297, 157.223, 0.388342
-46.9805, 226.92, 0.185627
-46.9811, 226.92, 0.185812
-46.9726, 236.738, 0.170846
-47.9899, 601.73, 0.0307094
-47.9899, 601.73, 0.0307401
-47.7917, 385.607, 0.0751591
-7100.7, 64.7065, 2.69664
-7108.87, 64.7065, 2.69933
-47.0794, 268.856, 0.154991
-55.2161, 186.66, 0.321707
-55.2575, 186.66, 0.322029
-46.9664, 247.7, 0.1827
-48.0011, 601.73, 0.0229378
-48.0011, 601.73, 0.0229607
-47.8869, 385.524, 0.0561325
-4830.52, 64.6369, 2.01312
-4837.75, 64.6369, 2.01513
-47.1408, 245.425, 0.138863
-91.6936, 142.048, 0.414982
-91.8726, 142.048, 0.415397
-46.9794, 215.105, 0.180904
-46.9764, 225.289, 0.164546
-46.976, 225.289, 0.16471
-47.7888, 602.332, 0.0944828
-46.9761, 385.499, 0.231323
-46.9763, 385.499, 0.231554
-48.0138, 602.332, 0.00757597
-48.0009, 384.6, 0.0185267
-48.0008, 384.6, 0.0185452
-483.868, 64.2502, 0.662579
-47.8155, 224.832, 0.0541488
-47.8151, 224.832, 0.054203
-51.0017, 111.31, 0.221022
-47.438, 176.713, 0.0876073
-47.4371, 176.713, 0.0876949
-46.9589, 138.398, 0.143039
-46.9962, 146.771, 0.126947
-46.9956, 146.771, 0.127074
-46.9589, 138.398, 0.143039
-47.9563, 601.73, 0.0470509
-47.9561, 601.73, 0.0470979
-47.5355, 385.713, 0.115169
-10436.8, 64.7953, 4.13442
-10443.4, 64.7953, 4.13856
-47.5349, 385.584, 0.115247
-47.5337, 385.059, 0.11533
-47.5329, 385.059, 0.115446
-260.282, 158.114, 0.690525
-47.1364, 326.369, 0.160763
-47.1354, 326.369, 0.160924
-47.0294, 281.511, 0.216781
-46.9988, 305.302, 0.183818
-46.9982, 305.302, 0.184002
-46.9694, 294.234, 0.198366
-48.0153, 601.73, 0.00151578
-48.0153, 601.73, 0.00151729
-48.0148, 384.955, 0.00370662
-47.6489, 64.1611, 0.132541
-47.6549, 64.1611, 0.132674
-48.0148, 384.818, 0.00370926
-47.7882, 114.667, 0.0415604
-47.7878, 114.667, 0.041602
-47.0141, 77.9881, 0.0899345
-47.9732, 601.73, 0.0396571
-47.9731, 601.73, 0.0396968
-47.6584, 385.671, 0.097066
-9171.47, 64.7606, 3.48379
-9179.31, 64.7606, 3.48728
-47.4905, 352.516, 0.116265
-47.4229, 341.759, 0.123481
-47.4219, 341.759, 0.123605
-240.937, 148.919, 0.655883
-47.067, 295.907, 0.164899
-47.0661, 295.907, 0.165064
-47.0368, 262.053, 0.210879
-46.9834, 281.784, 0.181912
-46.983, 281.784, 0.182094
-47.825, 602.332, 0.086125
-46.99, 385.477, 0.210854
-46.9895, 385.477, 0.211065
-12659.6, 64.9862, 7.57524
-46.9899, 385.463, 0.210869
-46.9895, 385.463, 0.21108
-46.9899, 385.769, 0.210957
-1102.12, 158.176, 1.26414
-1104.95, 158.176, 1.2654
-49.3607, 309.868, 0.32772
-46.9735, 373.615, 0.224531
-46.9736, 373.615, 0.224755
-47.9884, 602.332, 0.0316614
-47.7783, 385.23, 0.0774899
-47.7779, 385.23, 0.0775674
-7348.49, 64.778, 2.78038
-47.0994, 274.312, 0.153188
-47.0985, 274.312, 0.153341
-51.2987, 198.681, 0.293259
-46.9701, 253.72, 0.17916
-46.9699, 253.72, 0.179339
-46.9667, 250.67, 0.18393
-48.0136, 601.73, 0.00796124
-48.0136, 601.73, 0.00796921
-47.9994, 385.016, 0.0194697
-549.797, 64.212, 0.696415
-551.212, 64.212, 0.697112
-47.7958, 225.003, 0.0569556
-52.3552, 111.105, 0.232836
-52.384, 111.105, 0.233069
-47.4129, 178.501, 0.0904596
-46.9715, 139.528, 0.147693
-46.9721, 139.528, 0.147841
-47.0394, 153.364, 0.122512
-46.9715, 139.528, 0.147693
-46.9721, 139.528, 0.147841
-47.8745, 602.332, 0.0735434
-47.1073, 385.437, 0.180042
-47.1063, 385.437, 0.180223
-12544.1, 64.9529, 6.46696
-47.1071, 385.402, 0.180076
-47.1061, 385.402, 0.180256
-47.1039, 385.199, 0.180629
-734.419, 158.018, 1.0808
-736.333, 158.018, 1.08188
-47.8211, 308.299, 0.282606
-46.9792, 358.082, 0.208755
-46.9789, 358.082, 0.208964
-46.9723, 351.754, 0.216808
-47.97, 140.1, 0.0199222
-47.9699, 140.1, 0.0199421
-47.6377, 90.0272, 0.0488246
-4446.02, 15.2736, 1.76134
-4448.67, 15.2736, 1.76311
-47.6371, 89.9936, 0.0488615
-47.6362, 89.87, 0.0488984
-47.6355, 89.87, 0.0489473
-117.586, 37.0862, 0.293474
-47.0599, 70.0491, 0.0809352
-47.0589, 70.0491, 0.0810161
-50.1746, 51.64, 0.150248
-46.9348, 65.0326, 0.0940594
-46.9346, 65.0326, 0.0941535
-46.9302, 64.1136, 0.0970019
-47.6426, 140.1, 0.0602437
-47.6419, 140.1, 0.0603039
-47.4155, 90.1452, 0.147738
-47.5377, 132.33, 0.0676411
-47.5369, 132.33, 0.0677088
-46.9601, 102.935, 0.112858
-47.7287, 140.1, 0.0520453
-47.7282, 140.1, 0.0520974
-47.015, 90.1311, 0.127623
-47.5177, 123.661, 0.0670438
-47.5169, 123.661, 0.0671108
-46.9514, 96.3537, 0.111456
-47.9375, 140.1, 0.0262385
-47.9374, 140.1, 0.0262648
-47.4169, 90.0522, 0.0643133
-4994.73, 15.2948, 2.32137
-4995.72, 15.2948, 2.3237
-47.4164, 90.033, 0.064341
-47.4154, 89.9239, 0.0643687
-47.4145, 89.9239, 0.0644331
-207.688, 37.1231, 0.386554
-46.9356, 71.1477, 0.103404
-46.9358, 71.1477, 0.103507
-46.9489, 73.609, 0.0967213
-46.9356, 71.1477, 0.103404
-46.9358, 71.1477, 0.103507
-47.9097, 140.24, 0.0307094
-47.2597, 89.9786, 0.0752786
-47.2587, 89.9786, 0.075354
-5079.27, 15.3241, 2.71814
-47.2593, 89.9626, 0.0753058
-47.2582, 89.9626, 0.0753811
-47.2593, 90.0366, 0.0753329
-307.717, 37.1076, 0.45251
-308.399, 37.1076, 0.452963
-46.9969, 73.1033, 0.11487
-47.0178, 81.6589, 0.0916209
-47.017, 81.6589, 0.0917126
-46.9365, 76.4989, 0.10478
-47.9555, 140.1, 0.0229378
-47.9554, 140.1, 0.0229607
-47.5342, 90.0394, 0.0562188
-4783.52, 15.2839, 2.02863
-4785.57, 15.2839, 2.03066
-47.5336, 90.014, 0.0562509
-47.5327, 89.8986, 0.056283
-47.5319, 89.8986, 0.0563394
-153.326, 37.1047, 0.337902
-46.9849, 71.5041, 0.0894377
-46.9842, 71.5041, 0.0895272
-46.984, 65.157, 0.108161
-46.9375, 68.9077, 0.0963871
-46.9372, 68.9077, 0.0964835
-47.2509, 140.24, 0.0944828
-55.5331, 89.9657, 0.231591
-55.5752, 89.9657, 0.231823
-46.9789, 124.574, 0.120085
-48.0087, 140.1, 0.00757597
-48.0087, 140.1, 0.00758355
-47.9547, 89.9629, 0.0185603
-1321.21, 15.2191, 0.668617
-1323.67, 15.2191, 0.669286
-47.4417, 55.3919, 0.049394
-58.9932, 29.9999, 0.169951
-59.0406, 29.9999, 0.170121
-47.0215, 46.8887, 0.0691439
-47.0114, 40.9059, 0.0908923
-47.0131, 40.9059, 0.0909833
-46.933, 44.64, 0.0763541
-47.7773, 140.1, 0.0470509
-47.7768, 140.1, 0.0470979
-46.9436, 90.1193, 0.115369
-48.0151, 140.1, 0.00151578
-48.0151, 140.1, 0.00151729
-48.0129, 89.7892, 0.00370993
-58.4552, 15.0728, 0.133134
-58.4984, 15.0728, 0.133267
-47.9762, 51.5478, 0.0113026
-47.05, 24.7693, 0.0491191
-47.049, 24.7693, 0.0491683
-47.0506, 20.6521, 0.0708933
-47.05, 24.7693, 0.0491191
-47.049, 24.7693, 0.0491683
-47.8428, 140.24, 0.0396571
-47.0095, 90.0083, 0.0972281
-47.0087, 90.0083, 0.0973254
-4778.65, 15.3494, 3.51298
-47.0093, 89.9996, 0.0972473
-47.0086, 89.9996, 0.0973446
-47.0077, 89.9987, 0.0974464
-573.914, 37.1304, 0.585088
-575.366, 37.1304, 0.585673
-48.265, 72.3415, 0.151708
-46.9418, 85.4537, 0.108019
-46.9417, 85.4537, 0.108127
-47.3452, 140.24, 0.086125
-52.311, 90.024, 0.211173
-52.3395, 90.024, 0.211384
-47.0194, 122.992, 0.112386
-47.9032, 140.1, 0.0316614
-47.903, 140.1, 0.0316931
-47.2284, 90.072, 0.0776137
-5067.37, 15.3116, 2.80266
-5066.91, 15.3116, 2.80547
-47.228, 90.0569, 0.07764
-47.227, 89.9519, 0.0776663
-47.226, 89.9519, 0.077744
-329.39, 37.1492, 0.466554
-47.0595, 72.74, 0.119406
-47.0614, 72.74, 0.119526
-47.0341, 83.3546, 0.0908043
-46.9369, 77.3551, 0.10542
-46.9369, 77.3551, 0.105526
-48.008, 140.24, 0.00796124
-47.9485, 89.876, 0.0195046
-47.9483, 89.876, 0.0195241
-1446.73, 15.2369, 0.702679
-47.408, 55.6491, 0.0513283
-47.4071, 55.6491, 0.0513797
-59.5391, 30.5236, 0.172863
-47.0023, 47.3703, 0.0710484
-47.0014, 47.3703, 0.0711195
-46.9655, 42.3775, 0.089139
-47.4916, 140.1, 0.0735434
-47.4907, 140.1, 0.073617
-49.0996, 90.1484, 0.180357
-47.0815, 118.772, 0.102836
-47.0806, 118.772, 0.102939
-46.9602, 106.326, 0.129008
-48.0044, 591.499, 0.0199222
-48.0044, 591.499, 0.0199421
-47.9159, 378.934, 0.0487507
-3901.5, 63.508, 1.74805
-3907.99, 63.508, 1.7498
-47.218, 235.821, 0.126182
-97.6085, 130.538, 0.412224
-97.8076, 130.538, 0.412636
-46.9647, 203.408, 0.169728
-46.9672, 207.867, 0.162182
-46.967, 207.867, 0.162344
-46.9647, 203.408, 0.169728
-47.9179, 591.499, 0.0602437
-47.9177, 591.499, 0.0603039
-47.3, 379.223, 0.147475
-11833.8, 63.7506, 5.29605
-11838, 63.7506, 5.30135
-47.2996, 379.163, 0.147522
-47.2987, 378.725, 0.147568
-47.2977, 378.725, 0.147716
-447.415, 155.539, 0.884042
-47.0544, 304.291, 0.229063
-47.0558, 304.291, 0.229292
-47.0765, 346.695, 0.176596
-46.9708, 320.624, 0.20622
-46.9708, 320.624, 0.206426
-47.9422, 592.091, 0.0520453
-47.4411, 378.808, 0.1274
-47.4402, 378.808, 0.127527
-11071.2, 63.7845, 4.57426
-47.4406, 378.722, 0.127458
-47.4397, 378.722, 0.127586
-47.4406, 379.015, 0.127516
-319.872, 155.329, 0.763736
-320.556, 155.329, 0.7645
-46.9827, 309.619, 0.191427
-46.9732, 298.595, 0.205475
-46.9735, 298.595, 0.205681
-47.9965, 592.091, 0.0262385
-47.8463, 378.639, 0.0642142
-47.8459, 378.639, 0.0642784
-5870.51, 63.6418, 2.30354
-47.0894, 249.908, 0.147798
-47.0885, 249.908, 0.147946
-73.6782, 155.841, 0.381981
-46.9789, 224.036, 0.184033
-46.9794, 224.036, 0.184217
-46.9717, 233.306, 0.169995
-47.9895, 591.499, 0.0307094
-47.9895, 591.499, 0.0307401
-47.7881, 379.059, 0.07516
-7126.99, 63.6134, 2.69679
-7135.08, 63.6134, 2.69949
-47.0881, 266.218, 0.152756
-53.5357, 187.443, 0.308268
-53.5699, 187.443, 0.308576
-46.9668, 245.629, 0.179539
-46.9662, 244.13, 0.181394
-46.9662, 244.13, 0.181576
-48.0009, 592.091, 0.0229378
-47.8846, 378.6, 0.0561332
-47.8844, 378.6, 0.0561894
-4862.14, 63.6093, 2.01324
-47.1368, 241.508, 0.138308
-47.1358, 241.508, 0.138447
-90.375, 140.627, 0.410022
-46.9794, 211.947, 0.179716
-46.9799, 211.947, 0.179896
-46.976, 222.341, 0.163588
-47.7849, 591.499, 0.0944828
-47.7845, 591.499, 0.0945773
-46.9777, 379.333, 0.231326
-48.0138, 591.499, 0.00757597
-48.0138, 591.499, 0.00758355
-48.0006, 378.453, 0.018527
-492.258, 63.1062, 0.662639
-493.515, 63.1062, 0.663302
-47.812, 221.145, 0.0542019
-51.2686, 109.185, 0.221599
-51.2925, 109.185, 0.221821
-47.4341, 174.156, 0.0873543
-46.9604, 136.075, 0.142732
-46.9608, 136.075, 0.142875
-47.0052, 145.683, 0.124793
-46.9604, 136.075, 0.142732
-46.9608, 136.075, 0.142875
-47.9553, 592.091, 0.0470509
-47.5282, 378.784, 0.115171
-47.5274, 378.784, 0.115286
-10428.1, 63.7642, 4.13465
-47.5275, 378.643, 0.115257
-47.5267, 378.643, 0.115372
-47.527, 378.857, 0.115357
-261.654, 155.272, 0.690624
-262.139, 155.272, 0.691315
-47.1075, 318.365, 0.163603
-47.1514, 269.821, 0.22763
-47.1538, 269.821, 0.227857
-46.9715, 293.116, 0.193137
-46.9692, 289.792, 0.197216
-46.9692, 289.792, 0.197414
-48.0153, 592.091, 0.00151578
-48.0148, 378.046, 0.00370669
-48.0148, 378.046, 0.0037104
-47.693, 63.1458, 0.132554
-48.0148, 377.916, 0.00370926
-48.0148, 377.916, 0.00371297
-47.7876, 113.145, 0.0413445
-47.0128, 76.8278, 0.089409
-47.012, 76.8278, 0.0894985
-47.9725, 592.091, 0.0396571
-47.6527, 378.743, 0.097067
-47.652, 378.743, 0.0971641
-9178.63, 63.7299, 3.48398
-47.5852, 364.269, 0.104966
-47.5845, 364.269, 0.105071
-47.5506, 358.007, 0.108904
-216.266, 150.898, 0.615971
-216.605, 150.898, 0.616587
-47.3161, 322.884, 0.133995
-47.1416, 301.285, 0.153672
-47.1406, 301.285, 0.153826
-51.653, 213.434, 0.307664
-46.9761, 275.879, 0.183407
-46.9758, 275.879, 0.18359
-46.9681, 270.376, 0.191362
-47.8217, 591.499, 0.086125
-47.8213, 591.499, 0.0862111
-46.9864, 379.311, 0.210857
-12540.8, 63.8251, 7.57569
-12539.9, 63.8251, 7.58327
-46.9864, 379.3, 0.21087
-46.986, 378.859, 0.210939
-46.9856, 378.859, 0.21115
-1110.48, 155.657, 1.26412
-47.7732, 324.697, 0.287655
-47.7798, 324.697, 0.287943
-46.9732, 370.956, 0.220515
-47.9879, 591.499, 0.0316614
-47.9878, 591.499, 0.0316931
-47.7748, 379.067, 0.0774907
-7373.44, 63.62, 2.78053
-7381.47, 63.62, 2.78331
-47.116, 272.69, 0.150092
-49.9637, 200.887, 0.276607
-49.9817, 200.887, 0.276884
-46.974, 251.995, 0.175857
-46.9664, 246.786, 0.183017
-46.9665, 246.786, 0.1832
-48.0136, 592.091, 0.00796124
-47.9991, 378.108, 0.0194701
-47.999, 378.108, 0.0194896
-558.637, 63.1975, 0.696493
-47.7918, 220.919, 0.0569886
-47.7913, 220.919, 0.0570456
-52.624, 109.265, 0.233189
-47.407, 175.503, 0.0902686
-47.4061, 175.503, 0.0903589
-46.9742, 137.465, 0.147378
-47.0455, 151.618, 0.120924
-47.0446, 151.618, 0.121045
-46.9742, 137.465, 0.147378
-47.872, 591.499, 0.0735434
-47.8717, 591.499, 0.073617
-47.0997, 379.272, 0.180045
-12457.9, 63.7922, 6.46734
-12459.7, 63.7922, 6.47381
-47.0995, 379.236, 0.180079
-47.0956, 378.295, 0.180617
-47.0947, 378.295, 0.180798
-746.916, 155.501, 1.08079
-47.8876, 302.677, 0.282776
-47.8949, 302.677, 0.283059
-46.9786, 353.258, 0.207688
-46.9721, 346.651, 0.215289
-46.9721, 346.651, 0.215504
-48.2363, 0.0862944, 0.000348256
-48.0279, 0.180082, 0.00017709
-48.028, 0.180082, 0.000177268
-217.232, 0.0862944, 0.00973661
-54.7295, 0.180564, 0.00496563
-54.7444, 0.180564, 0.0049706
-57.7536, 0.0862944, 0.00261603
-48.5283, 0.178387, 0.00131682
-48.5293, 0.178387, 0.00131814
-201.59, 0.0862944, 0.00925825
-54.0258, 0.180483, 0.00471934
-54.0389, 0.180483, 0.00472407
-62.3935, 0.0862944, 0.00310864
-48.7078, 0.178587, 0.00156665
-48.7089, 0.178587, 0.00156822
-99.6174, 0.0862944, 0.00548621
-50.0463, 0.179248, 0.00277579
-50.0505, 0.179248, 0.00277857
-48.2272, 0.0862944, 0.000339459
-48.0273, 0.177747, 0.000170227
-48.0274, 0.177747, 0.000170397
-73.0402, 0.0862944, 0.00397052
-49.1011, 0.178772, 0.00200321
-49.1033, 0.178772, 0.00200522
-81.9771, 0.0862944, 0.00454573
-49.4177, 0.178941, 0.00229574
-49.4202, 0.178941, 0.00229804
-97.7147, 0.0862944, 0.00539319
-49.9751, 0.179204, 0.00272803
-49.9792, 0.179204, 0.00273076
-56.0444, 0.0862944, 0.00239728
-48.4493, 0.178281, 0.00120596
-48.4501, 0.178281, 0.00120716
-50.4669, 0.0862944, 0.00137117
-48.1991, 0.177982, 0.000688548
-48.1995, 0.177982, 0.000689237
-135.547, 0.0862944, 0.00701269
-51.3624, 0.17969, 0.00355758
-51.3697, 0.17969, 0.00356114
-106.948, 0.0862944, 0.00582952
-50.308, 0.179358, 0.00295144
-50.3123, 0.179358, 0.00295439
-94.9636, 0.0862944, 0.00525598
-49.8737, 0.179147, 0.00265771
-49.8775, 0.179147, 0.00266037
-52.2705, 0.0175808, 0.000348256
-48.307, 0.0357219, 0.000172206
-48.3075, 0.0357219, 0.000172378
-1501.69, 0.0175808, 0.00973661
-312.003, 0.0373504, 0.00505124
-312.476, 0.0373504, 0.0050563
-374.898, 0.0175808, 0.00261603
-63.8369, 0.0358945, 0.00129992
-63.8726, 0.0358945, 0.00130122
-1466.42, 0.0175808, 0.00925825
-288.596, 0.0371595, 0.00477508
-289.044, 0.0371595, 0.00477986
-484.503, 0.0175808, 0.00310864
-71.4888, 0.0359384, 0.00154664
-71.5428, 0.0359384, 0.00154819
-985.848, 0.0175808, 0.00548621
-131.82, 0.0362136, 0.00275122
-132, 0.0362136, 0.00275397
-52.0359, 0.0175808, 0.000339459
-48.2968, 0.035722, 0.000167856
-48.2972, 0.035722, 0.000168024
-677.89, 0.0175808, 0.00397052
-89.0068, 0.0360271, 0.00198046
-89.0995, 0.0360271, 0.00198244
-801.442, 0.0175808, 0.00454573
-103.537, 0.0360953, 0.00227182
-103.66, 0.0360953, 0.00227409
-968.764, 0.0175808, 0.00539319
-128.801, 0.0362098, 0.00270428
-128.975, 0.0362098, 0.00270698
-327.876, 0.0175808, 0.00239728
-60.9721, 0.0358751, 0.00119057
-61.0015, 0.0358751, 0.00119176
-139.95, 0.0175808, 0.00137117
-51.7927, 0.0357957, 0.000679434
-51.801, 0.0357957, 0.000680114
-1229.02, 0.0175808, 0.00701269
-188.16, 0.0365011, 0.00354634
-188.446, 0.0365011, 0.00354989
-1046.79, 0.0175808, 0.00582952
-143.439, 0.0360169, 0.00290687
-143.643, 0.0360169, 0.00290978
-943.034, 0.0175808, 0.00525598
-124.41, 0.0361905, 0.00263401
-124.577, 0.0361905, 0.00263664
-69.3512, 0.00860558, 0.000348256
-49.0542, 0.0174574, 0.000171929
-49.0562, 0.0174574, 0.000172101
-1781.92, 0.00860558, 0.00973661
-1415.54, 0.022971, 0.0117101
-1416.27, 0.022971, 0.0117218
-47.529, 1.17206, 0.0245006
-984.013, 0.00859698, 0.00261603
-985.059, 0.00859698, 0.00261865
-129.871, 0.0175922, 0.00130028
-1781.93, 0.00859698, 0.00925825
-1781.95, 0.00859698, 0.00926752
-1054.9, 0.0230683, 0.00783859
-47.9838, 1.18994, 0.00402786
-47.9837, 1.18994, 0.00403189
-1162.19, 0.00860558, 0.00310864
-166.515, 0.017622, 0.0015494
-166.761, 0.017622, 0.00155095
-1642.15, 0.00860558, 0.00548621
-400.097, 0.0180634, 0.00280771
-400.693, 0.0180634, 0.00281052
-48.0185, 0.352414, 0.000192606
-68.1788, 0.00859698, 0.000339459
-68.2255, 0.00859698, 0.000339798
-49.0043, 0.0174753, 0.000167589
-1402.98, 0.00859698, 0.00397052
-1403.89, 0.00859698, 0.00397449
-241.966, 0.0177415, 0.00199086
-1516.9, 0.00859698, 0.00454573
-1517.68, 0.00859698, 0.00455028
-298.94, 0.0178363, 0.00229215
-1633.04, 0.00859698, 0.00539319
-1633.61, 0.00859698, 0.00539859
-389.24, 0.0180557, 0.00275574
-48.0184, 0.349554, 0.000187849
-48.0184, 0.349554, 0.000188037
-893.667, 0.00860558, 0.00239728
-115.766, 0.0175651, 0.00119089
-115.915, 0.0175651, 0.00119208
-423.236, 0.00860558, 0.00137117
-67.0723, 0.0175058, 0.000678815
-67.1164, 0.0175058, 0.000679494
-1743.52, 0.00860558, 0.00701269
-575.268, 0.0187901, 0.0037597
-576.068, 0.0187901, 0.00376346
-48.0201, 0.42923, 0.000310617
-1674.42, 0.00859698, 0.00582952
-1674.91, 0.00859698, 0.00583536
-437.817, 0.0182074, 0.00300668
-48.0188, 0.364486, 0.000212765
-48.0188, 0.364486, 0.000212978
-1617.05, 0.00860558, 0.00525598
-374.81, 0.017996, 0.00267881
-375.384, 0.017996, 0.00268149
-48.0182, 0.345882, 0.000180757
-48.5297, 0.0511055, 0.000348256
-48.5306, 0.0511055, 0.000348604
-48.0536, 0.104775, 0.000173433
-500.564, 0.0511055, 0.00973661
-501.248, 0.0511055, 0.00974635
-72.5016, 0.10666, 0.00494094
-81.9662, 0.0511055, 0.00261603
-82.0433, 0.0511055, 0.00261865
-49.4841, 0.10512, 0.00130722
-466.779, 0.0511055, 0.00925825
-467.437, 0.0511055, 0.00926752
-69.8763, 0.106513, 0.00469124
-98.0562, 0.0511055, 0.00310864
-98.1679, 0.0511055, 0.00311175
-50.0646, 0.105205, 0.00155469
-213.851, 0.0511055, 0.00548621
-214.173, 0.0511055, 0.0054917
-54.7778, 0.105694, 0.0027571
-48.5054, 0.0511055, 0.000339459
-48.5063, 0.0511055, 0.000339798
-48.0517, 0.104786, 0.000169069
-133.436, 0.0511055, 0.00397052
-133.619, 0.0511055, 0.00397449
-51.3972, 0.105372, 0.00198902
-161.549, 0.0511055, 0.00454573
-161.785, 0.0511055, 0.00455028
-52.5132, 0.105478, 0.00227956
-208.389, 0.0511055, 0.00539319
-208.705, 0.0511055, 0.00539859
-54.5292, 0.105654, 0.00270927
-75.8548, 0.0511055, 0.00239728
-75.9184, 0.0511055, 0.00239968
-49.2567, 0.105079, 0.00119742
-55.8544, 0.0511055, 0.00137117
-55.8721, 0.0511055, 0.00137254
-48.4594, 0.104897, 0.000683663
-310.808, 0.0511055, 0.00701269
-311.281, 0.0511055, 0.00701971
-59.6904, 0.105992, 0.00353476
-234.576, 0.0511055, 0.00582952
-234.934, 0.0511055, 0.00583536
-55.7593, 0.10575, 0.00293128
-200.418, 0.0511055, 0.00525598
-200.719, 0.0511055, 0.00526124
-54.176, 0.10564, 0.00263999
-48.8287, 0.0400268, 0.000348256
-48.8301, 0.0400268, 0.000348604
-48.0787, 0.0819867, 0.000173269
-704.813, 0.0400268, 0.00973661
-705.658, 0.0400268, 0.00974635
-92.2403, 0.0835284, 0.00494034
-107.933, 0.0400268, 0.00261603
-108.065, 0.0400268, 0.00261865
-50.4765, 0.082162, 0.00130443
-662.475, 0.0400268, 0.00925825
-663.295, 0.0400268, 0.00926752
-87.5428, 0.0834132, 0.00469062
-135.245, 0.0400268, 0.00310864
-135.432, 0.0400268, 0.00311175
-51.5084, 0.0822384, 0.00155155
-316.852, 0.0400268, 0.00548621
-317.337, 0.0400268, 0.0054917
-60.1188, 0.082624, 0.00275158
-48.7959, 0.0400268, 0.000339459
-48.7971, 0.0400268, 0.000339798
-48.0756, 0.08201, 0.000168941
-193.103, 0.0400268, 0.00397052
-193.393, 0.0400268, 0.00397449
-53.9286, 0.082385, 0.00198538
-237.439, 0.0400268, 0.00454573
-237.805, 0.0400268, 0.00455028
-55.9691, 0.0824682, 0.0022754
-308.704, 0.0400268, 0.00539319
-309.173, 0.0400268, 0.00539859
-59.6652, 0.0826226, 0.00270489
-97.3551, 0.0400268, 0.00239728
-97.4652, 0.0400268, 0.00239968
-50.063, 0.0821366, 0.00119497
-61.8489, 0.0400268, 0.00137117
-61.8805, 0.0400268, 0.00137254
-48.7361, 0.081983, 0.000682173
-455.9, 0.0400268, 0.00701269
-456.547, 0.0400268, 0.00701971
-69.1299, 0.0829278, 0.00353082
-347.376, 0.0400268, 0.00582952
-347.901, 0.0400268, 0.00583536
-61.9043, 0.08269, 0.00292622
-296.768, 0.0400268, 0.00525598
-297.218, 0.0400268, 0.00526124
-59.0176, 0.0826035, 0.00263543
-48.1872, 0.0979102, 0.000348256
-48.1875, 0.0979102, 0.000348604
-48.0248, 0.202554, 0.000175072
-177.032, 0.0979102, 0.00973661
-177.286, 0.0979102, 0.00974635
-52.8997, 0.205805, 0.00497965
-55.2358, 0.0979102, 0.00261603
-55.2519, 0.0979102, 0.00261865
-48.4046, 0.203288, 0.00132016
-164.688, 0.0979102, 0.00925825
-164.922, 0.0979102, 0.00926752
-52.397, 0.205593, 0.00472961
-58.6248, 0.0979102, 0.00310864
-58.649, 0.0979102, 0.00311175
-48.5564, 0.203409, 0.00156975
-86.1654, 0.0979102, 0.00548621
-86.2505, 0.0979102, 0.0054917
-49.5269, 0.204181, 0.00278163
-48.1788, 0.0979102, 0.000339459
-48.1791, 0.0979102, 0.000339798
-48.0244, 0.202548, 0.000170644
-66.4313, 0.0979102, 0.00397052
-66.4728, 0.0979102, 0.00397449
-48.8345, 0.203768, 0.00200876
-73.0229, 0.0979102, 0.00454573
-73.0795, 0.0979102, 0.00455028
-49.0782, 0.203916, 0.00230157
-84.739, 0.0979102, 0.00539319
-84.8211, 0.0979102, 0.00539859
-49.4785, 0.20421, 0.0027349
-53.9851, 0.0979102, 0.00239728
-53.9977, 0.0979102, 0.00239968
-48.3483, 0.203414, 0.00121057
-49.871, 0.0979102, 0.00137117
-49.8747, 0.0979102, 0.00137254
-48.1541, 0.203074, 0.000691179
-113.371, 0.0979102, 0.00701269
-113.511, 0.0979102, 0.00701971
-50.4771, 0.2048, 0.0035673
-91.6718, 0.0979102, 0.00582952
-91.7683, 0.0979102, 0.00583536
-49.7181, 0.20437, 0.00295867
-82.6829, 0.0979102, 0.00525598
-82.7606, 0.0979102, 0.00526124
-49.4099, 0.204155, 0.00266454
-48.1818, 0.0994219, 0.000348256
-48.1822, 0.0994219, 0.000348604
-48.0245, 0.205743, 0.000175128
-172.768, 0.0994219, 0.00973661
-173.017, 0.0994219, 0.00974635
-52.7184, 0.208983, 0.00497966
-54.9772, 0.0994219, 0.00261603
-54.9927, 0.0994219, 0.00261865
-48.3922, 0.206517, 0.00132078
-160.769, 0.0994219, 0.00925825
-160.998, 0.0994219, 0.00926752
-52.232, 0.208775, 0.00472981
-58.2359, 0.0994219, 0.00310864
-58.2591, 0.0994219, 0.00311175
-48.5381, 0.206627, 0.00157038
-84.7792, 0.0994219, 0.00548621
-84.8613, 0.0994219, 0.0054917
-49.4764, 0.207459, 0.00278347
-48.1737, 0.0994219, 0.000339459
-48.174, 0.0994219, 0.000339798
-48.0241, 0.205738, 0.000170699
-65.7612, 0.0994219, 0.00397052
-65.8017, 0.0994219, 0.00397449
-48.8084, 0.206916, 0.00200878
-72.1049, 0.0994219, 0.00454573
-72.1594, 0.0994219, 0.00455028
-49.0414, 0.207135, 0.00230241
-83.4016, 0.0994219, 0.00539319
-83.4808, 0.0994219, 0.00539859
-49.4303, 0.20742, 0.00273571
-53.7826, 0.0994219, 0.00239728
-53.7946, 0.0994219, 0.00239968
-48.3383, 0.206676, 0.00121134
-49.8119, 0.0994219, 0.00137117
-49.8154, 0.0994219, 0.00137254
-48.1495, 0.206324, 0.000691586
-111.065, 0.0994219, 0.00701269
-111.201, 0.0994219, 0.00701971
-50.3916, 0.207998, 0.00356798
-90.0939, 0.0994219, 0.00582952
-90.1872, 0.0994219, 0.00583536
-49.6588, 0.207576, 0.00295945
-81.4182, 0.0994219, 0.00525598
-81.4931, 0.0994219, 0.00526124
-49.365, 0.207371, 0.00266543
-48.6631, 0.0455552, 0.000348256
-48.6644, 0.0455552, 0.000348604
-48.0639, 0.0932593, 0.000173172
-591.207, 0.0455552, 0.00973661
-591.978, 0.0455552, 0.00974635
-80.4253, 0.095035, 0.00493864
-92.467, 0.0455552, 0.00261603
-92.567, 0.0455552, 0.00261865
-49.8675, 0.0936041, 0.00130578
-553.169, 0.0455552, 0.00925825
-553.902, 0.0455552, 0.00926752
-76.9514, 0.094942, 0.00469104
-113.208, 0.0455552, 0.00310864
-113.352, 0.0455552, 0.00311175
-50.6502, 0.0936814, 0.00155299
-257.327, 0.0455552, 0.00548621
-257.725, 0.0455552, 0.0054917
-56.9019, 0.0941031, 0.00275365
-48.631, 0.0455552, 0.000339459
-48.6322, 0.0455552, 0.000339798
-48.0615, 0.0932636, 0.000168805
-158.086, 0.0455552, 0.00397052
-158.314, 0.0455552, 0.00397449
-52.3995, 0.0938489, 0.00198725
-193.153, 0.0455552, 0.00454573
-193.442, 0.0455552, 0.00455028
-53.8982, 0.0939595, 0.00227795
-250.691, 0.0455552, 0.00539319
-251.075, 0.0455552, 0.00539859
-56.5741, 0.0941057, 0.00270704
-84.5214, 0.0455552, 0.00239728
-84.6041, 0.0455552, 0.00239968
-49.5827, 0.0935677, 0.00119611
-58.241, 0.0455552, 0.00137117
-58.2642, 0.0455552, 0.00137254
-48.5758, 0.0934086, 0.000682941
-373.268, 0.0455552, 0.00701269
-373.821, 0.0455552, 0.00701971
-63.448, 0.0944214, 0.0035324
-282.376, 0.0455552, 0.00582952
-282.81, 0.0455552, 0.00583536
-58.1996, 0.0935993, 0.00290963
-240.964, 0.0455552, 0.00525598
-241.331, 0.0455552, 0.00526124
-56.1093, 0.0940895, 0.00263769
-49.8995, 0.0258808, 0.000348256
-49.9031, 0.0258808, 0.000348604
-48.1686, 0.0527958, 0.00017255
-1143.98, 0.0258808, 0.00973661
-1144.93, 0.0258808, 0.00974635
-167.573, 0.0540021, 0.00493971
-203.145, 0.0258808, 0.00261603
-203.458, 0.0258808, 0.00261865
-54.4452, 0.0530006, 0.00130129
-1096.13, 0.0258808, 0.00925825
-1097.09, 0.0258808, 0.00926752
-155.776, 0.0540993, 0.00470621
-265.281, 0.0258808, 0.00310864
-265.698, 0.0258808, 0.00311175
-57.4405, 0.053029, 0.00154718
-611.982, 0.0258808, 0.00548621
-612.803, 0.0258808, 0.0054917
-82.3063, 0.0529081, 0.00272413
-49.809, 0.0258808, 0.000339459
-49.8124, 0.0258808, 0.000339798
-48.1611, 0.0528009, 0.000168208
-386.264, 0.0258808, 0.00397052
-386.847, 0.0258808, 0.00397449
-64.4233, 0.0531581, 0.00198109
-471.473, 0.0258808, 0.00454573
-472.145, 0.0258808, 0.00455028
-70.3615, 0.0532411, 0.00227176
-598.208, 0.0258808, 0.00539319
-599.017, 0.0258808, 0.00539859
-80.9959, 0.0533417, 0.00270059
-177.901, 0.0258808, 0.00239728
-178.17, 0.0258808, 0.00239968
-53.3201, 0.0529756, 0.0011919
-86.4091, 0.0258808, 0.00137117
-86.4964, 0.0258808, 0.00137254
-49.688, 0.0528704, 0.000680348
-828.623, 0.0258808, 0.00701269
-829.556, 0.0258808, 0.00701971
-107.386, 0.0536199, 0.00353081
-662.498, 0.0258808, 0.00582952
-663.352, 0.0258808, 0.00583536
-87.3378, 0.0534112, 0.00292306
-577.809, 0.0258808, 0.00525598
-578.586, 0.0258808, 0.00526124
-79.1217, 0.0533362, 0.0026316
-49.2723, 0.0317861, 0.000348256
-49.2748, 0.0317861, 0.000348604
-48.1166, 0.0649021, 0.000172711
-931.049, 0.0317861, 0.00973661
-931.992, 0.0317861, 0.00974635
-123.74, 0.0664078, 0.00494649
-148.316, 0.0317861, 0.00261603
-148.528, 0.0317861, 0.00261865
-52.0785, 0.0651579, 0.0013026
-883.496, 0.0317861, 0.00925825
-884.427, 0.0317861, 0.00926752
-115.931, 0.0663006, 0.00469524
-191.423, 0.0317861, 0.00310864
-191.714, 0.0317861, 0.00311175
-53.8956, 0.0652199, 0.0015494
-454.039, 0.0317861, 0.00548621
-454.702, 0.0317861, 0.0054917
-69.04, 0.0655499, 0.00274879
-49.2096, 0.0317861, 0.000339459
-49.212, 0.0317861, 0.000339798
-48.1117, 0.0649061, 0.000168359
-278.98, 0.0317861, 0.00397052
-279.414, 0.0317861, 0.00397449
-58.1102, 0.0653311, 0.00198246
-343.355, 0.0317861, 0.00454573
-343.874, 0.0317861, 0.00455028
-61.7219, 0.0654241, 0.00227302
-442.947, 0.0317861, 0.00539319
-443.593, 0.0317861, 0.00539859
-68.2376, 0.0655428, 0.00270188
-131.228, 0.0317861, 0.00239728
-131.407, 0.0317861, 0.00239968
-51.3759, 0.0651335, 0.00119322
-71.7835, 0.0317861, 0.00137117
-71.8382, 0.0317861, 0.00137254
-49.1198, 0.0650036, 0.000681092
-636.128, 0.0317861, 0.00701269
-636.958, 0.0317861, 0.00701971
-84.7139, 0.0658058, 0.00352804
-495.192, 0.0317861, 0.00582952
-495.885, 0.0317861, 0.00583536
-72.1606, 0.0656241, 0.00292427
-426.588, 0.0317861, 0.00525598
-427.216, 0.0317861, 0.00526124
-67.0921, 0.0655196, 0.00263216
-48.2348, 0.0868094, 0.000348256
-48.235, 0.0868094, 0.000348604
-48.0277, 0.18163, 0.000177208
-215.113, 0.0868094, 0.00973661
-215.436, 0.0868094, 0.00974635
-54.5958, 0.181998, 0.00496541
-57.6163, 0.0868094, 0.00261603
-57.6378, 0.0868094, 0.00261865
-48.5194, 0.179841, 0.00131706
-199.664, 0.0868094, 0.00925825
-199.958, 0.0868094, 0.00926752
-53.9086, 0.181919, 0.00471921
-62.1871, 0.0868094, 0.00310864
-62.2196, 0.0868094, 0.00311175
-48.6976, 0.179945, 0.00156603
-98.8974, 0.0868094, 0.00548621
-99.0092, 0.0868094, 0.0054917
-50.0085, 0.180693, 0.00277604
-48.2246, 0.0868094, 0.000339459
-48.2251, 0.0868094, 0.000339798
-48.0271, 0.179187, 0.000170248
-72.6822, 0.0868094, 0.00397052
-72.7381, 0.0868094, 0.00397449
-49.0818, 0.180223, 0.0020035
-81.4944, 0.0868094, 0.00454573
-81.5696, 0.0868094, 0.00455028
-49.3948, 0.180393, 0.00229606
-97.0182, 0.0868094, 0.00539319
-97.1264, 0.0868094, 0.00539859
-49.9389, 0.180651, 0.00272829
-55.9304, 0.0868094, 0.00239728
-55.9484, 0.0868094, 0.00239968
-48.4421, 0.179732, 0.00120615
-50.4341, 0.0868094, 0.00137117
-50.4393, 0.0868094, 0.00137254
-48.196, 0.179431, 0.000688664
-134.364, 0.0868094, 0.00701269
-134.547, 0.0868094, 0.00701971
-51.2979, 0.181133, 0.00355777
-106.133, 0.0868094, 0.00582952
-106.259, 0.0868094, 0.00583536
-50.2689, 0.180802, 0.00295168
-94.3025, 0.0868094, 0.00525598
-94.4052, 0.0868094, 0.00526124
-49.8398, 0.180596, 0.00265801
-48.261, 0.0792417, 0.000348256
-48.2613, 0.0792417, 0.000348604
-48.0304, 0.164683, 0.000175923
-249.809, 0.0792417, 0.00973661
-250.181, 0.0792417, 0.00974635
-56.266, 0.166003, 0.00496119
-59.9514, 0.0792417, 0.00261603
-59.9781, 0.0792417, 0.00261865
-48.6307, 0.163935, 0.00131512
-231.655, 0.0792417, 0.00925825
-232.005, 0.0792417, 0.00926752
-55.4119, 0.165789, 0.0047108
-65.6626, 0.0792417, 0.00310864
-65.703, 0.0792417, 0.00311175
-48.8297, 0.164018, 0.0015636
-111.056, 0.0792417, 0.00548621
-111.193, 0.0792417, 0.0054917
-50.4625, 0.164676, 0.00277126
-48.2535, 0.0792417, 0.000339459
-48.2538, 0.0792417, 0.000339798
-48.0297, 0.164842, 0.000171656
-78.755, 0.0792417, 0.00397052
-78.8245, 0.0792417, 0.00397449
-49.3216, 0.16426, 0.00200024
-89.669, 0.0792417, 0.00454573
-89.7621, 0.0792417, 0.00455028
-49.6916, 0.164416, 0.00229232
-108.746, 0.0792417, 0.00539319
-108.879, 0.0792417, 0.00539859
-50.3833, 0.164571, 0.00272242
-57.8199, 0.0792417, 0.00239728
-57.842, 0.0792417, 0.00239968
-48.5339, 0.163847, 0.00120447
-50.9425, 0.0792417, 0.00137117
-50.9484, 0.0792417, 0.00137254
-48.2261, 0.163719, 0.000688356
-154.048, 0.0792417, 0.00701269
-154.268, 0.0792417, 0.00701971
-52.0764, 0.165102, 0.00355217
-119.889, 0.0792417, 0.00582952
-120.043, 0.0792417, 0.00583536
-50.778, 0.164779, 0.00294664
-105.433, 0.0792417, 0.00525598
-105.559, 0.0792417, 0.00526124
-50.2711, 0.164624, 0.00265406
-275.529, 0.00290322, 0.000348256
-275.965, 0.00290322, 0.000348604
-58.1147, 0.00586685, 0.000170929
-1608.08, 0.00290322, 0.00973661
-1607.22, 0.00290322, 0.00974635
-48.1393, 0.00163949, 0.0221059
-1819.26, 0.00290322, 0.00261603
-1819.49, 0.00290322, 0.00261865
-670.61, 0.00615438, 0.00135068
-48.0238, 0.123659, 9.5982e-05
-48.0238, 0.123659, 9.6078e-05
-1648.51, 0.00290613, 0.00925825
-48.2606, 0.001652, 0.021145
-48.2575, 0.001652, 0.0211661
-1845.85, 0.00290613, 0.00310864
-848.013, 0.00652461, 0.00172879
-849.016, 0.00652461, 0.00173052
-48.0284, 0.166603, 0.00016536
-1828.06, 0.00290322, 0.00548621
-1827.92, 0.00290322, 0.0054917
-228.137, 0.00192489, 0.0136459
-48.0153, 0.00037011, 0.522308
-48.0153, 0.00037011, 0.52283
-264.241, 0.00290613, 0.000339459
-57.5767, 0.0058927, 0.000167508
-57.5978, 0.0058927, 0.000167676
-1853.25, 0.00290613, 0.00397052
-1805.6, 0.00575571, 0.00823201
-1805.5, 0.00575571, 0.00824025
-801.301, 0.0890035, 0.152104
-44.9945, 5063.7, 17729
-45.0004, 5063.7, 17746.8
-1847, 0.00290613, 0.00454573
-981.409, 0.00238001, 0.0121126
-978.728, 0.00238001, 0.0121247
-48.0153, 0.00107598, 0.610619
-1830.32, 0.00290322, 0.00539319
-1830.19, 0.00290322, 0.00539859
-263.95, 0.00194393, 0.0134735
-48.0153, 0.000388781, 0.524838
-48.0153, 0.000388781, 0.525363
-1795.84, 0.00290613, 0.00239728
-595.684, 0.00607082, 0.0012204
-596.512, 0.00607082, 0.00122162
-48.0224, 0.116185, 8.1965e-05
-1450.16, 0.00290322, 0.00137117
-1451.08, 0.00290322, 0.00137254
-255.504, 0.00591237, 0.000678202
-1778.56, 0.00290322, 0.00701269
-1778.27, 0.00290322, 0.00701971
-56.6733, 0.00175837, 0.0166488
-1819.02, 0.00290322, 0.00582952
-1818.86, 0.00290322, 0.00583536
-138.764, 0.00187224, 0.0143118
-48.0153, 0.00032219, 0.519928
-48.0153, 0.00032219, 0.520448
-1833.55, 0.00290613, 0.00525598
-326.598, 0.00197473, 0.0132251
-324.492, 0.00197473, 0.0132384
-48.0153, 0.000423103, 0.530134
-48.2273, 0.0884091, 0.000348256
-48.2277, 0.0884091, 0.000348604
-48.0272, 0.182552, 0.000174723
-208.823, 0.0884091, 0.00973661
-209.132, 0.0884091, 0.00974635
-54.2992, 0.185472, 0.00496893
-57.2086, 0.0884091, 0.00261603
-57.229, 0.0884091, 0.00261865
-48.4998, 0.183241, 0.00131771
-193.841, 0.0884091, 0.00925825
-194.128, 0.0884091, 0.00926752
-53.6494, 0.185261, 0.00471892
-61.5712, 0.0884091, 0.00310864
-61.6022, 0.0884091, 0.00311175
-48.675, 0.183329, 0.00156665
-96.7419, 0.0884091, 0.00548621
-96.8495, 0.0884091, 0.0054917
-49.9247, 0.184066, 0.00277674
-48.217, 0.0884091, 0.000339459
-48.2174, 0.0884091, 0.000339798
-48.0267, 0.182547, 0.000170304
-71.6161, 0.0884091, 0.00397052
-71.6694, 0.0884091, 0.00397449
-49.039, 0.183613, 0.0020043
-80.0529, 0.0884091, 0.00454573
-80.1251, 0.0884091, 0.00455028
-49.3443, 0.183779, 0.00229688
-94.9347, 0.0884091, 0.00539319
-95.0387, 0.0884091, 0.00539859
-49.8588, 0.184028, 0.00272905
-55.5916, 0.0884091, 0.00239728
-55.6087, 0.0884091, 0.00239968
-48.426, 0.18312, 0.00120668
-50.3363, 0.0884091, 0.00137117
-50.3413, 0.0884091, 0.00137254
-48.1889, 0.182818, 0.000688982
-130.834, 0.0884091, 0.00701269
-131.008, 0.0884091, 0.00701971
-51.1546, 0.184584, 0.00356012
-103.689, 0.0884091, 0.00582952
-103.811, 0.0884091, 0.00583536
-50.1827, 0.184173, 0.00295235
-92.3316, 0.0884091, 0.00525598
-92.4298, 0.0884091, 0.00526124
-49.7648, 0.184009, 0.00265932
-50.6629, 0.0220102, 0.000348256
-50.6687, 0.0220102, 0.000348604
-48.2274, 0.0448491, 0.000172352
-1305.94, 0.0220102, 0.00973661
-1306.8, 0.0220102, 0.00974635
-216.441, 0.0463255, 0.00498687
-262.765, 0.0220102, 0.00261603
-263.172, 0.0220102, 0.00261865
-57.3373, 0.0450546, 0.00130071
-1261.33, 0.0220102, 0.00925825
-1262.24, 0.0220102, 0.00926752
-200.453, 0.0461616, 0.00472333
-343.251, 0.0220102, 0.00310864
-343.78, 0.0220102, 0.00311175
-61.7822, 0.0451, 0.00154724
-758.707, 0.0220102, 0.00548621
-759.628, 0.0220102, 0.0054917
-98.0945, 0.0453873, 0.00274863
-50.5207, 0.0220102, 0.000339459
-50.5261, 0.0220102, 0.000339798
-48.217, 0.0448498, 0.000168001
-493.965, 0.0220102, 0.00397052
-494.68, 0.0220102, 0.00397449
-72.1004, 0.0451905, 0.00198029
-596.31, 0.0220102, 0.00454573
-597.111, 0.0220102, 0.00455028
-80.7946, 0.0452667, 0.00227114
-743.094, 0.0220102, 0.00539319
-744.008, 0.0220102, 0.00539859
-96.2182, 0.045373, 0.00270114
-229.379, 0.0220102, 0.00239728
-229.737, 0.0220102, 0.00239968
-55.6806, 0.0450285, 0.00119124
-103.712, 0.0220102, 0.00137117
-103.836, 0.0220102, 0.00137254
-50.3501, 0.0449352, 0.000679915
-994.618, 0.0220102, 0.00701269
-995.599, 0.0220102, 0.00701971
-133.743, 0.0456467, 0.00353459
-815.212, 0.0220102, 0.00582952
-816.163, 0.0220102, 0.00583536
-105.324, 0.0454361, 0.00292393
-719.861, 0.0220102, 0.00525598
-720.751, 0.0220102, 0.00526124
-93.5171, 0.0453615, 0.00263172
