-40.4585, 829.475, 0.0150958
-40.4519, 529.793, 0.0369217
-40.4519, 529.793, 0.0369586
-553.927, 88.611, 1.32123
-40.3811, 316.201, 0.103622
-40.3809, 316.201, 0.103725
-49.2015, 162.247, 0.394222
-40.3364, 264.824, 0.147714
-40.3363, 264.824, 0.147862
-40.336, 261.179, 0.152169
-40.4588, 828.646, 0.0119625
-40.4588, 828.646, 0.0119744
-40.4546, 530.147, 0.0292531
-345.872, 88.3757, 1.04612
-346.652, 88.3757, 1.04717
-40.4024, 312.061, 0.0843214
-45.3213, 155.98, 0.336276
-45.3422, 155.98, 0.336612
-40.3479, 257.507, 0.123777
-40.4785, 204.759, 0.195268
-40.4796, 204.759, 0.195463
-40.3361, 241.763, 0.140402
-40.3356, 237.937, 0.14466
-40.3356, 237.937, 0.144804
-40.4587, 829.475, 0.0130734
-40.4537, 529.687, 0.0319719
-40.4537, 529.687, 0.0320039
-412.595, 88.5224, 1.14365
-40.3975, 316.844, 0.0892787
-40.3974, 316.844, 0.089368
-44.9168, 163.254, 0.336596
-40.3453, 263.885, 0.128671
-40.3452, 263.885, 0.1288
-40.3455, 234.84, 0.16276
-40.3453, 263.885, 0.128671
-40.3452, 263.885, 0.1288
-40.4343, 829.475, 0.0867955
-40.3386, 530.166, 0.212361
-40.3386, 530.166, 0.212573
-40.4589, 829.475, 0.00954198
-40.4563, 529.423, 0.0233298
-40.4563, 529.423, 0.0233531
-210.741, 88.3025, 0.833685
-40.4213, 312.154, 0.0669525
-40.4212, 312.154, 0.0670195
-42.0429, 156.826, 0.264981
-40.3712, 254.214, 0.100858
-40.3711, 254.214, 0.100959
-40.3607, 201.089, 0.161343
-40.3517, 238.213, 0.11483
-40.3516, 238.213, 0.114945
-40.3351, 217.395, 0.138095
-40.432, 828.646, 0.091071
-40.4319, 828.646, 0.0911621
-40.34, 530.679, 0.222818
-40.3897, 669.041, 0.139802
-40.3896, 669.041, 0.139942
-40.3388, 545.3, 0.211011
-40.4589, 828.646, 0.00989639
-40.4589, 828.646, 0.00990629
-40.4561, 529.984, 0.024197
-227.568, 88.2399, 0.864776
-228.049, 88.2399, 0.865642
-40.4184, 312.038, 0.0696517
-42.4634, 156.06, 0.277116
-42.4732, 156.06, 0.277393
-40.3671, 254.765, 0.104401
-40.3731, 201.197, 0.1669
-40.3735, 201.197, 0.167067
-40.3363, 225.065, 0.133705
-40.4308, 828.646, 0.0930672
-40.4308, 828.646, 0.0931603
-40.3415, 530.671, 0.2277
-40.3983, 697.512, 0.131422
-40.3982, 697.512, 0.131553
-40.3391, 552.782, 0.209822
-40.4315, 828.646, 0.0918826
-40.4315, 828.646, 0.0919745
-40.3405, 530.676, 0.224803
-40.3938, 681.874, 0.135779
-40.3937, 681.874, 0.135915
-40.3389, 548.341, 0.21053
-40.4592, 828.646, 0.00208702
-40.4592, 828.646, 0.00208911
-40.4591, 530.002, 0.00510293
-41.3326, 88.2552, 0.182386
-41.3377, 88.2552, 0.182569
-40.4568, 298.999, 0.015998
-40.3741, 139.769, 0.07285
-40.374, 139.769, 0.0729229
-40.3407, 111.569, 0.114459
-40.3451, 127.059, 0.0881203
-40.345, 127.059, 0.0882084
-40.3407, 111.569, 0.114459
-40.4564, 828.646, 0.0286909
-40.4564, 828.646, 0.0287196
-40.4338, 530.643, 0.070194
-1672.88, 88.7903, 2.51491
-1675.18, 88.7903, 2.51742
-40.3374, 343.354, 0.167866
-40.3378, 334.915, 0.176091
-40.3378, 334.915, 0.176267
-40.3374, 343.354, 0.167866
-40.4539, 828.646, 0.0394173
-40.4539, 828.646, 0.0394568
-40.4139, 530.72, 0.0964438
-2461.21, 88.8546, 3.45639
-2463.76, 88.8546, 3.45984
-40.3376, 387.016, 0.181573
-40.45, 828.646, 0.0518118
-40.45, 828.646, 0.0518636
-40.3877, 530.75, 0.126773
-3142.4, 88.8794, 4.54385
-3144.71, 88.8794, 4.5484
-40.3876, 530.584, 0.126853
-40.3874, 529.797, 0.126976
-40.3873, 529.797, 0.127103
-100.284, 217.215, 0.759578
-40.3427, 415.764, 0.206379
-40.3428, 415.764, 0.206585
-40.3523, 470.113, 0.161664
-40.338, 431.928, 0.191192
-40.338, 431.928, 0.191383
-40.4516, 829.475, 0.0471117
-40.3977, 530.213, 0.115272
-40.3976, 530.213, 0.115388
-2912.79, 88.9628, 4.13153
-40.3665, 475.01, 0.143684
-40.3664, 475.01, 0.143827
-40.3565, 459.592, 0.153813
-118.388, 202.002, 0.797173
-118.64, 202.002, 0.79797
-40.4024, 371.367, 0.235773
-40.3388, 422.891, 0.181365
-40.3387, 422.891, 0.181546
-40.3378, 414.654, 0.189034
-40.4319, 828.646, 0.0912491
-40.4318, 828.646, 0.0913404
-40.3401, 530.678, 0.223254
-40.3907, 672.031, 0.138829
-40.3906, 672.031, 0.138968
-40.3389, 545.965, 0.210907
-40.4081, 10.5119, 0.0150958
-40.408, 10.5119, 0.0151109
-40.2856, 6.96748, 0.037543
-40.4258, 10.5119, 0.0119625
-40.4257, 10.5119, 0.0119744
-40.2888, 6.98166, 0.0297777
-40.4198, 10.5119, 0.0130734
-40.4197, 10.5119, 0.0130864
-40.2849, 6.97747, 0.0325342
-41.3743, 10.5119, 0.0867955
-41.3783, 10.5119, 0.0868824
-40.3164, 12.3689, 0.0323532
-40.4374, 10.5119, 0.00954198
-40.4374, 10.5119, 0.00955152
-40.3196, 6.98832, 0.0237626
-41.9305, 1.35821, 0.913947
-41.924, 1.35821, 0.914861
-40.3163, 6.94104, 0.024125
-40.3131, 6.88736, 0.0244916
-40.3129, 6.88736, 0.0245161
-53.8578, 3.06157, 0.149613
-40.2808, 5.81361, 0.0357367
-40.2809, 5.81361, 0.0357724
-41.5913, 10.5224, 0.091071
-40.3119, 12.8866, 0.0342129
-40.3117, 12.8866, 0.0342471
-40.4359, 10.5224, 0.00989639
-40.3131, 6.98054, 0.024644
-40.3129, 6.98054, 0.0246687
-41.7128, 1.3588, 0.947652
-40.3097, 6.93094, 0.0250388
-40.3096, 6.93094, 0.0250639
-40.2816, 6.05785, 0.0338764
-41.7063, 10.5119, 0.0930672
-41.7118, 10.5119, 0.0931603
-40.3099, 13.0977, 0.0350783
-41.6377, 10.5119, 0.0918826
-41.6429, 10.5119, 0.0919745
-40.3111, 12.9834, 0.0345651
-40.4582, 10.5119, 0.00208702
-40.4582, 10.5119, 0.00208911
-40.4498, 6.99629, 0.00520002
-41.9683, 1.36598, 0.200409
-41.9725, 1.36598, 0.20061
-40.4497, 6.98045, 0.00522647
-40.4495, 6.95752, 0.00525331
-40.4495, 6.95752, 0.00525856
-40.2522, 3.08591, 0.0324471
-40.2517, 3.07414, 0.0326524
-40.2517, 3.07414, 0.0326851
-40.2505, 3.0451, 0.0334279
-41.4063, 2.03847, 0.0818491
-41.4111, 2.03847, 0.0819309
-40.2494, 3.00743, 0.0343717
-40.2488, 2.97062, 0.0352526
-40.2488, 2.97062, 0.0352879
-40.4542, 2.46326, 0.0537159
-40.2488, 2.96607, 0.0353739
-40.2488, 2.96607, 0.0354093
-40.2489, 2.96769, 0.0354099
-40.3216, 10.5119, 0.0286909
-40.3215, 10.5119, 0.0287196
-40.9414, 6.68847, 0.0699674
-40.2859, 9.27129, 0.0367321
-40.2859, 9.27129, 0.0367688
-40.2909, 10.5224, 0.0394173
-40.3165, 4.72554, 0.021619
-40.3164, 4.72554, 0.0216407
-40.2856, 8.68928, 0.0341378
-40.3456, 10.5119, 0.0518118
-40.3461, 10.5119, 0.0518636
-40.3903, 12.3495, 0.019308
-40.2931, 11.0555, 0.0379684
-40.2931, 11.0555, 0.0380064
-40.3142, 10.5224, 0.0471117
-40.3974, 11.3071, 0.0173776
-40.3973, 11.3071, 0.017395
-40.2922, 10.7029, 0.0373325
-41.6022, 10.5119, 0.0912491
-41.6072, 10.5119, 0.0913404
-40.3118, 12.9183, 0.0342902
-40.4584, 802.64, 0.0150958
-40.4584, 802.64, 0.0151109
-40.4517, 513.706, 0.0369227
-567.892, 85.767, 1.32141
-569.068, 85.767, 1.32273
-40.3792, 306.577, 0.103656
-49.7803, 156.968, 0.394563
-49.8177, 156.968, 0.394958
-40.336, 256.928, 0.147581
-40.3359, 254.829, 0.149722
-40.3359, 254.829, 0.149872
-40.4587, 803.443, 0.0119625
-40.4545, 513.026, 0.029254
-40.4544, 513.026, 0.0292833
-353.319, 85.713, 1.04627
-40.4055, 308.102, 0.0810253
-40.4054, 308.102, 0.0811063
-43.2749, 159.908, 0.30099
-40.3533, 255.867, 0.11744
-40.3532, 255.867, 0.117557
-40.4074, 206.646, 0.18033
-40.3364, 236.378, 0.137581
-40.3363, 236.378, 0.137719
-40.4586, 803.443, 0.0130734
-40.4535, 513.094, 0.0319729
-40.4535, 513.094, 0.0320049
-421.436, 85.7703, 1.14382
-40.3952, 306.203, 0.0897151
-40.3951, 306.203, 0.0898049
-45.5616, 157.103, 0.341198
-40.3432, 255.027, 0.129303
-40.3431, 255.027, 0.129433
-40.3411, 231.59, 0.157093
-40.4336, 802.64, 0.0867955
-40.4335, 802.64, 0.0868824
-40.3387, 514.042, 0.212361
-40.4589, 802.64, 0.00954198
-40.4589, 802.64, 0.00955152
-40.4562, 513.357, 0.0233306
-215.797, 85.4759, 0.833833
-216.25, 85.4759, 0.834667
-40.4199, 302.138, 0.0672093
-42.2826, 151.013, 0.26775
-42.2917, 151.013, 0.268018
-40.369, 246.3, 0.101054
-40.3672, 194.335, 0.161846
-40.3676, 194.335, 0.162008
-40.3515, 232.284, 0.11359
-40.335, 211.545, 0.136629
-40.335, 211.545, 0.136766
-40.4312, 803.443, 0.091071
-40.341, 513.511, 0.222818
-40.341, 513.511, 0.223041
-40.3963, 669.184, 0.131358
-40.3389, 532.787, 0.206962
-40.3389, 532.787, 0.207169
-40.4589, 803.443, 0.00989639
-40.456, 512.876, 0.0241979
-40.456, 512.876, 0.0242222
-233.042, 85.5883, 0.86494
-40.417, 301.567, 0.0698537
-40.4169, 301.567, 0.0699236
-42.7085, 150.775, 0.279293
-40.3649, 246.421, 0.104539
-40.3648, 246.421, 0.104644
-40.3804, 194.957, 0.167206
-40.3364, 219.561, 0.131626
-40.3363, 219.561, 0.131757
-40.43, 803.443, 0.0930672
-40.343, 513.502, 0.2277
-40.3431, 513.502, 0.227928
-40.4021, 691.144, 0.125827
-40.3393, 540.047, 0.205833
-40.3392, 540.047, 0.206039
-40.4307, 803.443, 0.0918826
-40.3417, 513.507, 0.224803
-40.3418, 513.507, 0.225028
-40.3991, 678.986, 0.128723
-40.339, 535.766, 0.206483
-40.339, 535.766, 0.20669
-40.4592, 803.443, 0.00208702
-40.4591, 512.804, 0.00510268
-40.4591, 512.804, 0.00510778
-41.4053, 85.5276, 0.18234
-40.4567, 289.447, 0.0159755
-40.4567, 289.447, 0.0159915
-40.3727, 135.672, 0.072612
-40.3422, 108.146, 0.113936
-40.3424, 108.146, 0.11405
-40.3453, 124.001, 0.0868893
-40.3422, 108.146, 0.113936
-40.3424, 108.146, 0.11405
-40.4563, 803.443, 0.0286909
-40.433, 513.493, 0.0701952
-40.433, 513.493, 0.0702654
-1692.21, 86.104, 2.51512
-40.337, 332.506, 0.16763
-40.337, 332.506, 0.167797
-40.3371, 329.684, 0.170858
-40.337, 332.506, 0.16763
-40.337, 332.506, 0.167797
-40.4537, 803.443, 0.0394173
-40.4125, 513.563, 0.096445
-40.4125, 513.563, 0.0965415
-2475.52, 86.1627, 3.4566
-40.3375, 375.664, 0.180462
-40.3375, 375.664, 0.180642
-40.4497, 803.443, 0.0518118
-40.3858, 513.588, 0.126774
-40.3857, 513.588, 0.126901
-3145.01, 86.184, 4.54406
-40.3857, 513.405, 0.126865
-40.3856, 513.405, 0.126992
-40.3856, 513.626, 0.12701
-103.303, 210.185, 0.759698
-103.512, 210.185, 0.760458
-40.3443, 403.338, 0.206169
-40.3533, 459.715, 0.1583
-40.3532, 459.715, 0.158459
-40.3379, 421.488, 0.188761
-40.4514, 802.64, 0.0471117
-40.4513, 802.64, 0.0471589
-40.3961, 514.097, 0.115274
-2920, 86.0935, 4.13174
-2922.45, 86.0935, 4.13588
-40.3739, 474.899, 0.135131
-40.3673, 464.199, 0.141163
-40.3671, 464.199, 0.141304
-109.151, 200.111, 0.763707
-40.3699, 371.633, 0.22044
-40.3703, 371.633, 0.22066
-40.3386, 412.114, 0.179544
-40.3378, 403.189, 0.187222
-40.3378, 403.189, 0.18741
-40.4311, 803.443, 0.0912491
-40.3411, 513.51, 0.223254
-40.3412, 513.51, 0.223477
-40.3969, 671.454, 0.130725
-40.3389, 533.443, 0.206856
-40.3389, 533.443, 0.207062
-40.458, 542.888, 0.0150958
-40.4481, 346.984, 0.0369343
-40.4481, 346.984, 0.0369712
-725.957, 58.1935, 1.32348
-40.3603, 210.723, 0.100308
-40.3602, 210.723, 0.100409
-52.2577, 111.571, 0.35928
-40.3392, 179.366, 0.138518
-40.3393, 179.366, 0.138657
-40.3385, 194.162, 0.118418
-40.4585, 542.346, 0.0119625
-40.4585, 542.346, 0.0119744
-40.4522, 347.253, 0.0292647
-463.148, 58.0698, 1.04818
-464.086, 58.0698, 1.04923
-40.3839, 207.69, 0.0818942
-47.5609, 106.735, 0.309879
-47.5899, 106.735, 0.310189
-40.3356, 173.986, 0.116738
-40.3342, 167.538, 0.125655
-40.3342, 167.538, 0.125781
-40.4583, 542.888, 0.0130734
-40.4508, 346.937, 0.0319838
-40.4508, 346.937, 0.0320158
-553.907, 58.1546, 1.14579
-40.374, 207.987, 0.0891095
-40.3738, 207.987, 0.0891986
-49.9761, 107.547, 0.334502
-40.334, 175.06, 0.125838
-40.334, 175.06, 0.125964
-40.3342, 176.919, 0.123451
-40.334, 175.06, 0.125838
-40.334, 175.06, 0.125964
-40.4224, 542.888, 0.0867955
-40.3681, 346.979, 0.212357
-40.3684, 346.979, 0.21257
-40.4089, 505.997, 0.0999356
-40.3397, 388.298, 0.169506
-40.3396, 388.298, 0.169676
-40.4588, 542.888, 0.00954198
-40.4547, 346.81, 0.02334
-40.4547, 346.81, 0.0233634
-289.663, 58.0477, 0.835517
-40.4044, 204.916, 0.0668714
-40.4043, 204.916, 0.0669384
-44.2897, 103.284, 0.263838
-40.3496, 169.144, 0.0981568
-40.3495, 169.144, 0.098255
-40.4363, 135.166, 0.154034
-40.3342, 157.174, 0.113681
-40.3341, 157.174, 0.113795
-40.3333, 154.302, 0.118189
-40.419, 542.346, 0.091071
-40.419, 542.346, 0.0911621
-40.3887, 347.297, 0.222808
-40.4079, 513.05, 0.101784
-40.4078, 513.05, 0.101886
-40.3398, 396.192, 0.171146
-40.4587, 542.346, 0.00989639
-40.4587, 542.346, 0.00990629
-40.4544, 347.173, 0.0242075
-313.6, 58.0036, 0.866654
-314.279, 58.0036, 0.867521
-40.401, 205.156, 0.0693498
-44.9489, 103.217, 0.273567
-44.9683, 103.217, 0.273841
-40.3462, 169.668, 0.101409
-40.4622, 135.524, 0.158653
-40.4632, 135.524, 0.158812
-40.334, 159.161, 0.115246
-40.3334, 156.572, 0.118851
-40.3334, 156.572, 0.11897
-40.4175, 542.888, 0.0930672
-40.4009, 346.936, 0.227687
-40.4015, 346.936, 0.227915
-40.4072, 516.263, 0.102927
-40.3396, 398.85, 0.172213
-40.3396, 398.85, 0.172385
-40.4184, 542.888, 0.0918826
-40.3936, 346.944, 0.224792
-40.3942, 346.944, 0.225017
-40.4077, 514.712, 0.102232
-40.3397, 397.068, 0.171559
-40.3397, 397.068, 0.171731
-40.4592, 542.888, 0.00208702
-40.459, 346.315, 0.00510129
-40.459, 346.315, 0.0051064
-42.7618, 57.6353, 0.182093
-40.4556, 196.647, 0.0157548
-40.4556, 196.647, 0.0157706
-40.3529, 92.9709, 0.0702309
-40.3793, 74.7061, 0.108377
-40.3798, 74.7061, 0.108485
-40.3298, 84.3777, 0.0852024
-40.4549, 542.346, 0.0286909
-40.4549, 542.346, 0.0287196
-40.4217, 347.448, 0.0702085
-1897.3, 58.2334, 2.51751
-1899.44, 58.2334, 2.52003
-40.3358, 243.674, 0.143004
-40.3359, 239.41, 0.14786
-40.3359, 239.41, 0.148008
-40.3358, 243.674, 0.143004
-40.4511, 542.346, 0.0394173
-40.4511, 542.346, 0.0394568
-40.3943, 347.464, 0.096459
-2569.63, 58.247, 3.45911
-2571.58, 58.247, 3.46257
-40.3942, 347.333, 0.0965323
-40.394, 346.781, 0.0966467
-40.3939, 346.781, 0.0967434
-84.1371, 142.265, 0.578197
-40.3623, 311.125, 0.120139
-40.3622, 311.125, 0.120259
-40.3437, 290.953, 0.137701
-41.6227, 203.248, 0.282167
-41.6291, 203.248, 0.28245
-40.3371, 270.029, 0.159933
-40.3364, 276.719, 0.151968
-40.3364, 276.719, 0.15212
-40.4453, 542.888, 0.0518118
-40.3625, 347.108, 0.126788
-40.3624, 347.108, 0.126915
-3046.94, 58.2982, 4.54653
-40.3625, 347.075, 0.126813
-40.3624, 347.075, 0.12694
-40.3616, 346.325, 0.12762
-124.177, 141.95, 0.761726
-124.4, 141.95, 0.762488
-40.3754, 279.89, 0.195614
-40.3376, 311.994, 0.157023
-40.3375, 311.994, 0.15718
-40.3367, 305.872, 0.163716
-40.4477, 542.346, 0.0471117
-40.4476, 542.346, 0.0471589
-40.374, 347.461, 0.115288
-2898.67, 58.2447, 4.13426
-2900.3, 58.2447, 4.13839
-40.374, 347.413, 0.11532
-40.3739, 347.018, 0.115352
-40.3738, 347.018, 0.115467
-105.399, 142.311, 0.690575
-40.341, 284.533, 0.171762
-40.3411, 284.533, 0.171934
-40.3443, 313.119, 0.142043
-40.3365, 295.029, 0.159727
-40.3365, 295.029, 0.159887
-40.4189, 542.888, 0.0912491
-40.3899, 346.949, 0.223244
-40.3905, 346.949, 0.223467
-40.4079, 513.822, 0.10188
-40.3397, 396.079, 0.171234
-40.3397, 396.079, 0.171406
-40.43, 20.2689, 0.0150958
-40.3039, 13.1807, 0.0372467
-40.3038, 13.1807, 0.037284
-95.6327, 2.36887, 1.38043
-40.3038, 13.1749, 0.0372808
-40.3037, 13.1749, 0.0373181
-40.303, 13.1439, 0.0375452
-84.1014, 5.5744, 0.227658
-84.2138, 5.5744, 0.227886
-40.3759, 10.9278, 0.0553665
-40.2968, 12.5833, 0.0410639
-40.2968, 12.5833, 0.041105
-40.4405, 20.2689, 0.0119625
-40.3349, 13.1889, 0.0295244
-40.3348, 13.1889, 0.0295539
-114.739, 2.37631, 1.09553
-40.3347, 13.1806, 0.0295638
-40.3345, 13.1806, 0.0295933
-40.3256, 12.8921, 0.0310406
-65.1589, 5.52941, 0.184406
-65.2292, 5.52941, 0.184591
-40.315, 10.5591, 0.0472752
-40.298, 11.8391, 0.0370679
-40.2979, 11.8391, 0.037105
-40.2937, 11.4365, 0.0399552
-40.437, 20.2486, 0.0130734
-40.4369, 20.2486, 0.0130864
-40.3217, 13.1996, 0.0322633
-107.685, 2.37167, 1.19672
-107.607, 2.37167, 1.19792
-40.3215, 13.1916, 0.0323045
-40.3174, 13.0404, 0.0330287
-40.3173, 13.0404, 0.0330618
-70.8968, 5.56683, 0.198812
-40.3312, 10.7056, 0.050044
-40.3316, 10.7056, 0.0500941
-40.2951, 11.9267, 0.0399456
-40.7841, 20.2486, 0.0867955
-40.7859, 20.2486, 0.0868824
-40.3597, 21.7344, 0.0320083
-40.4471, 20.2486, 0.00954198
-40.4471, 20.2486, 0.00955152
-40.3688, 13.2063, 0.023554
-126.905, 2.37771, 0.874516
-126.87, 2.37771, 0.875391
-40.3686, 13.1982, 0.0235846
-40.3683, 13.1769, 0.0236154
-40.3682, 13.1769, 0.023639
-52.0109, 5.60298, 0.143708
-40.2912, 10.5535, 0.037719
-40.2912, 10.5535, 0.0377568
-40.2905, 10.3227, 0.0396034
-40.8788, 20.2486, 0.091071
-40.881, 20.2486, 0.0911621
-40.3564, 23.152, 0.0338021
-40.4462, 20.2486, 0.00989639
-40.4462, 20.2486, 0.00990629
-40.3637, 13.2058, 0.0244284
-125.47, 2.37724, 0.906913
-125.429, 2.37724, 0.907821
-40.3634, 13.1976, 0.0244605
-40.3631, 13.1762, 0.0244927
-40.363, 13.1762, 0.0245172
-53.4342, 5.60229, 0.14904
-40.2909, 10.5646, 0.0390272
-40.2909, 10.5646, 0.0390662
-40.9282, 20.2689, 0.0930672
-40.3545, 23.6873, 0.0346639
-40.3543, 23.6873, 0.0346986
-40.8983, 20.2689, 0.0918826
-40.3556, 23.3631, 0.0341512
-40.3555, 23.3631, 0.0341854
-40.4587, 20.2689, 0.00208702
-40.4539, 13.1985, 0.00515272
-40.4539, 13.1985, 0.00515787
-59.6261, 2.38491, 0.191458
-40.4191, 8.78018, 0.0121858
-40.419, 8.78018, 0.012198
-40.2797, 5.504, 0.0327402
-40.2788, 5.22258, 0.0365003
-40.2789, 5.22258, 0.0365368
-40.3701, 20.2689, 0.0286909
-40.5727, 13.0618, 0.0704825
-40.5742, 13.0618, 0.070553
-40.3137, 17.2675, 0.0398508
-40.3254, 20.2486, 0.0394173
-40.3253, 20.2486, 0.0394568
-41.5709, 12.606, 0.0950344
-40.3079, 18.0588, 0.0487297
-40.3079, 18.0588, 0.0487784
-40.3117, 20.2689, 0.0518118
-40.4181, 22.7548, 0.0191912
-40.4181, 22.7548, 0.0192104
-40.3109, 20.5358, 0.0463511
-40.3097, 20.2486, 0.0471117
-40.3097, 20.2486, 0.0471589
-41.7681, 9.6541, 0.0921345
-40.3128, 18.3529, 0.0514914
-40.3129, 18.3529, 0.0515429
-40.3086, 19.5839, 0.0485993
-40.8831, 20.2486, 0.0912491
-40.8853, 20.2486, 0.0913404
-40.3563, 23.2043, 0.0338786
-40.4577, 428.815, 0.0150958
-40.4577, 428.815, 0.0151109
-40.4453, 274.717, 0.0369406
-822.81, 46.0446, 1.32462
-824.203, 46.0446, 1.32594
-40.3511, 169.696, 0.0970562
-51.6616, 92.58, 0.326461
-51.7048, 92.58, 0.326788
-40.3436, 146.295, 0.130689
-40.3369, 160.007, 0.108981
-40.3369, 160.007, 0.10909
-40.4583, 429.244, 0.0119625
-40.4504, 274.397, 0.0292705
-40.4504, 274.397, 0.0292998
-538.284, 46.0523, 1.04923
-40.3717, 165.267, 0.0808646
-40.3716, 165.267, 0.0809455
-49.4404, 86.1695, 0.298885
-40.3327, 139.565, 0.113474
-40.3327, 139.565, 0.113587
-40.3329, 141.389, 0.11078
-40.3327, 139.565, 0.113474
-40.3327, 139.565, 0.113587
-40.4581, 429.244, 0.0130734
-40.4487, 274.416, 0.0319899
-40.4487, 274.416, 0.0320219
-636.562, 46.0682, 1.14687
-40.3641, 167.12, 0.0864532
-40.364, 167.12, 0.0865397
-49.8815, 88.9363, 0.306779
-40.3343, 142.301, 0.119329
-40.3343, 142.301, 0.119449
-40.3353, 149.816, 0.107848
-40.3343, 142.301, 0.119329
-40.3343, 142.301, 0.119449
-40.4138, 429.244, 0.0867955
-40.4291, 274.31, 0.212344
-40.4299, 274.31, 0.212556
-40.35, 338.547, 0.139613
-40.3369, 309.519, 0.166731
-40.337, 309.519, 0.166898
-40.4586, 429.244, 0.00954198
-40.4536, 274.338, 0.0233454
-40.4535, 274.338, 0.0233688
-342.138, 46.0024, 0.83648
-40.3942, 163.143, 0.0661188
-40.3941, 163.143, 0.066185
-45.5266, 83.1476, 0.255582
-40.3404, 135.723, 0.0955874
-40.3403, 135.723, 0.095683
-40.3386, 122.558, 0.117497
-40.4098, 428.815, 0.091071
-40.4097, 428.815, 0.0911621
-40.4718, 274.546, 0.222788
-40.354, 349.785, 0.136921
-40.3539, 349.785, 0.137058
-40.3372, 314.802, 0.169413
-40.4586, 428.815, 0.00989639
-40.4586, 428.815, 0.00990629
-40.4531, 274.623, 0.024213
-369.404, 45.9656, 0.867636
-370.174, 45.9656, 0.868504
-40.3904, 163.382, 0.0685263
-46.3082, 83.1624, 0.264547
-46.3324, 83.1624, 0.264812
-40.3377, 136.183, 0.0986917
-40.3348, 126.108, 0.114888
-40.3349, 126.108, 0.115003
-40.4079, 429.244, 0.0930672
-40.496, 274.252, 0.227663
-40.4971, 274.252, 0.227891
-40.3547, 354.007, 0.136865
-40.3374, 316.55, 0.170855
-40.3374, 316.55, 0.171026
-40.4091, 429.244, 0.0918826
-40.4816, 274.264, 0.22477
-40.4827, 274.264, 0.224995
-40.3544, 351.796, 0.136834
-40.3373, 315.344, 0.169986
-40.3373, 315.344, 0.170156
-40.4592, 429.244, 0.00208702
-40.459, 273.818, 0.00510127
-40.459, 273.818, 0.00510638
-44.0732, 45.5685, 0.182089
-40.4552, 159.69, 0.0149379
-40.4552, 159.69, 0.0149528
-40.3599, 78.826, 0.0611033
-40.327, 68.4104, 0.0808783
-40.327, 68.4104, 0.0809592
-40.327, 68.3208, 0.0812514
-40.4537, 428.815, 0.0286909
-40.4537, 428.815, 0.0287196
-40.4129, 274.778, 0.0702164
-1961.6, 46.0952, 2.51893
-1963.52, 46.0952, 2.52145
-40.346, 215.027, 0.114842
-40.3754, 181.964, 0.160219
-40.3759, 181.964, 0.16038
-40.335, 202.065, 0.130101
-40.3347, 199.619, 0.133052
-40.3347, 199.619, 0.133185
-40.449, 429.244, 0.0394173
-40.3811, 274.503, 0.0964677
-40.381, 274.503, 0.0965642
-2528.04, 46.1416, 3.46066
-40.3811, 274.456, 0.0965008
-40.381, 274.456, 0.0965973
-40.3811, 274.684, 0.0965339
-88.8908, 112.468, 0.577989
-89.0213, 112.468, 0.578567
-40.3373, 221.799, 0.148261
-40.3423, 239.849, 0.126468
-40.3422, 239.849, 0.126595
-40.3354, 227.341, 0.141098
-40.4418, 428.815, 0.0518118
-40.4417, 428.815, 0.0518636
-40.3489, 274.758, 0.126797
-2861.77, 46.0787, 4.54801
-2862.58, 46.0787, 4.55256
-40.3489, 274.742, 0.126811
-40.3486, 274.249, 0.127014
-40.3485, 274.249, 0.127141
-146.282, 112.527, 0.760041
-40.4768, 218.228, 0.200873
-40.4778, 218.228, 0.201073
-40.3365, 257.472, 0.14445
-40.3359, 253.245, 0.149029
-40.3359, 253.245, 0.149178
-40.4447, 429.244, 0.0471117
-40.3597, 274.493, 0.115296
-40.3595, 274.493, 0.115412
-2769.31, 46.133, 4.13581
-40.3596, 274.469, 0.115317
-40.3595, 274.469, 0.115432
-40.359, 274.092, 0.115867
-121.114, 112.336, 0.692246
-121.349, 112.336, 0.692938
-40.3989, 218.519, 0.182553
-40.3369, 249.269, 0.139895
-40.3369, 249.269, 0.140035
-40.3357, 243.43, 0.147003
-40.4096, 428.815, 0.0912491
-40.4095, 428.815, 0.0913404
-40.4738, 274.545, 0.223223
-40.3541, 350.16, 0.136894
-40.354, 350.16, 0.137031
-40.3372, 314.993, 0.169537
-40.4563, 220.878, 0.0150958
-40.4563, 220.878, 0.0151109
-40.433, 141.65, 0.0369595
-1017.5, 23.8395, 1.32802
-1018.8, 23.8395, 1.32935
-40.3377, 95.5477, 0.0815829
-43.1008, 62.0864, 0.193746
-43.1129, 62.0864, 0.19394
-40.3332, 87.1402, 0.0981845
-40.4574, 220.878, 0.0119625
-40.4574, 220.878, 0.0119744
-40.4424, 141.643, 0.0292872
-730.718, 23.8335, 1.05223
-731.856, 23.8335, 1.05329
-40.3443, 89.3625, 0.0739437
-46.9918, 50.7686, 0.230028
-47.0101, 50.7686, 0.230258
-40.3308, 84.2419, 0.0832588
-40.3287, 81.653, 0.0884738
-40.3287, 81.653, 0.0885623
-40.457, 221.099, 0.0130734
-40.4392, 141.505, 0.0320074
-40.4392, 141.505, 0.0320395
-835.01, 23.8602, 1.15002
-40.3393, 90.8014, 0.0781083
-40.3392, 90.8014, 0.0781865
-46.6558, 53.4606, 0.227083
-40.3362, 89.6638, 0.0801139
-40.3361, 89.6638, 0.0801941
-40.329, 85.2819, 0.0887846
-40.8312, 67.4545, 0.141991
-40.834, 67.4545, 0.142133
-40.3296, 83.7877, 0.0919972
-40.329, 85.1967, 0.0887846
-40.329, 85.1967, 0.0888735
-40.3808, 221.099, 0.0867955
-41.0497, 141.034, 0.212147
-41.0535, 141.034, 0.21236
-40.3424, 193.794, 0.112861
-40.4581, 220.878, 0.00954198
-40.4581, 220.878, 0.00955152
-40.4484, 141.631, 0.0233603
-500.879, 23.8237, 0.839153
-501.774, 23.8237, 0.839993
-40.3626, 86.6346, 0.0627483
-46.5063, 46.3681, 0.220017
-46.5245, 46.3681, 0.220238
-40.3309, 77.2933, 0.078924
-40.3281, 74.0426, 0.0858712
-40.3281, 74.0426, 0.0859571
-40.375, 221.099, 0.091071
-41.2557, 140.927, 0.222513
-41.2605, 140.927, 0.222735
-40.3397, 195.025, 0.116874
-40.458, 220.878, 0.00989639
-40.458, 220.878, 0.00990629
-40.4476, 141.633, 0.0242282
-534.142, 23.8256, 0.870357
-535.072, 23.8256, 0.871227
-40.3596, 87.0992, 0.0643885
-46.5476, 47.0891, 0.221251
-46.5656, 47.0891, 0.221473
-40.3309, 78.3665, 0.0796252
-40.3281, 75.24, 0.0862428
-40.3282, 75.24, 0.0863291
-40.3724, 221.099, 0.0930672
-41.3638, 140.868, 0.227343
-41.369, 140.868, 0.22757
-40.3386, 195.524, 0.118797
-40.3739, 220.878, 0.0918826
-40.3738, 220.878, 0.0919745
-41.2964, 141.045, 0.224477
-40.3392, 195.038, 0.117653
-40.3391, 195.038, 0.11777
-40.4592, 221.099, 0.00208702
-40.4587, 141.236, 0.0051048
-40.4587, 141.236, 0.00510991
-47.5216, 23.6344, 0.18272
-40.4509, 81.0457, 0.0155042
-40.4509, 81.0457, 0.0155197
-40.3227, 38.9304, 0.0673374
-40.4425, 70.2737, 0.0206222
-40.4425, 70.2737, 0.0206428
-40.3251, 41.5037, 0.0592456
-40.3227, 38.8915, 0.0673374
-40.3228, 38.8915, 0.0674047
-40.4487, 221.099, 0.0286909
-40.3793, 141.505, 0.0702438
-40.3792, 141.505, 0.0703141
-1810.06, 23.8603, 2.52385
-40.3792, 141.484, 0.0702647
-40.3791, 141.484, 0.070335
-40.3793, 141.604, 0.0702855
-78.9817, 58.0687, 0.421177
-79.1082, 58.0687, 0.421598
-40.3396, 111.467, 0.113724
-40.3474, 127.579, 0.086513
-40.3473, 127.579, 0.0865996
-40.3315, 116.994, 0.10318
-40.4397, 220.878, 0.0394173
-40.4397, 220.878, 0.0394568
-40.3416, 141.625, 0.0964979
-1978.27, 23.8182, 3.46609
-1978.4, 23.8182, 3.46956
-40.3416, 141.617, 0.0965079
-40.3414, 141.396, 0.096617
-40.3413, 141.396, 0.0967137
-135.229, 58.0908, 0.578691
-40.4957, 113.329, 0.150732
-40.4969, 113.329, 0.150882
-40.3326, 134.126, 0.107647
-40.4266, 220.878, 0.0518118
-40.4266, 220.878, 0.0518636
-40.3409, 141.578, 0.12682
-40.4024, 194.929, 0.0665925
-40.4023, 194.929, 0.0666591
-40.3341, 151.177, 0.111167
-40.4319, 220.878, 0.0471117
-40.4319, 220.878, 0.0471589
-40.333, 141.599, 0.115324
-40.3747, 220.878, 0.0912491
-40.3746, 220.878, 0.0913404
-41.2628, 141.063, 0.222944
-40.3396, 194.877, 0.117045
-40.3395, 194.877, 0.117162
-40.4576, 393.363, 0.0150958
-40.444, 251.534, 0.0369429
-40.444, 251.534, 0.0369799
-856.532, 42.2645, 1.32503
-40.3468, 155.859, 0.096491
-40.3467, 155.859, 0.0965876
-52.3887, 85.7063, 0.320876
-40.3484, 134.844, 0.129022
-40.3487, 134.844, 0.129151
-40.333, 144.639, 0.112318
-40.4582, 392.97, 0.0119625
-40.4582, 392.97, 0.0119744
-40.4496, 251.748, 0.0292727
-566.916, 42.1913, 1.04962
-567.97, 42.1913, 1.05067
-40.3687, 152.815, 0.0796466
-48.9413, 80.6653, 0.2862
-48.9749, 80.6653, 0.286486
-40.3324, 129.702, 0.110654
-40.3328, 132.437, 0.105907
-40.3328, 132.437, 0.106013
-40.3324, 129.702, 0.110654
-40.458, 392.97, 0.0130734
-40.458, 392.97, 0.0130864
-40.4478, 251.764, 0.0319921
-667.89, 42.2043, 1.14727
-669.107, 42.2043, 1.14842
-40.3588, 153.416, 0.0863886
-51.2699, 81.565, 0.306065
-51.3115, 81.565, 0.306372
-40.3365, 130.942, 0.11869
-40.3362, 140.656, 0.102616
-40.3361, 140.656, 0.102719
-40.4102, 393.363, 0.0867955
-40.4654, 251.36, 0.212335
-40.4664, 251.36, 0.212547
-40.3534, 319.639, 0.131508
-40.3368, 287.628, 0.162118
-40.3368, 287.628, 0.16228
-40.4586, 393.363, 0.00954198
-40.4531, 251.448, 0.0233474
-40.453, 251.448, 0.0233708
-364.126, 42.1926, 0.836833
-40.3894, 149.51, 0.0661759
-40.3892, 149.51, 0.0662421
-46.4615, 76.1727, 0.256144
-40.3367, 124.645, 0.0952815
-40.3366, 124.645, 0.0953768
-40.3338, 116.151, 0.109977
-40.4059, 392.97, 0.091071
-40.4058, 392.97, 0.0911621
-40.5195, 251.569, 0.222775
-40.3545, 326.862, 0.131661
-40.3544, 326.862, 0.131793
-40.3373, 292.052, 0.165268
-40.4585, 392.97, 0.00989639
-40.4585, 392.97, 0.00990629
-40.4526, 251.708, 0.024215
-391.635, 42.1576, 0.867989
-392.403, 42.1576, 0.868857
-40.388, 151.117, 0.0673257
-45.7879, 78.1799, 0.251738
-45.8102, 78.1799, 0.25199
-40.3368, 126.602, 0.0959949
-40.3337, 117.922, 0.110459
-40.3338, 117.922, 0.11057
-40.404, 393.363, 0.0930672
-40.5499, 251.295, 0.227649
-40.5513, 251.295, 0.227876
-40.3544, 329.866, 0.132359
-40.3376, 293.478, 0.166894
-40.3377, 293.478, 0.167061
-40.4052, 393.363, 0.0918826
-40.5319, 251.308, 0.224757
-40.5332, 251.308, 0.224982
-40.3546, 328.328, 0.131909
-40.3374, 292.473, 0.165918
-40.3375, 292.473, 0.166084
-40.4592, 393.363, 0.00208702
-40.459, 250.946, 0.00510144
-40.459, 250.946, 0.00510655
-44.1276, 41.7734, 0.18212
-40.4551, 147.629, 0.0146847
-40.4551, 147.629, 0.0146994
-40.3617, 73.9735, 0.0583146
-40.33, 66.0607, 0.0729168
-40.33, 66.0607, 0.0729897
-40.3266, 63.0589, 0.080157
-40.4532, 392.97, 0.0286909
-40.4532, 392.97, 0.0287196
-40.4093, 251.831, 0.0702195
-1970.79, 42.2605, 2.51947
-1972.57, 42.2605, 2.52199
-40.3692, 216.987, 0.0946797
-40.3509, 204.121, 0.106823
-40.3508, 204.121, 0.106929
-82.8261, 92.9705, 0.518784
-40.3752, 169.55, 0.155025
-40.3756, 169.55, 0.15518
-40.3349, 188.899, 0.12505
-40.3343, 185.888, 0.12889
-40.3343, 185.888, 0.129018
-40.4481, 393.363, 0.0394173
-40.3759, 251.575, 0.0964711
-40.3758, 251.575, 0.0965676
-2492.04, 42.2995, 3.46127
-40.3759, 251.539, 0.0964992
-40.3758, 251.539, 0.0965958
-40.3759, 251.754, 0.0965274
-92.7866, 103.091, 0.578021
-92.9369, 103.091, 0.578599
-40.3448, 201.223, 0.151326
-40.3486, 229.618, 0.115876
-40.3485, 229.618, 0.115992
-40.335, 212.01, 0.13627
-40.4403, 392.97, 0.0518118
-40.4402, 392.97, 0.0518636
-40.3443, 251.803, 0.1268
-2769.14, 42.2374, 4.54858
-2769.69, 42.2374, 4.55313
-40.3443, 251.792, 0.126811
-40.3442, 251.416, 0.126937
-40.3441, 251.416, 0.127064
-157.763, 103.153, 0.759856
-40.5291, 199.791, 0.201304
-40.5304, 199.791, 0.201506
-40.3358, 238.539, 0.141342
-40.4434, 392.97, 0.0471117
-40.4434, 392.97, 0.0471589
-40.3545, 251.814, 0.1153
-2697.18, 42.2468, 4.13642
-2698.09, 42.2468, 4.14055
-40.3545, 251.796, 0.115317
-40.354, 251.185, 0.115648
-40.3539, 251.185, 0.115764
-129.163, 103.116, 0.691642
-40.4316, 199.586, 0.183451
-40.4324, 199.586, 0.183635
-40.3365, 232.186, 0.13569
-40.3354, 226.834, 0.141906
-40.3354, 226.834, 0.142048
-40.4058, 393.363, 0.0912491
-40.5226, 251.315, 0.22321
-40.5239, 251.315, 0.223434
-40.3546, 327.446, 0.131711
-40.3373, 291.919, 0.165409
-40.3374, 291.919, 0.165575
-40.4581, 549.698, 0.0150958
-40.4483, 351.329, 0.0369339
-40.4482, 351.329, 0.0369709
-720.586, 58.9179, 1.32342
-40.361, 213.337, 0.100325
-40.3609, 213.337, 0.100426
-52.0375, 112.933, 0.359463
-40.3387, 181.531, 0.138632
-40.3388, 181.531, 0.138771
-40.3385, 195.986, 0.119146
-40.4585, 549.149, 0.0119625
-40.4585, 549.149, 0.0119744
-40.4523, 351.601, 0.0292644
-459.246, 58.7923, 1.04813
-460.174, 58.7923, 1.04918
-40.3847, 210.361, 0.0818342
-47.3321, 108.173, 0.30925
-47.3602, 108.173, 0.309559
-40.336, 176.193, 0.11669
-40.3343, 168.972, 0.126634
-40.3344, 168.972, 0.126761
-40.4584, 549.698, 0.0130734
-40.451, 351.282, 0.0319835
-40.4509, 351.282, 0.0320155
-549.14, 58.8782, 1.14573
-40.3747, 210.554, 0.0891352
-40.3745, 210.554, 0.0892243
-49.809, 108.841, 0.334781
-40.3341, 177.159, 0.12596
-40.3341, 177.159, 0.126086
-40.3341, 177.974, 0.125059
-40.3341, 177.159, 0.12596
-40.3341, 177.159, 0.126086
-40.4228, 549.698, 0.0867955
-40.366, 351.332, 0.212357
-40.3664, 351.332, 0.21257
-40.409, 511.205, 0.100382
-40.3397, 392.15, 0.17039
-40.3397, 392.15, 0.170561
-40.4588, 549.698, 0.00954198
-40.4548, 351.152, 0.0233398
-40.4548, 351.152, 0.0233631
-286.931, 58.7689, 0.835468
-40.405, 207.546, 0.0668248
-40.405, 207.546, 0.0668917
-44.1588, 104.667, 0.26334
-40.3503, 171.272, 0.0981343
-40.3502, 171.272, 0.0982325
-40.4316, 136.853, 0.154025
-40.3343, 158.846, 0.114091
-40.3342, 158.846, 0.114205
-40.3333, 155.837, 0.118778
-40.4195, 549.149, 0.091071
-40.4194, 549.149, 0.0911621
-40.3857, 351.656, 0.222809
-40.4081, 518.674, 0.102104
-40.408, 518.674, 0.102206
-40.3398, 400.275, 0.171907
-40.4587, 549.149, 0.00989639
-40.4587, 549.149, 0.00990629
-40.4545, 351.52, 0.0242073
-310.556, 58.7246, 0.866606
-311.227, 58.7246, 0.867473
-40.4016, 207.756, 0.0693237
-44.8192, 104.554, 0.273292
-44.838, 104.554, 0.273565
-40.3468, 171.771, 0.101423
-40.4573, 137.176, 0.158735
-40.4583, 137.176, 0.158894
-40.3341, 160.873, 0.115636
-40.3334, 158.136, 0.119435
-40.3334, 158.136, 0.119555
-40.4179, 549.698, 0.0930672
-40.3975, 351.29, 0.227688
-40.398, 351.29, 0.227916
-40.4075, 522.03, 0.103207
-40.3397, 403.021, 0.172928
-40.3397, 403.021, 0.173101
-40.4189, 549.698, 0.0918826
-40.3905, 351.299, 0.224793
-40.391, 351.299, 0.225018
-40.4079, 520.401, 0.102534
-40.3398, 401.186, 0.172301
-40.3397, 401.186, 0.172473
-40.4592, 549.698, 0.00208702
-40.459, 350.684, 0.00510147
-40.459, 350.684, 0.00510658
-42.7042, 58.3788, 0.182125
-40.4557, 199.108, 0.0157619
-40.4557, 199.108, 0.0157777
-40.3535, 94.1197, 0.0703054
-40.3775, 75.6106, 0.108554
-40.378, 75.6106, 0.108662
-40.3299, 85.262, 0.0856121
-40.4549, 549.149, 0.0286909
-40.4549, 549.149, 0.0287196
-40.4221, 351.802, 0.0702081
-1892.6, 58.9604, 2.51744
-1894.76, 58.9604, 2.51996
-40.3358, 245.254, 0.144728
-40.3357, 242.764, 0.147425
-40.3358, 242.764, 0.147572
-40.4512, 549.698, 0.0394173
-40.3949, 351.468, 0.0964586
-40.3948, 351.468, 0.0965551
-2570.06, 59.0338, 3.45903
-40.3947, 351.287, 0.0965581
-40.3946, 351.287, 0.0966547
-40.3946, 351.336, 0.096725
-84.1575, 143.872, 0.578424
-84.2416, 143.872, 0.579003
-40.3678, 320.159, 0.116539
-40.3516, 302.89, 0.129984
-40.3515, 302.89, 0.130114
-41.38, 208.961, 0.2742
-40.3363, 277.677, 0.154733
-40.3363, 277.677, 0.154888
-40.4455, 549.698, 0.0518118
-40.3633, 351.46, 0.126788
-40.3632, 351.46, 0.126915
-3053.81, 59.0274, 4.54645
-40.3632, 351.424, 0.126814
-40.3631, 351.424, 0.126941
-40.3622, 350.486, 0.127751
-123.436, 143.69, 0.762112
-123.655, 143.69, 0.762875
-40.3718, 283.721, 0.195167
-40.3375, 314.881, 0.158047
-40.3375, 314.881, 0.158205
-40.3367, 308.989, 0.164478
-40.4478, 549.149, 0.0471117
-40.4478, 549.149, 0.0471589
-40.3748, 351.817, 0.115287
-2903.31, 58.973, 4.13418
-2905, 58.973, 4.13831
-40.3748, 351.764, 0.115322
-40.3746, 351.359, 0.115357
-40.3745, 351.359, 0.115473
-104.915, 144.091, 0.690584
-40.3397, 288.995, 0.170695
-40.3398, 288.995, 0.170866
-40.3431, 314.441, 0.14441
-40.3366, 297.979, 0.160531
-40.3366, 297.979, 0.160692
-40.4194, 549.698, 0.0912491
-40.3869, 351.303, 0.223244
-40.3874, 351.303, 0.223468
-40.4081, 519.465, 0.102196
-40.3398, 400.167, 0.171991
-40.3397, 400.167, 0.172163
-40.458, 512.472, 0.0150958
-40.4475, 327.572, 0.0369359
-40.4475, 327.572, 0.0369728
-750.984, 54.9567, 1.32377
-40.3598, 200.994, 0.0982862
-40.3597, 200.994, 0.0983845
-50.3093, 108.498, 0.338765
-40.3377, 172.047, 0.13422
-40.3378, 172.047, 0.134355
-40.3375, 184.483, 0.116939
-40.4584, 511.96, 0.0119625
-40.4584, 511.96, 0.0119744
-40.4518, 327.831, 0.0292662
-482.057, 54.8445, 1.04845
-483.041, 54.8445, 1.0495
-40.3803, 195.97, 0.0820101
-48.4821, 100.609, 0.311069
-48.5143, 100.609, 0.31138
-40.3342, 164.354, 0.11665
-40.3336, 160.78, 0.121657
-40.3336, 160.78, 0.121778
-40.4583, 512.472, 0.0130734
-40.4504, 327.531, 0.0319854
-40.4503, 327.531, 0.0320174
-573.314, 54.9226, 1.14606
-40.3732, 198.148, 0.0875284
-40.373, 198.148, 0.087616
-48.6888, 104.173, 0.317938
-40.3337, 167.58, 0.122435
-40.3338, 167.58, 0.122558
-40.4204, 512.472, 0.0867955
-40.379, 327.532, 0.212355
-40.3794, 327.532, 0.212567
-40.4084, 481.995, 0.0981377
-40.3396, 370.72, 0.165696
-40.3395, 370.72, 0.165862
-40.4587, 512.472, 0.00954198
-40.4545, 327.416, 0.0233414
-40.4545, 327.416, 0.0233647
-303.003, 54.8267, 0.835756
-40.4014, 193.318, 0.0669946
-40.4014, 193.318, 0.0670617
-44.8565, 97.3095, 0.26514
-40.3464, 159.775, 0.0980977
-40.3463, 159.775, 0.0981959
-40.4575, 127.796, 0.15368
-40.3336, 149.634, 0.111853
-40.3336, 149.634, 0.111965
-40.333, 147.383, 0.115528
-40.4169, 511.96, 0.091071
-40.4168, 511.96, 0.0911621
-40.404, 327.829, 0.222805
-40.4068, 487.456, 0.10047
-40.4067, 487.456, 0.10057
-40.3394, 377.633, 0.16785
-40.4587, 511.96, 0.00989639
-40.4587, 511.96, 0.00990629
-40.4541, 327.761, 0.024209
-328.318, 54.7859, 0.866908
-329.034, 54.7859, 0.867776
-40.3981, 193.669, 0.0693889
-45.5048, 97.4183, 0.273955
-45.5262, 97.4183, 0.274229
-40.3434, 160.392, 0.101196
-40.3454, 141.423, 0.129926
-40.3456, 141.423, 0.130056
-40.3434, 160.392, 0.101196
-40.4153, 511.96, 0.0930672
-40.4152, 511.96, 0.0931603
-40.4183, 327.813, 0.227683
-40.3485, 398.1, 0.154006
-40.3484, 398.1, 0.15416
-40.3376, 367.91, 0.180711
-40.4162, 511.96, 0.0918826
-40.4162, 511.96, 0.0919745
-40.4096, 327.823, 0.224788
-40.4064, 488.373, 0.100984
-40.4063, 488.373, 0.101085
-40.3393, 378.745, 0.168346
-40.4592, 511.96, 0.00208702
-40.4592, 511.96, 0.00208911
-40.459, 327.243, 0.00510132
-43.0488, 54.3545, 0.182097
-43.0607, 54.3545, 0.18228
-40.4554, 185.978, 0.0157282
-40.3498, 87.8628, 0.0699377
-40.3497, 87.8628, 0.0700076
-40.3882, 70.8359, 0.107643
-40.3293, 80.4054, 0.0834575
-40.3293, 80.4054, 0.083541
-40.4546, 512.472, 0.0286909
-40.4196, 327.672, 0.0702104
-40.4196, 327.672, 0.0702807
-1917.69, 55.0409, 2.51785
-40.3358, 232.979, 0.139142
-40.3357, 232.979, 0.139281
-40.3358, 228.207, 0.14533
-40.3358, 232.979, 0.139142
-40.3357, 232.979, 0.139281
-40.4506, 512.472, 0.0394173
-40.3911, 327.683, 0.0964611
-40.391, 327.683, 0.0965576
-2567, 55.0505, 3.45948
-40.3911, 327.593, 0.0965146
-40.3909, 327.593, 0.0966111
-40.391, 327.795, 0.0965884
-84.5071, 134.199, 0.578054
-84.603, 134.199, 0.578632
-40.3453, 279.895, 0.132596
-40.342, 251.478, 0.164026
-40.3422, 251.478, 0.16419
-40.3371, 267.548, 0.145154
-40.4445, 511.96, 0.0518118
-40.4445, 511.96, 0.0518636
-40.3591, 327.999, 0.12679
-3009.71, 54.9857, 4.54689
-3010.97, 54.9857, 4.55144
-40.3591, 327.972, 0.126811
-40.3584, 326.971, 0.127336
-40.3583, 326.971, 0.127463
-128.279, 134.219, 0.760908
-40.395, 262.615, 0.197629
-40.3956, 262.615, 0.197827
-40.3376, 298.729, 0.152932
-40.3365, 291.694, 0.160098
-40.3365, 291.694, 0.160258
-40.447, 512.472, 0.0471117
-40.3705, 327.678, 0.11529
-40.3704, 327.678, 0.115405
-2875.46, 55.0464, 4.13463
-40.3705, 327.639, 0.115317
-40.3703, 327.639, 0.115433
-40.3705, 327.928, 0.115345
-108.109, 134.221, 0.690586
-108.286, 134.221, 0.691276
-40.3495, 265.842, 0.175718
-40.348, 303.36, 0.134573
-40.3479, 303.36, 0.134708
-40.3363, 281.913, 0.156204
-40.4168, 511.96, 0.0912491
-40.4167, 511.96, 0.0913404
-40.4052, 327.828, 0.22324
-40.4067, 487.662, 0.100581
-40.4066, 487.662, 0.100682
-40.3394, 377.88, 0.167957
-40.4584, 776.542, 0.0150958
-40.4584, 776.542, 0.0151109
-40.4514, 497.031, 0.0369237
-582.395, 83.0018, 1.3216
-583.6, 83.0018, 1.32292
-40.3773, 296.707, 0.103618
-50.2995, 151.986, 0.394135
-50.3387, 151.986, 0.394529
-40.3358, 248.857, 0.147299
-40.4587, 776.542, 0.0119625
-40.4587, 776.542, 0.0119744
-40.4543, 496.873, 0.029255
-360.397, 82.87, 1.04644
-361.111, 82.87, 1.04749
-40.4031, 297.217, 0.0816894
-43.899, 152.838, 0.307959
-43.9145, 152.838, 0.308267
-40.3503, 246.808, 0.118429
-40.4297, 198.546, 0.182569
-40.4305, 198.546, 0.182752
-40.3361, 230.033, 0.136316
-40.3353, 225.735, 0.141269
-40.3353, 225.735, 0.14141
-40.4586, 777.318, 0.0130734
-40.4533, 496.441, 0.0319739
-40.4533, 496.441, 0.0320059
-431.337, 83.0072, 1.144
-40.393, 295.754, 0.0900443
-40.3929, 295.754, 0.0901343
-46.1947, 151.268, 0.344677
-40.3413, 246.371, 0.129736
-40.3412, 246.371, 0.129866
-40.3386, 227.593, 0.15232
-40.4328, 776.542, 0.0867955
-40.4327, 776.542, 0.0868824
-40.339, 497.328, 0.212361
-40.4589, 776.542, 0.00954198
-40.4589, 776.542, 0.00955152
-40.4561, 496.698, 0.0233314
-221.3, 82.7239, 0.83397
-221.775, 82.7239, 0.834805
-40.4184, 291.916, 0.0674162
-42.5255, 145.541, 0.269986
-42.5355, 145.541, 0.270256
-40.3668, 238.19, 0.101184
-40.3742, 187.888, 0.162149
-40.3747, 187.888, 0.162312
-40.336, 210.572, 0.129408
-40.4303, 776.542, 0.091071
-40.4302, 776.542, 0.0911621
-40.3422, 497.31, 0.222818
-40.4008, 662.958, 0.125014
-40.4007, 662.958, 0.125139
-40.3391, 521.159, 0.202861
-40.4589, 776.542, 0.00989639
-40.4589, 776.542, 0.00990629
-40.4559, 496.729, 0.0241987
-239.499, 82.7497, 0.865082
-240.023, 82.7497, 0.865947
-40.4155, 291.776, 0.0700113
-42.9694, 145.329, 0.280993
-42.9813, 145.329, 0.281274
-40.3628, 238.619, 0.104609
-40.3886, 188.413, 0.167321
-40.3891, 188.413, 0.167489
-40.3364, 214.222, 0.129746
-40.4291, 776.542, 0.0930672
-40.429, 776.542, 0.0931603
-40.3447, 497.301, 0.2277
-40.4048, 680.115, 0.121378
-40.4047, 680.115, 0.1215
-40.3395, 528.081, 0.201891
-40.4298, 776.542, 0.0918826
-40.4297, 776.542, 0.0919745
-40.3431, 497.306, 0.224803
-40.4026, 670.553, 0.123282
-40.4025, 670.553, 0.123405
-40.3392, 524.017, 0.202435
-40.4592, 776.542, 0.00208702
-40.4592, 776.542, 0.00208911
-40.4591, 496.638, 0.00510274
-41.4906, 82.6738, 0.182351
-41.4963, 82.6738, 0.182533
-40.4566, 280.513, 0.0159552
-40.3711, 131.345, 0.0723913
-40.3709, 131.345, 0.0724637
-40.3439, 104.978, 0.113439
-40.3452, 120.682, 0.0857171
-40.3451, 120.682, 0.0858029
-40.3439, 104.978, 0.113439
-40.4562, 776.542, 0.0286909
-40.4562, 776.542, 0.0287196
-40.4322, 497.31, 0.0701964
-1713.59, 83.2351, 2.51533
-1715.91, 83.2351, 2.51785
-40.3369, 322.909, 0.166731
-40.4535, 776.542, 0.0394173
-40.4535, 776.542, 0.0394568
-40.4112, 497.374, 0.0964462
-2491.37, 83.2881, 3.45681
-2493.88, 83.2881, 3.46027
-40.3376, 370.386, 0.17412
-40.3375, 364.061, 0.179873
-40.3375, 364.061, 0.180053
-40.4494, 777.318, 0.0518118
-40.384, 496.898, 0.126776
-40.3839, 496.898, 0.126902
-3146.86, 83.3895, 4.54427
-40.3839, 496.783, 0.126834
-40.3838, 496.783, 0.126961
-40.3839, 497.124, 0.126914
-106.318, 203.401, 0.759429
-106.535, 203.401, 0.760189
-40.3461, 390.605, 0.205779
-40.3541, 448.999, 0.155333
-40.354, 448.999, 0.155489
-40.3378, 410.464, 0.18631
-40.4511, 776.542, 0.0471117
-40.4511, 776.542, 0.0471589
-40.3944, 497.391, 0.115275
-2928.03, 83.3029, 4.13196
-2930.41, 83.3029, 4.13609
-40.3831, 477.289, 0.125211
-40.3789, 470.131, 0.128802
-40.3788, 470.131, 0.128931
-100.381, 198.095, 0.729524
-40.3494, 372.748, 0.205092
-40.3496, 372.748, 0.205297
-40.3532, 431.21, 0.153465
-40.3377, 394.509, 0.183047
-40.3377, 394.509, 0.18323
-40.4302, 777.318, 0.0912491
-40.3425, 496.812, 0.223254
-40.3426, 496.812, 0.223477
-40.4013, 665.372, 0.124599
-40.3391, 521.27, 0.202764
-40.3391, 521.27, 0.202967
-40.4581, 593.069, 0.0150958
-40.449, 379.005, 0.0369318
-40.449, 379.005, 0.0369687
-689.328, 63.5295, 1.32304
-40.3663, 230.518, 0.0999601
-40.3661, 230.518, 0.10006
-50.121, 122.408, 0.355781
-40.336, 195.942, 0.138408
-40.3361, 195.942, 0.138547
-40.3371, 206.239, 0.125166
-40.336, 195.942, 0.138408
-40.3361, 195.942, 0.138547
-40.4586, 593.069, 0.0119625
-40.4528, 378.911, 0.0292623
-40.4528, 378.911, 0.0292916
-437.088, 63.4506, 1.04777
-40.3901, 227.657, 0.0811099
-40.39, 227.657, 0.081191
-45.7078, 118.209, 0.301665
-40.3395, 190.612, 0.115724
-40.3394, 190.612, 0.11584
-40.3365, 177.269, 0.134079
-40.4584, 592.476, 0.0130734
-40.4584, 592.476, 0.0130864
-40.4516, 379.329, 0.0319815
-521.585, 63.4197, 1.14536
-522.628, 63.4197, 1.14651
-40.3794, 227.441, 0.089038
-48.5317, 117.414, 0.333808
-48.5643, 117.414, 0.334142
-40.3349, 191.065, 0.126206
-40.3344, 187.798, 0.130378
-40.3345, 187.798, 0.130508
-40.4253, 593.069, 0.0867955
-40.3554, 379.06, 0.212359
-40.3557, 379.06, 0.212572
-40.4087, 542.636, 0.10371
-40.3396, 415.97, 0.17629
-40.3396, 415.97, 0.176467
-40.4588, 593.069, 0.00954198
-40.4551, 378.798, 0.0233379
-40.4551, 378.798, 0.0233613
-271.664, 63.3561, 0.835141
-40.4092, 224.639, 0.066342
-40.4092, 224.639, 0.0664084
-43.3024, 113.967, 0.258174
-40.3556, 185.138, 0.0976618
-40.3554, 185.138, 0.0977595
-40.4017, 147.988, 0.153136
-40.3349, 169.259, 0.116839
-40.3348, 169.259, 0.116956
-40.4221, 593.069, 0.091071
-40.3705, 379.034, 0.222812
-40.3708, 379.034, 0.223035
-40.4091, 553.97, 0.104401
-40.34, 425.232, 0.176969
-40.34, 425.232, 0.177146
-40.4588, 593.069, 0.00989639
-40.4548, 378.818, 0.0242054
-40.4548, 378.818, 0.0242296
-293.061, 63.3733, 0.866278
-40.4057, 224.369, 0.068992
-40.4056, 224.369, 0.069061
-43.9525, 113.574, 0.269752
-40.3514, 185.248, 0.101204
-40.3513, 185.248, 0.101305
-40.4253, 148.172, 0.158497
-40.3347, 171.472, 0.118117
-40.3347, 171.472, 0.118235
-40.3338, 168.129, 0.123106
-40.4206, 592.476, 0.0930672
-40.4206, 592.476, 0.0931603
-40.3791, 379.4, 0.227692
-40.4087, 557.315, 0.105199
-40.4086, 557.315, 0.105304
-40.3401, 429.433, 0.177666
-40.4215, 592.476, 0.0918826
-40.4214, 592.476, 0.0919745
-40.3737, 379.408, 0.224797
-40.4089, 555.085, 0.104698
-40.4088, 555.085, 0.104803
-40.3401, 427.231, 0.177226
-40.4592, 592.476, 0.00208702
-40.4592, 592.476, 0.00208911
-40.4591, 378.716, 0.00510137
-42.3794, 62.9094, 0.182107
-42.3887, 62.9094, 0.182289
-40.4559, 214.763, 0.0157978
-40.3574, 101.138, 0.0707024
-40.3573, 101.138, 0.0707732
-40.3672, 81.2737, 0.10953
-40.3303, 90.5039, 0.0882217
-40.3302, 90.5039, 0.08831
-40.4553, 593.069, 0.0286909
-40.4245, 379.152, 0.0702056
-40.4245, 379.152, 0.0702758
-1859.86, 63.6531, 2.51699
-40.336, 259.437, 0.150214
-40.336, 259.437, 0.150365
-40.4518, 593.069, 0.0394173
-40.3987, 379.177, 0.0964559
-40.3986, 379.177, 0.0965524
-2565.72, 63.6737, 3.45854
-40.3864, 361.966, 0.105871
-40.3863, 361.966, 0.105977
-40.382, 356.782, 0.109197
-89.528, 150.573, 0.614543
-89.6243, 150.573, 0.615158
-40.3554, 326.386, 0.130542
-40.3501, 277.938, 0.179804
-40.3503, 277.938, 0.179984
-40.3414, 308.551, 0.146111
-40.3365, 294.538, 0.160061
-40.3365, 294.538, 0.160221
-40.4465, 593.069, 0.0518118
-40.3679, 379.174, 0.126785
-40.3678, 379.174, 0.126912
-3091.14, 63.6714, 4.54597
-40.3679, 379.133, 0.126813
-40.3677, 379.133, 0.12694
-40.3642, 374.908, 0.129954
-120.802, 154.348, 0.768615
-121.002, 154.348, 0.769384
-40.3567, 307.371, 0.19353
-40.3469, 352.263, 0.146951
-40.3468, 352.263, 0.147098
-40.337, 329.25, 0.168607
-40.4486, 592.476, 0.0471117
-40.4486, 592.476, 0.0471589
-40.3793, 379.557, 0.115284
-2924.37, 63.6109, 4.13369
-2926.26, 63.6109, 4.13783
-40.3793, 379.486, 0.115328
-40.3791, 379.026, 0.115377
-40.379, 379.026, 0.115492
-102.647, 155.43, 0.690603
-40.3372, 320.402, 0.161598
-40.3372, 320.402, 0.16176
-40.3369, 315.948, 0.166532
-40.422, 592.476, 0.0912491
-40.4219, 592.476, 0.0913404
-40.371, 379.412, 0.223248
-40.409, 553.793, 0.104463
-40.4089, 553.793, 0.104567
-40.3401, 426.008, 0.177022
-40.4581, 564.21, 0.0150958
-40.4581, 564.21, 0.0151109
-40.4485, 361.311, 0.0369331
-709.533, 60.4605, 1.32328
-710.849, 60.4605, 1.32461
-40.3628, 219.417, 0.100294
-51.4878, 115.941, 0.359162
-51.5308, 115.941, 0.359522
-40.3376, 186.596, 0.138745
-40.3381, 199.658, 0.120918
-40.3381, 199.658, 0.121039
-40.3376, 186.596, 0.138745
-40.4585, 564.21, 0.0119625
-40.4585, 564.21, 0.0119744
-40.4525, 361.227, 0.0292636
-451.046, 60.3898, 1.048
-451.95, 60.3898, 1.04905
-40.3866, 216.342, 0.0816524
-46.7998, 111.459, 0.307345
-46.8261, 111.459, 0.307652
-40.3371, 181.154, 0.116488
-40.3348, 172.013, 0.12895
-40.3349, 172.013, 0.129079
-40.4584, 564.775, 0.0130734
-40.4512, 360.901, 0.0319828
-40.4512, 360.901, 0.0320148
-538.949, 60.48, 1.14561
-40.3763, 216.282, 0.0891535
-40.3762, 216.282, 0.0892427
-49.4027, 111.769, 0.334993
-40.3342, 181.856, 0.126151
-40.3342, 181.856, 0.126277
-40.3342, 181.28, 0.127209
-40.4237, 564.21, 0.0867955
-40.4236, 564.21, 0.0868824
-40.3617, 361.332, 0.212358
-40.409, 521.969, 0.101438
-40.4089, 521.969, 0.101539
-40.3397, 400.973, 0.172387
-40.4588, 564.21, 0.00954198
-40.4588, 564.21, 0.00955152
-40.4549, 361.122, 0.0233391
-281.412, 60.3026, 0.835345
-282.007, 60.3026, 0.836181
-40.4065, 213.625, 0.0666946
-43.8719, 107.686, 0.261948
-43.8872, 107.686, 0.26221
-40.3521, 176.201, 0.0980355
-40.4214, 140.498, 0.153882
-40.4221, 140.498, 0.154036
-40.3345, 162.68, 0.115009
-40.3335, 159.053, 0.120073
-40.3335, 159.053, 0.120193
-40.4205, 564.775, 0.091071
-40.38, 360.944, 0.22281
-40.3804, 360.944, 0.223033
-40.4086, 531.502, 0.102848
-40.3399, 408.813, 0.173624
-40.3399, 408.813, 0.173798
-40.4588, 564.775, 0.00989639
-40.4546, 360.779, 0.0242066
-40.4546, 360.779, 0.0242308
-303.903, 60.3782, 0.866481
-40.403, 213.334, 0.0692414
-40.4029, 213.334, 0.0693106
-44.5183, 107.672, 0.272418
-40.3483, 176.287, 0.101408
-40.3482, 176.287, 0.101509
-40.4459, 141.018, 0.158804
-40.3343, 164.478, 0.116494
-40.3343, 164.478, 0.11661
-40.3336, 161.735, 0.12072
-40.4189, 564.21, 0.0930672
-40.4188, 564.21, 0.0931603
-40.3902, 361.291, 0.22769
-40.4079, 534.136, 0.103857
-40.4078, 534.136, 0.103961
-40.3399, 412.581, 0.174537
-40.4198, 564.21, 0.0918826
-40.4197, 564.21, 0.0919745
-40.3838, 361.299, 0.224794
-40.4083, 532.321, 0.103238
-40.4082, 532.321, 0.103341
-40.3399, 410.622, 0.173973
-40.4592, 564.21, 0.00208702
-40.4592, 564.21, 0.00208911
-40.459, 360.627, 0.00510122
-42.5867, 59.8902, 0.18208
-42.5968, 59.8902, 0.182262
-40.4558, 204.644, 0.015773
-40.3549, 96.469, 0.0704332
-40.3547, 96.469, 0.0705036
-40.3735, 77.6028, 0.108879
-40.33, 87.0212, 0.0864891
-40.33, 87.0212, 0.0865756
-40.4551, 564.775, 0.0286909
-40.423, 361.08, 0.0702072
-40.4229, 361.08, 0.0702775
-1881.26, 60.6304, 2.51728
-40.3358, 249.001, 0.147907
-40.3358, 249.001, 0.148055
-40.4514, 564.775, 0.0394173
-40.3963, 361.1, 0.0964576
-40.3962, 361.1, 0.0965541
-2569.21, 60.6468, 3.45886
-40.3947, 358.989, 0.0975985
-40.3946, 358.989, 0.0976961
-40.3927, 356.524, 0.0991549
-84.9849, 146.897, 0.58563
-85.1362, 146.897, 0.586216
-40.3368, 280.18, 0.160757
-40.3408, 295.836, 0.143862
-40.3408, 295.836, 0.144006
-40.3368, 280.18, 0.160757
-40.4458, 564.21, 0.0518118
-40.4458, 564.21, 0.0518636
-40.365, 361.455, 0.126787
-3067.8, 60.5812, 4.54628
-3069.28, 60.5812, 4.55083
-40.365, 361.419, 0.126812
-40.3636, 359.468, 0.127939
-40.3634, 359.468, 0.128067
-121.777, 147.718, 0.762659
-40.3644, 292.169, 0.193876
-40.3647, 292.169, 0.19407
-40.3374, 321.311, 0.160545
-40.3368, 315.596, 0.166094
-40.3368, 315.596, 0.16626
-40.4481, 564.775, 0.0471117
-40.3764, 361.099, 0.115286
-40.3762, 361.099, 0.115402
-2911.38, 60.6459, 4.134
-40.3763, 361.035, 0.115327
-40.3762, 361.035, 0.115442
-40.3763, 361.329, 0.11537
-104.008, 147.883, 0.690609
-104.159, 147.883, 0.6913
-40.3376, 299.545, 0.168036
-40.3398, 315.393, 0.151229
-40.3397, 315.393, 0.15138
-40.3376, 299.545, 0.168036
-40.4203, 564.21, 0.0912491
-40.4202, 564.21, 0.0913404
-40.3806, 361.304, 0.223246
-40.4085, 531.275, 0.102931
-40.4084, 531.275, 0.103034
-40.3399, 409.534, 0.173698
-40.4581, 595.793, 0.0150958
-40.4581, 595.793, 0.0151109
-40.4491, 381.504, 0.0369316
-687.547, 63.8182, 1.323
-688.807, 63.8182, 1.32433
-40.3668, 232.11, 0.0998951
-49.9577, 123.079, 0.355122
-49.9954, 123.079, 0.355477
-40.3358, 197.294, 0.138318
-40.3369, 206.673, 0.125782
-40.3368, 206.673, 0.125908
-40.3358, 197.294, 0.138318
-40.4586, 595.793, 0.0119625
-40.4586, 595.793, 0.0119744
-40.4528, 381.41, 0.0292622
-435.892, 63.7396, 1.04775
-436.741, 63.7396, 1.0488
-40.3906, 229.273, 0.081027
-45.5849, 118.919, 0.300799
-45.6067, 118.919, 0.3011
-40.3399, 191.97, 0.115599
-40.3369, 177.62, 0.134773
-40.3369, 177.62, 0.134908
-40.4584, 596.389, 0.0130734
-40.4516, 381.069, 0.0319814
-40.4516, 381.069, 0.0320134
-519.285, 63.8365, 1.14535
-40.3798, 228.516, 0.0890112
-40.3796, 228.516, 0.0891003
-48.4036, 118.235, 0.333529
-40.3349, 191.954, 0.126186
-40.3349, 191.954, 0.126312
-40.3345, 188.749, 0.130772
-40.4254, 595.793, 0.0867955
-40.4253, 595.793, 0.0868824
-40.3547, 381.563, 0.21236
-40.4086, 544.355, 0.104005
-40.4085, 544.355, 0.104109
-40.3396, 418.159, 0.176762
-40.4588, 595.793, 0.00954198
-40.4588, 595.793, 0.00955152
-40.4551, 381.296, 0.0233378
-270.826, 63.6439, 0.83512
-271.381, 63.6439, 0.835956
-40.4096, 226.204, 0.0662905
-43.2416, 114.608, 0.257623
-43.2544, 114.608, 0.25788
-40.3561, 186.412, 0.097601
-40.3997, 148.726, 0.153004
-40.4004, 148.726, 0.153157
-40.3349, 170.204, 0.117069
-40.4223, 595.793, 0.091071
-40.4222, 595.793, 0.0911621
-40.3693, 381.538, 0.222813
-40.409, 555.991, 0.104598
-40.409, 555.991, 0.104703
-40.3401, 427.555, 0.177372
-40.4588, 595.793, 0.00989639
-40.4588, 595.793, 0.00990629
-40.4548, 381.316, 0.0242053
-292.096, 63.6606, 0.866252
-292.708, 63.6606, 0.867119
-40.4061, 225.906, 0.0689539
-43.8919, 114.176, 0.269345
-43.9073, 114.176, 0.269614
-40.3519, 186.501, 0.101164
-40.4232, 148.881, 0.158421
-40.424, 148.881, 0.15858
-40.3348, 172.455, 0.118311
-40.3338, 168.704, 0.123384
-40.3338, 168.704, 0.123507
-40.4209, 596.389, 0.0930672
-40.3782, 381.143, 0.227693
-40.3786, 381.143, 0.22792
-40.4088, 560.547, 0.105368
-40.3401, 430.95, 0.178043
-40.3401, 430.95, 0.178221
-40.4217, 596.389, 0.0918826
-40.3729, 381.151, 0.224797
-40.3733, 381.151, 0.225022
-40.409, 558.259, 0.104883
-40.3401, 428.721, 0.177618
-40.34, 428.721, 0.177796
-40.4592, 596.389, 0.00208702
-40.4591, 380.478, 0.00510152
-40.4591, 380.478, 0.00510663
-42.3528, 63.3433, 0.182134
-40.4559, 215.759, 0.0158016
-40.4559, 215.759, 0.0158174
-40.3578, 101.808, 0.0707408
-40.3667, 81.6407, 0.109618
-40.3671, 81.6407, 0.109728
-40.3303, 91.0177, 0.088438
-40.4553, 595.793, 0.0286909
-40.4553, 595.793, 0.0287196
-40.4247, 381.654, 0.0702054
-1857.83, 63.9438, 2.51695
-1860.04, 63.9438, 2.51947
-40.336, 260.608, 0.150838
-40.4518, 595.793, 0.0394173
-40.4518, 595.793, 0.0394568
-40.3991, 381.68, 0.0964557
-2565.22, 63.9649, 3.45851
-2567.37, 63.9649, 3.46197
-40.3817, 358.031, 0.109654
-40.3762, 351.102, 0.113808
-40.3761, 351.102, 0.113921
-91.6189, 150.011, 0.627379
-40.3447, 314.583, 0.141843
-40.3446, 314.583, 0.141985
-40.3382, 289.67, 0.167696
-40.3369, 299.446, 0.156585
-40.3369, 299.446, 0.156741
-40.4465, 596.389, 0.0518118
-40.3682, 381.296, 0.126785
-40.3681, 381.296, 0.126912
-3093.78, 64.0267, 4.54594
-40.3682, 381.252, 0.126814
-40.3681, 381.252, 0.126941
-40.3682, 381.59, 0.126843
-117.852, 156.151, 0.759354
-118.041, 156.151, 0.760114
-40.3478, 313.659, 0.187919
-40.3462, 352.867, 0.148094
-40.3461, 352.867, 0.148242
-40.337, 330.967, 0.168733
-40.4487, 595.793, 0.0471117
-40.4487, 595.793, 0.0471589
-40.3796, 381.681, 0.115284
-2925.33, 63.9659, 4.13366
-2927.25, 63.9659, 4.13779
-40.3796, 381.607, 0.115329
-40.3795, 381.14, 0.115381
-40.3794, 381.14, 0.115496
-102.529, 156.297, 0.690612
-40.3375, 323.093, 0.160698
-40.3375, 323.093, 0.160859
-40.3369, 316.946, 0.167344
-40.4222, 595.793, 0.0912491
-40.4221, 595.793, 0.0913404
-40.37, 381.537, 0.223248
-40.409, 556.377, 0.104657
-40.4089, 556.377, 0.104762
-40.3401, 427.91, 0.177423
-40.4581, 560.671, 0.0150958
-40.4581, 560.671, 0.0151109
-40.4485, 359.048, 0.0369333
-712.175, 60.0838, 1.32331
-713.496, 60.0838, 1.32463
-40.3624, 218.029, 0.10031
-51.6315, 115.192, 0.359322
-51.675, 115.192, 0.359681
-40.3379, 185.437, 0.138736
-40.3382, 198.772, 0.120479
-40.3381, 198.772, 0.120599
-40.3379, 185.437, 0.138736
-40.4585, 560.671, 0.0119625
-40.4585, 560.671, 0.0119744
-40.4524, 358.965, 0.0292638
-452.918, 60.0146, 1.04803
-453.827, 60.0146, 1.04908
-40.3861, 214.928, 0.0817013
-46.9279, 110.673, 0.307858
-46.9546, 110.673, 0.308166
-40.3368, 179.978, 0.116548
-40.3347, 171.316, 0.128385
-40.3347, 171.316, 0.128513
-40.4584, 561.232, 0.0130734
-40.4511, 358.641, 0.031983
-40.4511, 358.641, 0.032015
-541.3, 60.1042, 1.14564
-40.3759, 214.931, 0.0891542
-40.3758, 214.931, 0.0892434
-49.5025, 111.073, 0.334995
-40.3342, 180.747, 0.126116
-40.3342, 180.747, 0.126242
-40.3342, 180.417, 0.126831
-40.4235, 560.671, 0.0867955
-40.4234, 560.671, 0.0868824
-40.3626, 359.065, 0.212358
-40.409, 519.351, 0.101181
-40.4089, 519.351, 0.101282
-40.3397, 399.005, 0.171913
-40.4588, 560.671, 0.00954198
-40.4588, 560.671, 0.00955152
-40.4549, 358.862, 0.0233392
-282.72, 59.9284, 0.835374
-283.319, 59.9284, 0.83621
-40.4062, 212.239, 0.0667286
-43.9415, 106.943, 0.262311
-43.957, 106.943, 0.262574
-40.3517, 175.077, 0.0980648
-40.4239, 139.602, 0.153931
-40.4246, 139.602, 0.154085
-40.3345, 161.82, 0.114791
-40.3334, 158.263, 0.11977
-40.3334, 158.263, 0.11989
-40.4203, 561.232, 0.091071
-40.3813, 358.679, 0.22281
-40.3818, 358.679, 0.223033
-40.4085, 528.629, 0.102668
-40.3399, 406.725, 0.173217
-40.3398, 406.725, 0.17339
-40.4587, 561.232, 0.00989639
-40.4546, 358.522, 0.0242068
-40.4545, 358.522, 0.024231
-305.371, 60.0042, 0.866516
-40.4027, 211.97, 0.0692639
-40.4026, 211.97, 0.0693332
-44.5876, 106.958, 0.272657
-40.348, 175.181, 0.101418
-40.3478, 175.181, 0.101519
-40.4485, 140.142, 0.158802
-40.3342, 163.596, 0.116293
-40.3342, 163.596, 0.116409
-40.3335, 160.93, 0.12042
-40.4187, 560.671, 0.0930672
-40.4186, 560.671, 0.0931603
-40.3918, 359.024, 0.227689
-40.4078, 531.185, 0.103701
-40.4077, 531.185, 0.103805
-40.3399, 410.44, 0.174155
-40.4196, 560.671, 0.0918826
-40.4195, 560.671, 0.0919745
-40.3853, 359.032, 0.224794
-40.4082, 529.416, 0.103068
-40.4081, 529.416, 0.103171
-40.3399, 408.511, 0.173576
-40.4592, 560.671, 0.00208702
-40.4592, 560.671, 0.00208911
-40.459, 358.416, 0.00510158
-42.615, 59.5568, 0.182145
-42.6253, 59.5568, 0.182327
-40.4557, 203.445, 0.0157725
-40.3545, 95.9401, 0.0704198
-40.3544, 95.9401, 0.0704903
-40.3743, 77.1932, 0.108832
-40.33, 86.6341, 0.0863008
-40.3299, 86.6341, 0.0863871
-40.455, 561.232, 0.0286909
-40.4228, 358.817, 0.0702074
-40.4227, 358.817, 0.0702777
-1883.89, 60.2518, 2.51731
-40.3358, 248.004, 0.147236
-40.3358, 248.004, 0.147383
-40.4513, 561.232, 0.0394173
-40.3959, 358.836, 0.0964578
-40.3958, 358.836, 0.0965543
-2569.6, 60.2678, 3.4589
-40.3955, 358.209, 0.0967967
-40.3954, 358.209, 0.0968936
-40.3947, 357.434, 0.0974132
-83.7846, 146.624, 0.580467
-83.9322, 146.624, 0.581048
-40.3365, 280.382, 0.158514
-40.3381, 289.364, 0.148504
-40.3381, 289.364, 0.148652
-40.3365, 280.382, 0.158514
-40.4458, 560.671, 0.0518118
-40.4457, 560.671, 0.0518636
-40.3646, 359.189, 0.126787
-3064.2, 60.2022, 4.54632
-3065.64, 60.2022, 4.55087
-40.3646, 359.154, 0.126812
-40.3633, 357.351, 0.127841
-40.3632, 357.351, 0.127969
-122.081, 146.821, 0.76237
-40.3659, 290.159, 0.194115
-40.3663, 290.159, 0.19431
-40.3375, 319.89, 0.159949
-40.3368, 313.969, 0.165723
-40.3368, 313.969, 0.165888
-40.448, 561.232, 0.0471117
-40.376, 358.835, 0.115286
-40.3759, 358.835, 0.115402
-2909.85, 60.2666, 4.13404
-40.3759, 358.773, 0.115326
-40.3758, 358.773, 0.115442
-40.3759, 359.069, 0.115367
-104.215, 146.958, 0.690603
-104.367, 146.958, 0.691294
-40.338, 297.083, 0.168701
-40.3406, 315.342, 0.149383
-40.3405, 315.342, 0.149532
-40.338, 297.083, 0.168701
-40.4201, 560.671, 0.0912491
-40.42, 560.671, 0.0913404
-40.382, 359.036, 0.223245
-40.4084, 528.397, 0.102753
-40.4083, 528.397, 0.102856
-40.3399, 407.439, 0.173293
-72.6762, 0.0901928, 0.00838726
-41.5353, 0.18828, 0.00426653
-41.5377, 0.18828, 0.0042708
-77.7818, 0.0901928, 0.00901616
-41.7306, 0.188056, 0.0045805
-41.7334, 0.188056, 0.00458509
-44.0103, 0.0901928, 0.00317369
-40.602, 0.186605, 0.00159898
-40.6022, 0.186605, 0.00160058
-69.2987, 0.0901928, 0.00795202
-41.413, 0.188116, 0.00404127
-41.4151, 0.188116, 0.00404532
-40.4847, 0.0901928, 0.000274412
-40.4606, 0.18575, 0.000137586
-40.4606, 0.18575, 0.000137724
-55.3552, 0.0901928, 0.00586823
-40.9526, 0.187463, 0.00297109
-40.9538, 0.187463, 0.00297406
-40.5225, 0.0901928, 0.000468137
-40.4631, 0.186709, 0.000235998
-40.4631, 0.186709, 0.000236234
-49.7899, 0.0901928, 0.00478231
-40.7781, 0.187129, 0.00241665
-40.7787, 0.187129, 0.00241907
-50.1961, 0.0901928, 0.00487111
-40.7898, 0.187154, 0.00246187
-40.7905, 0.187154, 0.00246434
-41.6464, 0.0901928, 0.00199011
-40.5186, 0.186325, 0.00100107
-40.5187, 0.186325, 0.00100207
-59.6412, 0.0901928, 0.00657542
-41.0845, 0.187685, 0.00333339
-41.0859, 0.187685, 0.00333672
-46.8589, 0.0901928, 0.00407035
-40.6891, 0.186918, 0.0020544
-40.6896, 0.186918, 0.00205646
-53.0886, 0.0901928, 0.00545537
-40.8782, 0.187332, 0.00275999
-40.8791, 0.187332, 0.00276275
-54.9602, 0.0901928, 0.00579868
-40.9394, 0.187436, 0.00293541
-40.9405, 0.187436, 0.00293835
-65.399, 0.0901928, 0.00742291
-41.2817, 0.187989, 0.00376962
-41.2834, 0.187989, 0.00377339
-400.593, 0.0190171, 0.00838726
-88.4653, 0.0397395, 0.00427131
-88.56, 0.0397395, 0.00427558
-418.128, 0.0190171, 0.00901616
-95.8119, 0.0399373, 0.00461676
-95.9181, 0.0399373, 0.00462138
-152.787, 0.0190171, 0.00317369
-45.9175, 0.0388837, 0.00157939
-45.9304, 0.0388837, 0.00158097
-386.951, 0.0190171, 0.00795202
-83.594, 0.0396323, 0.00403776
-83.6814, 0.0396323, 0.0040418
-40.9679, 0.0190171, 0.000274412
-40.4954, 0.0386427, 0.0001357
-40.4955, 0.0386427, 0.000135835
-302.705, 0.0190171, 0.00586823
-63.1185, 0.0392073, 0.00294557
-63.1682, 0.0392073, 0.00294851
-42.1688, 0.0190171, 0.000468137
-40.5453, 0.0386566, 0.000231583
-40.5454, 0.0386566, 0.000231815
-246.331, 0.0190171, 0.00478231
-54.7609, 0.0390643, 0.00239134
-54.7937, 0.0390643, 0.00239373
-251.218, 0.0190171, 0.00487111
-55.376, 0.0390644, 0.00243575
-55.4101, 0.0390644, 0.00243818
-87.9559, 0.0190171, 0.00199011
-42.2538, 0.0387724, 0.000987479
-42.258, 0.0387724, 0.000988467
-334.924, 0.0190171, 0.00657542
-69.4697, 0.0393329, 0.00331171
-69.5322, 0.0393329, 0.00331502
-205.725, 0.0190171, 0.00407035
-50.3009, 0.0389748, 0.0020305
-50.3239, 0.0389748, 0.00203253
-282.208, 0.0190171, 0.00545537
-59.7319, 0.0391541, 0.00273444
-59.7751, 0.0391541, 0.00273718
-299.34, 0.0190171, 0.00579868
-62.5317, 0.0391979, 0.00290993
-62.5805, 0.0391979, 0.00291284
-368.592, 0.0190171, 0.00742291
-77.9155, 0.0395079, 0.00375631
-77.9926, 0.0395079, 0.00376007
-223.924, 0.035277, 0.00838726
-52.2689, 0.0731598, 0.00423639
-52.2961, 0.0731598, 0.00424063
-241.859, 0.035277, 0.00901616
-54.3912, 0.0730613, 0.0045475
-54.4229, 0.0730613, 0.00455205
-74.1256, 0.035277, 0.00317369
-41.6583, 0.0722701, 0.00158255
-41.6611, 0.0722701, 0.00158413
-211.169, 0.035277, 0.00795202
-50.9024, 0.0730656, 0.00401103
-50.9266, 0.0730656, 0.00401504
-40.6056, 0.035277, 0.000274412
-40.4691, 0.071892, 0.000136101
-40.4691, 0.071892, 0.000136237
-148.088, 0.035277, 0.00586823
-45.5718, 0.0726881, 0.00294379
-45.5838, 0.0726881, 0.00294674
-40.8758, 0.035277, 0.000468137
-40.4886, 0.0719582, 0.000232402
-40.4887, 0.0719582, 0.000232634
-115.879, 0.035277, 0.00478231
-43.6008, 0.0725197, 0.00239323
-43.6082, 0.0725197, 0.00239562
-118.444, 0.035277, 0.00487111
-43.7403, 0.0725238, 0.00243781
-43.748, 0.0725238, 0.00244025
-52.3875, 0.035277, 0.00199011
-40.8848, 0.0721045, 0.000990023
-40.8857, 0.0721045, 0.000991013
-169.632, 0.035277, 0.00657542
-47.1514, 0.0728118, 0.00330446
-47.1672, 0.0728118, 0.00330776
-96.1589, 0.035277, 0.00407035
-42.6077, 0.0724088, 0.0020337
-42.6126, 0.0724088, 0.00203573
-135.647, 0.035277, 0.00545537
-44.7558, 0.0726215, 0.00273406
-44.766, 0.0726215, 0.00273679
-145.972, 0.035277, 0.00579868
-45.4308, 0.0726608, 0.00290776
-45.4425, 0.0726608, 0.00291067
-195.37, 0.035277, 0.00742291
-49.3572, 0.0729704, 0.00373896
-49.378, 0.0729704, 0.0037427
-74.1735, 0.0883843, 0.00838726
-41.5943, 0.184496, 0.00426632
-41.597, 0.184496, 0.00427058
-79.4887, 0.0883843, 0.00901616
-41.7973, 0.184685, 0.00459133
-41.8003, 0.184685, 0.00459592
-44.1993, 0.0883843, 0.00317369
-40.6077, 0.182786, 0.00159826
-40.608, 0.182786, 0.00159986
-70.6627, 0.0883843, 0.00795202
-41.4637, 0.184327, 0.00404087
-41.4659, 0.184327, 0.00404491
-40.4858, 0.0883843, 0.000274412
-40.4606, 0.181961, 0.000137536
-40.4606, 0.181961, 0.000137673
-56.1038, 0.0883843, 0.00586823
-40.9773, 0.183655, 0.00297023
-40.9783, 0.183655, 0.0029732
-40.5247, 0.0883843, 0.000468137
-40.4633, 0.182799, 0.000235771
-40.4633, 0.182799, 0.000236007
-50.2716, 0.0883843, 0.00478231
-40.793, 0.18331, 0.00241571
-40.7936, 0.18331, 0.00241813
-50.6982, 0.0883843, 0.00487111
-40.8055, 0.18334, 0.002461
-40.8062, 0.18334, 0.00246346
-41.707, 0.0883843, 0.00199011
-40.5209, 0.182486, 0.00100047
-40.521, 0.182486, 0.00100147
-60.5858, 0.0883843, 0.00657542
-41.1169, 0.183883, 0.00333264
-41.1184, 0.183883, 0.00333597
-47.1933, 0.0883843, 0.00407035
-40.7006, 0.183092, 0.00205347
-40.7011, 0.183092, 0.00205552
-53.7306, 0.0883843, 0.00545537
-40.8999, 0.183518, 0.00275905
-40.9009, 0.183518, 0.00276181
-55.691, 0.0883843, 0.00579868
-40.9652, 0.183624, 0.0029345
-40.9663, 0.183624, 0.00293744
-66.589, 0.0883843, 0.00742291
-41.323, 0.183943, 0.00376349
-41.3249, 0.183943, 0.00376725
-67.8924, 0.0967938, 0.00838726
-41.3558, 0.202347, 0.00427315
-41.3577, 0.202347, 0.00427743
-72.3393, 0.0967938, 0.00901616
-41.5137, 0.20253, 0.00459813
-41.5162, 0.20253, 0.00460273
-43.4289, 0.0967938, 0.00317369
-40.5844, 0.200632, 0.00160212
-40.5847, 0.200632, 0.00160372
-64.9686, 0.0967938, 0.00795202
-41.2597, 0.202177, 0.00404768
-41.2614, 0.202177, 0.00405173
-40.4811, 0.0967938, 0.000274412
-40.4604, 0.199603, 0.000137774
-40.4604, 0.199603, 0.000137912
-52.9937, 0.0967938, 0.00586823
-40.8713, 0.201438, 0.00297515
-40.8722, 0.201438, 0.00297812
-40.5156, 0.0967938, 0.000468137
-40.4625, 0.201116, 0.000236933
-40.4625, 0.201116, 0.00023717
-48.2776, 0.0967938, 0.00478231
-40.7333, 0.201084, 0.00242001
-40.7338, 0.201084, 0.00242243
-48.6205, 0.0967938, 0.00487111
-40.7424, 0.201107, 0.00246524
-40.7429, 0.201107, 0.00246771
-41.4624, 0.0967938, 0.00199011
-40.5113, 0.200445, 0.00100363
-40.5114, 0.200445, 0.00100464
-56.6507, 0.0967938, 0.00657542
-40.9866, 0.201167, 0.00332885
-40.9877, 0.201167, 0.00333218
-45.8115, 0.0967938, 0.00407035
-40.6538, 0.200846, 0.00205711
-40.6542, 0.200846, 0.00205917
-51.0685, 0.0967938, 0.00545537
-40.812, 0.201306, 0.00276387
-40.8127, 0.201306, 0.00276664
-52.6582, 0.0967938, 0.00579868
-40.8607, 0.201376, 0.00293891
-40.8616, 0.201376, 0.00294185
-61.5954, 0.0967938, 0.00742291
-41.1429, 0.201959, 0.00377392
-41.1444, 0.201959, 0.00377769
-422.422, 0.017514, 0.00838726
-97.265, 0.0367145, 0.00428619
-97.3755, 0.0367145, 0.00429048
-438.583, 0.017514, 0.00901616
-105.704, 0.0369252, 0.00463703
-105.827, 0.0369252, 0.00464167
-169.324, 0.017514, 0.00317369
-47.1374, 0.0358041, 0.0015791
-47.1532, 0.0358041, 0.00158068
-409.632, 0.017514, 0.00795202
-91.6415, 0.0365818, 0.00404764
-91.7419, 0.0365818, 0.00405169
-41.074, 0.017514, 0.000274412
-40.5023, 0.0355744, 0.000135646
-40.5024, 0.0355744, 0.000135782
-327.279, 0.017514, 0.00586823
-67.7413, 0.0361422, 0.00294848
-67.8003, 0.0361422, 0.00295143
-42.5378, 0.017514, 0.000468137
-40.5603, 0.0355873, 0.000231492
-40.5605, 0.0355873, 0.000231724
-269.472, 0.017514, 0.00478231
-57.8088, 0.0359783, 0.00239145
-57.848, 0.0359783, 0.00239384
-274.568, 0.017514, 0.00487111
-58.5424, 0.035993, 0.00243689
-58.583, 0.035993, 0.00243933
-96.5762, 0.017514, 0.00199011
-42.6535, 0.0357029, 0.000987341
-42.6589, 0.0357029, 0.000988329
-359.388, 0.017514, 0.00657542
-75.2055, 0.036093, 0.00329907
-75.2778, 0.036093, 0.00330237
-226.628, 0.017514, 0.00407035
-52.4502, 0.0358926, 0.0020304
-52.478, 0.0358926, 0.00203243
-306.482, 0.017514, 0.00545537
-63.7252, 0.0359551, 0.00272619
-63.7761, 0.0359551, 0.00272892
-323.881, 0.017514, 0.00579868
-67.0442, 0.036131, 0.00291258
-67.1021, 0.036131, 0.0029155
-392.147, 0.017514, 0.00742291
-85.0495, 0.0363004, 0.00374694
-85.1389, 0.0363004, 0.00375069
-94.9036, 0.0707027, 0.00838726
-42.4823, 0.147147, 0.0042525
-42.487, 0.147147, 0.00425675
-102.805, 0.0707027, 0.00901616
-42.8549, 0.147351, 0.00457823
-42.8606, 0.147351, 0.00458281
-47.0053, 0.0707027, 0.00317369
-40.7, 0.14576, 0.00159296
-40.7006, 0.14576, 0.00159455
-89.5994, 0.0707027, 0.00795202
-42.2476, 0.146976, 0.00402678
-42.2518, 0.146976, 0.00403081
-40.5022, 0.0707027, 0.000274412
-40.4615, 0.145065, 0.00013705
-40.4615, 0.145065, 0.000137187
-66.8829, 0.0707027, 0.00586823
-41.3541, 0.146454, 0.00296026
-41.356, 0.146454, 0.00296323
-40.5597, 0.0707027, 0.000468137
-40.4658, 0.145218, 0.000234057
-40.4658, 0.145218, 0.000234291
-57.3416, 0.0707027, 0.00478231
-41.0287, 0.146169, 0.00240749
-41.0298, 0.146169, 0.0024099
-58.0507, 0.0707027, 0.00487111
-41.0505, 0.146169, 0.00245218
-41.0518, 0.146169, 0.00245463
-42.6243, 0.0707027, 0.00199011
-40.5572, 0.145555, 0.000997419
-40.5574, 0.145555, 0.000998417
-74.0233, 0.0707027, 0.00657542
-41.612, 0.146612, 0.00332085
-41.6146, 0.146612, 0.00332417
-52.166, 0.0707027, 0.00407035
-40.8597, 0.145972, 0.00204615
-40.8606, 0.145972, 0.00204819
-63.0383, 0.0707027, 0.00545537
-41.2165, 0.14632, 0.00274933
-41.2182, 0.14632, 0.00275208
-66.2188, 0.0707027, 0.00579868
-41.3317, 0.146421, 0.00292449
-41.3338, 0.146421, 0.00292742
-83.3834, 0.0707027, 0.00742291
-41.9815, 0.146841, 0.00375514
-41.985, 0.146841, 0.00375889
-40.4593, 0.000210908, 0.00838726
-40.4593, 0.000210697, 0.00901616
-40.4593, 0.000210697, 0.00902518
-40.5297, 0.000210908, 0.00317369
-40.4593, 0.000105955, 0.00656118
-40.4593, 0.000105955, 0.00656774
-40.4593, 0.000210908, 0.00795202
-563.93, 0.000210697, 0.000274412
-563.943, 0.000210697, 0.000274686
-324.557, 0.000439694, 0.000139239
-40.4629, 0.00829752, 9.22985e-06
-40.4629, 0.00829752, 9.23909e-06
-40.4593, 0.000210908, 0.00586823
-564.835, 0.000210697, 0.000468137
-564.83, 0.000210697, 0.000468605
-222.733, 0.000132808, 0.00113612
-40.4593, 2.08606e-05, 0.039412
-40.4593, 2.08606e-05, 0.0394514
-40.4593, 0.000210908, 0.00478231
-40.4593, 0.000104759, 0.00977944
-40.4593, 0.000104759, 0.00978923
-40.4593, 0.000210908, 0.00487111
-40.4593, 0.000104708, 0.00995628
-40.4593, 0.000104708, 0.00996624
-85.7578, 0.000210908, 0.00199011
-40.4593, 0.000107848, 0.00418214
-40.4593, 0.000107848, 0.00418632
-40.4593, 0.000210908, 0.00657542
-40.4602, 0.000210697, 0.00407035
-40.4602, 0.000210697, 0.00407442
-40.4593, 0.000105316, 0.00835836
-40.4593, 0.000210697, 0.00545537
-40.4593, 0.000210697, 0.00546083
-40.4593, 0.000104228, 0.0110892
-40.4593, 0.000210697, 0.00579868
-40.4593, 0.000210697, 0.00580448
-40.4593, 0.000210908, 0.00742291
-74.4038, 0.0881141, 0.00838726
-74.4729, 0.0881141, 0.00839565
-41.5975, 0.1843, 0.0042663
-79.751, 0.0881141, 0.00901616
-79.8294, 0.0881141, 0.00902518
-41.801, 0.184489, 0.00459134
-44.2286, 0.0881141, 0.00317369
-44.2374, 0.0881141, 0.00317686
-40.6079, 0.183816, 0.00160974
-70.8728, 0.0881141, 0.00795202
-70.936, 0.0881141, 0.00795997
-41.4664, 0.18413, 0.00404083
-40.486, 0.0881141, 0.000274412
-40.486, 0.0881141, 0.000274686
-40.4606, 0.181761, 0.00013753
-56.2198, 0.0881141, 0.00586823
-56.2551, 0.0881141, 0.0058741
-40.9785, 0.183455, 0.00297015
-40.5251, 0.0881141, 0.000468137
-40.5252, 0.0881141, 0.000468605
-40.4633, 0.182589, 0.000235748
-50.3465, 0.0881141, 0.00478231
-50.3694, 0.0881141, 0.0047871
-40.7938, 0.183109, 0.00241562
-50.7762, 0.0881141, 0.00487111
-50.8, 0.0881141, 0.00487598
-40.8063, 0.18314, 0.00246091
-41.7165, 0.0881141, 0.00199011
-41.7194, 0.0881141, 0.0019921
-40.521, 0.182282, 0.00100041
-60.7318, 0.0881141, 0.00657542
-60.7761, 0.0881141, 0.006582
-41.1187, 0.183685, 0.00333257
-47.2454, 0.0881141, 0.00407035
-47.2614, 0.0881141, 0.00407442
-40.7012, 0.182891, 0.00205338
-53.8301, 0.0881141, 0.00545537
-53.8605, 0.0881141, 0.00546083
-40.9011, 0.183318, 0.00275896
-55.8043, 0.0881141, 0.00579868
-55.8388, 0.0881141, 0.00580448
-40.9666, 0.183424, 0.00293442
-66.775, 0.0881141, 0.00742291
-66.8312, 0.0881141, 0.00743033
-41.3252, 0.183912, 0.00376714
-96.7069, 0.0695851, 0.00838726
-96.8143, 0.0695851, 0.00839565
-42.5558, 0.145037, 0.00425017
-104.828, 0.0695851, 0.00901616
-104.947, 0.0695851, 0.00902518
-42.9448, 0.145239, 0.00457573
-47.2693, 0.0695851, 0.00317369
-47.2854, 0.0695851, 0.00317686
-40.708, 0.143708, 0.00159255
-91.2667, 0.0695851, 0.00795202
-91.3647, 0.0695851, 0.00795997
-42.3145, 0.144954, 0.00402713
-40.5037, 0.0695851, 0.000274412
-40.5037, 0.0695851, 0.000274686
-40.4616, 0.143029, 0.000137021
-67.855, 0.0695851, 0.00586823
-67.9137, 0.0695851, 0.0058741
-41.3841, 0.144363, 0.00295886
-40.563, 0.0695851, 0.000468137
-40.5633, 0.0695851, 0.000468605
-40.466, 0.143162, 0.000233979
-57.9922, 0.0695851, 0.00478231
-58.0315, 0.0695851, 0.0047871
-41.0469, 0.144095, 0.00240657
-58.7269, 0.0695851, 0.00487111
-58.7676, 0.0695851, 0.00487598
-41.0699, 0.144127, 0.00245184
-42.7089, 0.0695851, 0.00199011
-42.7141, 0.0695851, 0.0019921
-40.5603, 0.143488, 0.000997035
-75.2271, 0.0695851, 0.00657542
-75.2985, 0.0695851, 0.006582
-41.654, 0.144581, 0.00332079
-52.6286, 0.0695851, 0.00407035
-52.6566, 0.0695851, 0.00407442
-40.873, 0.143927, 0.00204577
-63.8861, 0.0695851, 0.00545537
-63.9368, 0.0695851, 0.00546083
-41.2436, 0.144283, 0.00274907
-67.1695, 0.0695851, 0.00579868
-67.2262, 0.0695851, 0.00580448
-41.3609, 0.144386, 0.00292429
-84.8688, 0.0695851, 0.00742291
-84.9564, 0.0695851, 0.00743033
-42.0366, 0.144816, 0.00375531
-80.4857, 0.0817658, 0.00838726
-80.5656, 0.0817658, 0.00839565
-41.8401, 0.170819, 0.00426079
-86.6299, 0.0817658, 0.00901616
-86.7199, 0.0817658, 0.00902518
-42.0898, 0.171012, 0.00458591
-45.0069, 0.0817658, 0.00317369
-45.0177, 0.0817658, 0.00317686
-40.6326, 0.169245, 0.00159634
-76.4057, 0.0817658, 0.00795202
-76.4792, 0.0817658, 0.00795997
-41.6841, 0.17065, 0.00403534
-40.4906, 0.0817658, 0.000274412
-40.4907, 0.0817658, 0.000274686
-40.4609, 0.168458, 0.000137354
-59.3031, 0.0817658, 0.00586823
-59.3445, 0.0817658, 0.0058741
-41.078, 0.170055, 0.00296672
-40.5346, 0.0817658, 0.000468137
-40.5347, 0.0817658, 0.000468605
-40.464, 0.168951, 0.000235039
-52.3473, 0.0817658, 0.00478231
-52.3745, 0.0817658, 0.0047871
-40.8575, 0.169713, 0.00241254
-52.8583, 0.0817658, 0.00487111
-52.8866, 0.0817658, 0.00487598
-40.8736, 0.169747, 0.00245784
-41.9726, 0.0817658, 0.00199011
-41.976, 0.0817658, 0.0019921
-40.5309, 0.169087, 0.00100002
-64.6036, 0.0817658, 0.00657542
-64.6558, 0.0817658, 0.006582
-41.2578, 0.170217, 0.00332765
-48.6417, 0.0817658, 0.00407035
-48.6609, 0.0817658, 0.00407442
-40.7491, 0.169508, 0.00205073
-56.4828, 0.0817658, 0.00545537
-56.5187, 0.0817658, 0.00546083
-40.9914, 0.169916, 0.00275558
-58.8149, 0.0817658, 0.00579868
-58.8554, 0.0817658, 0.00580448
-41.0625, 0.170022, 0.00293095
-71.6594, 0.0817658, 0.00742291
-71.7241, 0.0817658, 0.00743033
-41.5033, 0.17052, 0.00376374
-249.592, 0.032057, 0.00838726
-249.851, 0.032057, 0.00839565
-55.2691, 0.0666295, 0.00423737
-268.503, 0.032057, 0.00901616
-268.769, 0.032057, 0.00902518
-57.8875, 0.0667642, 0.00456498
-81.7858, 0.032057, 0.00317369
-81.87, 0.032057, 0.00317686
-41.9701, 0.0657774, 0.00158186
-235.991, 0.032057, 0.00795202
-236.246, 0.032057, 0.00795997
-53.5766, 0.0660676, 0.00398168
-40.6333, 0.032057, 0.000274412
-40.6336, 0.032057, 0.000274686
-40.4713, 0.0655265, 0.00013624
-166.997, 0.032057, 0.00586823
-167.194, 0.032057, 0.0058741
-46.9175, 0.066173, 0.0029432
-40.9727, 0.032057, 0.000468137
-40.9738, 0.032057, 0.000468605
-40.4951, 0.0654492, 0.000232142
-130.558, 0.032057, 0.00478231
-130.716, 0.032057, 0.0047871
-44.4318, 0.0659927, 0.00239173
-133.474, 0.032057, 0.00487111
-133.636, 0.032057, 0.00487598
-44.6083, 0.0656132, 0.00242168
-55.4213, 0.032057, 0.00199011
-55.4556, 0.032057, 0.0019921
-40.9864, 0.0656207, 0.000989503
-190.905, 0.032057, 0.00657542
-191.127, 0.032057, 0.006582
-48.9017, 0.0662774, 0.00330336
-107.768, 0.032057, 0.00407035
-107.893, 0.032057, 0.00407442
-43.1644, 0.0659004, 0.00203271
-153.029, 0.032057, 0.00545537
-153.213, 0.032057, 0.00546083
-45.8901, 0.066101, 0.00273302
-164.639, 0.032057, 0.00579868
-164.837, 0.032057, 0.00580448
-46.7391, 0.0661464, 0.00290709
-218.994, 0.032057, 0.00742291
-219.233, 0.032057, 0.00743033
-51.6563, 0.0664524, 0.00373954
-513.023, 0.00293569, 0.00838726
-512.882, 0.00293569, 0.00839565
-40.8117, 0.00170776, 0.0194258
-501.452, 0.00293569, 0.00901616
-501.271, 0.00293569, 0.00902518
-40.5992, 0.00168355, 0.020687
-550.615, 0.00293569, 0.00317369
-550.639, 0.00293569, 0.00317686
-270.64, 0.00663781, 0.0017775
-40.4617, 0.172627, 0.000174899
-40.4617, 0.172627, 0.000175074
-519.988, 0.00293863, 0.00795202
-41.1348, 0.0017262, 0.0185558
-41.127, 0.0017262, 0.0185744
-79.2768, 0.00293863, 0.000274412
-41.9025, 0.00595682, 0.00013537
-41.906, 0.00595682, 0.000135505
-542.919, 0.00293863, 0.00586823
-68.4117, 0.00189305, 0.0144134
-68.1357, 0.00189305, 0.0144279
-40.4593, 0.000327647, 0.524578
-148.354, 0.00293569, 0.000468137
-148.536, 0.00293569, 0.000468605
-45.604, 0.00596767, 0.000231126
-549.782, 0.00293569, 0.00478231
-549.758, 0.00293569, 0.0047871
-239.635, 0.00222886, 0.0125028
-40.4593, 0.000736889, 0.584094
-40.4593, 0.000736889, 0.584679
-549.347, 0.00293863, 0.00487111
-212.733, 0.00216918, 0.0126346
-211.92, 0.00216918, 0.0126473
-40.4593, 0.000647253, 0.571876
-513.241, 0.00293569, 0.00199011
-513.39, 0.00293569, 0.0019921
-153.634, 0.00605618, 0.000997486
-40.4601, 0.109139, 6.29545e-05
-40.4601, 0.109139, 6.30175e-05
-536.732, 0.00293863, 0.00657542
-47.5152, 0.00181678, 0.0158105
-47.4364, 0.00181678, 0.0158263
-40.4593, 0.00026675, 0.528485
-552.314, 0.00293569, 0.00407035
-552.305, 0.00293569, 0.00407442
-530.186, 0.00498098, 0.00951786
-41.7745, 0.0410735, 0.284557
-41.7642, 0.0410735, 0.284841
-545.899, 0.00293863, 0.00545537
-102.357, 0.00196327, 0.0136276
-101.851, 0.00196327, 0.0136412
-40.4593, 0.000393095, 0.530636
-543.431, 0.00293569, 0.00579868
-543.387, 0.00293569, 0.00580448
-72.8114, 0.00190561, 0.0142814
-40.4593, 0.000336636, 0.525456
-40.4593, 0.000336636, 0.525981
-527.253, 0.00293863, 0.00742291
-42.0319, 0.00175514, 0.0174986
-42.014, 0.00175514, 0.0175161
-77.349, 0.084871, 0.00838726
-41.7231, 0.177053, 0.00426343
-41.7259, 0.177053, 0.0042677
-83.0863, 0.084871, 0.00901616
-41.9453, 0.177244, 0.0045885
-41.9487, 0.177244, 0.00459309
-44.5985, 0.084871, 0.00317369
-40.6203, 0.175456, 0.00159764
-40.6206, 0.175456, 0.00159924
-73.5497, 0.084871, 0.00795202
-41.5752, 0.176883, 0.00403798
-41.5778, 0.176883, 0.00404202
-40.4882, 0.084871, 0.000274412
-40.4607, 0.174609, 0.000137437
-40.4608, 0.174609, 0.000137575
-57.7048, 0.084871, 0.00586823
-41.0281, 0.176225, 0.00296788
-41.0293, 0.176225, 0.00297085
-40.5296, 0.084871, 0.000468137
-40.4636, 0.175245, 0.000235361
-40.4636, 0.175245, 0.000235596
-51.3072, 0.084871, 0.00478231
-40.8256, 0.175905, 0.00241398
-40.8264, 0.175905, 0.00241639
-51.7759, 0.084871, 0.00487111
-40.84, 0.17593, 0.00245918
-40.8408, 0.17593, 0.00246164
-41.84, 0.084871, 0.00199011
-40.526, 0.175057, 0.000999417
-40.5261, 0.175057, 0.00100042
-62.6002, 0.084871, 0.00657542
-41.1882, 0.176445, 0.00333002
-41.1899, 0.176445, 0.00333335
-47.9167, 0.084871, 0.00407035
-40.7257, 0.176297, 0.00205951
-40.7263, 0.176297, 0.00206157
-55.1048, 0.084871, 0.00545537
-40.9476, 0.176096, 0.00275692
-40.9487, 0.176096, 0.00275967
-57.252, 0.084871, 0.00579868
-41.0143, 0.176196, 0.00293219
-41.0155, 0.176196, 0.00293513
-69.1345, 0.084871, 0.00742291
-41.414, 0.176753, 0.0037663
-41.4161, 0.176753, 0.00377007
-538.498, 0.00563247, 0.00838726
-247.253, 0.00464275, 0.0223776
-246.543, 0.00464275, 0.0224
-40.4593, 0.00215405, 1.13394
-535.734, 0.00562684, 0.00901616
-535.691, 0.00562684, 0.00902518
-156.208, 0.00417329, 0.0234063
-40.4593, 0.0012565, 1.06312
-40.4593, 0.0012565, 1.06418
-475.6, 0.00563247, 0.00317369
-121.58, 0.0115052, 0.00157779
-121.729, 0.0115052, 0.00157937
-540.075, 0.00563247, 0.00795202
-343.196, 0.00536306, 0.0215909
-342.624, 0.00536306, 0.0216125
-40.4593, 0.00443036, 1.1734
-49.3907, 0.00562684, 0.000274412
-49.4118, 0.00562684, 0.000274686
-40.8026, 0.0114298, 0.000135381
-541.237, 0.00562684, 0.00586823
-541.259, 0.00562684, 0.0058741
-266.709, 0.0135346, 0.00362743
-40.4615, 0.450822, 0.000529623
-40.4615, 0.450822, 0.000530153
-70.595, 0.00563247, 0.000468137
-41.5573, 0.0114259, 0.000231108
-41.5597, 0.0114259, 0.000231339
-531.834, 0.00563247, 0.00478231
-201.553, 0.0121534, 0.00252681
-201.791, 0.0121534, 0.00252934
-40.4604, 0.264773, 0.00019693
-533.193, 0.00562684, 0.00487111
-533.259, 0.00562684, 0.00487598
-205.937, 0.0122255, 0.00258917
-40.4605, 0.27109, 0.000206675
-40.4605, 0.27109, 0.000206882
-353.162, 0.00563247, 0.00199011
-72.52, 0.011492, 0.000988219
-72.5886, 0.011492, 0.000989207
-542.507, 0.00563247, 0.00657542
-381.73, 0.0152633, 0.00616327
-382.002, 0.0152633, 0.00616943
-40.4725, 0.827212, 0.00475731
-516.444, 0.00562684, 0.00407035
-516.565, 0.00562684, 0.00407442
-165.044, 0.011815, 0.00207929
-40.4601, 0.228527, 0.000141595
-40.4601, 0.228527, 0.000141737
-539.008, 0.00563247, 0.00545537
-238.395, 0.0127931, 0.00308388
-238.66, 0.0127931, 0.00308697
-40.4609, 0.342182, 0.000314914
-540.959, 0.00562684, 0.00579868
-540.983, 0.00562684, 0.00580448
-261.13, 0.0133849, 0.00351437
-40.4613, 0.426432, 0.000474158
-40.4613, 0.426432, 0.000474632
-541.55, 0.00563247, 0.00742291
-477.352, 0.00781862, 0.0190852
-477.164, 0.00781862, 0.0191043
-40.4593, 0.029176, 0.834047
