2       , nan         , array([ 995.013    ,  0.0980522  ])
[9.9401806e+02 9.8052157e-02]
4       , nan         , array([ 994.018    ,  0.0327754  ])
6       , nan         , array([ 994.018    ,  0.0328082  ])
[9.94018060e+02 3.27753995e-02]
8       , nan         , array([ 995.013    ,  0.0372222  ])
[9.94018060e+02 3.72221653e-02]
10      , nan         , array([ 994.018    ,  0.0114562  ])
12      , nan         , array([ 994.018    ,  0.0114676  ])
[9.94018060e+02 1.14561602e-02]
14      , nan         , array([ 995.013    ,  0.0609644  ])
[9.94018060e+02 6.09643926e-02]
16      , nan         , array([ 994.018    ,  0.046683   ])
18      , nan         , array([ 994.018    ,  0.0467297  ])
[9.9401806e+02 4.6682971e-02]
20      , nan         , array([ 995.013    ,  0.0321339  ])
[9.94018060e+02 3.21339106e-02]
22      , nan         , array([ 994.018    ,  0.00104429 ])
24      , nan         , array([ 994.018    ,  0.00104534 ])
[9.9401806e+02 1.0442942e-03]
26      , nan         , array([ 995.013    ,  0.0996959  ])
[9.94018060e+02 9.96958624e-02]
28      , nan         , array([ 994.018    ,  0.012288   ])
30      , nan         , array([ 994.018    ,  0.0123003  ])
[9.94018060e+02 1.22879705e-02]
32      , nan         , array([ 995.013    ,  0.0217799  ])
[9.94018060e+02 2.17799384e-02]
34      , nan         , array([ 994.018    ,  0.0920572  ])
36      , nan         , array([ 994.018    ,  0.0921493  ])
[9.94018060e+02 9.20572234e-02]
38      , nan         , array([ 995.013    ,  0.041857   ])
[9.94018060e+02 4.18569783e-02]
40      , nan         , array([ 994.018    ,  0.0321518  ])
42      , nan         , array([ 994.018    ,  0.032184   ])
[9.94018060e+02 3.21518013e-02]
44      , nan         , array([ 995.013    ,  0.032683   ])
[9.94018060e+02 3.26829718e-02]
46      , nan         , array([ 486.317    ,  0.0980522  ])
48      , nan         , array([ 486.317    ,  0.0981503  ])
[4.86317396e+02 9.80521570e-02]
50      , nan         , array([ 486.804    ,  0.0327754  ])
[4.86317396e+02 3.27753995e-02]
52      , nan         , array([ 486.317    ,  0.0372222  ])
54      , nan         , array([ 486.317    ,  0.0372594  ])
[4.86317396e+02 3.72221653e-02]
56      , nan         , array([ 486.804    ,  0.0114562  ])
[4.86317396e+02 1.14561602e-02]
58      , nan         , array([ 486.317    ,  0.0609644  ])
60      , nan         , array([ 486.317    ,  0.0610254  ])
[4.86317396e+02 6.09643926e-02]
62      , nan         , array([ 486.804    ,  0.046683   ])
[4.86317396e+02 4.66829710e-02]
64      , nan         , array([ 486.317    ,  0.0321339  ])
66      , nan         , array([ 486.317    ,  0.0321661  ])
[4.86317396e+02 3.21339106e-02]
68      , nan         , array([ 486.804    ,  0.00104429 ])
[4.86317396e+02 1.04429420e-03]
70      , nan         , array([ 486.317    ,  0.0996959  ])
72      , nan         , array([ 486.317    ,  0.0997956  ])
[4.86317396e+02 9.96958624e-02]
74      , nan         , array([ 486.804    ,  0.012288   ])
[4.86317396e+02 1.22879705e-02]
76      , nan         , array([ 486.317    ,  0.0217799  ])
78      , nan         , array([ 486.317    ,  0.0218017  ])
[4.86317396e+02 2.17799384e-02]
80      , nan         , array([ 486.804    ,  0.0920572  ])
[4.86317396e+02 9.20572234e-02]
82      , nan         , array([ 486.317    ,  0.041857   ])
84      , nan         , array([ 486.317    ,  0.0418989  ])
[4.86317396e+02 4.18569783e-02]
86      , nan         , array([ 486.804    ,  0.0321518  ])
[4.86317396e+02 3.21518013e-02]
88      , nan         , array([ 486.317    ,  0.032683   ])
90      , nan         , array([ 486.317    ,  0.0327157  ])
[4.86317396e+02 3.26829718e-02]
92      , nan         , array([ 87.3703    ,  0.0980522  ])
[87.28301341  0.09805216]
94      , nan         , array([ 87.283     ,  0.0327754  ])
96      , nan         , array([ 87.283     ,  0.0328082  ])
[8.72830134e+01 3.27753995e-02]
98      , nan         , array([ 87.3703    ,  0.0372222  ])
[8.72830134e+01 3.72221653e-02]
100     , nan         , array([ 87.283     ,  0.0114562  ])
102     , nan         , array([ 87.283     ,  0.0114676  ])
[8.72830134e+01 1.14561602e-02]
104     , nan         , array([ 87.3703    ,  0.0609644  ])
[8.72830134e+01 6.09643926e-02]
106     , nan         , array([ 87.283     ,  0.046683   ])
108     , nan         , array([ 87.283     ,  0.0467297  ])
[8.72830134e+01 4.66829710e-02]
110     , nan         , array([ 87.3703    ,  0.0321339  ])
[8.72830134e+01 3.21339106e-02]
112     , nan         , array([ 87.283     ,  0.00104429 ])
114     , nan         , array([ 87.283     ,  0.00104534 ])
[8.72830134e+01 1.04429420e-03]
116     , nan         , array([ 87.3703    ,  0.0996959  ])
[87.28301341  0.09969586]
118     , nan         , array([ 87.283     ,  0.012288   ])
120     , nan         , array([ 87.283     ,  0.0123003  ])
[8.72830134e+01 1.22879705e-02]
122     , nan         , array([ 87.3703    ,  0.0217799  ])
[8.72830134e+01 2.17799384e-02]
124     , nan         , array([ 87.283     ,  0.0920572  ])
126     , nan         , array([ 87.283     ,  0.0921493  ])
[87.28301341  0.09205722]
128     , nan         , array([ 87.3703    ,  0.041857   ])
[8.72830134e+01 4.18569783e-02]
130     , nan         , array([ 87.283     ,  0.0321518  ])
132     , nan         , array([ 87.283     ,  0.032184   ])
[8.72830134e+01 3.21518013e-02]
134     , nan         , array([ 87.3703    ,  0.032683   ])
[8.72830134e+01 3.26829718e-02]
136     , nan         , array([ 87.2538    ,  0.0980522  ])
138     , nan         , array([ 87.2538    ,  0.0981503  ])
[87.2537511   0.09805216]
140     , nan         , array([ 87.341     ,  0.0327754  ])
[8.72537511e+01 3.27753995e-02]
142     , nan         , array([ 87.2538    ,  0.0372222  ])
144     , nan         , array([ 87.2538    ,  0.0372594  ])
[8.72537511e+01 3.72221653e-02]
146     , nan         , array([ 87.341     ,  0.0114562  ])
[8.72537511e+01 1.14561602e-02]
148     , nan         , array([ 87.2538    ,  0.0609644  ])
150     , nan         , array([ 87.2538    ,  0.0610254  ])
[8.72537511e+01 6.09643926e-02]
152     , nan         , array([ 87.341     ,  0.046683   ])
[8.72537511e+01 4.66829710e-02]
154     , nan         , array([ 87.2538    ,  0.0321339  ])
156     , nan         , array([ 87.2538    ,  0.0321661  ])
[8.72537511e+01 3.21339106e-02]
158     , nan         , array([ 87.341     ,  0.00104429 ])
[8.72537511e+01 1.04429420e-03]
160     , nan         , array([ 87.2538    ,  0.0996959  ])
162     , nan         , array([ 87.2538    ,  0.0997956  ])
[87.2537511   0.09969586]
164     , nan         , array([ 87.341     ,  0.012288   ])
[8.72537511e+01 1.22879705e-02]
166     , nan         , array([ 87.2538    ,  0.0217799  ])
168     , nan         , array([ 87.2538    ,  0.0218017  ])
[8.72537511e+01 2.17799384e-02]
170     , nan         , array([ 87.341     ,  0.0920572  ])
[87.2537511   0.09205722]
172     , nan         , array([ 87.2538    ,  0.041857   ])
174     , nan         , array([ 87.2538    ,  0.0418989  ])
[8.72537511e+01 4.18569783e-02]
176     , nan         , array([ 87.341     ,  0.0321518  ])
[8.72537511e+01 3.21518013e-02]
178     , nan         , array([ 87.2538    ,  0.032683   ])
180     , nan         , array([ 87.2538    ,  0.0327157  ])
[8.72537511e+01 3.26829718e-02]
182     , nan         , array([ 579.781    ,  0.0980522  ])
[5.79201392e+02 9.80521570e-02]
184     , nan         , array([ 579.201    ,  0.0327754  ])
186     , nan         , array([ 579.201    ,  0.0328082  ])
[5.79201392e+02 3.27753995e-02]
188     , nan         , array([ 579.781    ,  0.0372222  ])
[5.79201392e+02 3.72221653e-02]
190     , nan         , array([ 579.201    ,  0.0114562  ])
192     , nan         , array([ 579.201    ,  0.0114676  ])
[5.79201392e+02 1.14561602e-02]
194     , nan         , array([ 579.781    ,  0.0609644  ])
[5.79201392e+02 6.09643926e-02]
196     , nan         , array([ 579.201    ,  0.046683   ])
198     , nan         , array([ 579.201    ,  0.0467297  ])
[5.79201392e+02 4.66829710e-02]
200     , nan         , array([ 579.781    ,  0.0321339  ])
[5.79201392e+02 3.21339106e-02]
202     , nan         , array([ 579.201    ,  0.00104429 ])
204     , nan         , array([ 579.201    ,  0.00104534 ])
[5.79201392e+02 1.04429420e-03]
206     , nan         , array([ 579.781    ,  0.0996959  ])
[5.79201392e+02 9.96958624e-02]
208     , nan         , array([ 579.201    ,  0.012288   ])
210     , nan         , array([ 579.201    ,  0.0123003  ])
[5.79201392e+02 1.22879705e-02]
212     , nan         , array([ 579.781    ,  0.0217799  ])
[5.79201392e+02 2.17799384e-02]
214     , nan         , array([ 579.201    ,  0.0920572  ])
216     , nan         , array([ 579.201    ,  0.0921493  ])
[5.79201392e+02 9.20572234e-02]
218     , nan         , array([ 579.781    ,  0.041857   ])
[5.79201392e+02 4.18569783e-02]
220     , nan         , array([ 579.201    ,  0.0321518  ])
222     , nan         , array([ 579.201    ,  0.032184   ])
[5.79201392e+02 3.21518013e-02]
224     , nan         , array([ 579.781    ,  0.032683   ])
[5.79201392e+02 3.26829718e-02]
226     , nan         , array([ 16.9453    ,  0.0980522  ])
228     , nan         , array([ 16.9453    ,  0.0981503  ])
[16.94529827  0.09805216]
230     , nan         , array([ 16.9623    ,  0.0327754  ])
[16.94529827  0.0327754 ]
232     , nan         , array([ 16.9453    ,  0.0372222  ])
234     , nan         , array([ 16.9453    ,  0.0372594  ])
[16.94529827  0.03722217]
236     , nan         , array([ 16.9623    ,  0.0114562  ])
[1.69452983e+01 1.14561602e-02]
238     , nan         , array([ 16.9453    ,  0.0609644  ])
240     , nan         , array([ 16.9453    ,  0.0610254  ])
[16.94529827  0.06096439]
242     , nan         , array([ 16.9623    ,  0.046683   ])
[16.94529827  0.04668297]
244     , nan         , array([ 16.9453    ,  0.0321339  ])
246     , nan         , array([ 16.9453    ,  0.0321661  ])
[16.94529827  0.03213391]
248     , nan         , array([ 16.9623    ,  0.00104429 ])
[1.69452983e+01 1.04429420e-03]
250     , nan         , array([ 16.9453    ,  0.0996959  ])
252     , nan         , array([ 16.9453    ,  0.0997956  ])
[16.94529827  0.09969586]
254     , nan         , array([ 16.9623    ,  0.012288   ])
[1.69452983e+01 1.22879705e-02]
256     , nan         , array([ 16.9453    ,  0.0217799  ])
258     , nan         , array([ 16.9453    ,  0.0218017  ])
[16.94529827  0.02177994]
260     , nan         , array([ 16.9623    ,  0.0920572  ])
[16.94529827  0.09205722]
262     , nan         , array([ 16.9453    ,  0.041857   ])
264     , nan         , array([ 16.9453    ,  0.0418989  ])
[16.94529827  0.04185698]
266     , nan         , array([ 16.9623    ,  0.0321518  ])
[16.94529827  0.0321518 ]
268     , nan         , array([ 16.9453    ,  0.032683   ])
270     , nan         , array([ 16.9453    ,  0.0327157  ])
[16.94529827  0.03268297]
272     , nan         , array([ 628.497    ,  0.0980522  ])
[6.27869028e+02 9.80521570e-02]
274     , nan         , array([ 627.869    ,  0.0327754  ])
276     , nan         , array([ 627.869    ,  0.0328082  ])
[6.27869028e+02 3.27753995e-02]
278     , nan         , array([ 628.497    ,  0.0372222  ])
[6.27869028e+02 3.72221653e-02]
280     , nan         , array([ 627.869    ,  0.0114562  ])
282     , nan         , array([ 627.869    ,  0.0114676  ])
[6.27869028e+02 1.14561602e-02]
284     , nan         , array([ 628.497    ,  0.0609644  ])
[6.27869028e+02 6.09643926e-02]
286     , nan         , array([ 627.869    ,  0.046683   ])
288     , nan         , array([ 627.869    ,  0.0467297  ])
[6.27869028e+02 4.66829710e-02]
290     , nan         , array([ 628.497    ,  0.0321339  ])
[6.27869028e+02 3.21339106e-02]
292     , nan         , array([ 627.869    ,  0.00104429 ])
294     , nan         , array([ 627.869    ,  0.00104534 ])
[6.27869028e+02 1.04429420e-03]
296     , nan         , array([ 628.497    ,  0.0996959  ])
[6.27869028e+02 9.96958624e-02]
298     , nan         , array([ 627.869    ,  0.012288   ])
300     , nan         , array([ 627.869    ,  0.0123003  ])
[6.27869028e+02 1.22879705e-02]
302     , nan         , array([ 628.497    ,  0.0217799  ])
[6.27869028e+02 2.17799384e-02]
304     , nan         , array([ 627.869    ,  0.0920572  ])
306     , nan         , array([ 627.869    ,  0.0921493  ])
[6.27869028e+02 9.20572234e-02]
308     , nan         , array([ 628.497    ,  0.041857   ])
[6.27869028e+02 4.18569783e-02]
310     , nan         , array([ 627.869    ,  0.0321518  ])
312     , nan         , array([ 627.869    ,  0.032184   ])
[6.27869028e+02 3.21518013e-02]
314     , nan         , array([ 628.497    ,  0.032683   ])
[6.27869028e+02 3.26829718e-02]
316     , nan         , array([ 63.2571    ,  0.0980522  ])
318     , nan         , array([ 63.2571    ,  0.0981503  ])
[63.25707829  0.09805216]
320     , nan         , array([ 63.3204    ,  0.0327754  ])
[6.32570783e+01 3.27753995e-02]
322     , nan         , array([ 63.2571    ,  0.0372222  ])
324     , nan         , array([ 63.2571    ,  0.0372594  ])
[6.32570783e+01 3.72221653e-02]
326     , nan         , array([ 63.3204    ,  0.0114562  ])
[6.32570783e+01 1.14561602e-02]
328     , nan         , array([ 63.2571    ,  0.0609644  ])
330     , nan         , array([ 63.2571    ,  0.0610254  ])
[6.32570783e+01 6.09643926e-02]
332     , nan         , array([ 63.3204    ,  0.046683   ])
[6.32570783e+01 4.66829710e-02]
334     , nan         , array([ 63.2571    ,  0.0321339  ])
336     , nan         , array([ 63.2571    ,  0.0321661  ])
[6.32570783e+01 3.21339106e-02]
338     , nan         , array([ 63.3204    ,  0.00104429 ])
[6.32570783e+01 1.04429420e-03]
340     , nan         , array([ 63.2571    ,  0.0996959  ])
342     , nan         , array([ 63.2571    ,  0.0997956  ])
[63.25707829  0.09969586]
344     , nan         , array([ 63.3204    ,  0.012288   ])
[6.32570783e+01 1.22879705e-02]
346     , nan         , array([ 63.2571    ,  0.0217799  ])
348     , nan         , array([ 63.2571    ,  0.0218017  ])
[6.32570783e+01 2.17799384e-02]
350     , nan         , array([ 63.3204    ,  0.0920572  ])
[63.25707829  0.09205722]
352     , nan         , array([ 63.2571    ,  0.041857   ])
354     , nan         , array([ 63.2571    ,  0.0418989  ])
[6.32570783e+01 4.18569783e-02]
356     , nan         , array([ 63.3204    ,  0.0321518  ])
[6.32570783e+01 3.21518013e-02]
358     , nan         , array([ 63.2571    ,  0.032683   ])
360     , nan         , array([ 63.2571    ,  0.0327157  ])
[6.32570783e+01 3.26829718e-02]
362     , nan         , array([ 101.478    ,  0.0980522  ])
[1.01376323e+02 9.80521570e-02]
364     , nan         , array([ 101.376    ,  0.0327754  ])
366     , nan         , array([ 101.376    ,  0.0328082  ])
[1.01376323e+02 3.27753995e-02]
368     , nan         , array([ 101.478    ,  0.0372222  ])
[1.01376323e+02 3.72221653e-02]
370     , nan         , array([ 101.376    ,  0.0114562  ])
372     , nan         , array([ 101.376    ,  0.0114676  ])
[1.01376323e+02 1.14561602e-02]
374     , nan         , array([ 101.478    ,  0.0609644  ])
[1.01376323e+02 6.09643926e-02]
376     , nan         , array([ 101.376    ,  0.046683   ])
378     , nan         , array([ 101.376    ,  0.0467297  ])
[1.01376323e+02 4.66829710e-02]
380     , nan         , array([ 101.478    ,  0.0321339  ])
[1.01376323e+02 3.21339106e-02]
382     , nan         , array([ 101.376    ,  0.00104429 ])
384     , nan         , array([ 101.376    ,  0.00104534 ])
[1.01376323e+02 1.04429420e-03]
386     , nan         , array([ 101.478    ,  0.0996959  ])
[1.01376323e+02 9.96958624e-02]
388     , nan         , array([ 101.376    ,  0.012288   ])
390     , nan         , array([ 101.376    ,  0.0123003  ])
[1.01376323e+02 1.22879705e-02]
392     , nan         , array([ 101.478    ,  0.0217799  ])
[1.01376323e+02 2.17799384e-02]
394     , nan         , array([ 101.376    ,  0.0920572  ])
396     , nan         , array([ 101.376    ,  0.0921493  ])
[1.01376323e+02 9.20572234e-02]
398     , nan         , array([ 101.478    ,  0.041857   ])
[1.01376323e+02 4.18569783e-02]
400     , nan         , array([ 101.376    ,  0.0321518  ])
402     , nan         , array([ 101.376    ,  0.032184   ])
[1.01376323e+02 3.21518013e-02]
404     , nan         , array([ 101.478    ,  0.032683   ])
[1.01376323e+02 3.26829718e-02]
406     , nan         , array([ 206.954    ,  0.0980522  ])
408     , nan         , array([ 206.954    ,  0.0981503  ])
[2.06953575e+02 9.80521570e-02]
410     , nan         , array([ 207.161    ,  0.0327754  ])
[2.06953575e+02 3.27753995e-02]
412     , nan         , array([ 206.954    ,  0.0372222  ])
414     , nan         , array([ 206.954    ,  0.0372594  ])
[2.06953575e+02 3.72221653e-02]
416     , nan         , array([ 207.161    ,  0.0114562  ])
[2.06953575e+02 1.14561602e-02]
418     , nan         , array([ 206.954    ,  0.0609644  ])
420     , nan         , array([ 206.954    ,  0.0610254  ])
[2.06953575e+02 6.09643926e-02]
422     , nan         , array([ 207.161    ,  0.046683   ])
[2.06953575e+02 4.66829710e-02]
424     , nan         , array([ 206.954    ,  0.0321339  ])
426     , nan         , array([ 206.954    ,  0.0321661  ])
[2.06953575e+02 3.21339106e-02]
428     , nan         , array([ 207.161    ,  0.00104429 ])
[2.06953575e+02 1.04429420e-03]
430     , nan         , array([ 206.954    ,  0.0996959  ])
432     , nan         , array([ 206.954    ,  0.0997956  ])
[2.06953575e+02 9.96958624e-02]
434     , nan         , array([ 207.161    ,  0.012288   ])
[2.06953575e+02 1.22879705e-02]
436     , nan         , array([ 206.954    ,  0.0217799  ])
438     , nan         , array([ 206.954    ,  0.0218017  ])
[2.06953575e+02 2.17799384e-02]
440     , nan         , array([ 207.161    ,  0.0920572  ])
[2.06953575e+02 9.20572234e-02]
442     , nan         , array([ 206.954    ,  0.041857   ])
444     , nan         , array([ 206.954    ,  0.0418989  ])
[2.06953575e+02 4.18569783e-02]
446     , nan         , array([ 207.161    ,  0.0321518  ])
[2.06953575e+02 3.21518013e-02]
448     , nan         , array([ 206.954    ,  0.032683   ])
450     , nan         , array([ 206.954    ,  0.0327157  ])
[2.06953575e+02 3.26829718e-02]
452     , nan         , array([ 346.064    ,  0.0980522  ])
[3.4571821e+02 9.8052157e-02]
454     , nan         , array([ 345.718    ,  0.0327754  ])
456     , nan         , array([ 345.718    ,  0.0328082  ])
[3.45718210e+02 3.27753995e-02]
458     , nan         , array([ 346.064    ,  0.0372222  ])
[3.45718210e+02 3.72221653e-02]
460     , nan         , array([ 345.718    ,  0.0114562  ])
462     , nan         , array([ 345.718    ,  0.0114676  ])
[3.45718210e+02 1.14561602e-02]
464     , nan         , array([ 346.064    ,  0.0609644  ])
[3.45718210e+02 6.09643926e-02]
466     , nan         , array([ 345.718    ,  0.046683   ])
468     , nan         , array([ 345.718    ,  0.0467297  ])
[3.4571821e+02 4.6682971e-02]
470     , nan         , array([ 346.064    ,  0.0321339  ])
[3.45718210e+02 3.21339106e-02]
472     , nan         , array([ 345.718    ,  0.00104429 ])
474     , nan         , array([ 345.718    ,  0.00104534 ])
[3.4571821e+02 1.0442942e-03]
476     , nan         , array([ 346.064    ,  0.0996959  ])
[3.45718210e+02 9.96958624e-02]
478     , nan         , array([ 345.718    ,  0.012288   ])
480     , nan         , array([ 345.718    ,  0.0123003  ])
[3.45718210e+02 1.22879705e-02]
482     , nan         , array([ 346.064    ,  0.0217799  ])
[3.45718210e+02 2.17799384e-02]
484     , nan         , array([ 345.718    ,  0.0920572  ])
486     , nan         , array([ 345.718    ,  0.0921493  ])
[3.45718210e+02 9.20572234e-02]
488     , nan         , array([ 346.064    ,  0.041857   ])
[3.45718210e+02 4.18569783e-02]
490     , nan         , array([ 345.718    ,  0.0321518  ])
492     , nan         , array([ 345.718    ,  0.032184   ])
[3.45718210e+02 3.21518013e-02]
494     , nan         , array([ 346.064    ,  0.032683   ])
[3.45718210e+02 3.26829718e-02]
496     , nan         , array([ 739.913    ,  0.0980522  ])
498     , nan         , array([ 739.913    ,  0.0981503  ])
[7.39913331e+02 9.80521570e-02]
500     , nan         , array([ 740.654    ,  0.0327754  ])
[7.39913331e+02 3.27753995e-02]
502     , nan         , array([ 739.913    ,  0.0372222  ])
504     , nan         , array([ 739.913    ,  0.0372594  ])
[7.39913331e+02 3.72221653e-02]
506     , nan         , array([ 740.654    ,  0.0114562  ])
[7.39913331e+02 1.14561602e-02]
508     , nan         , array([ 739.913    ,  0.0609644  ])
510     , nan         , array([ 739.913    ,  0.0610254  ])
[7.39913331e+02 6.09643926e-02]
512     , nan         , array([ 740.654    ,  0.046683   ])
[7.39913331e+02 4.66829710e-02]
514     , nan         , array([ 739.913    ,  0.0321339  ])
516     , nan         , array([ 739.913    ,  0.0321661  ])
[7.39913331e+02 3.21339106e-02]
518     , nan         , array([ 740.654    ,  0.00104429 ])
[7.39913331e+02 1.04429420e-03]
520     , nan         , array([ 739.913    ,  0.0996959  ])
522     , nan         , array([ 739.913    ,  0.0997956  ])
[7.39913331e+02 9.96958624e-02]
524     , nan         , array([ 740.654    ,  0.012288   ])
[7.39913331e+02 1.22879705e-02]
526     , nan         , array([ 739.913    ,  0.0217799  ])
528     , nan         , array([ 739.913    ,  0.0218017  ])
[7.39913331e+02 2.17799384e-02]
530     , nan         , array([ 740.654    ,  0.0920572  ])
[7.39913331e+02 9.20572234e-02]
532     , nan         , array([ 739.913    ,  0.041857   ])
534     , nan         , array([ 739.913    ,  0.0418989  ])
[7.39913331e+02 4.18569783e-02]
536     , nan         , array([ 740.654    ,  0.0321518  ])
[7.39913331e+02 3.21518013e-02]
538     , nan         , array([ 739.913    ,  0.032683   ])
540     , nan         , array([ 739.913    ,  0.0327157  ])
[7.39913331e+02 3.26829718e-02]
542     , nan         , array([ 97.1042    ,  0.0980522  ])
[97.00711307  0.09805216]
544     , nan         , array([ 97.0071    ,  0.0327754  ])
546     , nan         , array([ 97.0071    ,  0.0328082  ])
[9.70071131e+01 3.27753995e-02]
548     , nan         , array([ 97.1042    ,  0.0372222  ])
[9.70071131e+01 3.72221653e-02]
550     , nan         , array([ 97.0071    ,  0.0114562  ])
552     , nan         , array([ 97.0071    ,  0.0114676  ])
[9.70071131e+01 1.14561602e-02]
554     , nan         , array([ 97.1042    ,  0.0609644  ])
[9.70071131e+01 6.09643926e-02]
556     , nan         , array([ 97.0071    ,  0.046683   ])
558     , nan         , array([ 97.0071    ,  0.0467297  ])
[9.70071131e+01 4.66829710e-02]
560     , nan         , array([ 97.1042    ,  0.0321339  ])
[9.70071131e+01 3.21339106e-02]
562     , nan         , array([ 97.0071    ,  0.00104429 ])
564     , nan         , array([ 97.0071    ,  0.00104534 ])
[9.70071131e+01 1.04429420e-03]
566     , nan         , array([ 97.1042    ,  0.0996959  ])
[97.00711307  0.09969586]
568     , nan         , array([ 97.0071    ,  0.012288   ])
570     , nan         , array([ 97.0071    ,  0.0123003  ])
[9.70071131e+01 1.22879705e-02]
572     , nan         , array([ 97.1042    ,  0.0217799  ])
[9.70071131e+01 2.17799384e-02]
574     , nan         , array([ 97.0071    ,  0.0920572  ])
576     , nan         , array([ 97.0071    ,  0.0921493  ])
[9.70071131e+01 9.20572234e-02]
578     , nan         , array([ 97.1042    ,  0.041857   ])
[9.70071131e+01 4.18569783e-02]
580     , nan         , array([ 97.0071    ,  0.0321518  ])
582     , nan         , array([ 97.0071    ,  0.032184   ])
[9.70071131e+01 3.21518013e-02]
584     , nan         , array([ 97.1042    ,  0.032683   ])
[9.70071131e+01 3.26829718e-02]
586     , nan         , array([ 975.959    ,  0.0980522  ])
588     , nan         , array([ 975.959    ,  0.0981503  ])
[9.75959319e+02 9.80521570e-02]
590     , nan         , array([ 976.936    ,  0.0327754  ])
[9.75959319e+02 3.27753995e-02]
592     , nan         , array([ 975.959    ,  0.0372222  ])
594     , nan         , array([ 975.959    ,  0.0372594  ])
[9.75959319e+02 3.72221653e-02]
596     , nan         , array([ 976.936    ,  0.0114562  ])
[9.75959319e+02 1.14561602e-02]
598     , nan         , array([ 975.959    ,  0.0609644  ])
600     , nan         , array([ 975.959    ,  0.0610254  ])
[9.75959319e+02 6.09643926e-02]
602     , nan         , array([ 976.936    ,  0.046683   ])
[9.75959319e+02 4.66829710e-02]
604     , nan         , array([ 975.959    ,  0.0321339  ])
606     , nan         , array([ 975.959    ,  0.0321661  ])
[9.75959319e+02 3.21339106e-02]
608     , nan         , array([ 976.936    ,  0.00104429 ])
[9.75959319e+02 1.04429420e-03]
610     , nan         , array([ 975.959    ,  0.0996959  ])
612     , nan         , array([ 975.959    ,  0.0997956  ])
[9.75959319e+02 9.96958624e-02]
614     , nan         , array([ 976.936    ,  0.012288   ])
[9.75959319e+02 1.22879705e-02]
616     , nan         , array([ 975.959    ,  0.0217799  ])
618     , nan         , array([ 975.959    ,  0.0218017  ])
[9.75959319e+02 2.17799384e-02]
620     , nan         , array([ 976.936    ,  0.0920572  ])
[9.75959319e+02 9.20572234e-02]
622     , nan         , array([ 975.959    ,  0.041857   ])
624     , nan         , array([ 975.959    ,  0.0418989  ])
[9.75959319e+02 4.18569783e-02]
626     , nan         , array([ 976.936    ,  0.0321518  ])
[9.75959319e+02 3.21518013e-02]
628     , nan         , array([ 975.959    ,  0.032683   ])
630     , nan         , array([ 975.959    ,  0.0327157  ])
[9.75959319e+02 3.26829718e-02]
632     , nan         , array([ 329.794    ,  0.0980522  ])
[3.29464615e+02 9.80521570e-02]
634     , nan         , array([ 329.465    ,  0.0327754  ])
636     , nan         , array([ 329.465    ,  0.0328082  ])
[3.29464615e+02 3.27753995e-02]
638     , nan         , array([ 329.794    ,  0.0372222  ])
[3.29464615e+02 3.72221653e-02]
640     , nan         , array([ 329.465    ,  0.0114562  ])
642     , nan         , array([ 329.465    ,  0.0114676  ])
[3.29464615e+02 1.14561602e-02]
644     , nan         , array([ 329.794    ,  0.0609644  ])
[3.29464615e+02 6.09643926e-02]
646     , nan         , array([ 329.465    ,  0.046683   ])
648     , nan         , array([ 329.465    ,  0.0467297  ])
[3.29464615e+02 4.66829710e-02]
650     , nan         , array([ 329.794    ,  0.0321339  ])
[3.29464615e+02 3.21339106e-02]
652     , nan         , array([ 329.465    ,  0.00104429 ])
654     , nan         , array([ 329.465    ,  0.00104534 ])
[3.29464615e+02 1.04429420e-03]
656     , nan         , array([ 329.794    ,  0.0996959  ])
[3.29464615e+02 9.96958624e-02]
658     , nan         , array([ 329.465    ,  0.012288   ])
660     , nan         , array([ 329.465    ,  0.0123003  ])
[3.29464615e+02 1.22879705e-02]
662     , nan         , array([ 329.794    ,  0.0217799  ])
[3.29464615e+02 2.17799384e-02]
664     , nan         , array([ 329.465    ,  0.0920572  ])
666     , nan         , array([ 329.465    ,  0.0921493  ])
[3.29464615e+02 9.20572234e-02]
668     , nan         , array([ 329.794    ,  0.041857   ])
[3.29464615e+02 4.18569783e-02]
670     , nan         , array([ 329.465    ,  0.0321518  ])
672     , nan         , array([ 329.465    ,  0.032184   ])
[3.29464615e+02 3.21518013e-02]
674     , nan         , array([ 329.794    ,  0.032683   ])
[3.29464615e+02 3.26829718e-02]
2       , nan         , array([ 0.0533113  ,  0.00245561 ])
[0.05325804 0.00245561]
4       , nan         , array([ 0.053258   ,  0.00810804 ])
6       , nan         , array([ 0.053258   ,  0.00811616 ])
[0.05325804 0.00810804]
8       , nan         , array([ 0.0533113  ,  0.00881983 ])
[0.05325804 0.00881983]
10      , nan         , array([ 0.053258   ,  0.00903768 ])
12      , nan         , array([ 0.053258   ,  0.00904672 ])
[0.05325804 0.00903768]
14      , nan         , array([ 0.0533113  ,  0.00129785 ])
[0.05325804 0.00129785]
16      , nan         , array([ 0.053258   ,  0.00678785 ])
18      , nan         , array([ 0.053258   ,  0.00679464 ])
[0.05325804 0.00678785]
20      , nan         , array([ 0.0533113  ,  0.00739484 ])
[0.05325804 0.00739484]
22      , nan         , array([ 0.053258   ,  0.00876391 ])
24      , nan         , array([ 0.053258   ,  0.00877268 ])
[0.05325804 0.00876391]
26      , nan         , array([ 0.0533113  ,  0.00136436 ])
[0.05325804 0.00136436]
28      , nan         , array([ 0.053258   ,  0.006765   ])
30      , nan         , array([ 0.053258   ,  0.00677177 ])
[0.05325804 0.006765  ]
32      , nan         , array([ 0.0533113  ,  0.00654306 ])
[0.05325804 0.00654306]
34      , nan         , array([ 0.053258   ,  0.000178449])
36      , nan         , array([ 0.053258   ,  0.000178628])
[0.05325804 0.00017845]
38      , nan         , array([ 0.0533113  ,  0.000688905])
[0.05325804 0.00068891]
40      , nan         , array([ 0.053258   ,  0.00779639 ])
42      , nan         , array([ 0.053258   ,  0.00780419 ])
[0.05325804 0.00779639]
44      , nan         , array([ 0.0533113  ,  0.00373962 ])
[0.05325804 0.00373962]
46      , nan         , array([ 0.0461915  ,  0.00245561 ])
48      , nan         , array([ 0.0461915  ,  0.00245807 ])
[0.04619149 0.00245561]
50      , nan         , array([ 0.0462377  ,  0.00810804 ])
[0.04619149 0.00810804]
52      , nan         , array([ 0.0461915  ,  0.00881983 ])
54      , nan         , array([ 0.0461915  ,  0.00882865 ])
[0.04619149 0.00881983]
56      , nan         , array([ 0.0462377  ,  0.00903768 ])
[0.04619149 0.00903768]
58      , nan         , array([ 0.0461915  ,  0.00129785 ])
60      , nan         , array([ 0.0461915  ,  0.00129915 ])
[0.04619149 0.00129785]
62      , nan         , array([ 0.0462377  ,  0.00678785 ])
[0.04619149 0.00678785]
64      , nan         , array([ 0.0461915  ,  0.00739484 ])
66      , nan         , array([ 0.0461915  ,  0.00740224 ])
[0.04619149 0.00739484]
68      , nan         , array([ 0.0462377  ,  0.00876391 ])
[0.04619149 0.00876391]
70      , nan         , array([ 0.0461915  ,  0.00136436 ])
72      , nan         , array([ 0.0461915  ,  0.00136573 ])
[0.04619149 0.00136436]
74      , nan         , array([ 0.0462377  ,  0.006765   ])
[0.04619149 0.006765  ]
76      , nan         , array([ 0.0461915  ,  0.00654306 ])
78      , nan         , array([ 0.0461915  ,  0.00654961 ])
[0.04619149 0.00654306]
80      , nan         , array([ 0.0462377  ,  0.000178449])
[0.04619149 0.00017845]
82      , nan         , array([ 0.0461915  ,  0.000688905])
84      , nan         , array([ 0.0461915  ,  0.000689594])
[0.04619149 0.00068891]
86      , nan         , array([ 0.0462377  ,  0.00779639 ])
[0.04619149 0.00779639]
88      , nan         , array([ 0.0461915  ,  0.00373962 ])
90      , nan         , array([ 0.0461915  ,  0.00374336 ])
[0.04619149 0.00373962]
92      , nan         , array([ 0.0671278  ,  0.00245561 ])
[0.06706071 0.00245561]
94      , nan         , array([ 0.0670607  ,  0.00810804 ])
96      , nan         , array([ 0.0670607  ,  0.00811616 ])
[0.06706071 0.00810804]
98      , nan         , array([ 0.0671278  ,  0.00881983 ])
[0.06706071 0.00881983]
100     , nan         , array([ 0.0670607  ,  0.00903768 ])
102     , nan         , array([ 0.0670607  ,  0.00904672 ])
[0.06706071 0.00903768]
104     , nan         , array([ 0.0671278  ,  0.00129785 ])
[0.06706071 0.00129785]
106     , nan         , array([ 0.0670607  ,  0.00678785 ])
108     , nan         , array([ 0.0670607  ,  0.00679464 ])
[0.06706071 0.00678785]
110     , nan         , array([ 0.0671278  ,  0.00739484 ])
[0.06706071 0.00739484]
112     , nan         , array([ 0.0670607  ,  0.00876391 ])
114     , nan         , array([ 0.0670607  ,  0.00877268 ])
[0.06706071 0.00876391]
116     , nan         , array([ 0.0671278  ,  0.00136436 ])
[0.06706071 0.00136436]
118     , nan         , array([ 0.0670607  ,  0.006765   ])
120     , nan         , array([ 0.0670607  ,  0.00677177 ])
[0.06706071 0.006765  ]
122     , nan         , array([ 0.0671278  ,  0.00654306 ])
[0.06706071 0.00654306]
124     , nan         , array([ 0.0670607  ,  0.000178449])
126     , nan         , array([ 0.0670607  ,  0.000178628])
[0.06706071 0.00017845]
128     , nan         , array([ 0.0671278  ,  0.000688905])
[0.06706071 0.00068891]
130     , nan         , array([ 0.0670607  ,  0.00779639 ])
132     , nan         , array([ 0.0670607  ,  0.00780419 ])
[0.06706071 0.00779639]
134     , nan         , array([ 0.0671278  ,  0.00373962 ])
[0.06706071 0.00373962]
136     , nan         , array([ 0.0167034  ,  0.00245561 ])
138     , nan         , array([ 0.0167034  ,  0.00245807 ])
[0.01670343 0.00245561]
140     , nan         , array([ 0.0167201  ,  0.00810804 ])
[0.01670343 0.00810804]
142     , nan         , array([ 0.0167034  ,  0.00881983 ])
144     , nan         , array([ 0.0167034  ,  0.00882865 ])
[0.01670343 0.00881983]
146     , nan         , array([ 0.0167201  ,  0.00903768 ])
[0.01670343 0.00903768]
148     , nan         , array([ 0.0167034  ,  0.00129785 ])
150     , nan         , array([ 0.0167034  ,  0.00129915 ])
[0.01670343 0.00129785]
152     , nan         , array([ 0.0167201  ,  0.00678785 ])
[0.01670343 0.00678785]
154     , nan         , array([ 0.0167034  ,  0.00739484 ])
156     , nan         , array([ 0.0167034  ,  0.00740224 ])
[0.01670343 0.00739484]
158     , nan         , array([ 0.0167201  ,  0.00876391 ])
[0.01670343 0.00876391]
160     , nan         , array([ 0.0167034  ,  0.00136436 ])
162     , nan         , array([ 0.0167034  ,  0.00136573 ])
[0.01670343 0.00136436]
164     , nan         , array([ 0.0167201  ,  0.006765   ])
[0.01670343 0.006765  ]
166     , nan         , array([ 0.0167034  ,  0.00654306 ])
168     , nan         , array([ 0.0167034  ,  0.00654961 ])
[0.01670343 0.00654306]
170     , nan         , array([ 0.0167201  ,  0.000178449])
[0.01670343 0.00017845]
172     , nan         , array([ 0.0167034  ,  0.000688905])
174     , nan         , array([ 0.0167034  ,  0.000689594])
[0.01670343 0.00068891]
176     , nan         , array([ 0.0167201  ,  0.00779639 ])
[0.01670343 0.00779639]
178     , nan         , array([ 0.0167034  ,  0.00373962 ])
180     , nan         , array([ 0.0167034  ,  0.00374336 ])
[0.01670343 0.00373962]
182     , nan         , array([ 0.0537415  ,  0.00245561 ])
[0.0536878  0.00245561]
184     , nan         , array([ 0.0536878  ,  0.00810804 ])
186     , nan         , array([ 0.0536878  ,  0.00811616 ])
[0.0536878  0.00810804]
188     , nan         , array([ 0.0537415  ,  0.00881983 ])
[0.0536878  0.00881983]
190     , nan         , array([ 0.0536878  ,  0.00903768 ])
192     , nan         , array([ 0.0536878  ,  0.00904672 ])
[0.0536878  0.00903768]
194     , nan         , array([ 0.0537415  ,  0.00129785 ])
[0.0536878  0.00129785]
196     , nan         , array([ 0.0536878  ,  0.00678785 ])
198     , nan         , array([ 0.0536878  ,  0.00679464 ])
[0.0536878  0.00678785]
200     , nan         , array([ 0.0537415  ,  0.00739484 ])
[0.0536878  0.00739484]
202     , nan         , array([ 0.0536878  ,  0.00876391 ])
204     , nan         , array([ 0.0536878  ,  0.00877268 ])
[0.0536878  0.00876391]
206     , nan         , array([ 0.0537415  ,  0.00136436 ])
[0.0536878  0.00136436]
208     , nan         , array([ 0.0536878  ,  0.006765   ])
210     , nan         , array([ 0.0536878  ,  0.00677177 ])
[0.0536878 0.006765 ]
212     , nan         , array([ 0.0537415  ,  0.00654306 ])
[0.0536878  0.00654306]
214     , nan         , array([ 0.0536878  ,  0.000178449])
216     , nan         , array([ 0.0536878  ,  0.000178628])
[0.0536878  0.00017845]
218     , nan         , array([ 0.0537415  ,  0.000688905])
[0.0536878  0.00068891]
220     , nan         , array([ 0.0536878  ,  0.00779639 ])
222     , nan         , array([ 0.0536878  ,  0.00780419 ])
[0.0536878  0.00779639]
224     , nan         , array([ 0.0537415  ,  0.00373962 ])
[0.0536878  0.00373962]
226     , nan         , array([ 0.0945814  ,  0.00245561 ])
228     , nan         , array([ 0.0945814  ,  0.00245807 ])
[0.09458141 0.00245561]
230     , nan         , array([ 0.094676   ,  0.00810804 ])
[0.09458141 0.00810804]
232     , nan         , array([ 0.0945814  ,  0.00881983 ])
234     , nan         , array([ 0.0945814  ,  0.00882865 ])
[0.09458141 0.00881983]
236     , nan         , array([ 0.094676   ,  0.00903768 ])
[0.09458141 0.00903768]
238     , nan         , array([ 0.0945814  ,  0.00129785 ])
240     , nan         , array([ 0.0945814  ,  0.00129915 ])
[0.09458141 0.00129785]
242     , nan         , array([ 0.094676   ,  0.00678785 ])
[0.09458141 0.00678785]
244     , nan         , array([ 0.0945814  ,  0.00739484 ])
246     , nan         , array([ 0.0945814  ,  0.00740224 ])
[0.09458141 0.00739484]
248     , nan         , array([ 0.094676   ,  0.00876391 ])
[0.09458141 0.00876391]
250     , nan         , array([ 0.0945814  ,  0.00136436 ])
252     , nan         , array([ 0.0945814  ,  0.00136573 ])
[0.09458141 0.00136436]
254     , nan         , array([ 0.094676   ,  0.006765   ])
[0.09458141 0.006765  ]
256     , nan         , array([ 0.0945814  ,  0.00654306 ])
258     , nan         , array([ 0.0945814  ,  0.00654961 ])
[0.09458141 0.00654306]
260     , nan         , array([ 0.094676   ,  0.000178449])
[0.09458141 0.00017845]
262     , nan         , array([ 0.0945814  ,  0.000688905])
264     , nan         , array([ 0.0945814  ,  0.000689594])
[0.09458141 0.00068891]
266     , nan         , array([ 0.094676   ,  0.00779639 ])
[0.09458141 0.00779639]
268     , nan         , array([ 0.0945814  ,  0.00373962 ])
270     , nan         , array([ 0.0945814  ,  0.00374336 ])
[0.09458141 0.00373962]
272     , nan         , array([ 0.0246529  ,  0.00245561 ])
[0.02462823 0.00245561]
274     , nan         , array([ 0.0246282  ,  0.00810804 ])
276     , nan         , array([ 0.0246282  ,  0.00811616 ])
[0.02462823 0.00810804]
278     , nan         , array([ 0.0246529  ,  0.00881983 ])
[0.02462823 0.00881983]
280     , nan         , array([ 0.0246282  ,  0.00903768 ])
282     , nan         , array([ 0.0246282  ,  0.00904672 ])
[0.02462823 0.00903768]
284     , nan         , array([ 0.0246529  ,  0.00129785 ])
[0.02462823 0.00129785]
286     , nan         , array([ 0.0246282  ,  0.00678785 ])
288     , nan         , array([ 0.0246282  ,  0.00679464 ])
[0.02462823 0.00678785]
290     , nan         , array([ 0.0246529  ,  0.00739484 ])
[0.02462823 0.00739484]
292     , nan         , array([ 0.0246282  ,  0.00876391 ])
294     , nan         , array([ 0.0246282  ,  0.00877268 ])
[0.02462823 0.00876391]
296     , nan         , array([ 0.0246529  ,  0.00136436 ])
[0.02462823 0.00136436]
298     , nan         , array([ 0.0246282  ,  0.006765   ])
300     , nan         , array([ 0.0246282  ,  0.00677177 ])
[0.02462823 0.006765  ]
302     , nan         , array([ 0.0246529  ,  0.00654306 ])
[0.02462823 0.00654306]
304     , nan         , array([ 0.0246282  ,  0.000178449])
306     , nan         , array([ 0.0246282  ,  0.000178628])
[0.02462823 0.00017845]
308     , nan         , array([ 0.0246529  ,  0.000688905])
[0.02462823 0.00068891]
310     , nan         , array([ 0.0246282  ,  0.00779639 ])
312     , nan         , array([ 0.0246282  ,  0.00780419 ])
[0.02462823 0.00779639]
314     , nan         , array([ 0.0246529  ,  0.00373962 ])
[0.02462823 0.00373962]
316     , nan         , array([ 0.0170522  ,  0.00245561 ])
318     , nan         , array([ 0.0170522  ,  0.00245807 ])
[0.01705222 0.00245561]
320     , nan         , array([ 0.0170693  ,  0.00810804 ])
[0.01705222 0.00810804]
322     , nan         , array([ 0.0170522  ,  0.00881983 ])
324     , nan         , array([ 0.0170522  ,  0.00882865 ])
[0.01705222 0.00881983]
326     , nan         , array([ 0.0170693  ,  0.00903768 ])
[0.01705222 0.00903768]
328     , nan         , array([ 0.0170522  ,  0.00129785 ])
330     , nan         , array([ 0.0170522  ,  0.00129915 ])
[0.01705222 0.00129785]
332     , nan         , array([ 0.0170693  ,  0.00678785 ])
[0.01705222 0.00678785]
334     , nan         , array([ 0.0170522  ,  0.00739484 ])
336     , nan         , array([ 0.0170522  ,  0.00740224 ])
[0.01705222 0.00739484]
338     , nan         , array([ 0.0170693  ,  0.00876391 ])
[0.01705222 0.00876391]
340     , nan         , array([ 0.0170522  ,  0.00136436 ])
342     , nan         , array([ 0.0170522  ,  0.00136573 ])
[0.01705222 0.00136436]
344     , nan         , array([ 0.0170693  ,  0.006765   ])
[0.01705222 0.006765  ]
346     , nan         , array([ 0.0170522  ,  0.00654306 ])
348     , nan         , array([ 0.0170522  ,  0.00654961 ])
[0.01705222 0.00654306]
350     , nan         , array([ 0.0170693  ,  0.000178449])
[0.01705222 0.00017845]
352     , nan         , array([ 0.0170522  ,  0.000688905])
354     , nan         , array([ 0.0170522  ,  0.000689594])
[0.01705222 0.00068891]
356     , nan         , array([ 0.0170693  ,  0.00779639 ])
[0.01705222 0.00779639]
358     , nan         , array([ 0.0170522  ,  0.00373962 ])
360     , nan         , array([ 0.0170522  ,  0.00374336 ])
[0.01705222 0.00373962]
362     , nan         , array([ 0.0594774  ,  0.00245561 ])
[0.05941796 0.00245561]
364     , nan         , array([ 0.059418   ,  0.00810804 ])
366     , nan         , array([ 0.059418   ,  0.00811616 ])
[0.05941796 0.00810804]
368     , nan         , array([ 0.0594774  ,  0.00881983 ])
[0.05941796 0.00881983]
370     , nan         , array([ 0.059418   ,  0.00903768 ])
372     , nan         , array([ 0.059418   ,  0.00904672 ])
[0.05941796 0.00903768]
374     , nan         , array([ 0.0594774  ,  0.00129785 ])
[0.05941796 0.00129785]
376     , nan         , array([ 0.059418   ,  0.00678785 ])
378     , nan         , array([ 0.059418   ,  0.00679464 ])
[0.05941796 0.00678785]
380     , nan         , array([ 0.0594774  ,  0.00739484 ])
[0.05941796 0.00739484]
382     , nan         , array([ 0.059418   ,  0.00876391 ])
384     , nan         , array([ 0.059418   ,  0.00877268 ])
[0.05941796 0.00876391]
386     , nan         , array([ 0.0594774  ,  0.00136436 ])
[0.05941796 0.00136436]
388     , nan         , array([ 0.059418   ,  0.006765   ])
390     , nan         , array([ 0.059418   ,  0.00677177 ])
[0.05941796 0.006765  ]
392     , nan         , array([ 0.0594774  ,  0.00654306 ])
[0.05941796 0.00654306]
394     , nan         , array([ 0.059418   ,  0.000178449])
396     , nan         , array([ 0.059418   ,  0.000178628])
[0.05941796 0.00017845]
398     , nan         , array([ 0.0594774  ,  0.000688905])
[0.05941796 0.00068891]
400     , nan         , array([ 0.059418   ,  0.00779639 ])
402     , nan         , array([ 0.059418   ,  0.00780419 ])
[0.05941796 0.00779639]
404     , nan         , array([ 0.0594774  ,  0.00373962 ])
[0.05941796 0.00373962]
406     , nan         , array([ 0.0163577  ,  0.00245561 ])
408     , nan         , array([ 0.0163577  ,  0.00245807 ])
[0.01635765 0.00245561]
410     , nan         , array([ 0.016374   ,  0.00810804 ])
[0.01635765 0.00810804]
412     , nan         , array([ 0.0163577  ,  0.00881983 ])
414     , nan         , array([ 0.0163577  ,  0.00882865 ])
[0.01635765 0.00881983]
416     , nan         , array([ 0.016374   ,  0.00903768 ])
[0.01635765 0.00903768]
418     , nan         , array([ 0.0163577  ,  0.00129785 ])
420     , nan         , array([ 0.0163577  ,  0.00129915 ])
[0.01635765 0.00129785]
422     , nan         , array([ 0.016374   ,  0.00678785 ])
[0.01635765 0.00678785]
424     , nan         , array([ 0.0163577  ,  0.00739484 ])
426     , nan         , array([ 0.0163577  ,  0.00740224 ])
[0.01635765 0.00739484]
428     , nan         , array([ 0.016374   ,  0.00876391 ])
[0.01635765 0.00876391]
430     , nan         , array([ 0.0163577  ,  0.00136436 ])
432     , nan         , array([ 0.0163577  ,  0.00136573 ])
[0.01635765 0.00136436]
434     , nan         , array([ 0.016374   ,  0.006765   ])
[0.01635765 0.006765  ]
436     , nan         , array([ 0.0163577  ,  0.00654306 ])
438     , nan         , array([ 0.0163577  ,  0.00654961 ])
[0.01635765 0.00654306]
440     , nan         , array([ 0.016374   ,  0.000178449])
[0.01635765 0.00017845]
442     , nan         , array([ 0.0163577  ,  0.000688905])
444     , nan         , array([ 0.0163577  ,  0.000689594])
[0.01635765 0.00068891]
446     , nan         , array([ 0.016374   ,  0.00779639 ])
[0.01635765 0.00779639]
448     , nan         , array([ 0.0163577  ,  0.00373962 ])
450     , nan         , array([ 0.0163577  ,  0.00374336 ])
[0.01635765 0.00373962]
452     , nan         , array([ 0.0227585  ,  0.00245561 ])
[0.02273578 0.00245561]
454     , nan         , array([ 0.0227358  ,  0.00810804 ])
456     , nan         , array([ 0.0227358  ,  0.00811616 ])
[0.02273578 0.00810804]
458     , nan         , array([ 0.0227585  ,  0.00881983 ])
[0.02273578 0.00881983]
460     , nan         , array([ 0.0227358  ,  0.00903768 ])
462     , nan         , array([ 0.0227358  ,  0.00904672 ])
[0.02273578 0.00903768]
464     , nan         , array([ 0.0227585  ,  0.00129785 ])
[0.02273578 0.00129785]
466     , nan         , array([ 0.0227358  ,  0.00678785 ])
468     , nan         , array([ 0.0227358  ,  0.00679464 ])
[0.02273578 0.00678785]
470     , nan         , array([ 0.0227585  ,  0.00739484 ])
[0.02273578 0.00739484]
472     , nan         , array([ 0.0227358  ,  0.00876391 ])
474     , nan         , array([ 0.0227358  ,  0.00877268 ])
[0.02273578 0.00876391]
476     , nan         , array([ 0.0227585  ,  0.00136436 ])
[0.02273578 0.00136436]
478     , nan         , array([ 0.0227358  ,  0.006765   ])
480     , nan         , array([ 0.0227358  ,  0.00677177 ])
[0.02273578 0.006765  ]
482     , nan         , array([ 0.0227585  ,  0.00654306 ])
[0.02273578 0.00654306]
484     , nan         , array([ 0.0227358  ,  0.000178449])
486     , nan         , array([ 0.0227358  ,  0.000178628])
[0.02273578 0.00017845]
488     , nan         , array([ 0.0227585  ,  0.000688905])
[0.02273578 0.00068891]
490     , nan         , array([ 0.0227358  ,  0.00779639 ])
492     , nan         , array([ 0.0227358  ,  0.00780419 ])
[0.02273578 0.00779639]
494     , nan         , array([ 0.0227585  ,  0.00373962 ])
[0.02273578 0.00373962]
496     , nan         , array([ 0.00311216 ,  0.00245561 ])
498     , nan         , array([ 0.00311216 ,  0.00245807 ])
[0.00311216 0.00245561]
500     , nan         , array([ 0.00311527 ,  0.00810804 ])
[0.00311216 0.00810804]
502     , nan         , array([ 0.00311216 ,  0.00881983 ])
504     , nan         , array([ 0.00311216 ,  0.00882865 ])
[0.00311216 0.00881983]
506     , nan         , array([ 0.00311527 ,  0.00903768 ])
[0.00311216 0.00903768]
508     , nan         , array([ 0.00311216 ,  0.00129785 ])
510     , nan         , array([ 0.00311216 ,  0.00129915 ])
[0.00311216 0.00129785]
512     , nan         , array([ 0.00311527 ,  0.00678785 ])
[0.00311216 0.00678785]
514     , nan         , array([ 0.00311216 ,  0.00739484 ])
516     , nan         , array([ 0.00311216 ,  0.00740224 ])
[0.00311216 0.00739484]
518     , nan         , array([ 0.00311527 ,  0.00876391 ])
[0.00311216 0.00876391]
520     , nan         , array([ 0.00311216 ,  0.00136436 ])
522     , nan         , array([ 0.00311216 ,  0.00136573 ])
[0.00311216 0.00136436]
524     , nan         , array([ 0.00311527 ,  0.006765   ])
[0.00311216 0.006765  ]
526     , nan         , array([ 0.00311216 ,  0.00654306 ])
528     , nan         , array([ 0.00311216 ,  0.00654961 ])
[0.00311216 0.00654306]
530     , nan         , array([ 0.00311527 ,  0.000178449])
[0.00311216 0.00017845]
532     , nan         , array([ 0.00311216 ,  0.000688905])
534     , nan         , array([ 0.00311216 ,  0.000689594])
[0.00311216 0.00068891]
536     , nan         , array([ 0.00311527 ,  0.00779639 ])
[0.00311216 0.00779639]
538     , nan         , array([ 0.00311216 ,  0.00373962 ])
540     , nan         , array([ 0.00311216 ,  0.00374336 ])
[0.00311216 0.00373962]
542     , nan         , array([ 0.00722119 ,  0.00245561 ])
[0.00721398 0.00245561]
544     , nan         , array([ 0.00721398 ,  0.00810804 ])
546     , nan         , array([ 0.00721398 ,  0.00811616 ])
[0.00721398 0.00810804]
548     , nan         , array([ 0.00722119 ,  0.00881983 ])
[0.00721398 0.00881983]
550     , nan         , array([ 0.00721398 ,  0.00903768 ])
552     , nan         , array([ 0.00721398 ,  0.00904672 ])
[0.00721398 0.00903768]
554     , nan         , array([ 0.00722119 ,  0.00129785 ])
[0.00721398 0.00129785]
556     , nan         , array([ 0.00721398 ,  0.00678785 ])
558     , nan         , array([ 0.00721398 ,  0.00679464 ])
[0.00721398 0.00678785]
560     , nan         , array([ 0.00722119 ,  0.00739484 ])
[0.00721398 0.00739484]
562     , nan         , array([ 0.00721398 ,  0.00876391 ])
564     , nan         , array([ 0.00721398 ,  0.00877268 ])
[0.00721398 0.00876391]
566     , nan         , array([ 0.00722119 ,  0.00136436 ])
[0.00721398 0.00136436]
568     , nan         , array([ 0.00721398 ,  0.006765   ])
570     , nan         , array([ 0.00721398 ,  0.00677177 ])
[0.00721398 0.006765  ]
572     , nan         , array([ 0.00722119 ,  0.00654306 ])
[0.00721398 0.00654306]
574     , nan         , array([ 0.00721398 ,  0.000178449])
576     , nan         , array([ 0.00721398 ,  0.000178628])
[0.00721398 0.00017845]
578     , nan         , array([ 0.00722119 ,  0.000688905])
[0.00721398 0.00068891]
580     , nan         , array([ 0.00721398 ,  0.00779639 ])
582     , nan         , array([ 0.00721398 ,  0.00780419 ])
[0.00721398 0.00779639]
584     , nan         , array([ 0.00722119 ,  0.00373962 ])
[0.00721398 0.00373962]
586     , nan         , array([ 0.0319708  ,  0.00245561 ])
588     , nan         , array([ 0.0319708  ,  0.00245807 ])
[0.03197077 0.00245561]
590     , nan         , array([ 0.0320028  ,  0.00810804 ])
[0.03197077 0.00810804]
592     , nan         , array([ 0.0319708  ,  0.00881983 ])
594     , nan         , array([ 0.0319708  ,  0.00882865 ])
[0.03197077 0.00881983]
596     , nan         , array([ 0.0320028  ,  0.00903768 ])
[0.03197077 0.00903768]
598     , nan         , array([ 0.0319708  ,  0.00129785 ])
600     , nan         , array([ 0.0319708  ,  0.00129915 ])
[0.03197077 0.00129785]
602     , nan         , array([ 0.0320028  ,  0.00678785 ])
[0.03197077 0.00678785]
604     , nan         , array([ 0.0319708  ,  0.00739484 ])
606     , nan         , array([ 0.0319708  ,  0.00740224 ])
[0.03197077 0.00739484]
608     , nan         , array([ 0.0320028  ,  0.00876391 ])
[0.03197077 0.00876391]
610     , nan         , array([ 0.0319708  ,  0.00136436 ])
612     , nan         , array([ 0.0319708  ,  0.00136573 ])
[0.03197077 0.00136436]
614     , nan         , array([ 0.0320028  ,  0.006765   ])
[0.03197077 0.006765  ]
616     , nan         , array([ 0.0319708  ,  0.00654306 ])
618     , nan         , array([ 0.0319708  ,  0.00654961 ])
[0.03197077 0.00654306]
620     , nan         , array([ 0.0320028  ,  0.000178449])
[0.03197077 0.00017845]
622     , nan         , array([ 0.0319708  ,  0.000688905])
624     , nan         , array([ 0.0319708  ,  0.000689594])
[0.03197077 0.00068891]
626     , nan         , array([ 0.0320028  ,  0.00779639 ])
[0.03197077 0.00779639]
628     , nan         , array([ 0.0319708  ,  0.00373962 ])
630     , nan         , array([ 0.0319708  ,  0.00374336 ])
[0.03197077 0.00373962]
632     , nan         , array([ 0.0391759  ,  0.00245561 ])
[0.03913671 0.00245561]
634     , nan         , array([ 0.0391367  ,  0.00810804 ])
636     , nan         , array([ 0.0391367  ,  0.00811616 ])
[0.03913671 0.00810804]
638     , nan         , array([ 0.0391759  ,  0.00881983 ])
[0.03913671 0.00881983]
640     , nan         , array([ 0.0391367  ,  0.00903768 ])
642     , nan         , array([ 0.0391367  ,  0.00904672 ])
[0.03913671 0.00903768]
644     , nan         , array([ 0.0391759  ,  0.00129785 ])
[0.03913671 0.00129785]
646     , nan         , array([ 0.0391367  ,  0.00678785 ])
648     , nan         , array([ 0.0391367  ,  0.00679464 ])
[0.03913671 0.00678785]
650     , nan         , array([ 0.0391759  ,  0.00739484 ])
[0.03913671 0.00739484]
652     , nan         , array([ 0.0391367  ,  0.00876391 ])
654     , nan         , array([ 0.0391367  ,  0.00877268 ])
[0.03913671 0.00876391]
656     , nan         , array([ 0.0391759  ,  0.00136436 ])
[0.03913671 0.00136436]
658     , nan         , array([ 0.0391367  ,  0.006765   ])
660     , nan         , array([ 0.0391367  ,  0.00677177 ])
[0.03913671 0.006765  ]
662     , nan         , array([ 0.0391759  ,  0.00654306 ])
[0.03913671 0.00654306]
664     , nan         , array([ 0.0391367  ,  0.000178449])
666     , nan         , array([ 0.0391367  ,  0.000178628])
[0.03913671 0.00017845]
668     , nan         , array([ 0.0391759  ,  0.000688905])
[0.03913671 0.00068891]
670     , nan         , array([ 0.0391367  ,  0.00779639 ])
672     , nan         , array([ 0.0391367  ,  0.00780419 ])
[0.03913671 0.00779639]
674     , nan         , array([ 0.0391759  ,  0.00373962 ])
[0.03913671 0.00373962]
