-82.8387, 839.952, 0.0819656
-82.307, 1310.08, 0.0334824
-82.3072, 1310.08, 0.0335159
-82.4472, 839.952, 0.0480044
-82.2653, 1310.68, 0.0196139
-82.2654, 1310.68, 0.0196335
-82.7781, 839.952, 0.0776928
-82.3006, 1310.15, 0.0317378
-82.3007, 1310.15, 0.0317695
-82.6901, 839.952, 0.0710325
-82.2912, 1310.26, 0.0290182
-82.2913, 1310.26, 0.0290472
-82.993, 839.952, 0.091932
-82.3234, 1309.93, 0.0375514
-82.3236, 1309.93, 0.037589
-82.8043, 839.952, 0.079571
-82.3034, 1310.12, 0.0325046
-82.3035, 1310.12, 0.0325372
-82.4465, 839.952, 0.0479206
-82.2652, 1310.68, 0.0195797
-82.2653, 1310.68, 0.0195993
-82.2959, 839.952, 0.0243428
-82.2492, 1311.47, 0.0099491
-82.2492, 1311.47, 0.00995905
-83.1119, 839.952, 0.098913
-82.336, 1309.83, 0.0404013
-82.3362, 1309.83, 0.0404418
-82.5527, 839.952, 0.0591292
-82.2766, 1310.46, 0.0241573
-82.2766, 1310.46, 0.0241815
-82.7979, 839.952, 0.0791154
-82.3027, 1310.13, 0.0323186
-82.3028, 1310.13, 0.032351
-83.0104, 839.952, 0.0929836
-82.3253, 1309.92, 0.0379807
-82.3254, 1309.92, 0.0380187
-82.8465, 839.952, 0.0824975
-82.3079, 1310.08, 0.0336995
-82.308, 1310.08, 0.0337332
-83.0747, 839.952, 0.0967838
-82.3321, 1309.86, 0.0395321
-82.3323, 1309.86, 0.0395717
-82.3323, 839.952, 0.0316939
-82.253, 1311.13, 0.0129519
-82.2531, 1311.13, 0.0129648
-84.052, 276.636, 0.0819656
-82.4361, 430.338, 0.0334387
-82.4364, 430.338, 0.0334721
-82.8599, 276.636, 0.0480044
-82.3096, 430.801, 0.0195943
-82.3097, 430.801, 0.0196139
-83.8665, 276.636, 0.0776928
-82.4165, 430.396, 0.0316977
-82.4169, 430.396, 0.0317294
-83.5981, 276.636, 0.0710325
-82.3881, 430.487, 0.0289833
-82.3884, 430.487, 0.0290123
-84.5254, 276.636, 0.091932
-82.4857, 430.202, 0.0374987
-82.4862, 430.202, 0.0375362
-83.9468, 276.636, 0.079571
-82.425, 430.371, 0.032463
-82.4253, 430.371, 0.0324954
-82.8578, 276.636, 0.0479206
-82.3094, 430.802, 0.0195601
-82.3095, 430.802, 0.0195797
-82.4019, 276.636, 0.0243428
-82.2606, 431.14, 0.00994004
-82.2606, 431.14, 0.00994998
-84.8914, 276.636, 0.098913
-82.5239, 430.106, 0.0403417
-82.5245, 430.106, 0.0403821
-83.18, 276.636, 0.0591292
-82.3437, 430.649, 0.0241309
-82.3439, 430.649, 0.0241551
-83.9271, 276.636, 0.0791154
-82.4229, 430.377, 0.0322773
-82.4233, 430.377, 0.0323096
-84.5787, 276.636, 0.0929836
-82.4913, 430.187, 0.037927
-82.4918, 430.187, 0.0379649
-84.0758, 276.636, 0.0824975
-82.4386, 430.331, 0.0336553
-82.439, 430.331, 0.033689
-84.7767, 276.636, 0.0967838
-82.512, 430.135, 0.0394747
-82.5125, 430.135, 0.0395142
-82.512, 276.636, 0.0316939
-82.2724, 431.029, 0.0129401
-82.2724, 431.029, 0.012953
-83.0538, 617.137, 0.0819656
-82.33, 962.09, 0.0334743
-82.3302, 962.09, 0.0335078
-82.5206, 617.137, 0.0480044
-82.2732, 962.606, 0.01961
-82.2733, 962.606, 0.0196296
-82.9711, 617.137, 0.0776928
-82.3212, 962.152, 0.0317303
-82.3214, 962.152, 0.0317621
-82.8513, 617.137, 0.0710325
-82.3085, 962.248, 0.0290116
-82.3086, 962.248, 0.0290406
-83.2642, 617.137, 0.091932
-82.3523, 961.949, 0.0375418
-82.3525, 961.949, 0.0375793
-83.0069, 617.137, 0.079571
-82.325, 962.125, 0.0324969
-82.3252, 962.125, 0.0325294
-82.5196, 617.137, 0.0479206
-82.2731, 962.608, 0.0195757
-82.2731, 962.608, 0.0195953
-82.3148, 617.137, 0.0243428
-82.2512, 963.142, 0.00994687
-82.2512, 963.142, 0.00995682
-83.4265, 617.137, 0.098913
-82.3694, 961.851, 0.0403905
-82.3697, 961.851, 0.0404309
-82.6642, 617.137, 0.0591292
-82.2885, 962.427, 0.0241522
-82.2886, 962.427, 0.0241764
-82.9981, 617.137, 0.0791154
-82.3241, 962.131, 0.032311
-82.3242, 962.131, 0.0323433
-83.2879, 617.137, 0.0929836
-82.3548, 961.934, 0.0379709
-82.355, 961.934, 0.0380089
-83.0644, 617.137, 0.0824975
-82.3311, 962.083, 0.0336914
-82.3313, 962.083, 0.0337251
-83.3757, 617.137, 0.0967838
-82.3641, 961.881, 0.0395217
-82.3643, 961.881, 0.0395612
-82.3643, 617.137, 0.0316939
-82.2565, 962.93, 0.0129492
-82.2565, 962.93, 0.0129622
-83.7937, 322.698, 0.0819656
-82.4087, 502.27, 0.0334478
-82.409, 502.27, 0.0334813
-82.7723, 322.698, 0.0480044
-82.3002, 502.735, 0.0195982
-82.3003, 502.735, 0.0196178
-83.635, 322.698, 0.0776928
-82.3919, 502.328, 0.031706
-82.3922, 502.328, 0.0317377
-83.405, 322.698, 0.0710325
-82.3676, 502.419, 0.0289906
-82.3678, 502.419, 0.0290196
-84.1987, 322.698, 0.091932
-82.4513, 502.134, 0.0375098
-82.4517, 502.134, 0.0375473
-83.7037, 322.698, 0.079571
-82.3992, 502.303, 0.0324717
-82.3995, 502.303, 0.0325042
-82.7705, 322.698, 0.0479206
-82.3, 502.736, 0.019564
-82.3001, 502.736, 0.0195836
-82.3795, 322.698, 0.0243428
-82.2582, 503.088, 0.00994161
-82.2582, 503.088, 0.00995156
-84.5116, 322.698, 0.098913
-82.484, 502.038, 0.0403543
-82.4845, 502.038, 0.0403947
-83.0468, 322.698, 0.0591292
-82.3295, 502.582, 0.0241363
-82.3297, 502.582, 0.0241605
-83.6868, 322.698, 0.0791154
-82.3974, 502.309, 0.032286
-82.3977, 502.309, 0.0323183
-84.2443, 322.698, 0.0929836
-82.4561, 502.119, 0.0379383
-82.4565, 502.119, 0.0379763
-83.8141, 322.698, 0.0824975
-82.4108, 502.263, 0.0336646
-82.4112, 502.263, 0.0336983
-84.4136, 322.698, 0.0967838
-82.4738, 502.067, 0.0394868
-82.4742, 502.067, 0.0395263
-82.4739, 322.698, 0.0316939
-82.2683, 502.97, 0.0129423
-82.2683, 502.97, 0.0129552
-83.0033, 658.104, 0.0819656
-82.3246, 1026.07, 0.0334762
-82.3248, 1026.07, 0.0335097
-82.5034, 658.104, 0.0480044
-82.2713, 1026.6, 0.0196108
-82.2714, 1026.6, 0.0196305
-82.9258, 658.104, 0.0776928
-82.3164, 1026.13, 0.031732
-82.3165, 1026.13, 0.0317638
-82.8134, 658.104, 0.0710325
-82.3044, 1026.23, 0.0290131
-82.3045, 1026.23, 0.0290421
-83.2006, 658.104, 0.091932
-82.3455, 1025.93, 0.037544
-82.3457, 1025.93, 0.0375816
-82.9593, 658.104, 0.079571
-82.3199, 1026.1, 0.0324987
-82.3201, 1026.1, 0.0325312
-82.5025, 658.104, 0.0479206
-82.2713, 1026.6, 0.0195766
-82.2713, 1026.6, 0.0195962
-82.3103, 658.104, 0.0243428
-82.2507, 1027.17, 0.00994733
-82.2507, 1027.17, 0.00995728
-83.3526, 658.104, 0.098913
-82.3616, 1025.83, 0.040393
-82.3618, 1025.83, 0.0404334
-82.638, 658.104, 0.0591292
-82.2857, 1026.41, 0.0241534
-82.2858, 1026.41, 0.0241776
-82.9511, 658.104, 0.0791154
-82.3191, 1026.11, 0.0323127
-82.3192, 1026.11, 0.0323451
-83.2227, 658.104, 0.0929836
-82.3479, 1025.91, 0.0379732
-82.3481, 1025.91, 0.0380112
-83.0132, 658.104, 0.0824975
-82.3257, 1026.06, 0.0336932
-82.3258, 1026.06, 0.033727
-83.305, 658.104, 0.0967838
-82.3566, 1025.86, 0.0395241
-82.3568, 1025.86, 0.0395636
-82.3568, 658.104, 0.0316939
-82.2557, 1026.94, 0.0129498
-82.2557, 1026.94, 0.0129627
-84.1195, 266.692, 0.0819656
-82.4432, 414.809, 0.0334363
-82.4436, 414.809, 0.0334697
-82.8828, 266.692, 0.0480044
-82.3121, 415.271, 0.0195932
-82.3122, 415.271, 0.0196128
-83.927, 266.692, 0.0776928
-82.4229, 414.867, 0.0316955
-82.4233, 414.867, 0.0317272
-83.6485, 266.692, 0.0710325
-82.3935, 414.958, 0.0289814
-82.3938, 414.958, 0.0290104
-84.6107, 266.692, 0.091932
-82.4947, 414.672, 0.0374958
-82.4952, 414.672, 0.0375333
-84.0103, 266.692, 0.079571
-82.4317, 414.841, 0.0324607
-82.4321, 414.841, 0.0324932
-82.8805, 266.692, 0.0479206
-82.3118, 415.272, 0.0195591
-82.312, 415.272, 0.0195786
-82.4078, 266.692, 0.0243428
-82.2612, 415.608, 0.00993963
-82.2612, 415.608, 0.00994958
-84.9907, 266.692, 0.098913
-82.5344, 414.576, 0.0403385
-82.5349, 414.576, 0.0403788
-83.2148, 266.692, 0.0591292
-82.3475, 415.119, 0.0241295
-82.3477, 415.119, 0.0241537
-83.9899, 266.692, 0.0791154
-82.4296, 414.848, 0.0322751
-82.4299, 414.848, 0.0323074
-84.6661, 266.692, 0.0929836
-82.5005, 414.658, 0.037924
-82.501, 414.658, 0.037962
-84.1442, 266.692, 0.0824975
-82.4458, 414.802, 0.0336529
-82.4462, 414.802, 0.0336866
-84.8716, 266.692, 0.0967838
-82.522, 414.606, 0.0394715
-82.5225, 414.606, 0.039511
-82.5219, 266.692, 0.0316939
-82.2734, 415.498, 0.0129395
-82.2735, 415.498, 0.0129525
-82.9433, 714.52, 0.0819656
-82.3182, 1114.18, 0.0334784
-82.3184, 1114.18, 0.0335119
-82.4829, 714.52, 0.0480044
-82.2691, 1114.73, 0.0196119
-82.2692, 1114.73, 0.0196315
-82.8719, 714.52, 0.0776928
-82.3106, 1114.24, 0.0317341
-82.3108, 1114.24, 0.0317658
-82.7685, 714.52, 0.0710325
-82.2996, 1114.34, 0.0290149
-82.2997, 1114.34, 0.0290439
-83.1249, 714.52, 0.091932
-82.3375, 1114.04, 0.0375467
-82.3377, 1114.04, 0.0375842
-82.9028, 714.52, 0.079571
-82.3139, 1114.22, 0.0325008
-82.314, 1114.22, 0.0325333
-82.4821, 714.52, 0.0479206
-82.2691, 1114.73, 0.0195777
-82.2691, 1114.73, 0.0195973
-82.3051, 714.52, 0.0243428
-82.2502, 1115.36, 0.00994792
-82.2502, 1115.36, 0.00995788
-83.2648, 714.52, 0.098913
-82.3523, 1113.94, 0.040396
-82.3525, 1113.94, 0.0404365
-82.6069, 714.52, 0.0591292
-82.2824, 1114.53, 0.0241548
-82.2825, 1114.53, 0.024179
-82.8952, 714.52, 0.0791154
-82.3131, 1114.22, 0.0323149
-82.3132, 1114.22, 0.0323472
-83.1453, 714.52, 0.0929836
-82.3396, 1114.02, 0.0379759
-82.3398, 1114.02, 0.0380139
-82.9524, 714.52, 0.0824975
-82.3192, 1114.17, 0.0336955
-82.3193, 1114.17, 0.0337292
-83.221, 714.52, 0.0967838
-82.3477, 1113.97, 0.039527
-82.3479, 1113.97, 0.0395665
-82.3478, 714.52, 0.0316939
-82.2547, 1115.1, 0.0129505
-82.2547, 1115.1, 0.0129635
-83.7333, 335.775, 0.0819656
-82.4023, 522.691, 0.0334499
-82.4026, 522.691, 0.0334834
-82.7518, 335.775, 0.0480044
-82.298, 523.157, 0.0195991
-82.2981, 523.157, 0.0196187
-83.5808, 335.775, 0.0776928
-82.3861, 522.75, 0.031708
-82.3864, 522.75, 0.0317397
-83.3599, 335.775, 0.0710325
-82.3627, 522.841, 0.0289923
-82.363, 522.841, 0.0290213
-84.1223, 335.775, 0.091932
-82.4432, 522.555, 0.0375124
-82.4436, 522.555, 0.0375499
-83.6468, 335.775, 0.079571
-82.3931, 522.724, 0.0324737
-82.3934, 522.724, 0.0325062
-82.7501, 335.775, 0.0479206
-82.2978, 523.159, 0.0195649
-82.2979, 523.159, 0.0195845
-82.3742, 335.775, 0.0243428
-82.2576, 523.515, 0.00994199
-82.2576, 523.515, 0.00995194
-84.4229, 335.775, 0.098913
-82.4747, 522.459, 0.0403573
-82.4752, 522.459, 0.0403976
-83.0156, 335.775, 0.0591292
-82.3261, 523.004, 0.0241376
-82.3263, 523.004, 0.0241618
-83.6306, 335.775, 0.0791154
-82.3914, 522.73, 0.032288
-82.3917, 522.73, 0.0323203
-84.1661, 335.775, 0.0929836
-82.4478, 522.54, 0.037941
-82.4482, 522.54, 0.0379789
-83.7529, 335.775, 0.0824975
-82.4043, 522.684, 0.0336668
-82.4046, 522.684, 0.0337004
-84.3287, 335.775, 0.0967838
-82.4648, 522.488, 0.0394896
-82.4653, 522.488, 0.0395291
-82.465, 335.775, 0.0316939
-82.2673, 523.394, 0.0129428
-82.2674, 523.394, 0.0129558
-83.0918, 589.485, 0.0819656
-82.334, 918.904, 0.0334729
-82.3342, 918.904, 0.0335064
-82.5336, 589.485, 0.0480044
-82.2746, 919.413, 0.0196093
-82.2746, 919.413, 0.0196289
-83.0052, 589.485, 0.0776928
-82.3248, 918.965, 0.031729
-82.325, 918.965, 0.0317608
-82.8797, 589.485, 0.0710325
-82.3115, 919.061, 0.0290105
-82.3116, 919.061, 0.0290395
-83.3122, 589.485, 0.091932
-82.3574, 918.764, 0.0375401
-82.3576, 918.764, 0.0375777
-83.0427, 589.485, 0.079571
-82.3288, 918.938, 0.0324956
-82.329, 918.938, 0.0325281
-82.5326, 589.485, 0.0479206
-82.2745, 919.414, 0.0195751
-82.2745, 919.414, 0.0195947
-82.3181, 589.485, 0.0243428
-82.2516, 919.924, 0.00994653
-82.2516, 919.924, 0.00995649
-83.4821, 589.485, 0.098913
-82.3753, 918.666, 0.0403886
-82.3756, 918.666, 0.040429
-82.6839, 589.485, 0.0591292
-82.2906, 919.237, 0.0241514
-82.2907, 919.237, 0.0241755
-83.0335, 589.485, 0.0791154
-82.3278, 918.945, 0.0323097
-82.328, 918.945, 0.032342
-83.337, 589.485, 0.0929836
-82.36, 918.749, 0.0379692
-82.3602, 918.749, 0.0380072
-83.1029, 589.485, 0.0824975
-82.3352, 918.897, 0.03369
-82.3354, 918.897, 0.0337237
-83.4289, 589.485, 0.0967838
-82.3697, 918.696, 0.0395198
-82.37, 918.696, 0.0395594
-82.3699, 589.485, 0.0316939
-82.2571, 919.724, 0.0129488
-82.2571, 919.724, 0.0129618
-82.9208, 738.247, 0.0819656
-82.3158, 1151.24, 0.0334792
-82.3159, 1151.24, 0.0335127
-82.4752, 738.247, 0.0480044
-82.2683, 1151.79, 0.0196123
-82.2684, 1151.79, 0.019632
-82.8517, 738.247, 0.0776928
-82.3085, 1151.3, 0.0317349
-82.3086, 1151.3, 0.0317666
-82.7516, 738.247, 0.0710325
-82.2978, 1151.4, 0.0290156
-82.2979, 1151.4, 0.0290446
-83.0965, 738.247, 0.091932
-82.3345, 1151.09, 0.0375477
-82.3346, 1151.09, 0.0375852
-82.8816, 738.247, 0.079571
-82.3116, 1151.27, 0.0325016
-82.3118, 1151.27, 0.0325342
-82.4744, 738.247, 0.0479206
-82.2682, 1151.79, 0.0195781
-82.2683, 1151.79, 0.0195977
-82.3031, 738.247, 0.0243428
-82.2499, 1152.45, 0.00994816
-82.25, 1152.45, 0.00995811
-83.2319, 738.247, 0.098913
-82.3488, 1150.99, 0.0403972
-82.349, 1150.99, 0.0404376
-82.5953, 738.247, 0.0591292
-82.2811, 1151.59, 0.0241553
-82.2812, 1151.59, 0.0241795
-82.8743, 738.247, 0.0791154
-82.3109, 1151.28, 0.0323157
-82.311, 1151.28, 0.032348
-83.1162, 738.247, 0.0929836
-82.3365, 1151.08, 0.0379769
-82.3367, 1151.08, 0.0380149
-82.9296, 738.247, 0.0824975
-82.3167, 1151.23, 0.0336964
-82.3169, 1151.23, 0.0337301
-83.1895, 738.247, 0.0967838
-82.3443, 1151.02, 0.0395281
-82.3445, 1151.02, 0.0395676
-82.3445, 738.247, 0.0316939
-82.2544, 1152.18, 0.0129508
-82.2544, 1152.18, 0.0129637
-82.9359, 722.139, 0.0819656
-82.3174, 1126.08, 0.0334787
-82.3176, 1126.08, 0.0335122
-82.4804, 722.139, 0.0480044
-82.2689, 1126.63, 0.019612
-82.2689, 1126.63, 0.0196317
-82.8653, 722.139, 0.0776928
-82.3099, 1126.14, 0.0317343
-82.31, 1126.14, 0.0317661
-82.7629, 722.139, 0.0710325
-82.299, 1126.24, 0.0290151
-82.2991, 1126.24, 0.0290442
-83.1155, 722.139, 0.091932
-82.3365, 1125.93, 0.037547
-82.3367, 1125.93, 0.0375846
-82.8958, 722.139, 0.079571
-82.3132, 1126.11, 0.0325011
-82.3133, 1126.11, 0.0325336
-82.4796, 722.139, 0.0479206
-82.2688, 1126.63, 0.0195778
-82.2688, 1126.63, 0.0195974
-82.3044, 722.139, 0.0243428
-82.2501, 1127.27, 0.009948
-82.2501, 1127.27, 0.00995795
-83.254, 722.139, 0.098913
-82.3511, 1125.83, 0.0403964
-82.3514, 1125.83, 0.0404368
-82.6031, 722.139, 0.0591292
-82.282, 1126.43, 0.024155
-82.2821, 1126.43, 0.0241791
-82.8884, 722.139, 0.0791154
-82.3124, 1126.12, 0.0323151
-82.3125, 1126.12, 0.0323474
-83.1357, 722.139, 0.0929836
-82.3386, 1125.92, 0.0379763
-82.3388, 1125.92, 0.0380143
-82.9449, 722.139, 0.0824975
-82.3184, 1126.07, 0.0336958
-82.3185, 1126.07, 0.0337295
-83.2107, 722.139, 0.0967838
-82.3466, 1125.86, 0.0395273
-82.3468, 1125.86, 0.0395669
-82.3467, 722.139, 0.0316939
-82.2546, 1127.01, 0.0129506
-82.2546, 1127.01, 0.0129635
-83.8076, 319.829, 0.0819656
-82.4101, 497.79, 0.0334473
-82.4105, 497.79, 0.0334808
-82.7771, 319.829, 0.0480044
-82.3007, 498.255, 0.019598
-82.3008, 498.255, 0.0196176
-83.6474, 319.829, 0.0776928
-82.3932, 497.848, 0.0317056
-82.3935, 497.848, 0.0317373
-83.4154, 319.829, 0.0710325
-82.3687, 497.939, 0.0289902
-82.3689, 497.939, 0.0290192
-84.2163, 319.829, 0.091932
-82.4531, 497.653, 0.0375092
-82.4536, 497.653, 0.0375467
-83.7168, 319.829, 0.079571
-82.4005, 497.822, 0.0324712
-82.4009, 497.822, 0.0325037
-82.7752, 319.829, 0.0479206
-82.3005, 498.256, 0.0195638
-82.3006, 498.256, 0.0195834
-82.3807, 319.829, 0.0243428
-82.2583, 498.607, 0.00994153
-82.2583, 498.607, 0.00995147
-84.5321, 319.829, 0.098913
-82.4862, 497.557, 0.0403536
-82.4867, 497.557, 0.040394
-83.054, 319.829, 0.0591292
-82.3303, 498.101, 0.0241361
-82.3304, 498.101, 0.0241602
-83.6998, 319.829, 0.0791154
-82.3988, 497.829, 0.0322855
-82.3991, 497.829, 0.0323178
-84.2623, 319.829, 0.0929836
-82.458, 497.639, 0.0379377
-82.4584, 497.639, 0.0379757
-83.8282, 319.829, 0.0824975
-82.4123, 497.782, 0.0336641
-82.4126, 497.782, 0.0336978
-84.4331, 319.829, 0.0967838
-82.4758, 497.587, 0.0394861
-82.4763, 497.587, 0.0395256
-82.4759, 319.829, 0.0316939
-82.2685, 498.489, 0.0129422
-82.2685, 498.489, 0.0129551
-83.0006, 660.437, 0.0819656
-82.3243, 1029.71, 0.0334763
-82.3245, 1029.71, 0.0335098
-82.5025, 660.437, 0.0480044
-82.2712, 1030.24, 0.0196109
-82.2713, 1030.24, 0.0196305
-82.9234, 660.437, 0.0776928
-82.3161, 1029.78, 0.0317321
-82.3163, 1029.78, 0.0317639
-82.8114, 660.437, 0.0710325
-82.3042, 1029.87, 0.0290132
-82.3043, 1029.87, 0.0290422
-83.1972, 660.437, 0.091932
-82.3452, 1029.57, 0.0375441
-82.3454, 1029.57, 0.0375817
-82.9568, 660.437, 0.079571
-82.3197, 1029.75, 0.0324988
-82.3198, 1029.75, 0.0325313
-82.5016, 660.437, 0.0479206
-82.2712, 1030.24, 0.0195767
-82.2712, 1030.24, 0.0195963
-82.3101, 660.437, 0.0243428
-82.2507, 1030.82, 0.00994736
-82.2507, 1030.82, 0.00995731
-83.3487, 660.437, 0.098913
-82.3612, 1029.47, 0.0403932
-82.3614, 1029.47, 0.0404336
-82.6367, 660.437, 0.0591292
-82.2856, 1030.06, 0.0241535
-82.2857, 1030.06, 0.0241776
-82.9486, 660.437, 0.0791154
-82.3188, 1029.76, 0.0323128
-82.3189, 1029.76, 0.0323452
-83.2193, 660.437, 0.0929836
-82.3475, 1029.56, 0.0379733
-82.3477, 1029.56, 0.0380113
-83.0105, 660.437, 0.0824975
-82.3254, 1029.71, 0.0336933
-82.3255, 1029.71, 0.0337271
-83.3013, 660.437, 0.0967838
-82.3562, 1029.5, 0.0395242
-82.3564, 1029.5, 0.0395638
-82.3564, 660.437, 0.0316939
-82.2556, 1030.59, 0.0129498
-82.2557, 1030.59, 0.0129628
-83.8955, 302.828, 0.0819656
-82.4195, 471.24, 0.0334442
-82.4198, 471.24, 0.0334777
-82.8069, 302.828, 0.0480044
-82.3039, 471.703, 0.0195966
-82.304, 471.703, 0.0196163
-83.7262, 302.828, 0.0776928
-82.4016, 471.298, 0.0317027
-82.4019, 471.298, 0.0317344
-83.4811, 302.828, 0.0710325
-82.3757, 471.389, 0.0289877
-82.3759, 471.389, 0.0290167
-84.3274, 302.828, 0.091932
-82.4649, 471.103, 0.0375054
-82.4653, 471.103, 0.0375429
-83.7995, 302.828, 0.079571
-82.4093, 471.272, 0.0324682
-82.4097, 471.272, 0.0325007
-82.8049, 302.828, 0.0479206
-82.3037, 471.705, 0.0195625
-82.3038, 471.705, 0.019582
-82.3883, 302.828, 0.0243428
-82.2591, 472.05, 0.00994099
-82.2591, 472.05, 0.00995093
-84.6612, 302.828, 0.098913
-82.4998, 471.007, 0.0403494
-82.5003, 471.007, 0.0403897
-83.0993, 302.828, 0.0591292
-82.3351, 471.551, 0.0241342
-82.3353, 471.551, 0.0241584
-83.7815, 302.828, 0.0791154
-82.4074, 471.278, 0.0322826
-82.4078, 471.278, 0.0323149
-84.376, 302.828, 0.0929836
-82.47, 471.089, 0.0379338
-82.4704, 471.089, 0.0379718
-83.9172, 302.828, 0.0824975
-82.4218, 471.232, 0.0336609
-82.4221, 471.232, 0.0336946
-84.5566, 302.828, 0.0967838
-82.4888, 471.037, 0.039482
-82.4893, 471.037, 0.0395215
-82.4889, 302.828, 0.0316939
-82.2699, 471.935, 0.0129414
-82.2699, 471.935, 0.0129544
-83.2082, 518.383, 0.0819656
-82.3464, 807.864, 0.0334687
-82.3466, 807.864, 0.0335022
-82.5733, 518.383, 0.0480044
-82.2788, 808.356, 0.0196074
-82.2789, 808.356, 0.019627
-83.1097, 518.383, 0.0776928
-82.336, 807.923, 0.0317252
-82.3362, 807.923, 0.0317569
-82.9669, 518.383, 0.0710325
-82.3208, 808.017, 0.0290071
-82.321, 808.017, 0.0290361
-83.4591, 518.383, 0.091932
-82.373, 807.725, 0.037535
-82.3732, 807.725, 0.0375726
-83.1524, 518.383, 0.079571
-82.3405, 807.897, 0.0324916
-82.3407, 807.897, 0.0325241
-82.5721, 518.383, 0.0479206
-82.2787, 808.357, 0.0195732
-82.2788, 808.357, 0.0195927
-82.3283, 518.383, 0.0243428
-82.2526, 808.811, 0.00994559
-82.2527, 808.811, 0.00995554
-83.6526, 518.383, 0.098913
-82.3934, 807.628, 0.0403829
-82.3937, 807.628, 0.0404233
-82.7442, 518.383, 0.0591292
-82.2971, 808.188, 0.0241488
-82.2972, 808.188, 0.024173
-83.1419, 518.383, 0.0791154
-82.3394, 807.903, 0.0323057
-82.3396, 807.903, 0.032338
-83.4873, 518.383, 0.0929836
-82.376, 807.71, 0.037964
-82.3762, 807.71, 0.038002
-83.2209, 518.383, 0.0824975
-82.3478, 807.856, 0.0336857
-82.348, 807.856, 0.0337194
-83.592, 518.383, 0.0967838
-82.387, 807.658, 0.0395143
-82.3873, 807.658, 0.0395538
-82.3872, 518.383, 0.0316939
-82.2589, 808.64, 0.0129476
-82.259, 808.64, 0.0129606
-55.311, 0.074891, 0.00465129
-76.1318, 0.154806, 0.00234118
-76.1222, 0.154806, 0.00234353
-55.232, 0.0792746, 0.00440809
-62.7698, 0.0748162, 0.00256268
-62.7496, 0.0748162, 0.00256524
-155.72, 0.0362641, 0.00510176
-56.0644, 0.0618293, 0.0030712
-56.053, 0.0618293, 0.00307427
-59.5121, 0.074891, 0.00568041
-74.0505, 0.155209, 0.00286709
-74.0385, 0.155209, 0.00286996
-55.5518, 0.0898028, 0.00479173
-62.8525, 0.0748162, 0.00610259
-62.9067, 0.0748162, 0.0061087
-73.1511, 0.155456, 0.00308211
-55.5219, 0.0928801, 0.00498495
-55.5137, 0.0928801, 0.00498994
-83.4228, 0.074891, 0.00774052
-69.6626, 0.155784, 0.00392241
-69.6463, 0.155784, 0.00392634
-65.3273, 0.074891, 0.00637042
-72.5842, 0.155366, 0.00321882
-72.5711, 0.155366, 0.00322204
-55.454, 0.0945438, 0.0051242
-55.2062, 0.0748162, 0.00417349
-55.2022, 0.0748162, 0.00417766
-377.393, 0.0361255, 0.00827492
-55.1252, 0.0737409, 0.0042306
-55.1237, 0.0737409, 0.00423483
-81.7191, 0.074891, 0.000221395
-77.2354, 0.0363717, 0.000442584
-77.2286, 0.0363717, 0.000443027
-1177.69, 0.00203361, 0.00706814
-77.1112, 0.0360472, 0.000446409
-77.1041, 0.0360472, 0.000446856
-76.9844, 0.0357493, 0.000450414
-352.019, 0.00851791, 0.00178426
-352.63, 0.00851791, 0.00178605
-66.7218, 0.0242038, 0.00065507
-55.4509, 0.0161611, 0.000964574
-55.4589, 0.0161611, 0.000965539
-56.2748, 0.0181987, 0.000861441
-55.4509, 0.0161611, 0.000964574
-55.4589, 0.0161611, 0.000965539
-78.8423, 0.074891, 0.00744582
-70.2763, 0.155703, 0.00377097
-70.261, 0.155703, 0.00377474
-68.2717, 0.074891, 0.00192854
-92.6552, 0.0362565, 0.00384252
-92.8093, 0.0362565, 0.00384636
-57.2181, 0.0559888, 0.00254358
-66.3171, 0.0748162, 0.00214095
-66.2984, 0.0748162, 0.00214309
-110.974, 0.0362728, 0.00426325
-56.9137, 0.0583672, 0.00271051
-56.899, 0.0583672, 0.00271322
-65.811, 0.074891, 0.00220124
-116.981, 0.0362412, 0.00438391
-117.198, 0.0362412, 0.00438829
-56.7865, 0.0589567, 0.00276322
-90.0679, 0.0748162, 0.00812457
-90.2129, 0.0748162, 0.0081327
-68.8674, 0.155983, 0.00411827
-95.5262, 0.0748162, 0.00842364
-95.6859, 0.0748162, 0.00843207
-68.2289, 0.156065, 0.00427229
-128.395, 0.0748162, 0.00996403
-128.632, 0.0748162, 0.009974
-65.0971, 0.156518, 0.00506949
-199.688, 0.029315, 0.00465129
-200.069, 0.029315, 0.00465595
-60.2033, 0.060305, 0.00232448
-70.7153, 0.029315, 0.00256268
-70.8009, 0.029315, 0.00256524
-71.2729, 0.0600339, 0.00127476
-55.4068, 0.0379394, 0.00199266
-55.4004, 0.0379394, 0.00199466
-288.971, 0.0293444, 0.00568041
-56.7235, 0.0603871, 0.00284577
-56.7095, 0.0603871, 0.00284862
-327.635, 0.0293444, 0.00610259
-55.8461, 0.0603513, 0.00305539
-55.8359, 0.0603513, 0.00305844
-478.379, 0.0293444, 0.00774052
-55.7668, 0.0602769, 0.00387047
-55.7795, 0.0602769, 0.00387434
-352.449, 0.0293444, 0.00637042
-55.4654, 0.060492, 0.00319727
-55.4581, 0.060492, 0.00320046
-161.686, 0.0293444, 0.00417349
-62.3437, 0.0601792, 0.00208335
-62.3233, 0.0601792, 0.00208543
-79.8244, 0.0293444, 0.000221395
-63.8955, 0.014378, 0.000446626
-63.8751, 0.014378, 0.000447073
-64.5943, 0.000832848, 0.00739687
-55.2638, 0.0109682, 0.000583114
-55.2601, 0.0109682, 0.000583697
-451.719, 0.0293444, 0.00744582
-55.3783, 0.0606842, 0.00374954
-55.386, 0.0606842, 0.00375329
-56.6135, 0.0293444, 0.00192854
-74.8812, 0.059843, 0.000957179
-74.8708, 0.059843, 0.000958137
-55.526, 0.0331892, 0.00170899
-59.7095, 0.029315, 0.00214095
-59.7492, 0.029315, 0.00214309
-73.7343, 0.059959, 0.00106361
-55.5951, 0.0351067, 0.00179452
-55.5868, 0.0351067, 0.00179632
-60.8423, 0.0293444, 0.00220124
-73.3731, 0.059916, 0.00109388
-73.3603, 0.059916, 0.00109498
-55.5966, 0.0356202, 0.00182107
-513.372, 0.029315, 0.00812457
-514.092, 0.029315, 0.0081327
-56.5215, 0.06087, 0.00410031
-539.483, 0.029315, 0.00842364
-540.204, 0.029315, 0.00843207
-57.3312, 0.0609519, 0.00425736
-664.767, 0.029315, 0.00996403
-665.526, 0.029315, 0.009974
-64.3671, 0.0609219, 0.00503322
-1323.59, 0.00373497, 0.00465129
-1323.59, 0.00373497, 0.00465595
-929.247, 0.0101602, 0.00454575
-81.1302, 0.553589, 0.00414699
-81.1283, 0.553589, 0.00415114
-1215.91, 0.00373871, 0.00256268
-232.629, 0.00772916, 0.00129006
-233.073, 0.00772916, 0.00129135
-82.2225, 0.141889, 8.28472e-05
-1316.84, 0.00373497, 0.00568041
-1316.77, 0.00373497, 0.0056861
-630.02, 0.00315827, 0.0152212
-82.2436, 0.00160667, 0.784737
-82.2436, 0.00160667, 0.785522
-1311.33, 0.00373871, 0.00610259
-337.752, 0.00277106, 0.0158492
-335.865, 0.00277106, 0.0158651
-82.2436, 0.000840461, 0.721078
-1279.78, 0.00373497, 0.00774052
-1279.59, 0.00373497, 0.00774826
-63.7497, 0.00237593, 0.0188743
-1307.19, 0.00373497, 0.00637042
-1307.09, 0.00373497, 0.00637679
-226.207, 0.00264909, 0.0162882
-82.2436, 0.000667061, 0.696143
-82.2436, 0.000667061, 0.696839
-1320.91, 0.00373871, 0.00417349
-573.088, 0.008938, 0.00256066
-573.873, 0.008938, 0.00256322
-82.1677, 0.293417, 0.00036288
-55.4921, 0.00373497, 0.000221395
-55.5006, 0.00373497, 0.000221617
-75.6649, 0.00755182, 0.000108723
-55.3392, 0.00398348, 0.00020743
-55.3342, 0.00398348, 0.000207637
-1286.66, 0.00373871, 0.00744582
-68.2677, 0.00240808, 0.0182869
-68.0882, 0.00240808, 0.0183052
-82.2436, 0.000416526, 0.665348
-1057.62, 0.00373497, 0.00192854
-1058.32, 0.00373497, 0.00193047
-133.118, 0.00763279, 0.000957266
-1124.66, 0.00373497, 0.00214095
-1125.26, 0.00373497, 0.00214309
-163.324, 0.00767697, 0.00106902
-1140.84, 0.00373497, 0.00220124
-1141.42, 0.00373497, 0.00220344
-172.513, 0.00768374, 0.00110013
-1270.13, 0.00373497, 0.00812457
-1269.91, 0.00373497, 0.0081327
-64.5199, 0.00233464, 0.0196306
-1261.96, 0.00373497, 0.00842364
-1261.73, 0.00373497, 0.00843207
-67.206, 0.00230772, 0.0202256
-1209.67, 0.00373497, 0.00996403
-1209.27, 0.00373497, 0.009974
-78.6262, 0.00220705, 0.0233079
-62.8534, 0.0579637, 0.00465129
-62.9081, 0.0579637, 0.00465595
-73.0372, 0.119735, 0.00233459
-55.5404, 0.0718611, 0.00379111
-55.5323, 0.0718611, 0.0037949
-57.6892, 0.0580217, 0.00256268
-258.728, 0.0281523, 0.00511792
-259.204, 0.0281523, 0.00512304
-55.316, 0.0524561, 0.00282254
-79.2274, 0.0579637, 0.00568041
-79.3408, 0.0579637, 0.0056861
-70.119, 0.119982, 0.00285731
-88.2885, 0.0579637, 0.00610259
-88.4293, 0.0579637, 0.0061087
-68.9465, 0.120066, 0.00307194
-134.101, 0.0579637, 0.00774052
-134.352, 0.0579637, 0.00774826
-64.5109, 0.12044, 0.00390939
-94.6802, 0.0579637, 0.00637042
-94.8381, 0.0579637, 0.00637679
-68.1937, 0.120134, 0.00320869
-58.2674, 0.0579637, 0.00417349
-58.2989, 0.0579637, 0.00417766
-74.3829, 0.119155, 0.00208417
-55.5473, 0.068026, 0.00357616
-55.5392, 0.068026, 0.00357974
-81.3879, 0.0580217, 0.000221395
-74.8649, 0.0282702, 0.000444069
-74.8535, 0.0282702, 0.000444514
-997.366, 0.00160121, 0.00718756
-74.6387, 0.0279927, 0.000448335
-74.6285, 0.0279927, 0.000448783
-74.4336, 0.0277318, 0.000452863
-533.653, 0.00665701, 0.00180416
-534.419, 0.00665701, 0.00180596
-64.2037, 0.020123, 0.000618
-55.2259, 0.0151206, 0.000814499
-55.2231, 0.0151206, 0.000815314
-55.181, 0.0148572, 0.0008293
-124.756, 0.0579637, 0.00744582
-124.988, 0.0579637, 0.00745327
-65.2747, 0.120354, 0.00375768
-63.1141, 0.0579637, 0.00192854
-63.0941, 0.0579637, 0.00193047
-150.106, 0.0282141, 0.00385629
-56.1584, 0.04769, 0.00232628
-56.1466, 0.04769, 0.00232861
-61.0307, 0.0580217, 0.00214095
-184.096, 0.0281755, 0.00427936
-184.45, 0.0281755, 0.00428364
-55.7993, 0.04945, 0.00249608
-60.4626, 0.0579637, 0.00220124
-60.4429, 0.0579637, 0.00220344
-193.826, 0.0282032, 0.00439979
-55.6187, 0.0496343, 0.00255474
-55.6101, 0.0496343, 0.0025573
-146.548, 0.0580217, 0.00812457
-63.5323, 0.120386, 0.00410577
-63.5123, 0.120386, 0.00410988
-156.916, 0.0580217, 0.00842364
-62.8029, 0.120478, 0.00426039
-62.7826, 0.120478, 0.00426465
-214.92, 0.0580217, 0.00996403
-59.4969, 0.12046, 0.00503865
-59.4781, 0.12046, 0.00504369
-55.7166, 0.0888473, 0.00465129
-334.526, 0.0427157, 0.00919946
-335.08, 0.0427157, 0.00920866
-55.1788, 0.0853962, 0.00482634
-66.3385, 0.0887585, 0.00256268
-66.3197, 0.0887585, 0.00256524
-111.241, 0.0428822, 0.0050842
-56.9156, 0.0692014, 0.00323856
-56.901, 0.0692014, 0.0032418
-55.4216, 0.0888473, 0.00568041
-76.053, 0.183999, 0.00286487
-76.0433, 0.183999, 0.00286773
-55.2658, 0.0953019, 0.00531841
-56.4004, 0.0887585, 0.00610259
-56.4191, 0.0887585, 0.0061087
-75.3834, 0.184926, 0.00309109
-55.4183, 0.0999647, 0.00546512
-55.411, 0.0999647, 0.00547059
-65.9687, 0.0888473, 0.00774052
-72.5719, 0.185296, 0.0039335
-72.5586, 0.185296, 0.00393743
-55.4284, 0.112789, 0.00621538
-57.342, 0.0887585, 0.00637042
-57.3674, 0.0887585, 0.00637679
-74.9485, 0.18506, 0.00322928
-55.4819, 0.102575, 0.00557173
-55.474, 0.102575, 0.0055773
-57.077, 0.0888473, 0.00417349
-277.532, 0.0427547, 0.00826253
-278.026, 0.0427547, 0.00827079
-55.2416, 0.0814576, 0.00452649
-81.8679, 0.0887585, 0.000221395
-81.8672, 0.0887585, 0.000221617
-78.4672, 0.043075, 0.000441322
-1236.17, 0.00237747, 0.00696792
-1235.79, 0.00237747, 0.00697489
-78.3534, 0.0426705, 0.000445307
-78.2248, 0.0422148, 0.000449458
-78.2183, 0.0422148, 0.000449907
-257.02, 0.0100282, 0.00176968
-68.58, 0.027556, 0.000674835
-68.5629, 0.027556, 0.00067551
-55.3699, 0.0175584, 0.00103779
-56.6365, 0.0199326, 0.000918787
-56.6228, 0.0199326, 0.000919706
-55.3699, 0.0175584, 0.00103779
-63.6341, 0.0887585, 0.00744582
-63.6909, 0.0887585, 0.00745327
-73.0862, 0.185404, 0.00378203
-55.4574, 0.110769, 0.00607185
-55.4497, 0.110769, 0.00607792
-71.2419, 0.0888473, 0.00192854
-71.4404, 0.0428803, 0.00383
-71.529, 0.0428803, 0.00383383
-56.3845, 0.0588839, 0.00284256
-69.5429, 0.0887585, 0.00214095
-69.5269, 0.0887585, 0.00214309
-82.3328, 0.0428829, 0.00424759
-57.2068, 0.0638383, 0.00291889
-57.1914, 0.0638383, 0.00292181
-55.8545, 0.053606, 0.00344334
-69.0886, 0.0887585, 0.00220124
-69.0718, 0.0887585, 0.00220344
-85.9174, 0.0428955, 0.00436856
-57.2329, 0.0648, 0.00295993
-57.2174, 0.0648, 0.00296289
-55.8532, 0.0543721, 0.00349476
-69.5918, 0.0887585, 0.00812457
-69.6714, 0.0887585, 0.0081327
-71.9169, 0.185611, 0.0041318
-55.3599, 0.114977, 0.00640677
-55.3531, 0.114977, 0.00641318
-72.5809, 0.0888473, 0.00842364
-71.366, 0.185504, 0.00428587
-71.3508, 0.185504, 0.00429016
-92.464, 0.0888473, 0.00996403
-68.664, 0.185916, 0.00508193
-68.6463, 0.185916, 0.00508702
-81.2453, 0.0471718, 0.00465129
-69.7173, 0.0970874, 0.00233055
-69.7015, 0.0970874, 0.00233288
-55.2526, 0.0471718, 0.00256268
-377.216, 0.0228699, 0.00511372
-377.832, 0.0228699, 0.00511884
-55.161, 0.0464868, 0.00259875
-113.627, 0.0471247, 0.00568041
-113.835, 0.0471247, 0.0056861
-66.1865, 0.0973564, 0.00285147
-129.737, 0.0471247, 0.00610259
-129.981, 0.0471247, 0.0061087
-64.787, 0.0974469, 0.00306639
-203.639, 0.0471247, 0.00774052
-204.026, 0.0471247, 0.00774826
-60.0517, 0.0977594, 0.00390262
-140.673, 0.0471247, 0.00637042
-140.938, 0.0471247, 0.00637679
-63.9383, 0.0975179, 0.00320343
-70.3453, 0.0471247, 0.00417349
-70.43, 0.0471247, 0.00417766
-71.4585, 0.097078, 0.00208875
-55.3899, 0.0609827, 0.00325928
-55.3834, 0.0609827, 0.00326255
-81.1117, 0.0471718, 0.000221395
-72.2771, 0.0229541, 0.000443479
-72.2626, 0.0229541, 0.000443922
-708.669, 0.00129344, 0.00713989
-72.0187, 0.0227505, 0.000447312
-72.0039, 0.0227505, 0.000447759
-71.7636, 0.0225669, 0.000451261
-702.175, 0.00539727, 0.00179498
-703.021, 0.00539727, 0.00179678
-63.5024, 0.0178409, 0.000566232
-56.8793, 0.0149049, 0.000672963
-56.8649, 0.0149049, 0.000673636
-126.697, 0.00897814, 0.00109907
-55.2551, 0.0136907, 0.000730519
-55.2515, 0.0136907, 0.00073125
-55.1816, 0.0134333, 0.000744755
-189.288, 0.0471247, 0.00744582
-189.646, 0.0471247, 0.00745327
-60.816, 0.0977212, 0.00375248
-58.8876, 0.0471247, 0.00192854
-58.8694, 0.0471247, 0.00193047
-226.665, 0.0229835, 0.00386419
-55.4084, 0.0414671, 0.00218231
-55.4019, 0.0414671, 0.0021845
-57.1362, 0.0471718, 0.00214095
-275.874, 0.0229484, 0.00428744
-276.374, 0.0229484, 0.00429173
-55.2923, 0.0432808, 0.00232643
-56.7146, 0.0471247, 0.00220124
-56.7006, 0.0471247, 0.00220344
-289.535, 0.0229673, 0.00440737
-55.2326, 0.0435749, 0.00237397
-55.2287, 0.0435749, 0.00237635
-222.45, 0.0471718, 0.00812457
-59.1184, 0.097745, 0.00409998
-59.0999, 0.097745, 0.00410408
-237.784, 0.0471718, 0.00842364
-58.4599, 0.0978438, 0.00425549
-58.442, 0.0978438, 0.00425974
-319.656, 0.0471718, 0.00996403
-55.9661, 0.0982166, 0.00505431
-55.955, 0.0982166, 0.00505937
-250.94, 0.0260911, 0.00465129
-57.9313, 0.0535502, 0.00232378
-57.9143, 0.0535502, 0.00232611
-83.4258, 0.0260911, 0.00256268
-69.2821, 0.0532991, 0.00127412
-69.2646, 0.0532991, 0.0012754
-357.504, 0.0260911, 0.00568041
-55.4138, 0.0536897, 0.00284563
-55.4071, 0.0536897, 0.00284848
-402.043, 0.0260911, 0.00610259
-55.1374, 0.0537546, 0.00306099
-55.1368, 0.0537546, 0.00306406
-568.757, 0.0260911, 0.00774052
-58.4955, 0.0540337, 0.00390387
-58.5284, 0.0540337, 0.00390778
-430.141, 0.0260911, 0.00637042
-55.2014, 0.0537868, 0.00319734
-55.2052, 0.0537868, 0.00320054
-204.468, 0.0260911, 0.00417349
-59.9122, 0.0533609, 0.00207746
-59.8928, 0.0533609, 0.00207954
-79.3412, 0.0260911, 0.000221395
-61.4989, 0.0127782, 0.000446421
-61.4786, 0.0127782, 0.000446867
-67.9215, 0.000738839, 0.00737987
-1259.07, 0.00271441, 0.00204949
-1259.4, 0.00271441, 0.00205154
-60.7794, 0.0125574, 0.000454588
-58.535, 0.0118294, 0.000481626
-58.5173, 0.0118294, 0.000482108
-256.379, 0.00567222, 0.000993522
-55.4595, 0.0105356, 0.000539757
-55.4527, 0.0105356, 0.000540297
-55.186, 0.0101235, 0.000561918
-540.762, 0.026065, 0.00744582
-541.5, 0.026065, 0.00745327
-57.3417, 0.054036, 0.00375142
-60.3694, 0.026065, 0.00192854
-60.4124, 0.026065, 0.00193047
-73.5178, 0.0532638, 0.000957217
-55.5964, 0.0314535, 0.00160371
-55.5881, 0.0314535, 0.00160531
-66.0793, 0.0260911, 0.00214095
-72.072, 0.0532448, 0.00106334
-72.0572, 0.0532448, 0.0010644
-55.5252, 0.0330153, 0.00170002
-68.1619, 0.026065, 0.00220124
-68.2391, 0.026065, 0.00220344
-71.7042, 0.0533023, 0.00109337
-55.4488, 0.0332881, 0.00173226
-55.442, 0.0332881, 0.00173399
-605.217, 0.0260911, 0.00812457
-60.3081, 0.054107, 0.0041035
-60.3503, 0.054107, 0.00410761
-632.725, 0.0260911, 0.00842364
-61.9889, 0.0541939, 0.00426187
-62.0394, 0.0541939, 0.00426614
-760.701, 0.0260911, 0.00996403
-74.1755, 0.0545726, 0.00507947
-74.2732, 0.0545726, 0.00508455
-1144.34, 0.00756297, 0.00465129
-184.876, 0.0156984, 0.00235157
-185.237, 0.0156984, 0.00235392
-712.685, 0.00756297, 0.00256268
-67.1362, 0.0154522, 0.00127434
-67.2091, 0.0154522, 0.00127561
-1226.09, 0.00756297, 0.00568041
-271.531, 0.0160174, 0.00293641
-272.028, 0.0160174, 0.00293935
-82.2232, 0.323862, 0.000209684
-1246.28, 0.00755541, 0.00610259
-1246.53, 0.00755541, 0.0061087
-310.059, 0.0163076, 0.00321783
-82.2204, 0.352168, 0.000248746
-82.2203, 0.352168, 0.000248995
-1280.98, 0.00756297, 0.00774052
-511.595, 0.0186262, 0.00502976
-512.33, 0.0186262, 0.00503479
-82.2067, 0.688692, 0.00089672
-1255.94, 0.00755541, 0.00637042
-1256.14, 0.00755541, 0.00637679
-336.731, 0.0166155, 0.0034377
-82.2186, 0.38669, 0.000291522
-82.2185, 0.38669, 0.000291813
-1083.71, 0.00756297, 0.00417349
-149.5, 0.0156025, 0.00209631
-149.791, 0.0156025, 0.00209841
-64.9941, 0.00756297, 0.000221395
-124.344, 0.00371991, 0.000448359
-124.584, 0.00371991, 0.000448808
-56.6446, 0.0060545, 0.000276302
-1278.3, 0.00755541, 0.00744582
-1278.39, 0.00755541, 0.00745327
-462.176, 0.0180448, 0.00454437
-82.2094, 0.584201, 0.000630548
-82.2093, 0.584201, 0.000631179
-486.221, 0.00756297, 0.00192854
-55.8717, 0.0154101, 0.000956336
-55.885, 0.0154101, 0.000957293
-566.1, 0.00756297, 0.00214095
-58.1124, 0.0154229, 0.00106256
-58.1431, 0.0154229, 0.00106363
-588.145, 0.00756297, 0.00220124
-59.0328, 0.0154268, 0.00109277
-59.0686, 0.0154268, 0.00109386
-1283.14, 0.00756297, 0.00812457
-616.461, 0.0197225, 0.00612984
-617.234, 0.0197225, 0.00613597
-82.2172, 0.916663, 0.00198629
-1283.92, 0.00755541, 0.00842364
-1283.93, 0.00755541, 0.00843207
-762.501, 0.0204713, 0.0076835
-82.3663, 1.09781, 0.00531858
-82.3665, 1.09781, 0.0053239
-1277.99, 0.00756297, 0.00996403
-905.423, 0.00872537, 0.0268043
-904.377, 0.00872537, 0.0268312
-82.2436, 0.0155353, 1.40373
-92.1084, 0.043699, 0.00465129
-92.2601, 0.043699, 0.00465595
-68.3857, 0.0900679, 0.00232915
-55.1956, 0.043699, 0.00256268
-55.1989, 0.043699, 0.00256524
-76.2694, 0.0892477, 0.00127122
-55.1816, 0.0449844, 0.00249067
-55.179, 0.0449844, 0.00249316
-131.405, 0.0437427, 0.00568041
-64.5876, 0.0901568, 0.0028504
-64.5675, 0.0901568, 0.00285326
-150.546, 0.0437427, 0.00610259
-63.1639, 0.0902507, 0.00306561
-63.1438, 0.0902507, 0.00306867
-236.022, 0.0437427, 0.00774052
-58.527, 0.0905418, 0.00390169
-58.509, 0.0905418, 0.00390559
-163.442, 0.0437427, 0.00637042
-62.2935, 0.0902817, 0.0032013
-62.2731, 0.0902817, 0.00320451
-77.8625, 0.0437427, 0.00417349
-70.1876, 0.0899013, 0.00208803
-70.1711, 0.0899013, 0.00209012
-80.9865, 0.0437427, 0.000221395
-71.1667, 0.0213264, 0.000444358
-71.1519, 0.0213264, 0.000444802
-560.286, 0.00121097, 0.00721094
-70.9099, 0.0211428, 0.000448104
-70.8947, 0.0211428, 0.000448552
-70.655, 0.0209773, 0.000451977
-766.342, 0.00503508, 0.00180532
-767.179, 0.00503508, 0.00180712
-64.3767, 0.0176162, 0.000535505
-58.9019, 0.0153212, 0.000612651
-58.8836, 0.0153212, 0.000613264
-121.273, 0.00879191, 0.00105168
-55.4497, 0.0134891, 0.000693309
-55.443, 0.0134891, 0.000694003
-55.1839, 0.0129451, 0.000722286
-220.094, 0.043699, 0.00744582
-220.503, 0.043699, 0.00745327
-59.2575, 0.0905879, 0.00375118
-57.5346, 0.043699, 0.00192854
-57.5186, 0.043699, 0.00193047
-262.269, 0.0213225, 0.00386602
-55.3001, 0.0396067, 0.00212109
-55.295, 0.0396067, 0.00212321
-56.0869, 0.0437427, 0.00214095
-317.265, 0.0212844, 0.00428832
-317.825, 0.0212844, 0.00429261
-55.2094, 0.041311, 0.00226252
-55.7807, 0.043699, 0.00220124
-55.7709, 0.043699, 0.00220344
-332.411, 0.0212981, 0.00440746
-55.2063, 0.0418519, 0.00229488
-55.2031, 0.0418519, 0.00229718
-257.807, 0.0437427, 0.00812457
-57.6954, 0.0906315, 0.0040996
-57.679, 0.0906315, 0.0041037
-275.024, 0.0437427, 0.00842364
-57.1217, 0.0906799, 0.00425292
-57.1065, 0.0906799, 0.00425718
-365.656, 0.0437427, 0.00996403
-55.2816, 0.0902881, 0.00500756
-55.276, 0.0902881, 0.00501257
-57.1194, 0.0985688, 0.00465129
-276.141, 0.0473088, 0.00918261
-276.628, 0.0473088, 0.0091918
-55.256, 0.0904206, 0.00503897
-68.3788, 0.0984702, 0.00256268
-68.3611, 0.0984702, 0.00256524
-92.0854, 0.0474886, 0.00507445
-57.205, 0.0733277, 0.00337655
-57.1896, 0.0733277, 0.00337992
-55.1369, 0.0985688, 0.00568041
-385.422, 0.047238, 0.0111962
-386.028, 0.047238, 0.0112074
-55.0951, 0.0976246, 0.00573114
-55.1617, 0.0984702, 0.00610259
-55.1658, 0.0984702, 0.0061087
-76.5088, 0.205638, 0.00309888
-55.138, 0.102184, 0.00589792
-55.1349, 0.102184, 0.00590382
-59.9618, 0.0985688, 0.00774052
-74.0829, 0.205962, 0.00394164
-74.0708, 0.205962, 0.00394558
-55.5336, 0.119124, 0.00650937
-55.4387, 0.0984702, 0.00637042
-55.4478, 0.0984702, 0.00637679
-76.1081, 0.205691, 0.00323579
-55.2576, 0.105869, 0.00595927
-55.2522, 0.105869, 0.00596524
-58.9567, 0.0985688, 0.00417349
-227.018, 0.0473409, 0.00824535
-227.436, 0.0473409, 0.0082536
-55.4361, 0.0868664, 0.00469384
-81.9382, 0.0984702, 0.000221395
-81.9376, 0.0984702, 0.000221617
-79.0398, 0.0476958, 0.000440424
-1259.26, 0.00261223, 0.00689737
-1258.97, 0.00261223, 0.00690428
-78.9618, 0.047309, 0.000443836
-78.8731, 0.0468664, 0.000447382
-78.868, 0.0468664, 0.000447829
-209.015, 0.0110757, 0.00175663
-69.9243, 0.0300539, 0.000681562
-69.9076, 0.0300539, 0.000682244
-55.209, 0.0187076, 0.00106903
-55.6816, 0.0200033, 0.00100235
-55.6728, 0.0200033, 0.00100336
-55.209, 0.0187076, 0.00106903
-58.5822, 0.0984702, 0.00744582
-58.615, 0.0984702, 0.00745327
-74.5525, 0.206093, 0.00379007
-55.5123, 0.116627, 0.00637714
-55.5041, 0.116627, 0.00638352
-72.7919, 0.0985688, 0.00192854
-63.5953, 0.0475045, 0.00382421
-63.6535, 0.0475045, 0.00382804
-68.3924, 0.0855213, 0.00220365
-55.2364, 0.0578946, 0.00317588
-55.2321, 0.0578946, 0.00317906
-71.3343, 0.0985688, 0.00214095
-71.0886, 0.0474577, 0.00424095
-71.1757, 0.0474577, 0.00424519
-67.7423, 0.088482, 0.00236871
-55.1984, 0.0607106, 0.00336745
-55.1949, 0.0607106, 0.00337082
-70.9116, 0.0985688, 0.00220124
-73.6114, 0.0474671, 0.00436129
-73.7062, 0.0474671, 0.00436565
-56.6629, 0.0667271, 0.00317271
-62.2123, 0.0984702, 0.00812457
-62.2631, 0.0984702, 0.0081327
-73.4926, 0.206293, 0.00413997
-55.4699, 0.121531, 0.00670472
-55.462, 0.121531, 0.00671143
-64.1357, 0.0985688, 0.00842364
-73.0371, 0.206161, 0.00429404
-73.0244, 0.206161, 0.00429834
-55.4515, 0.123667, 0.00684957
-77.9846, 0.0984702, 0.00996403
-78.0925, 0.0984702, 0.009974
-70.6578, 0.206877, 0.00509309
-56.9665, 0.0672075, 0.00465129
-56.9894, 0.0672075, 0.00465595
-74.9654, 0.139063, 0.00233872
-55.4856, 0.0768512, 0.00409672
-55.4779, 0.0768512, 0.00410082
-60.5336, 0.0672747, 0.00256268
-193.535, 0.0325918, 0.00510971
-193.909, 0.0325918, 0.00511482
-55.644, 0.0575926, 0.00297196
-65.4062, 0.0672075, 0.00568041
-65.4716, 0.0672075, 0.0056861
-72.5349, 0.139328, 0.00286192
-55.4534, 0.0847873, 0.00456415
-55.446, 0.0847873, 0.00456871
-70.6702, 0.0672747, 0.00610259
-71.5188, 0.139325, 0.00307784
-71.504, 0.139325, 0.00308092
-55.3703, 0.0874389, 0.00477109
-100.702, 0.0672075, 0.00774052
-100.873, 0.0672075, 0.00774826
-67.5959, 0.139888, 0.0039166
-74.6917, 0.0672075, 0.00637042
-74.7898, 0.0672075, 0.00637679
-70.8807, 0.139532, 0.00321457
-55.3661, 0.0672075, 0.00417349
-55.3736, 0.0672075, 0.00417766
-76.0462, 0.138847, 0.00209503
-55.2515, 0.0714452, 0.00393769
-55.2467, 0.0714452, 0.00394163
-81.5981, 0.0672747, 0.000221395
-76.3834, 0.0327208, 0.00044326
-76.3747, 0.0327208, 0.000443703
-1119.97, 0.00184026, 0.0071223
-76.2115, 0.0324032, 0.000447449
-76.2024, 0.0324032, 0.000447896
-76.0363, 0.0321103, 0.000451821
-423.617, 0.00767941, 0.00179388
-424.304, 0.00767941, 0.00179567
-65.4115, 0.0222465, 0.000643705
-55.3384, 0.0155133, 0.000910464
-55.3445, 0.0155133, 0.000911375
-55.7515, 0.0169042, 0.000838915
-55.3384, 0.0155133, 0.000910464
-55.3445, 0.0155133, 0.000911375
-94.1685, 0.0672747, 0.00744582
-68.2845, 0.139665, 0.00376508
-68.2666, 0.139665, 0.00376884
-66.1831, 0.0672747, 0.00192854
-112.589, 0.0326143, 0.00384809
-112.795, 0.0326143, 0.00385194
-56.9046, 0.0526605, 0.002437
-64.1083, 0.0672075, 0.00214095
-64.088, 0.0672075, 0.00214309
-136.666, 0.0326516, 0.00427255
-56.4036, 0.0544699, 0.0026172
-56.3908, 0.0544699, 0.00261982
-63.5796, 0.0672747, 0.00220124
-144.417, 0.032604, 0.00439075
-144.693, 0.032604, 0.00439515
-56.3071, 0.0550414, 0.00266605
-109.574, 0.0672075, 0.00812457
-109.77, 0.0672075, 0.0081327
-66.7199, 0.139941, 0.00411262
-116.907, 0.0672075, 0.00842364
-117.119, 0.0672075, 0.00843207
-66.0362, 0.140028, 0.00426685
-159.577, 0.0672075, 0.00996403
-159.879, 0.0672075, 0.009974
-62.7203, 0.140416, 0.00506223
-55.1386, 0.0775402, 0.00465129
-55.1412, 0.0775402, 0.00465595
-76.5047, 0.159552, 0.00232512
-55.1319, 0.0794076, 0.00454599
-55.1298, 0.0794076, 0.00455054
-63.5486, 0.0776178, 0.00256268
-145.221, 0.0375189, 0.00509775
-145.496, 0.0375189, 0.00510285
-56.3108, 0.0635601, 0.00309673
-58.2268, 0.0775402, 0.00568041
-58.2579, 0.0775402, 0.0056861
-74.5287, 0.161076, 0.00286813
-55.5309, 0.0911677, 0.00488163
-55.5227, 0.0911677, 0.00488651
-60.8974, 0.0776178, 0.00610259
-73.6578, 0.161057, 0.00308421
-73.6451, 0.161057, 0.00308729
-55.5489, 0.0946585, 0.00507038
-78.9755, 0.0775402, 0.00774052
-79.0861, 0.0775402, 0.00774826
-70.3163, 0.161705, 0.00392473
-63.0979, 0.0775402, 0.00637042
-63.1531, 0.0775402, 0.00637679
-73.1097, 0.161285, 0.003221
-55.5049, 0.0964195, 0.00519903
-55.4968, 0.0964195, 0.00520423
-55.4253, 0.0776178, 0.00417349
-355.266, 0.0374132, 0.00827722
-355.854, 0.0374132, 0.0082855
-55.1454, 0.0754302, 0.00428711
-81.7534, 0.0775402, 0.000221395
-81.7525, 0.0775402, 0.000221617
-77.5169, 0.0377136, 0.00044234
-1192.41, 0.00209997, 0.00704865
-1191.86, 0.00209997, 0.00705571
-77.3496, 0.037314, 0.000446882
-77.1927, 0.0368701, 0.000451606
-77.1857, 0.0368701, 0.000452058
-331.687, 0.00880803, 0.00178416
-67.1242, 0.0248601, 0.000659024
-67.1053, 0.0248601, 0.000659683
-55.3849, 0.0165078, 0.000976848
-56.1942, 0.0184275, 0.000878204
-56.1823, 0.0184275, 0.000879082
-55.3849, 0.0165078, 0.000976848
-74.9012, 0.0775402, 0.00744582
-75.0008, 0.0775402, 0.00745327
-70.9234, 0.160847, 0.00375382
-68.9057, 0.0775402, 0.00192854
-68.8888, 0.0775402, 0.00193047
-87.0825, 0.037581, 0.00383895
-57.242, 0.0569488, 0.00258499
-57.2265, 0.0569488, 0.00258758
-55.8163, 0.0478842, 0.00305026
-67.0223, 0.0775402, 0.00214095
-67.0033, 0.0775402, 0.00214309
-103.815, 0.0375946, 0.00426339
-57.0087, 0.0595636, 0.00275071
-56.9939, 0.0595636, 0.00275346
-66.5214, 0.0776178, 0.00220124
-109.289, 0.0375279, 0.00437987
-109.487, 0.0375279, 0.00438425
-56.9588, 0.0603097, 0.00279606
-84.7913, 0.0775402, 0.00812457
-84.921, 0.0775402, 0.0081327
-69.5459, 0.161746, 0.00412058
-89.6906, 0.0775402, 0.00842364
-89.8343, 0.0775402, 0.00843207
-68.9363, 0.161827, 0.00427457
-119.565, 0.0775402, 0.00996403
-119.783, 0.0775402, 0.009974
-65.877, 0.162269, 0.00507128
-80.7355, 0.0473648, 0.00465129
-80.854, 0.0473648, 0.00465595
-69.8273, 0.0976794, 0.00233054
-55.2719, 0.0473648, 0.00256268
-55.2671, 0.0473648, 0.00256524
-373.312, 0.0230167, 0.00511541
-55.1594, 0.0465588, 0.00260509
-55.1576, 0.0465588, 0.0026077
-112.308, 0.0474122, 0.00568041
-66.2678, 0.0974799, 0.00284308
-66.249, 0.0974799, 0.00284592
-128.178, 0.0474122, 0.00610259
-64.8743, 0.0978417, 0.00306627
-64.8543, 0.0978417, 0.00306933
-201.185, 0.0474122, 0.00774052
-60.1374, 0.0982048, 0.00390455
-60.1179, 0.0982048, 0.00390845
-138.978, 0.0474122, 0.00637042
-64.0245, 0.0979124, 0.00320328
-64.0049, 0.0979124, 0.00320648
-69.8124, 0.0474122, 0.00417349
-71.5224, 0.0974758, 0.00208876
-71.5078, 0.0974758, 0.00209085
-55.4035, 0.0612233, 0.00326601
-81.1178, 0.0473648, 0.000221395
-81.1164, 0.0473648, 0.000221617
-72.3659, 0.0230907, 0.00044341
-716.33, 0.00129775, 0.00713435
-714.148, 0.00129775, 0.00714148
-72.1103, 0.0228862, 0.000447234
-71.8272, 0.0226564, 0.000451177
-71.8121, 0.0226564, 0.000451628
-696.986, 0.00542783, 0.00179412
-63.7013, 0.0179607, 0.000564576
-63.6809, 0.0179607, 0.000565141
-57.2169, 0.0151187, 0.000667361
-123.717, 0.00904975, 0.00109422
-123.954, 0.00904975, 0.00109532
-55.2723, 0.0137592, 0.000730914
-55.1816, 0.0134517, 0.000746318
-55.1816, 0.0134517, 0.000747064
-186.976, 0.0474122, 0.00744582
-60.9029, 0.0981133, 0.00375217
-60.8831, 0.0981133, 0.00375593
-59.0025, 0.0474122, 0.00192854
-224.872, 0.0230763, 0.00386399
-225.295, 0.0230763, 0.00386785
-55.4929, 0.0418424, 0.00217611
-57.2006, 0.0473648, 0.00214095
-57.1853, 0.0473648, 0.00214309
-272.73, 0.0230877, 0.00428729
-55.2772, 0.0432995, 0.00233461
-55.2725, 0.0432995, 0.00233695
-56.8038, 0.0474122, 0.00220124
-287.36, 0.0230608, 0.00440727
-287.874, 0.0230608, 0.00441168
-55.272, 0.043904, 0.00237066
-220.665, 0.0473648, 0.00812457
-221.071, 0.0473648, 0.0081327
-59.24, 0.0983879, 0.00410205
-235.892, 0.0473648, 0.00842364
-236.325, 0.0473648, 0.00843207
-58.577, 0.0984298, 0.00425498
-317.296, 0.0473648, 0.00996403
-317.83, 0.0473648, 0.009974
-56.0398, 0.0987987, 0.00505336
-55.2784, 0.0841535, 0.00465129
-55.2729, 0.0841535, 0.00465595
-366.901, 0.0405641, 0.00920531
-55.1309, 0.0825696, 0.00473459
-55.1287, 0.0825696, 0.00473933
-65.2705, 0.0842377, 0.00256268
-123.505, 0.0406725, 0.00509161
-123.736, 0.0406725, 0.00509671
-56.6449, 0.0669017, 0.00318554
-56.1563, 0.0841535, 0.00568041
-56.1728, 0.0841535, 0.0056861
-75.4848, 0.17507, 0.00287264
-55.3867, 0.0938506, 0.0051314
-55.3798, 0.0938506, 0.00513654
-57.7075, 0.0842377, 0.00610259
-74.7449, 0.174987, 0.00308788
-74.734, 0.174987, 0.00309097
-55.5204, 0.0981927, 0.00529133
-70.3748, 0.0841535, 0.00774052
-70.4584, 0.0841535, 0.00774826
-71.7341, 0.174879, 0.00390987
-55.3506, 0.109192, 0.00606744
-55.3439, 0.109192, 0.00607351
-59.0676, 0.0842377, 0.00637042
-74.2587, 0.17512, 0.00322603
-74.2469, 0.17512, 0.00322925
-55.5409, 0.100463, 0.00540927
-56.2781, 0.0841535, 0.00417349
-56.2657, 0.0841535, 0.00417766
-305.993, 0.0406094, 0.00826956
-55.2201, 0.079223, 0.00441645
-55.2157, 0.079223, 0.00442087
-81.827, 0.0842377, 0.000221395
-78.1148, 0.0408364, 0.000441742
-78.1081, 0.0408364, 0.000442184
-1221.42, 0.00226664, 0.00700116
-77.9801, 0.0404303, 0.00044598
-77.9732, 0.0404303, 0.000446426
-77.8432, 0.0400555, 0.000450396
-285.387, 0.00951893, 0.00177575
-285.909, 0.00951893, 0.00177753
-67.9911, 0.026451, 0.000669523
-55.37, 0.0171382, 0.00101254
-55.3766, 0.0171382, 0.00101355
-56.3815, 0.0192811, 0.000905616
-55.37, 0.0171382, 0.00101254
-55.3766, 0.0171382, 0.00101355
-67.2927, 0.0842377, 0.00744582
-72.2725, 0.175377, 0.0037766
-72.2587, 0.175377, 0.00378038
-55.4098, 0.107746, 0.00593052
-70.3424, 0.0841535, 0.00192854
-70.3261, 0.0841535, 0.00193047
-76.7239, 0.0407533, 0.00383569
-56.9239, 0.0585671, 0.00271829
-56.9092, 0.0585671, 0.00272101
-68.6167, 0.0842377, 0.00214095
-89.9605, 0.0406843, 0.00425501
-90.1078, 0.0406843, 0.00425926
-57.2287, 0.062365, 0.00284442
-68.108, 0.0841535, 0.00220124
-68.0901, 0.0841535, 0.00220344
-94.0141, 0.0407306, 0.00437547
-57.1926, 0.0631402, 0.00288817
-57.1772, 0.0631402, 0.00289105
-74.6428, 0.0842377, 0.00812457
-70.9881, 0.175577, 0.00412596
-70.9724, 0.175577, 0.00413009
-78.3716, 0.0842377, 0.00842364
-70.4272, 0.175638, 0.00427946
-70.4119, 0.175638, 0.00428374
-101.923, 0.0842377, 0.00996403
-67.5879, 0.176191, 0.0050794
-67.5701, 0.176191, 0.00508449
-644.056, 0.0146436, 0.00465129
-62.2836, 0.0300857, 0.00232626
-62.336, 0.0300857, 0.00232859
-249.944, 0.0146436, 0.00256268
-57.9656, 0.029881, 0.00127269
-57.9485, 0.029881, 0.00127396
-804.414, 0.0146436, 0.00568041
-78.2438, 0.0301687, 0.00284914
-78.3553, 0.0301687, 0.002852
-860.359, 0.0146436, 0.00610259
-87.2154, 0.0303098, 0.00307601
-87.3549, 0.0303098, 0.00307909
-1026.33, 0.0146436, 0.00774052
-133.316, 0.0307164, 0.00395841
-133.572, 0.0307164, 0.00396237
-892.894, 0.0146436, 0.00637042
-93.5767, 0.0303727, 0.00321813
-93.7339, 0.0303727, 0.00322135
-558.859, 0.0146436, 0.00417349
-57.9265, 0.0300274, 0.0020831
-57.9559, 0.0300274, 0.00208518
-75.199, 0.0146436, 0.000221395
-56.0189, 0.00719495, 0.000447883
-56.0337, 0.00719495, 0.000448331
-66.174, 0.0108265, 0.000298809
-55.215, 0.00772979, 0.000417105
-55.2128, 0.00772979, 0.000417523
-1001.96, 0.0146436, 0.00744582
-123.817, 0.0306261, 0.00379538
-124.049, 0.0306261, 0.00379918
-144.092, 0.0146436, 0.00192854
-63.4647, 0.0298336, 0.000956217
-63.445, 0.0298336, 0.000957173
-176.766, 0.0146436, 0.00214095
-61.3599, 0.0298476, 0.00106204
-61.3396, 0.0298476, 0.0010631
-186.625, 0.0146436, 0.00220124
-60.8073, 0.0298523, 0.00109212
-60.7877, 0.0298523, 0.00109321
-1054.92, 0.0146436, 0.00812457
-146.375, 0.0308631, 0.00417692
-146.654, 0.0308631, 0.0041811
-1074.87, 0.0146436, 0.00842364
-156.867, 0.0307748, 0.00431684
-157.173, 0.0307748, 0.00432116
-1150.77, 0.0146436, 0.00996403
-218.268, 0.0317694, 0.00529962
-218.678, 0.0317694, 0.00530493
-82.236, 0.707338, 0.000424117
