-76.0319, 703.91, 0.0456897
-75.87, 1098.18, 0.0186663
-75.87, 1098.18, 0.018685
-75.9846, 703.91, 0.0392798
-75.8649, 1098.32, 0.0160486
-75.865, 1098.32, 0.0160646
-76.0449, 703.91, 0.0472956
-75.8714, 1098.15, 0.0193221
-75.8714, 1098.15, 0.0193415
-76.2327, 703.91, 0.0663155
-75.8915, 1097.83, 0.0270886
-75.8915, 1097.83, 0.0271157
-75.916, 703.91, 0.0274351
-75.8576, 1098.65, 0.0112109
-75.8576, 1098.65, 0.0112221
-76.1881, 703.91, 0.0623284
-75.8867, 1097.89, 0.0254606
-75.8868, 1097.89, 0.0254861
-76.375, 703.91, 0.0776748
-75.9067, 1097.65, 0.0317261
-75.9068, 1097.65, 0.0317578
-75.8517, 703.91, 0.0035414
-75.8508, 1101.54, 0.00144903
-75.8508, 1101.54, 0.00145048
-75.8646, 703.91, 0.0126737
-75.8521, 1099.63, 0.00518119
-75.8521, 1099.63, 0.00518637
-75.8557, 703.91, 0.00762018
-75.8512, 1100.56, 0.00311656
-75.8512, 1100.56, 0.00311967
-75.9141, 703.91, 0.0270501
-75.8574, 1098.66, 0.0110536
-75.8574, 1098.66, 0.0110646
-76.3923, 703.91, 0.0789433
-75.9085, 1097.63, 0.0322439
-75.9086, 1097.63, 0.0322762
-76.2076, 703.91, 0.0641038
-75.8888, 1097.86, 0.0261855
-75.8889, 1097.86, 0.0262117
-76.0739, 703.91, 0.0507023
-75.8745, 1098.09, 0.0207133
-75.8745, 1098.09, 0.0207341
-76.3744, 703.91, 0.0776239
-75.9066, 1097.65, 0.0317053
-75.9067, 1097.65, 0.031737
-88.6468, 4.38579, 0.0456897
-78.2638, 5.415, 0.017194
-78.2684, 5.415, 0.0172112
-85.7552, 4.38579, 0.0392798
-77.7093, 4.97929, 0.0145694
-77.7129, 4.97929, 0.014584
-89.47, 4.38579, 0.0472956
-78.4213, 5.47273, 0.0178404
-78.4261, 5.47273, 0.0178582
-100.664, 4.38579, 0.0663155
-80.2614, 5.41831, 0.0249593
-80.2672, 5.41831, 0.0249842
-81.2128, 4.38579, 0.0274351
-76.7586, 5.42595, 0.010329
-76.7604, 5.42595, 0.0103393
-97.9847, 4.38579, 0.0623284
-79.9109, 5.32678, 0.0233755
-79.9158, 5.32678, 0.0233989
-108.814, 4.38579, 0.0776748
-81.3894, 5.2079, 0.0290081
-81.3983, 5.2079, 0.0290371
-75.9811, 4.38579, 0.0035414
-75.8665, 6.04252, 0.00137382
-75.8665, 6.04252, 0.00137519
-77.3916, 4.38579, 0.0126737
-76.0487, 5.88583, 0.00487484
-76.0491, 5.88583, 0.00487971
-76.432, 4.38579, 0.00762018
-75.9231, 5.97165, 0.00294453
-75.9233, 5.97165, 0.00294748
-81.0842, 4.38579, 0.0270501
-76.7355, 5.39762, 0.0101725
-76.7372, 5.39762, 0.0101827
-109.802, 4.38579, 0.0789433
-81.5348, 5.23816, 0.0295123
-81.544, 5.23816, 0.0295418
-99.15, 4.38579, 0.0641038
-80.0648, 5.37407, 0.0240847
-80.0701, 5.37407, 0.0241088
-91.3393, 4.38579, 0.0507023
-78.7752, 5.55451, 0.0191925
-78.7807, 5.55451, 0.0192117
-108.775, 4.38579, 0.0776239
-81.3836, 5.20658, 0.0289878
-81.3925, 5.20658, 0.0290168
-76.9901, 110.234, 0.0456897
-75.9736, 170.957, 0.0186115
-75.9739, 170.957, 0.0186301
-76.693, 110.234, 0.0392798
-75.9416, 171.044, 0.0160044
-75.9418, 171.044, 0.0160205
-77.0716, 110.234, 0.0472956
-75.9824, 170.935, 0.0192645
-75.9827, 170.935, 0.0192837
-78.2553, 110.234, 0.0663155
-76.1095, 170.676, 0.0269916
-76.11, 170.676, 0.0270186
-76.2621, 110.234, 0.0274351
-75.895, 171.205, 0.0111835
-75.8951, 171.205, 0.0111947
-77.9736, 110.234, 0.0623284
-76.0793, 170.73, 0.0253727
-76.0798, 170.73, 0.0253981
-79.1577, 110.234, 0.0776748
-76.2056, 170.52, 0.031601
-76.2063, 170.52, 0.0316326
-75.8575, 110.234, 0.0035414
-75.8514, 171.606, 0.00144527
-75.8514, 171.606, 0.00144671
-75.9388, 110.234, 0.0126737
-75.8601, 171.411, 0.00516931
-75.8601, 171.411, 0.00517448
-75.8825, 110.234, 0.00762018
-75.8541, 171.493, 0.00310883
-75.8541, 171.493, 0.00311194
-76.2507, 110.234, 0.0270501
-75.8938, 171.211, 0.0110267
-75.8939, 171.211, 0.0110378
-79.2678, 110.234, 0.0789433
-76.2173, 170.502, 0.0321154
-76.218, 170.502, 0.0321475
-78.0968, 110.234, 0.0641038
-76.0925, 170.706, 0.0260937
-76.093, 170.706, 0.0261198
-77.254, 110.234, 0.0507023
-76.0021, 170.889, 0.0206494
-76.0024, 170.889, 0.02067
-79.1534, 110.234, 0.0776239
-76.2051, 170.52, 0.0315803
-76.2058, 170.52, 0.0316119
-76.0088, 806.639, 0.0456897
-75.8675, 1258.67, 0.0186679
-75.8675, 1258.67, 0.0186866
-75.9675, 806.639, 0.0392798
-75.8631, 1258.83, 0.01605
-75.8631, 1258.83, 0.016066
-76.0202, 806.639, 0.0472956
-75.8687, 1258.64, 0.0193238
-75.8688, 1258.64, 0.0193432
-76.1841, 806.639, 0.0663155
-75.8863, 1258.28, 0.0270911
-75.8863, 1258.28, 0.0271182
-75.9076, 806.639, 0.0274351
-75.8567, 1259.22, 0.0112119
-75.8567, 1259.22, 0.0112231
-76.1452, 806.639, 0.0623284
-75.8821, 1258.35, 0.025463
-75.8822, 1258.35, 0.0254885
-76.3084, 806.639, 0.0776748
-75.8995, 1258.1, 0.0317293
-75.8996, 1258.1, 0.031761
-75.8516, 806.639, 0.0035414
-75.8507, 1262.33, 0.00144905
-75.8507, 1262.33, 0.0014505
-75.8628, 806.639, 0.0126737
-75.8519, 1260.46, 0.0051819
-75.8519, 1260.46, 0.00518709
-75.855, 806.639, 0.00762018
-75.8511, 1261.55, 0.00311702
-75.8511, 1261.55, 0.00312014
-75.9061, 806.639, 0.0270501
-75.8565, 1259.24, 0.0110546
-75.8565, 1259.24, 0.0110657
-76.3235, 806.639, 0.0789433
-75.9011, 1258.08, 0.0322472
-75.9012, 1258.08, 0.0322794
-76.1622, 806.639, 0.0641038
-75.8839, 1258.32, 0.026188
-75.884, 1258.32, 0.0262142
-76.0455, 806.639, 0.0507023
-75.8714, 1258.57, 0.0207152
-75.8715, 1258.57, 0.0207359
-76.3078, 806.639, 0.0776239
-75.8995, 1258.1, 0.0317085
-75.8996, 1258.1, 0.0317402
-76.1105, 490.496, 0.0456897
-75.8784, 764.824, 0.0186614
-75.8785, 764.824, 0.01868
-76.0427, 490.496, 0.0392798
-75.8712, 764.928, 0.0160444
-75.8712, 764.928, 0.0160605
-76.1291, 490.496, 0.0472956
-75.8804, 764.799, 0.019317
-75.8805, 764.799, 0.0193363
-76.3983, 490.496, 0.0663155
-75.9092, 764.516, 0.0270803
-75.9094, 764.516, 0.0271074
-75.9443, 490.496, 0.0274351
-75.8606, 765.155, 0.0112079
-75.8607, 765.155, 0.0112191
-76.3344, 490.496, 0.0623284
-75.9024, 764.574, 0.0254531
-75.9025, 764.574, 0.0254786
-76.6026, 490.496, 0.0776748
-75.9311, 764.355, 0.0317156
-75.9312, 764.355, 0.0317473
-75.8522, 490.496, 0.0035414
-75.8508, 767.209, 0.00144869
-75.8508, 767.209, 0.00145014
-75.8706, 490.496, 0.0126737
-75.8528, 765.704, 0.00517937
-75.8528, 765.704, 0.00518456
-75.8579, 490.496, 0.00762018
-75.8514, 766.247, 0.00311525
-75.8514, 766.247, 0.00311837
-75.9417, 490.496, 0.0270501
-75.8604, 765.164, 0.0110507
-75.8604, 765.164, 0.0110617
-76.6274, 490.496, 0.0789433
-75.9337, 764.337, 0.0322332
-75.9339, 764.337, 0.0322654
-76.3624, 490.496, 0.0641038
-75.9054, 764.548, 0.0261777
-75.9055, 764.548, 0.0262039
-76.1706, 490.496, 0.0507023
-75.8849, 764.746, 0.0207077
-75.8849, 764.746, 0.0207284
-76.6016, 490.496, 0.0776239
-75.9309, 764.356, 0.0316949
-75.9311, 764.356, 0.0317266
-77.243, 89.8218, 0.0456897
-76.0013, 139.079, 0.018597
-76.0016, 139.079, 0.0186157
-76.88, 89.8218, 0.0392798
-75.962, 139.167, 0.0159929
-75.9622, 139.167, 0.0160089
-77.3426, 89.8218, 0.0472956
-76.012, 139.058, 0.0192492
-76.0123, 139.058, 0.0192685
-78.7895, 89.8218, 0.0663155
-76.1675, 138.797, 0.0269658
-76.1681, 138.797, 0.0269927
-76.3536, 89.8218, 0.0274351
-75.905, 139.327, 0.0111766
-75.9051, 139.327, 0.0111878
-78.4449, 89.8218, 0.0623284
-76.1306, 138.852, 0.0253493
-76.1312, 138.852, 0.0253747
-79.8938, 89.8218, 0.0776748
-76.2851, 138.64, 0.0315675
-76.286, 138.64, 0.0315991
-75.8591, 89.8218, 0.0035414
-75.8516, 139.697, 0.00144459
-75.8516, 139.697, 0.00144603
-75.9584, 89.8218, 0.0126737
-75.8623, 139.53, 0.00516675
-75.8623, 139.53, 0.00517192
-75.8897, 89.8218, 0.00762018
-75.8548, 139.606, 0.00310739
-75.8549, 139.606, 0.0031105
-76.3397, 89.8218, 0.0270501
-75.9035, 139.333, 0.01102
-75.9036, 139.333, 0.011031
-80.0286, 89.8218, 0.0789433
-76.2994, 138.623, 0.032081
-76.3003, 138.623, 0.0321131
-78.5956, 89.8218, 0.0641038
-76.1468, 138.828, 0.0260692
-76.1473, 138.828, 0.0260952
-77.5654, 89.8218, 0.0507023
-76.036, 139.011, 0.0206324
-76.0364, 139.011, 0.0206531
-79.8885, 89.8218, 0.0776239
-76.2846, 138.641, 0.0315469
-76.2854, 138.641, 0.0315784
-76.1101, 491.232, 0.0456897
-75.8784, 765.973, 0.0186614
-75.8785, 765.973, 0.01868
-76.0424, 491.232, 0.0392798
-75.8711, 766.078, 0.0160444
-75.8712, 766.078, 0.0160605
-76.1286, 491.232, 0.0472956
-75.8804, 765.948, 0.019317
-75.8804, 765.948, 0.0193363
-76.3975, 491.232, 0.0663155
-75.9092, 765.666, 0.0270804
-75.9093, 765.666, 0.0271075
-75.9442, 491.232, 0.0274351
-75.8606, 766.305, 0.0112079
-75.8606, 766.305, 0.0112192
-76.3336, 491.232, 0.0623284
-75.9023, 765.723, 0.0254531
-75.9024, 765.723, 0.0254786
-76.6014, 491.232, 0.0776748
-75.9309, 765.504, 0.0317157
-75.9311, 765.504, 0.0317474
-75.8522, 491.232, 0.0035414
-75.8508, 768.364, 0.00144869
-75.8508, 768.364, 0.00145014
-75.8706, 491.232, 0.0126737
-75.8528, 766.855, 0.00517938
-75.8528, 766.855, 0.00518456
-75.8578, 491.232, 0.00762018
-75.8514, 767.399, 0.00311525
-75.8514, 767.399, 0.00311837
-75.9416, 491.232, 0.0270501
-75.8603, 766.313, 0.0110507
-75.8604, 766.313, 0.0110618
-76.6262, 491.232, 0.0789433
-75.9336, 765.486, 0.0322332
-75.9337, 765.486, 0.0322655
-76.3616, 491.232, 0.0641038
-75.9053, 765.697, 0.0261777
-75.9054, 765.697, 0.0262039
-76.1701, 491.232, 0.0507023
-75.8848, 765.895, 0.0207077
-75.8849, 765.895, 0.0207284
-76.6005, 491.232, 0.0776239
-75.9308, 765.505, 0.0316949
-75.931, 765.505, 0.0317266
-75.9904, 913.029, 0.0456897
-75.8655, 1424.9, 0.0186694
-75.8656, 1424.9, 0.018688
-75.9539, 913.029, 0.0392798
-75.8616, 1425.08, 0.0160512
-75.8617, 1425.08, 0.0160673
-76.0004, 913.029, 0.0472956
-75.8666, 1424.86, 0.0193253
-75.8666, 1424.86, 0.0193446
-76.1453, 913.029, 0.0663155
-75.8821, 1424.47, 0.0270933
-75.8822, 1424.47, 0.0271204
-75.901, 913.029, 0.0274351
-75.856, 1425.56, 0.0112129
-75.856, 1425.56, 0.0112241
-76.1109, 913.029, 0.0623284
-75.8784, 1424.54, 0.0254649
-75.8785, 1424.54, 0.0254904
-76.2551, 913.029, 0.0776748
-75.8938, 1424.27, 0.0317319
-75.8939, 1424.27, 0.0317637
-75.8515, 913.029, 0.0035414
-75.8507, 1428.74, 0.00144901
-75.8507, 1428.74, 0.00145046
-75.8614, 913.029, 0.0126737
-75.8518, 1427.07, 0.00518257
-75.8518, 1427.07, 0.00518775
-75.8545, 913.029, 0.00762018
-75.8511, 1428.3, 0.00311741
-75.8511, 1428.3, 0.00312053
-75.8996, 913.029, 0.0270501
-75.8558, 1425.58, 0.0110556
-75.8558, 1425.58, 0.0110667
-76.2684, 913.029, 0.0789433
-75.8952, 1424.25, 0.0322499
-75.8953, 1424.25, 0.0322821
-76.126, 913.029, 0.0641038
-75.88, 1424.51, 0.02619
-75.8801, 1424.51, 0.0262162
-76.0228, 913.029, 0.0507023
-75.869, 1424.78, 0.0207167
-75.869, 1424.78, 0.0207375
-76.2546, 913.029, 0.0776239
-75.8938, 1424.27, 0.0317111
-75.8938, 1424.27, 0.0317429
-76.5482, 181.411, 0.0456897
-75.9257, 282.111, 0.0186365
-75.9258, 282.111, 0.0186551
-76.3663, 181.411, 0.0392798
-75.9061, 282.199, 0.0160244
-75.9062, 282.199, 0.0160404
-76.5981, 181.411, 0.0472956
-75.931, 282.09, 0.0192908
-75.9312, 282.09, 0.0193101
-77.3221, 181.411, 0.0663155
-76.0086, 281.83, 0.0270363
-76.0089, 281.83, 0.0270634
-76.1024, 181.411, 0.0274351
-75.8777, 282.363, 0.0111955
-75.8778, 282.363, 0.0112067
-77.1499, 181.411, 0.0623284
-75.9902, 281.885, 0.0254132
-75.9905, 281.885, 0.0254386
-77.8726, 181.411, 0.0776748
-76.0673, 281.675, 0.0316588
-76.0677, 281.675, 0.0316905
-75.8548, 181.411, 0.0035414
-75.8511, 282.946, 0.00144663
-75.8511, 282.946, 0.00144807
-75.9045, 181.411, 0.0126737
-75.8564, 282.589, 0.00517383
-75.8564, 282.589, 0.00517901
-75.8701, 181.411, 0.00762018
-75.8527, 282.707, 0.00311146
-75.8527, 282.707, 0.00311457
-76.0954, 181.411, 0.0270501
-75.8769, 282.368, 0.0110385
-75.877, 282.368, 0.0110495
-77.9397, 181.411, 0.0789433
-76.0744, 281.657, 0.0321748
-76.0749, 281.657, 0.032207
-77.2252, 181.411, 0.0641038
-75.9982, 281.86, 0.026136
-75.9985, 281.86, 0.0261621
-76.7098, 181.411, 0.0507023
-75.943, 282.043, 0.0206786
-75.9432, 282.043, 0.0206993
-77.87, 181.411, 0.0776239
-76.067, 281.676, 0.0316381
-76.0674, 281.676, 0.0316698
-76.0352, 691.146, 0.0456897
-75.8703, 1078.24, 0.0186661
-75.8704, 1078.24, 0.0186848
-75.987, 691.146, 0.0392798
-75.8652, 1078.38, 0.0160484
-75.8652, 1078.38, 0.0160644
-76.0484, 691.146, 0.0472956
-75.8718, 1078.21, 0.0193219
-75.8718, 1078.21, 0.0193412
-76.2397, 691.146, 0.0663155
-75.8922, 1077.89, 0.0270882
-75.8923, 1077.89, 0.0271153
-75.9172, 691.146, 0.0274351
-75.8577, 1078.7, 0.0112107
-75.8577, 1078.7, 0.0112219
-76.1943, 691.146, 0.0623284
-75.8874, 1077.96, 0.0254603
-75.8874, 1077.96, 0.0254858
-76.3847, 691.146, 0.0776748
-75.9077, 1077.72, 0.0317256
-75.9078, 1077.72, 0.0317574
-75.8517, 691.146, 0.0035414
-75.8508, 1081.55, 0.00144902
-75.8508, 1081.55, 0.00145047
-75.8648, 691.146, 0.0126737
-75.8521, 1079.65, 0.00518109
-75.8521, 1079.65, 0.00518628
-75.8558, 691.146, 0.00762018
-75.8512, 1080.56, 0.00311649
-75.8512, 1080.56, 0.00311961
-75.9153, 691.146, 0.0270501
-75.8575, 1078.71, 0.0110534
-75.8575, 1078.71, 0.0110645
-76.4023, 691.146, 0.0789433
-75.9096, 1077.7, 0.0322434
-75.9097, 1077.7, 0.0322757
-76.2142, 691.146, 0.0641038
-75.8895, 1077.93, 0.0261852
-75.8896, 1077.93, 0.0262114
-76.078, 691.146, 0.0507023
-75.8749, 1078.15, 0.0207131
-75.875, 1078.15, 0.0207338
-76.384, 691.146, 0.0776239
-75.9076, 1077.72, 0.0317049
-75.9077, 1077.72, 0.0317366
-76.0404, 672.083, 0.0456897
-75.8709, 1048.47, 0.0186657
-75.871, 1048.47, 0.0186844
-75.9909, 672.083, 0.0392798
-75.8656, 1048.59, 0.0160481
-75.8656, 1048.59, 0.0160641
-76.054, 672.083, 0.0472956
-75.8724, 1048.44, 0.0193215
-75.8724, 1048.44, 0.0193409
-76.2507, 672.083, 0.0663155
-75.8934, 1048.12, 0.0270876
-75.8935, 1048.12, 0.0271147
-75.9191, 672.083, 0.0274351
-75.8579, 1048.91, 0.0112105
-75.8579, 1048.91, 0.0112217
-76.204, 672.083, 0.0623284
-75.8884, 1048.18, 0.0254598
-75.8885, 1048.18, 0.0254852
-76.3998, 672.083, 0.0776748
-75.9093, 1047.95, 0.0317249
-75.9094, 1047.95, 0.0317567
-75.8518, 672.083, 0.0035414
-75.8508, 1051.7, 0.00144901
-75.8508, 1051.7, 0.00145046
-75.8652, 672.083, 0.0126737
-75.8522, 1049.81, 0.00518095
-75.8522, 1049.81, 0.00518613
-75.8559, 672.083, 0.00762018
-75.8512, 1050.69, 0.00311639
-75.8512, 1050.69, 0.00311951
-75.9171, 672.083, 0.0270501
-75.8577, 1048.92, 0.0110532
-75.8577, 1048.92, 0.0110643
-76.418, 672.083, 0.0789433
-75.9113, 1047.93, 0.0322427
-75.9114, 1047.93, 0.032275
-76.2244, 672.083, 0.0641038
-75.8906, 1048.15, 0.0261846
-75.8907, 1048.15, 0.0262108
-76.0844, 672.083, 0.0507023
-75.8756, 1048.37, 0.0207127
-75.8757, 1048.37, 0.0207334
-76.3991, 672.083, 0.0776239
-75.9093, 1047.95, 0.0317042
-75.9094, 1047.95, 0.0317359
-76.1859, 379.701, 0.0456897
-75.8866, 591.78, 0.0186569
-75.8866, 591.78, 0.0186756
-76.0984, 379.701, 0.0392798
-75.8772, 591.875, 0.0160408
-75.8772, 591.875, 0.0160568
-76.2099, 379.701, 0.0472956
-75.8891, 591.756, 0.0193123
-75.8892, 591.756, 0.0193316
-76.5574, 379.701, 0.0663155
-75.9263, 591.487, 0.0270727
-75.9265, 591.487, 0.0270998
-75.9715, 379.701, 0.0274351
-75.8636, 592.068, 0.0112056
-75.8636, 592.068, 0.0112168
-76.4748, 379.701, 0.0623284
-75.9175, 591.543, 0.0254461
-75.9176, 591.543, 0.0254716
-76.8211, 379.701, 0.0776748
-75.9545, 591.329, 0.0317058
-75.9547, 591.329, 0.0317375
-75.8526, 379.701, 0.0035414
-75.8509, 593.558, 0.00144826
-75.8509, 593.558, 0.00144971
-75.8764, 379.701, 0.0126737
-75.8534, 592.456, 0.00517812
-75.8534, 592.456, 0.0051833
-75.86, 379.701, 0.00762018
-75.8516, 592.808, 0.00311432
-75.8516, 592.808, 0.00311743
-75.9682, 379.701, 0.0270501
-75.8632, 592.075, 0.0110484
-75.8632, 592.075, 0.0110594
-76.8532, 379.701, 0.0789433
-75.9579, 591.312, 0.0322231
-75.9581, 591.312, 0.0322553
-76.511, 379.701, 0.0641038
-75.9214, 591.518, 0.0261704
-75.9215, 591.518, 0.0261966
-76.2635, 379.701, 0.0507023
-75.8949, 591.707, 0.0207025
-75.895, 591.707, 0.0207233
-76.8199, 379.701, 0.0776239
-75.9543, 591.33, 0.031685
-75.9545, 591.33, 0.0317167
-76.3321, 263.762, 0.0456897
-75.9023, 410.715, 0.0186486
-75.9024, 410.715, 0.0186673
-76.2065, 263.762, 0.0392798
-75.8888, 410.805, 0.0160341
-75.8889, 410.805, 0.0160501
-76.3666, 263.762, 0.0472956
-75.906, 410.693, 0.0193036
-75.9061, 410.693, 0.0193229
-76.8659, 263.762, 0.0663155
-75.9595, 410.431, 0.027058
-75.9597, 410.431, 0.0270851
-76.0243, 263.762, 0.0274351
-75.8693, 410.977, 0.0112014
-75.8693, 410.977, 0.0112126
-76.7473, 263.762, 0.0623284
-75.9468, 410.486, 0.0254328
-75.947, 410.486, 0.0254583
-77.2452, 263.762, 0.0776748
-75.9999, 410.276, 0.0316868
-76.0002, 410.276, 0.0317185
-75.8535, 263.762, 0.0035414
-75.851, 411.888, 0.0014475
-75.851, 411.888, 0.00144895
-75.8877, 263.762, 0.0126737
-75.8546, 411.25, 0.00517622
-75.8546, 411.25, 0.00518139
-75.8641, 263.762, 0.00762018
-75.8521, 411.443, 0.00311298
-75.8521, 411.443, 0.00311609
-76.0195, 263.762, 0.0270501
-75.8687, 410.982, 0.0110443
-75.8688, 410.982, 0.0110553
-77.2914, 263.762, 0.0789433
-76.0049, 410.258, 0.0322036
-76.0052, 410.258, 0.0322358
-76.7992, 263.762, 0.0641038
-75.9523, 410.462, 0.0261565
-75.9525, 410.462, 0.0261827
-76.4436, 263.762, 0.0507023
-75.9143, 410.646, 0.0206928
-75.9144, 410.646, 0.0207135
-77.2434, 263.762, 0.0776239
-75.9997, 410.277, 0.0316661
-76, 410.277, 0.0316978
-76.0471, 649.144, 0.0456897
-75.8716, 1012.63, 0.0186653
-75.8717, 1012.63, 0.018684
-75.9959, 649.144, 0.0392798
-75.8661, 1012.76, 0.0160477
-75.8662, 1012.76, 0.0160638
-76.0612, 649.144, 0.0472956
-75.8731, 1012.6, 0.0193211
-75.8732, 1012.6, 0.0193404
-76.2648, 649.144, 0.0663155
-75.8949, 1012.29, 0.0270869
-75.895, 1012.29, 0.027114
-75.9215, 649.144, 0.0274351
-75.8582, 1013.06, 0.0112102
-75.8582, 1013.06, 0.0112214
-76.2165, 649.144, 0.0623284
-75.8897, 1012.35, 0.0254591
-75.8898, 1012.35, 0.0254846
-76.4192, 649.144, 0.0776748
-75.9114, 1012.12, 0.031724
-75.9115, 1012.12, 0.0317558
-75.8518, 649.144, 0.0035414
-75.8508, 1015.77, 0.00144899
-75.8508, 1015.77, 0.00145044
-75.8657, 649.144, 0.0126737
-75.8522, 1013.91, 0.00518077
-75.8522, 1013.91, 0.00518595
-75.8561, 649.144, 0.00762018
-75.8512, 1014.75, 0.00311627
-75.8512, 1014.75, 0.00311939
-75.9195, 649.144, 0.0270501
-75.858, 1013.07, 0.011053
-75.858, 1013.07, 0.011064
-76.438, 649.144, 0.0789433
-75.9134, 1012.1, 0.0322418
-75.9135, 1012.1, 0.032274
-76.2376, 649.144, 0.0641038
-75.892, 1012.33, 0.026184
-75.8921, 1012.33, 0.0262101
-76.0926, 649.144, 0.0507023
-75.8765, 1012.54, 0.0207122
-75.8766, 1012.54, 0.0207329
-76.4184, 649.144, 0.0776239
-75.9113, 1012.12, 0.0317033
-75.9114, 1012.12, 0.031735
-76.3444, 257.182, 0.0456897
-75.9036, 400.438, 0.0186479
-75.9037, 400.438, 0.0186666
-76.2156, 257.182, 0.0392798
-75.8898, 400.528, 0.0160335
-75.8899, 400.528, 0.0160496
-76.3797, 257.182, 0.0472956
-75.9074, 400.416, 0.0193029
-75.9075, 400.416, 0.0193222
-76.8917, 257.182, 0.0663155
-75.9622, 400.155, 0.0270568
-75.9625, 400.155, 0.0270838
-76.0287, 257.182, 0.0274351
-75.8697, 400.699, 0.0112011
-75.8698, 400.699, 0.0112123
-76.77, 257.182, 0.0623284
-75.9492, 400.21, 0.0254317
-75.9494, 400.21, 0.0254572
-77.2807, 257.182, 0.0776748
-76.0037, 399.999, 0.0316853
-76.004, 399.999, 0.031717
-75.8536, 257.182, 0.0035414
-75.851, 401.58, 0.00144745
-75.851, 401.58, 0.00144889
-75.8887, 257.182, 0.0126737
-75.8547, 400.967, 0.00517607
-75.8547, 400.967, 0.00518125
-75.8644, 257.182, 0.00762018
-75.8521, 401.153, 0.00311288
-75.8521, 401.153, 0.00311599
-76.0238, 257.182, 0.0270501
-75.8692, 400.705, 0.0110439
-75.8692, 400.705, 0.011055
-77.328, 257.182, 0.0789433
-76.0088, 399.982, 0.032202
-76.0091, 399.982, 0.0322342
-76.8233, 257.182, 0.0641038
-75.9549, 400.185, 0.0261553
-75.9551, 400.185, 0.0261815
-76.4587, 257.182, 0.0507023
-75.9159, 400.369, 0.020692
-75.916, 400.369, 0.0207127
-77.2788, 257.182, 0.0776239
-76.0035, 400, 0.0316645
-76.0038, 400, 0.0316962
-503.43, 0.0170733, 0.00874916
-63.109, 0.0359159, 0.00448849
-63.204, 0.0359159, 0.00449298
-84.6252, 0.0170733, 0.00248721
-56.8978, 0.0348395, 0.00123522
-56.8754, 0.0348395, 0.00123646
-135.623, 0.0170733, 0.0032125
-51.0124, 0.0349008, 0.0015983
-50.9893, 0.0349008, 0.0015999
-333.911, 0.0170733, 0.00568282
-43.4995, 0.0351971, 0.00285228
-43.5075, 0.0351971, 0.00285513
-79.4397, 0.0170733, 0.00240019
-57.6849, 0.0348299, 0.00119168
-57.6631, 0.0348299, 0.00119287
-291.759, 0.0170733, 0.00512697
-43.2848, 0.0351144, 0.00256695
-43.2817, 0.0351144, 0.00256952
-217.077, 0.0170733, 0.00420934
-45.3918, 0.0350077, 0.00210087
-45.3752, 0.0350077, 0.00210297
-539.493, 0.0170733, 0.00983801
-76.318, 0.0363519, 0.00511678
-76.4489, 0.0363519, 0.0051219
-99.9287, 0.0170733, 0.0027245
-54.8423, 0.0348637, 0.00135403
-54.8192, 0.0348637, 0.00135539
-157.168, 0.0170733, 0.00348442
-49.1618, 0.0349263, 0.00173489
-49.1396, 0.0349263, 0.00173662
-534.135, 0.0170733, 0.00965391
-73.9028, 0.0362809, 0.00500971
-74.0265, 0.0362809, 0.00501472
-236.397, 0.0170733, 0.00444217
-44.5685, 0.0350279, 0.00221839
-44.5547, 0.0350279, 0.00222061
-462.096, 0.0170733, 0.00779192
-53.9415, 0.0356258, 0.00396184
-54.0053, 0.0356258, 0.0039658
-214.912, 0.0170733, 0.00418338
-45.496, 0.0350008, 0.00208748
-45.479, 0.0350008, 0.00208957
-141.569, 0.0170733, 0.00328859
-50.4715, 0.0349088, 0.00163654
-50.4484, 0.0349088, 0.00163818
-431.568, 0.0204389, 0.00874916
-49.9135, 0.0427057, 0.00445506
-49.9622, 0.0427057, 0.00445952
-62.3377, 0.0204389, 0.00248721
-60.7599, 0.0417212, 0.00123565
-60.7405, 0.0417212, 0.00123689
-96.3683, 0.0204389, 0.0032125
-55.3021, 0.0417918, 0.00159874
-55.2792, 0.0417918, 0.00160034
-258.5, 0.0204389, 0.00568282
-43.8287, 0.0420924, 0.00284923
-43.8187, 0.0420924, 0.00285208
-59.2121, 0.0204389, 0.00240019
-61.4344, 0.0417118, 0.00119215
-61.4159, 0.0417118, 0.00119334
-43.4168, 0.0264092, 0.0018673
-221.146, 0.0204184, 0.00512697
-221.495, 0.0204184, 0.0051321
-45.208, 0.0420594, 0.00256575
-158.463, 0.0204184, 0.00420934
-158.744, 0.0204184, 0.00421356
-49.0941, 0.0419424, 0.00210045
-475.364, 0.0204184, 0.00983801
-475.714, 0.0204184, 0.00984786
-57.0393, 0.0431019, 0.00505538
-72.1345, 0.0204184, 0.0027245
-72.2555, 0.0204184, 0.00272722
-58.9325, 0.0417855, 0.00135429
-112.196, 0.0204184, 0.00348442
-112.403, 0.0204184, 0.0034879
-53.4495, 0.041865, 0.00173541
-468.677, 0.0204184, 0.00965391
-469.037, 0.0204184, 0.00966357
-55.6611, 0.0430278, 0.00495125
-174.176, 0.0204184, 0.00444217
-174.479, 0.0204184, 0.00444661
-47.9241, 0.0419675, 0.002218
-385.911, 0.0204184, 0.00779192
-386.317, 0.0204184, 0.00779971
-45.6106, 0.0425176, 0.00394441
-156.722, 0.0204184, 0.00418338
-157.004, 0.0204184, 0.00418757
-49.2319, 0.0419353, 0.00208713
-100.802, 0.0204184, 0.00328859
-100.989, 0.0204184, 0.00329188
-54.7865, 0.0418405, 0.00163688
-53.3208, 0.0757867, 0.00874916
-53.3812, 0.0757867, 0.00875791
-63.2613, 0.15849, 0.00444958
-43.3114, 0.0951646, 0.00709937
-43.3051, 0.0951646, 0.00710647
-59.1943, 0.0758625, 0.00248721
-71.0641, 0.0366918, 0.00495066
-71.1799, 0.0366918, 0.00495561
-44.7657, 0.0541163, 0.0034271
-53.5044, 0.0757867, 0.0032125
-53.4811, 0.0757867, 0.00321571
-111.426, 0.0367033, 0.00638969
-44.4157, 0.0607324, 0.00396211
-44.4023, 0.0607324, 0.00396607
-43.2364, 0.0758625, 0.00568282
-282.395, 0.0367362, 0.0113258
-282.772, 0.0367362, 0.0113371
-43.1607, 0.0750179, 0.00574373
-59.8925, 0.0757867, 0.00240019
-59.872, 0.0757867, 0.00240259
-67.0053, 0.0367485, 0.00478019
-44.5947, 0.0528293, 0.00338223
-44.5808, 0.0528293, 0.00338561
-44.1063, 0.0758625, 0.00512697
-244.919, 0.0366088, 0.0101806
-245.274, 0.0366088, 0.0101908
-43.3627, 0.0728794, 0.00532458
-47.4182, 0.0757867, 0.00420934
-47.3976, 0.0757867, 0.00421356
-179.56, 0.0366595, 0.00836185
-43.6936, 0.0673766, 0.00470356
-43.6843, 0.0673766, 0.00470827
-61.9616, 0.0758625, 0.00983801
-61.1421, 0.158572, 0.00501166
-61.1228, 0.158572, 0.00501668
-57.2509, 0.0758625, 0.0027245
-82.9649, 0.0366952, 0.0054235
-83.1087, 0.0366952, 0.00542893
-44.8226, 0.0567635, 0.00358798
-51.6173, 0.0757867, 0.00348442
-51.5941, 0.0757867, 0.0034879
-129.122, 0.0366897, 0.00692782
-44.146, 0.0625883, 0.00417588
-44.1339, 0.0625883, 0.00418006
-60.3308, 0.0758625, 0.00965391
-61.5019, 0.158571, 0.00491782
-61.4831, 0.158571, 0.00492274
-43.2318, 0.0994527, 0.00753829
-46.3559, 0.0757867, 0.00444217
-46.337, 0.0757867, 0.00444661
-196.184, 0.036651, 0.00882219
-43.6211, 0.0689467, 0.00485668
-43.6123, 0.0689467, 0.00486154
-47.6318, 0.0758625, 0.00779192
-65.1085, 0.158091, 0.00395623
-65.0937, 0.158091, 0.00396019
-43.3946, 0.0903108, 0.00663511
-47.5461, 0.0757867, 0.00418338
-47.5253, 0.0757867, 0.00418757
-177.726, 0.0366605, 0.00831051
-43.7746, 0.0674509, 0.00466973
-43.7647, 0.0674509, 0.0046744
-52.983, 0.0758625, 0.00328859
-116.5, 0.0366649, 0.0065407
-116.712, 0.0366649, 0.00654724
-44.359, 0.061347, 0.00402115
-123.326, 0.0467844, 0.00874916
-123.545, 0.0467844, 0.00875791
-52.2598, 0.097361, 0.00442611
-47.8748, 0.0467844, 0.00248721
-47.8537, 0.0467844, 0.0024897
-174.086, 0.0228091, 0.00498169
-43.8326, 0.0413918, 0.00279941
-43.8226, 0.0413918, 0.00280221
-43.7303, 0.0468312, 0.0032125
-262.342, 0.0227643, 0.00642793
-262.72, 0.0227643, 0.00643436
-43.3378, 0.045566, 0.00329834
-59.448, 0.0467844, 0.00568282
-59.5309, 0.0467844, 0.0056885
-61.5614, 0.0967171, 0.00285466
-43.3281, 0.0607368, 0.00443563
-43.3228, 0.0607368, 0.00444007
-48.6619, 0.0468312, 0.00240019
-163.906, 0.0227899, 0.00480819
-164.192, 0.0227899, 0.004813
-43.9202, 0.0408527, 0.00273869
-52.2721, 0.0467844, 0.00512697
-52.33, 0.0467844, 0.0051321
-63.3937, 0.0966195, 0.00257271
-43.4374, 0.0581708, 0.00416664
-43.4306, 0.0581708, 0.00417081
-44.7603, 0.0468312, 0.00420934
-66.3897, 0.0963803, 0.00210897
-66.3761, 0.0963803, 0.00211108
-43.4433, 0.0526999, 0.00375997
-151.624, 0.0467844, 0.00983801
-151.885, 0.0467844, 0.00984786
-49.5717, 0.0976055, 0.00499042
-46.0694, 0.0467844, 0.0027245
-46.0511, 0.0467844, 0.00272722
-202.974, 0.0228014, 0.00545506
-43.6874, 0.0429932, 0.00295589
-43.6785, 0.0429932, 0.00295885
-43.2363, 0.0468312, 0.00348442
-293.873, 0.0227913, 0.00698059
-294.267, 0.0227913, 0.00698758
-43.2129, 0.0465561, 0.00350431
-146.744, 0.0467844, 0.00965391
-146.998, 0.0467844, 0.00966357
-49.9981, 0.0975618, 0.00489466
-46.1242, 0.0467844, 0.00444217
-46.1535, 0.0467844, 0.00444661
-65.6402, 0.0965224, 0.00222672
-43.4811, 0.0542743, 0.00385487
-43.4739, 0.0542743, 0.00385873
-99.9394, 0.0468312, 0.00779192
-54.9058, 0.0970478, 0.00393248
-54.8832, 0.0970478, 0.00393642
-44.6359, 0.0468312, 0.00418338
-66.4734, 0.0963695, 0.00209572
-66.4599, 0.0963695, 0.00209781
-43.4382, 0.0525151, 0.00374923
-43.5252, 0.0467844, 0.00328859
-43.5178, 0.0467844, 0.00329188
-270.885, 0.0227889, 0.00658073
-43.2844, 0.0458008, 0.00335657
-43.2806, 0.0458008, 0.00335993
-99.1187, 0.0524004, 0.00874916
-55.0279, 0.108901, 0.00442919
-55.0053, 0.108901, 0.00443362
-50.4778, 0.0524004, 0.00248721
-141.815, 0.0254708, 0.00497656
-142.069, 0.0254708, 0.00498154
-44.1132, 0.0442828, 0.00292477
-45.2337, 0.052348, 0.0032125
-45.2174, 0.052348, 0.00321571
-218.936, 0.0254706, 0.00642103
-43.5335, 0.0488416, 0.00343359
-43.5259, 0.0488416, 0.00343703
-51.3269, 0.0524004, 0.00568282
-63.6747, 0.108213, 0.00285752
-63.658, 0.108213, 0.00286038
-43.4407, 0.0647351, 0.00465212
-51.2775, 0.052348, 0.00240019
-51.2544, 0.052348, 0.00240259
-132.69, 0.0254986, 0.00480291
-44.1274, 0.0435048, 0.0028684
-44.1156, 0.0435048, 0.00287127
-46.87, 0.0524004, 0.00512697
-65.2772, 0.108136, 0.00257607
-65.2618, 0.108136, 0.00257865
-43.4891, 0.0616585, 0.00439368
-43.2997, 0.052348, 0.00420934
-43.3049, 0.052348, 0.00421356
-67.9074, 0.108184, 0.00211376
-43.2392, 0.0544839, 0.00405239
-43.2359, 0.0544839, 0.00405644
-122.225, 0.0524004, 0.00983801
-52.3279, 0.108514, 0.00496145
-52.3048, 0.108514, 0.00496641
-48.4375, 0.0524004, 0.0027245
-166.72, 0.0254479, 0.00544625
-167.01, 0.0254479, 0.0054517
-43.8724, 0.0458445, 0.00309763
-44.0877, 0.052348, 0.00348442
-44.076, 0.052348, 0.0034879
-247.999, 0.0254656, 0.0069631
-43.3907, 0.0503464, 0.00361723
-43.3847, 0.0503464, 0.00362085
-118.181, 0.0524004, 0.00965391
-52.7655, 0.109067, 0.00489523
-52.7425, 0.109067, 0.00490013
-43.7288, 0.0524004, 0.00444217
-67.2483, 0.108039, 0.00222989
-67.2362, 0.108039, 0.00223213
-43.3321, 0.0566406, 0.00412527
-81.0021, 0.052348, 0.00779192
-81.1423, 0.052348, 0.00779971
-57.6203, 0.108754, 0.00393465
-43.2707, 0.052348, 0.00418338
-43.2748, 0.052348, 0.00418757
-67.9825, 0.108343, 0.00210399
-43.2189, 0.0541258, 0.00405326
-43.2163, 0.0541258, 0.00405732
-44.8822, 0.0524004, 0.00328859
-227.505, 0.0254436, 0.00657271
-227.857, 0.0254436, 0.00657928
-43.5274, 0.0494233, 0.0034785
-636.688, 0.00357499, 0.00874916
-636.527, 0.00357499, 0.00875791
-66.8866, 0.00215749, 0.0207279
-625.084, 0.00357499, 0.00248721
-625.306, 0.00357499, 0.0024897
-114.081, 0.00736428, 0.00124475
-75.8325, 0.131941, 7.80832e-05
-75.8325, 0.131941, 7.81613e-05
-665.467, 0.00357857, 0.0032125
-183.678, 0.00763446, 0.00167467
-183.995, 0.00763446, 0.00167635
-75.8206, 0.158937, 0.000123675
-675.293, 0.00357499, 0.00568282
-675.251, 0.00357499, 0.0056885
-216.607, 0.00277201, 0.0149436
-75.8506, 0.000997018, 0.714539
-75.8506, 0.000997018, 0.715254
-616.62, 0.00357857, 0.00240019
-106.923, 0.00737931, 0.00120503
-107.122, 0.00737931, 0.00120623
-678.695, 0.00357857, 0.00512697
-503.234, 0.00386011, 0.0138955
-502.663, 0.00386011, 0.0139094
-75.8506, 0.00525207, 0.749776
-679.943, 0.00357499, 0.00420934
-679.957, 0.00357499, 0.00421356
-327.641, 0.00905785, 0.00290489
-75.739, 0.37141, 0.00065886
-75.7388, 0.37141, 0.00065952
-614.145, 0.00357857, 0.00983801
-73.1821, 0.00209573, 0.0229129
-73.2102, 0.00209573, 0.0229358
-642.942, 0.00357857, 0.0027245
-135.718, 0.00745106, 0.00138204
-135.971, 0.00745106, 0.00138342
-75.8291, 0.140743, 9.15076e-05
-672.426, 0.00357499, 0.00348442
-672.494, 0.00357499, 0.0034879
-212.235, 0.00782442, 0.00186896
-75.8144, 0.178644, 0.000154696
-75.8143, 0.178644, 0.000154851
-618.38, 0.00357857, 0.00965391
-72.5625, 0.00210426, 0.0225415
-72.5962, 0.00210426, 0.0225641
-680.35, 0.00357857, 0.00444217
-447.588, 0.00969041, 0.00412066
-448.003, 0.00969041, 0.00412478
-75.2088, 0.523654, 0.00305108
-652.319, 0.00357499, 0.00779192
-652.206, 0.00357499, 0.00779971
-53.8676, 0.00223379, 0.018823
-477.416, 0.00288106, 0.0116694
-476.72, 0.00288106, 0.0116811
-50.3921, 0.00225891, 0.0184331
-45.5479, 0.00233388, 0.0173081
-45.5163, 0.00233388, 0.0173254
-679.816, 0.00357857, 0.00418338
-320.96, 0.00898158, 0.00283506
-321.38, 0.00898158, 0.00283789
-75.7492, 0.358178, 0.000597998
-667.813, 0.00357499, 0.00328859
-667.904, 0.00357499, 0.00329188
-190.81, 0.00762108, 0.00170887
-75.8191, 0.156607, 0.000124599
-75.8191, 0.156607, 0.000124723
-565.359, 0.0141711, 0.00874916
-87.3382, 0.0301988, 0.00455505
-87.4936, 0.0301988, 0.00455961
-120.199, 0.0141711, 0.00248721
-52.5337, 0.0289146, 0.00123511
-52.5102, 0.0289146, 0.00123635
-190.556, 0.0141711, 0.0032125
-46.8483, 0.0289738, 0.00159862
-46.8285, 0.0289738, 0.00160022
-415.785, 0.0141711, 0.00568282
-47.7171, 0.0292794, 0.002859
-47.7553, 0.0292794, 0.00286186
-112.484, 0.0141711, 0.00240019
-53.3655, 0.0289049, 0.00119149
-53.3423, 0.0289049, 0.00119268
-372.613, 0.0141711, 0.00512697
-44.747, 0.0291924, 0.00257128
-44.7676, 0.0291924, 0.00257385
-290.264, 0.0141711, 0.00420934
-43.3178, 0.029071, 0.00210193
-43.3142, 0.029071, 0.00210403
-591.14, 0.0141711, 0.00983801
-108.768, 0.0308548, 0.00525585
-108.967, 0.0308548, 0.00526111
-75.8438, 0.696909, 0.000428141
-142.529, 0.0141569, 0.0027245
-142.793, 0.0141569, 0.00272722
-50.4402, 0.0289576, 0.00135362
-218.509, 0.0141569, 0.00348442
-218.862, 0.0141569, 0.0034879
-45.3828, 0.0290264, 0.00173539
-587.733, 0.0141569, 0.00965391
-587.93, 0.0141569, 0.00966357
-104.697, 0.0307443, 0.00512839
-312.762, 0.0141569, 0.00444217
-313.176, 0.0141569, 0.00444661
-43.2564, 0.0291285, 0.00222044
-533.112, 0.0141569, 0.00779192
-533.42, 0.0141569, 0.00779971
-71.2237, 0.0298393, 0.00399722
-288.174, 0.0141569, 0.00418338
-288.573, 0.0141569, 0.00418757
-43.3467, 0.0291019, 0.0020891
-198.592, 0.0141569, 0.00328859
-198.93, 0.0141569, 0.00329188
-46.4147, 0.0290051, 0.00163662
-658.882, 0.00726687, 0.00874916
-658.866, 0.00726687, 0.00875791
-610.791, 0.0169058, 0.0149746
-51.3713, 0.492734, 0.128502
-51.3992, 0.492734, 0.128631
-30861.1, 72077.9, 251.23
-46.0406, 0.544266, 0.136911
-46.0564, 0.544266, 0.137048
-42.8821, 0.625775, 0.149549
-357.937, 0.00726687, 0.00248721
-358.372, 0.00726687, 0.0024897
-44.0363, 0.0148748, 0.00123663
-468.011, 0.00726687, 0.0032125
-468.42, 0.00726687, 0.00321571
-53.2036, 0.0149418, 0.00160465
-634.033, 0.00726687, 0.00568282
-634.181, 0.00726687, 0.0056885
-139.86, 0.0156259, 0.00298306
-75.8322, 0.332408, 0.000226495
-75.8322, 0.332408, 0.000226721
-341.998, 0.00727414, 0.00240019
-43.6362, 0.0148535, 0.00119284
-43.6457, 0.0148535, 0.00119403
-615.817, 0.00727414, 0.00512697
-115.314, 0.015343, 0.00263813
-115.53, 0.015343, 0.00264077
-75.8355, 0.305213, 0.000184942
-566.055, 0.00726687, 0.00420934
-566.355, 0.00726687, 0.00421356
-80.002, 0.0150985, 0.00212581
-655.224, 0.00726687, 0.00983801
-655.178, 0.00726687, 0.00984786
-389.812, 0.00753323, 0.0267261
-75.8506, 0.00865658, 1.45562
-75.8506, 0.00865658, 1.45708
-397.333, 0.00727414, 0.0027245
-45.9577, 0.0148795, 0.00135644
-45.9859, 0.0148795, 0.0013578
-500, 0.00727414, 0.00348442
-59.1454, 0.0149618, 0.00174472
-59.2292, 0.0149618, 0.00174646
-656.041, 0.00727414, 0.00965391
-445.805, 0.00820874, 0.0260472
-445.217, 0.00820874, 0.0260732
-75.8506, 0.0133791, 1.38035
-581.713, 0.00726687, 0.00444217
-581.987, 0.00726687, 0.00444661
-88.1203, 0.0151515, 0.00225184
-658.822, 0.00726687, 0.00779192
-658.841, 0.00726687, 0.00779971
-291.586, 0.0187545, 0.00565294
-75.816, 0.827884, 0.00156602
-75.816, 0.827884, 0.00156758
-563.836, 0.00727414, 0.00418338
-79.2428, 0.0150136, 0.0021023
-79.3837, 0.0150136, 0.0021044
-477.116, 0.00727414, 0.00328859
-54.7926, 0.014934, 0.00164347
-54.8606, 0.014934, 0.00164511
-72.2023, 0.0621464, 0.00874916
-59.0853, 0.129297, 0.00443442
-59.0646, 0.129297, 0.00443886
-54.5936, 0.0621464, 0.00248721
-102.475, 0.030144, 0.00496556
-102.664, 0.030144, 0.00497052
-44.5762, 0.04892, 0.00312724
-48.7006, 0.0620843, 0.0032125
-48.6786, 0.0620843, 0.00321571
-162.396, 0.0301512, 0.00640844
-43.8336, 0.0539088, 0.00367614
-43.8235, 0.0539088, 0.00367982
-44.7514, 0.0621464, 0.00568282
-66.4645, 0.128719, 0.00286646
-66.4509, 0.128719, 0.00286933
-43.3951, 0.0700148, 0.00508122
-55.3909, 0.0620843, 0.00240019
-55.368, 0.0620843, 0.00240259
-95.848, 0.0301846, 0.00479357
-44.6807, 0.0482133, 0.00305797
-44.6663, 0.0482133, 0.00306103
-43.3702, 0.0621464, 0.00512697
-67.744, 0.128792, 0.00258766
-67.7327, 0.128792, 0.00259024
-43.2328, 0.0654133, 0.00488665
-43.9547, 0.0620843, 0.00420934
-43.9436, 0.0620843, 0.00421356
-250.83, 0.0301287, 0.00839044
-43.3558, 0.0599319, 0.00435325
-43.3501, 0.0599319, 0.00435761
-88.022, 0.0621464, 0.00983801
-56.5782, 0.129611, 0.0049994
-56.556, 0.129611, 0.0050044
-52.4828, 0.0621464, 0.0027245
-121.1, 0.0301418, 0.00543887
-121.324, 0.0301418, 0.00544431
-44.2687, 0.0506169, 0.00331549
-46.9951, 0.0620843, 0.00348442
-46.9753, 0.0620843, 0.0034879
-186.545, 0.0301389, 0.00694792
-43.7433, 0.0558917, 0.00385167
-43.7338, 0.0558917, 0.00385553
-85.1808, 0.0621464, 0.00965391
-56.9942, 0.129587, 0.00490487
-56.9723, 0.129587, 0.00490978
-43.4684, 0.0621464, 0.00444217
-271.203, 0.030115, 0.00885957
-271.578, 0.030115, 0.00886844
-43.2479, 0.0609219, 0.00452733
-60.6249, 0.0620843, 0.00779192
-60.7106, 0.0620843, 0.00779971
-61.3896, 0.129211, 0.00394216
-43.2662, 0.0812655, 0.0060646
-43.2611, 0.0812655, 0.00607067
-44.0368, 0.0621464, 0.00418338
-248.96, 0.0300979, 0.00833847
-249.326, 0.0300979, 0.00834681
-43.3643, 0.0598187, 0.00433832
-48.1951, 0.0620843, 0.00328859
-48.1737, 0.0620843, 0.00329188
-169.12, 0.0301467, 0.0065592
-43.8208, 0.0545101, 0.00372337
-43.8108, 0.0545101, 0.00372709
-593.309, 0.00267789, 0.00874916
-75.4338, 0.00151547, 0.019921
-75.4392, 0.00151547, 0.0199409
-672.637, 0.00267789, 0.00248721
-195.673, 0.00567778, 0.00128738
-196.007, 0.00567778, 0.00128866
-75.8171, 0.115318, 9.24013e-05
-685.483, 0.00267521, 0.0032125
-685.499, 0.00267521, 0.00321571
-321.12, 0.00655315, 0.00205611
-75.7561, 0.234772, 0.000345035
-75.7559, 0.234772, 0.00034538
-667.836, 0.00267789, 0.00568282
-47.2302, 0.00168572, 0.0137965
-47.3113, 0.00168572, 0.0138103
-534.663, 0.00216052, 0.0085827
-46.1097, 0.0016956, 0.0136425
-46.1661, 0.0016956, 0.0136562
-669.145, 0.00267789, 0.00240019
-183.711, 0.00564028, 0.00123306
-184.031, 0.00564028, 0.00123429
-75.8195, 0.111559, 8.58882e-05
-674.879, 0.00267521, 0.00512697
-674.82, 0.00267521, 0.0051321
-55.1642, 0.00176423, 0.0127213
-75.8506, 0.000332029, 0.482186
-75.8506, 0.000332029, 0.482669
-683.334, 0.00267789, 0.00420934
-325.927, 0.00220577, 0.0112292
-324.85, 0.00220577, 0.0112404
-75.8506, 0.00102047, 0.568697
-545.665, 0.00267521, 0.00983801
-545.174, 0.00267521, 0.00984786
-75.7727, 0.00148935, 0.0221108
-679.528, 0.00267521, 0.0027245
-679.586, 0.00267521, 0.00272722
-229.105, 0.00582921, 0.0014533
-75.8093, 0.130751, 0.000117661
-75.8092, 0.130751, 0.000117779
-686.1, 0.00267789, 0.00348442
-501.419, 0.00727194, 0.00349618
-501.806, 0.00727194, 0.00349968
-74.2386, 0.397422, 0.00354363
-554.641, 0.00267521, 0.00965391
-554.18, 0.00267521, 0.00966357
-75.7469, 0.00149351, 0.0217408
-681.592, 0.00267521, 0.00444217
-681.556, 0.00267521, 0.00444661
-202.576, 0.00199211, 0.0115465
-75.8506, 0.000609489, 0.527074
-75.8506, 0.000609489, 0.527602
-624.582, 0.00267789, 0.00779192
-74.0188, 0.00154878, 0.0180024
-74.0395, 0.00154878, 0.0180205
-683.507, 0.00267789, 0.00418338
-342.413, 0.00223953, 0.0111919
-341.361, 0.00223953, 0.0112031
-75.8506, 0.00110099, 0.573344
-685.799, 0.00267521, 0.00328859
-685.81, 0.00267521, 0.00329188
-349.51, 0.00678384, 0.00227431
-75.7099, 0.27911, 0.000520245
-75.7096, 0.27911, 0.000520766
-56.9657, 0.0721028, 0.00874916
-62.2632, 0.150307, 0.00444387
-62.2453, 0.150307, 0.00444832
-43.2836, 0.0927298, 0.00693965
-58.05, 0.0720307, 0.00248721
-58.0285, 0.0720307, 0.0024897
-77.5544, 0.0349455, 0.00495621
-44.8126, 0.0529018, 0.00333668
-44.7977, 0.0529018, 0.00334002
-52.2805, 0.0721028, 0.0032125
-123.065, 0.0348719, 0.00639403
-123.286, 0.0348719, 0.00640042
-44.3106, 0.0590821, 0.00388075
-43.1418, 0.0720307, 0.00568282
-43.1426, 0.0720307, 0.0056885
-68.4635, 0.154202, 0.00296752
-43.1397, 0.0725881, 0.0056455
-43.1391, 0.0725881, 0.00565115
-58.8256, 0.0721028, 0.00240019
-73.1494, 0.0349086, 0.00478254
-73.2722, 0.0349086, 0.00478732
-44.793, 0.0519528, 0.00327886
-43.5491, 0.0720307, 0.00512697
-43.5408, 0.0720307, 0.0051321
-264.45, 0.0348834, 0.0101973
-43.2434, 0.0702988, 0.00524651
-43.2391, 0.0702988, 0.00525176
-46.3782, 0.0721028, 0.00420934
-196.695, 0.0348357, 0.00836893
-197.017, 0.0348357, 0.0083773
-43.6181, 0.0655332, 0.00460749
-67.4186, 0.0720307, 0.00983801
-67.5236, 0.0720307, 0.00984786
-60.0661, 0.15072, 0.00500643
-56.0495, 0.0720307, 0.0027245
-56.027, 0.0720307, 0.00272722
-91.0336, 0.0349319, 0.00542684
-44.743, 0.0552404, 0.00350657
-44.7283, 0.0552404, 0.00351007
-50.4026, 0.0721028, 0.00348442
-142.452, 0.0348603, 0.00693281
-142.704, 0.0348603, 0.00693975
-44.0736, 0.0609472, 0.00408629
-65.5089, 0.0720307, 0.00965391
-65.6077, 0.0720307, 0.00966357
-60.4336, 0.150713, 0.00491247
-45.3963, 0.0720307, 0.00444217
-45.3795, 0.0720307, 0.00444661
-213.949, 0.0348638, 0.00883002
-43.5452, 0.0670074, 0.0047564
-43.5371, 0.0670074, 0.00476115
-49.9756, 0.0721028, 0.00779192
-64.2302, 0.150041, 0.0039501
-64.214, 0.150041, 0.00395406
-43.3999, 0.0881941, 0.00646623
-46.4758, 0.0720307, 0.00418338
-46.4567, 0.0720307, 0.00418757
-194.403, 0.0348712, 0.00831747
-43.6802, 0.0655256, 0.00457526
-43.671, 0.0655256, 0.00457984
-51.7389, 0.0721028, 0.00328859
-128.394, 0.0348715, 0.00654539
-128.624, 0.0348715, 0.00655194
-44.2464, 0.0596297, 0.00393802
-46.1605, 0.0877699, 0.00874916
-46.1898, 0.0877699, 0.00875791
-65.85, 0.184138, 0.00446521
-43.3386, 0.102156, 0.00762162
-43.3318, 0.102156, 0.00762925
-62.2, 0.0878577, 0.00248721
-56.5896, 0.0423712, 0.0049356
-56.6637, 0.0423712, 0.00494054
-56.4748, 0.0762994, 0.00284027
-43.219, 0.0532006, 0.00398403
-43.2165, 0.0532006, 0.00398802
-57.0543, 0.0878577, 0.0032125
-84.4755, 0.0423458, 0.00637079
-84.6233, 0.0423458, 0.00637716
-44.7999, 0.0659694, 0.00420472
-44.8127, 0.0877699, 0.00568282
-44.7977, 0.0877699, 0.0056885
-224.852, 0.0422937, 0.0112429
-43.4587, 0.0827897, 0.00600122
-43.4511, 0.0827897, 0.00600723
-62.8378, 0.0878577, 0.00240019
-54.1338, 0.0424101, 0.00476756
-54.1993, 0.0424101, 0.00477233
-56.5562, 0.0751039, 0.00278304
-43.2252, 0.0523321, 0.00390976
-43.2226, 0.0523321, 0.00391367
-46.62, 0.0878577, 0.00512697
-191.875, 0.0422647, 0.0101466
-192.189, 0.0422647, 0.0101568
-43.6508, 0.0795529, 0.00562528
-50.8498, 0.0877699, 0.00420934
-50.8267, 0.0877699, 0.00421356
-136.949, 0.0423191, 0.00833315
-44.0356, 0.0733554, 0.00497802
-44.0239, 0.0733554, 0.004983
-50.7967, 0.0878577, 0.00983801
-64.0651, 0.183755, 0.00501496
-64.0487, 0.183755, 0.00501998
-43.3408, 0.108439, 0.00811987
-60.4677, 0.0877699, 0.0027245
-60.4479, 0.0877699, 0.00272722
-64.2465, 0.0424315, 0.0054089
-44.4226, 0.0599118, 0.00390422
-44.4093, 0.0599118, 0.00390813
-55.2361, 0.0878577, 0.00348442
-97.6247, 0.0423478, 0.00691039
-97.7992, 0.0423478, 0.0069173
-44.6307, 0.0683214, 0.00441314
-49.928, 0.0877699, 0.00965391
-49.9755, 0.0877699, 0.00966357
-64.391, 0.184268, 0.00493077
-43.341, 0.107415, 0.00803772
-43.334, 0.107415, 0.00804576
-49.6523, 0.0878577, 0.00444217
-150.81, 0.042294, 0.0087979
-151.076, 0.042294, 0.0088067
-43.937, 0.0750822, 0.00514603
-43.7592, 0.0877699, 0.00779192
-43.772, 0.0877699, 0.00779971
-67.3982, 0.184016, 0.00397378
-43.2495, 0.0956001, 0.00720844
-43.244, 0.0956001, 0.00721565
-51.0175, 0.0878577, 0.00418338
-135.7, 0.0423085, 0.00828839
-135.941, 0.0423085, 0.00829668
-44.1115, 0.0734105, 0.0049503
-56.5182, 0.0877699, 0.00328859
-56.496, 0.0877699, 0.00329188
-87.8712, 0.0423911, 0.00652215
-44.7347, 0.0665736, 0.00426382
-44.7201, 0.0665736, 0.00426809
-104.406, 0.0510036, 0.00874916
-54.3622, 0.105989, 0.0044288
-54.3393, 0.105989, 0.00443323
-49.8392, 0.0510036, 0.00248721
-149.167, 0.0247968, 0.00497759
-149.436, 0.0247968, 0.00498257
-43.9785, 0.0434521, 0.00290236
-44.7971, 0.0509526, 0.0032125
-44.7823, 0.0509526, 0.00321571
-228.909, 0.0247989, 0.00642298
-43.5244, 0.0481806, 0.00338988
-43.517, 0.0481806, 0.00339327
-52.9576, 0.0510036, 0.00568282
-63.1775, 0.10534, 0.00285785
-63.1601, 0.10534, 0.00286071
-43.4188, 0.0638059, 0.00459744
-50.6286, 0.0509526, 0.00240019
-50.6055, 0.0509526, 0.00240259
-139.648, 0.0248262, 0.00480438
-44.0788, 0.0428543, 0.00283597
-44.0672, 0.0428543, 0.00283881
-47.9004, 0.0510036, 0.00512697
-64.8444, 0.105201, 0.00257472
-64.8295, 0.105201, 0.0025773
-43.4731, 0.0607936, 0.00433922
-43.4925, 0.0509526, 0.00420934
-43.5009, 0.0509526, 0.00421356
-67.5519, 0.105248, 0.00211268
-43.2771, 0.0540551, 0.00397912
-43.273, 0.0540551, 0.0039831
-128.747, 0.0510036, 0.00983801
-51.6505, 0.106203, 0.00499079
-51.6274, 0.106203, 0.00499579
-47.8402, 0.0510036, 0.0027245
-175.042, 0.024789, 0.0054507
-175.343, 0.024789, 0.00545615
-43.8405, 0.0451862, 0.00306131
-43.7856, 0.0509526, 0.00348442
-43.7759, 0.0509526, 0.0034879
-258.62, 0.0247925, 0.00696479
-43.3348, 0.0494373, 0.00358689
-43.3298, 0.0494373, 0.00359048
-124.508, 0.0510036, 0.00965391
-52.0885, 0.106165, 0.00489551
-52.0653, 0.106165, 0.00490041
-44.1112, 0.0510036, 0.00444217
-66.8863, 0.105145, 0.00222958
-66.8735, 0.105145, 0.00223181
-43.3729, 0.0561177, 0.00405609
-85.1615, 0.0509526, 0.00779192
-85.3112, 0.0509526, 0.00779971
-56.9917, 0.105834, 0.00393383
-43.4435, 0.0509526, 0.00418338
-43.4511, 0.0509526, 0.00418757
-67.6256, 0.105242, 0.00209952
-43.2785, 0.0538948, 0.00396573
-43.2744, 0.0538948, 0.0039697
-44.4787, 0.0510036, 0.00328859
-237.677, 0.0247711, 0.00657429
-238.04, 0.0247711, 0.00658087
-43.4621, 0.048562, 0.00344724
-52.9551, 0.0762129, 0.00874916
-53.0143, 0.0762129, 0.00875791
-63.3676, 0.159377, 0.00444945
-43.3367, 0.0956003, 0.00710603
-43.33, 0.0956003, 0.00711314
-59.3144, 0.0762892, 0.00248721
-70.3892, 0.0368932, 0.00494996
-70.5037, 0.0368932, 0.00495491
-44.7441, 0.0542178, 0.00343883
-53.642, 0.0762129, 0.0032125
-53.6188, 0.0762129, 0.00321571
-110.229, 0.0369059, 0.00638898
-44.4126, 0.0608855, 0.00397346
-44.3993, 0.0608855, 0.00397744
-43.2637, 0.0762892, 0.00568282
-280.132, 0.0369127, 0.0113161
-280.501, 0.0369127, 0.0113274
-43.169, 0.075351, 0.00575002
-60.013, 0.0762129, 0.00240019
-59.9926, 0.0762129, 0.00240259
-66.3916, 0.0369513, 0.00477966
-44.5613, 0.0529045, 0.00339536
-44.5474, 0.0529045, 0.00339875
-44.179, 0.0762892, 0.00512697
-242.754, 0.0368094, 0.010179
-243.111, 0.0368094, 0.0101892
-43.3629, 0.0730746, 0.00533924
-47.5409, 0.0762129, 0.00420934
-47.5201, 0.0762129, 0.00421356
-177.783, 0.0368623, 0.00836104
-43.7771, 0.0678484, 0.00469735
-43.7671, 0.0678484, 0.00470205
-61.4193, 0.0762892, 0.00983801
-61.2628, 0.159454, 0.00501132
-61.2437, 0.159454, 0.00501633
-57.3817, 0.0762892, 0.0027245
-82.1227, 0.0368979, 0.00542293
-82.2653, 0.0368979, 0.00542836
-44.8175, 0.0569035, 0.00359842
-51.7548, 0.0762129, 0.00348442
-51.7316, 0.0762129, 0.0034879
-127.74, 0.0368922, 0.00692705
-44.1999, 0.0628919, 0.00417868
-44.1875, 0.0628919, 0.00418287
-59.8233, 0.0762892, 0.00965391
-61.6202, 0.159454, 0.00491753
-61.6015, 0.159454, 0.00492245
-43.2354, 0.0997434, 0.00755653
-46.4687, 0.0762129, 0.00444217
-46.4496, 0.0762129, 0.00444661
-194.283, 0.0368535, 0.00882127
-43.6942, 0.0694078, 0.00485171
-43.6848, 0.0694078, 0.00485657
-47.408, 0.0762892, 0.00779192
-65.2011, 0.158981, 0.00395625
-65.1865, 0.158981, 0.00396021
-43.3958, 0.0905549, 0.00665294
-47.6696, 0.0762129, 0.00418338
-47.6487, 0.0762129, 0.00418757
-175.949, 0.0368632, 0.00830968
-43.7507, 0.0675476, 0.00468803
-43.741, 0.0675476, 0.00469272
-53.1215, 0.0762892, 0.00328859
-115.252, 0.0368675, 0.00654003
-115.462, 0.0368675, 0.00654657
-44.3539, 0.061497, 0.00403299
-71.6356, 0.0624242, 0.00874916
-71.7527, 0.0624242, 0.00875791
-59.2315, 0.130125, 0.00443405
-54.7015, 0.0624242, 0.00248721
-54.6783, 0.0624242, 0.0024897
-101.216, 0.0303457, 0.00496665
-44.6128, 0.0490923, 0.00313051
-44.5986, 0.0490923, 0.00313364
-48.8495, 0.0624866, 0.0032125
-161.072, 0.0302839, 0.00640798
-161.349, 0.0302839, 0.0064144
-43.9363, 0.0543403, 0.00367074
-44.6554, 0.0624242, 0.00568282
-44.6752, 0.0624242, 0.0056885
-66.56, 0.129557, 0.00286656
-43.3832, 0.0700987, 0.00509686
-43.3768, 0.0700987, 0.00510196
-55.5449, 0.0624866, 0.00240019
-95.0447, 0.0303171, 0.00479316
-95.2173, 0.0303171, 0.00479795
-44.6955, 0.0483867, 0.00306621
-43.3387, 0.0624242, 0.00512697
-43.345, 0.0624242, 0.0051321
-67.8256, 0.129657, 0.00258832
-43.2273, 0.0655052, 0.00490082
-43.2236, 0.0655052, 0.00490572
-44.0312, 0.0624866, 0.00420934
-249.09, 0.0302601, 0.00838946
-249.455, 0.0302601, 0.00839786
-43.3641, 0.0601616, 0.00436414
-87.2825, 0.0624242, 0.00983801
-87.4345, 0.0624242, 0.00984786
-56.7355, 0.130436, 0.0049988
-52.5922, 0.0624242, 0.0027245
-52.5687, 0.0624242, 0.00272722
-119.617, 0.030335, 0.00543846
-44.3443, 0.0508749, 0.00331337
-44.3314, 0.0508749, 0.00331669
-47.1308, 0.0624866, 0.00348442
-185.083, 0.0302736, 0.0069479
-185.393, 0.0302736, 0.00695485
-43.7239, 0.0560074, 0.00386784
-84.4756, 0.0624242, 0.00965391
-84.6206, 0.0624242, 0.00966357
-57.1492, 0.130413, 0.00490432
-43.503, 0.0624242, 0.00444217
-43.4953, 0.0624242, 0.00444661
-268.585, 0.0303037, 0.00885759
-43.25, 0.0610697, 0.00453608
-43.2461, 0.0610697, 0.00454062
-60.034, 0.0624866, 0.00779192
-61.4818, 0.129782, 0.00394196
-61.463, 0.129782, 0.0039459
-43.2752, 0.0815827, 0.00607887
-44.0914, 0.0624242, 0.00418338
-44.0796, 0.0624242, 0.00418757
-246.448, 0.0302897, 0.00833754
-43.3876, 0.060064, 0.00433979
-43.3815, 0.060064, 0.00434413
-48.34, 0.0624866, 0.00328859
-167.749, 0.030279, 0.00655865
-168.041, 0.030279, 0.00656521
-43.8097, 0.0546476, 0.00373728
