2       , nan         , array([ 794.544    ,  0.0464699  ])
[7.93750118e+02 4.64698882e-02]
4       , nan         , array([ 793.75     ,  0.0638489  ])
6       , nan         , array([ 793.75     ,  0.0639128  ])
[7.93750118e+02 6.38488915e-02]
8       , nan         , array([ 794.544    ,  0.0627873  ])
[7.93750118e+02 6.27873426e-02]
10      , nan         , array([ 793.75     ,  0.0479371  ])
12      , nan         , array([ 793.75     ,  0.0479851  ])
[7.93750118e+02 4.79371021e-02]
14      , nan         , array([ 794.544    ,  0.0813675  ])
[7.93750118e+02 8.13675113e-02]
16      , nan         , array([ 793.75     ,  0.0686847  ])
18      , nan         , array([ 793.75     ,  0.0687534  ])
[7.93750118e+02 6.86846983e-02]
20      , nan         , array([ 794.544    ,  0.0344863  ])
[7.93750118e+02 3.44862688e-02]
22      , nan         , array([ 793.75     ,  0.079797   ])
24      , nan         , array([ 793.75     ,  0.0798768  ])
[7.93750118e+02 7.97969859e-02]
26      , nan         , array([ 794.544    ,  0.0234819  ])
[7.93750118e+02 2.34818956e-02]
28      , nan         , array([ 793.75     ,  0.0593146  ])
30      , nan         , array([ 793.75     ,  0.0593739  ])
[7.93750118e+02 5.93145819e-02]
32      , nan         , array([ 794.544    ,  0.0262002  ])
[7.93750118e+02 2.62002240e-02]
34      , nan         , array([ 793.75     ,  0.0288366  ])
36      , nan         , array([ 793.75     ,  0.0288654  ])
[7.93750118e+02 2.88365833e-02]
38      , nan         , array([ 794.544    ,  0.0695579  ])
[7.93750118e+02 6.95579325e-02]
40      , nan         , array([ 793.75     ,  0.0593405  ])
42      , nan         , array([ 793.75     ,  0.0593998  ])
[7.93750118e+02 5.93404647e-02]
44      , nan         , array([ 794.544    ,  0.0107452  ])
[7.93750118e+02 1.07451947e-02]
46      , nan         , array([ 155.203    ,  0.0464699  ])
48      , nan         , array([ 155.203    ,  0.0465164  ])
[1.55203419e+02 4.64698882e-02]
50      , nan         , array([ 155.359    ,  0.0638489  ])
[1.55203419e+02 6.38488915e-02]
52      , nan         , array([ 155.203    ,  0.0627873  ])
54      , nan         , array([ 155.203    ,  0.0628502  ])
[1.55203419e+02 6.27873426e-02]
56      , nan         , array([ 155.359    ,  0.0479371  ])
[1.55203419e+02 4.79371021e-02]
58      , nan         , array([ 155.203    ,  0.0813675  ])
60      , nan         , array([ 155.203    ,  0.0814489  ])
[1.55203419e+02 8.13675113e-02]
62      , nan         , array([ 155.359    ,  0.0686847  ])
[1.55203419e+02 6.86846983e-02]
64      , nan         , array([ 155.203    ,  0.0344863  ])
66      , nan         , array([ 155.203    ,  0.0345208  ])
[1.55203419e+02 3.44862688e-02]
68      , nan         , array([ 155.359    ,  0.079797   ])
[1.55203419e+02 7.97969859e-02]
70      , nan         , array([ 155.203    ,  0.0234819  ])
72      , nan         , array([ 155.203    ,  0.0235054  ])
[1.55203419e+02 2.34818956e-02]
74      , nan         , array([ 155.359    ,  0.0593146  ])
[1.55203419e+02 5.93145819e-02]
76      , nan         , array([ 155.203    ,  0.0262002  ])
78      , nan         , array([ 155.203    ,  0.0262264  ])
[1.55203419e+02 2.62002240e-02]
80      , nan         , array([ 155.359    ,  0.0288366  ])
[1.55203419e+02 2.88365833e-02]
82      , nan         , array([ 155.203    ,  0.0695579  ])
84      , nan         , array([ 155.203    ,  0.0696275  ])
[1.55203419e+02 6.95579325e-02]
86      , nan         , array([ 155.359    ,  0.0593405  ])
[1.55203419e+02 5.93404647e-02]
88      , nan         , array([ 155.203    ,  0.0107452  ])
90      , nan         , array([ 155.203    ,  0.0107559  ])
[1.55203419e+02 1.07451947e-02]
92      , nan         , array([ 117.199    ,  0.0464699  ])
[1.17081989e+02 4.64698882e-02]
94      , nan         , array([ 117.082    ,  0.0638489  ])
96      , nan         , array([ 117.082    ,  0.0639128  ])
[1.17081989e+02 6.38488915e-02]
98      , nan         , array([ 117.199    ,  0.0627873  ])
[1.17081989e+02 6.27873426e-02]
100     , nan         , array([ 117.082    ,  0.0479371  ])
102     , nan         , array([ 117.082    ,  0.0479851  ])
[1.17081989e+02 4.79371021e-02]
104     , nan         , array([ 117.199    ,  0.0813675  ])
[1.17081989e+02 8.13675113e-02]
106     , nan         , array([ 117.082    ,  0.0686847  ])
108     , nan         , array([ 117.082    ,  0.0687534  ])
[1.17081989e+02 6.86846983e-02]
110     , nan         , array([ 117.199    ,  0.0344863  ])
[1.17081989e+02 3.44862688e-02]
112     , nan         , array([ 117.082    ,  0.079797   ])
114     , nan         , array([ 117.082    ,  0.0798768  ])
[1.17081989e+02 7.97969859e-02]
116     , nan         , array([ 117.199    ,  0.0234819  ])
[1.17081989e+02 2.34818956e-02]
118     , nan         , array([ 117.082    ,  0.0593146  ])
120     , nan         , array([ 117.082    ,  0.0593739  ])
[1.17081989e+02 5.93145819e-02]
122     , nan         , array([ 117.199    ,  0.0262002  ])
[1.17081989e+02 2.62002240e-02]
124     , nan         , array([ 117.082    ,  0.0288366  ])
126     , nan         , array([ 117.082    ,  0.0288654  ])
[1.17081989e+02 2.88365833e-02]
128     , nan         , array([ 117.199    ,  0.0695579  ])
[1.17081989e+02 6.95579325e-02]
130     , nan         , array([ 117.082    ,  0.0593405  ])
132     , nan         , array([ 117.082    ,  0.0593998  ])
[1.17081989e+02 5.93404647e-02]
134     , nan         , array([ 117.199    ,  0.0107452  ])
[1.17081989e+02 1.07451947e-02]
136     , nan         , array([ 268.729    ,  0.0464699  ])
138     , nan         , array([ 268.729    ,  0.0465164  ])
[2.68729061e+02 4.64698882e-02]
140     , nan         , array([ 268.998    ,  0.0638489  ])
[2.68729061e+02 6.38488915e-02]
142     , nan         , array([ 268.729    ,  0.0627873  ])
144     , nan         , array([ 268.729    ,  0.0628502  ])
[2.68729061e+02 6.27873426e-02]
146     , nan         , array([ 268.998    ,  0.0479371  ])
[2.68729061e+02 4.79371021e-02]
148     , nan         , array([ 268.729    ,  0.0813675  ])
150     , nan         , array([ 268.729    ,  0.0814489  ])
[2.68729061e+02 8.13675113e-02]
152     , nan         , array([ 268.998    ,  0.0686847  ])
[2.68729061e+02 6.86846983e-02]
154     , nan         , array([ 268.729    ,  0.0344863  ])
156     , nan         , array([ 268.729    ,  0.0345208  ])
[2.68729061e+02 3.44862688e-02]
158     , nan         , array([ 268.998    ,  0.079797   ])
[2.68729061e+02 7.97969859e-02]
160     , nan         , array([ 268.729    ,  0.0234819  ])
162     , nan         , array([ 268.729    ,  0.0235054  ])
[2.68729061e+02 2.34818956e-02]
164     , nan         , array([ 268.998    ,  0.0593146  ])
[2.68729061e+02 5.93145819e-02]
166     , nan         , array([ 268.729    ,  0.0262002  ])
168     , nan         , array([ 268.729    ,  0.0262264  ])
[2.68729061e+02 2.62002240e-02]
170     , nan         , array([ 268.998    ,  0.0288366  ])
[2.68729061e+02 2.88365833e-02]
172     , nan         , array([ 268.729    ,  0.0695579  ])
174     , nan         , array([ 268.729    ,  0.0696275  ])
[2.68729061e+02 6.95579325e-02]
176     , nan         , array([ 268.998    ,  0.0593405  ])
[2.68729061e+02 5.93404647e-02]
178     , nan         , array([ 268.729    ,  0.0107452  ])
180     , nan         , array([ 268.729    ,  0.0107559  ])
[2.68729061e+02 1.07451947e-02]
182     , nan         , array([ 835.623    ,  0.0464699  ])
[8.34787847e+02 4.64698882e-02]
184     , nan         , array([ 834.788    ,  0.0638489  ])
186     , nan         , array([ 834.788    ,  0.0639128  ])
[8.34787847e+02 6.38488915e-02]
188     , nan         , array([ 835.623    ,  0.0627873  ])
[8.34787847e+02 6.27873426e-02]
190     , nan         , array([ 834.788    ,  0.0479371  ])
192     , nan         , array([ 834.788    ,  0.0479851  ])
[8.34787847e+02 4.79371021e-02]
194     , nan         , array([ 835.623    ,  0.0813675  ])
[8.34787847e+02 8.13675113e-02]
196     , nan         , array([ 834.788    ,  0.0686847  ])
198     , nan         , array([ 834.788    ,  0.0687534  ])
[8.34787847e+02 6.86846983e-02]
200     , nan         , array([ 835.623    ,  0.0344863  ])
[8.34787847e+02 3.44862688e-02]
202     , nan         , array([ 834.788    ,  0.079797   ])
204     , nan         , array([ 834.788    ,  0.0798768  ])
[8.34787847e+02 7.97969859e-02]
206     , nan         , array([ 835.623    ,  0.0234819  ])
[8.34787847e+02 2.34818956e-02]
208     , nan         , array([ 834.788    ,  0.0593146  ])
210     , nan         , array([ 834.788    ,  0.0593739  ])
[8.34787847e+02 5.93145819e-02]
212     , nan         , array([ 835.623    ,  0.0262002  ])
[8.34787847e+02 2.62002240e-02]
214     , nan         , array([ 834.788    ,  0.0288366  ])
216     , nan         , array([ 834.788    ,  0.0288654  ])
[8.34787847e+02 2.88365833e-02]
218     , nan         , array([ 835.623    ,  0.0695579  ])
[8.34787847e+02 6.95579325e-02]
220     , nan         , array([ 834.788    ,  0.0593405  ])
222     , nan         , array([ 834.788    ,  0.0593998  ])
[8.34787847e+02 5.93404647e-02]
224     , nan         , array([ 835.623    ,  0.0107452  ])
[8.34787847e+02 1.07451947e-02]
226     , nan         , array([ 347.939    ,  0.0464699  ])
228     , nan         , array([ 347.939    ,  0.0465164  ])
[3.47939322e+02 4.64698882e-02]
230     , nan         , array([ 348.287    ,  0.0638489  ])
[3.47939322e+02 6.38488915e-02]
232     , nan         , array([ 347.939    ,  0.0627873  ])
234     , nan         , array([ 347.939    ,  0.0628502  ])
[3.47939322e+02 6.27873426e-02]
236     , nan         , array([ 348.287    ,  0.0479371  ])
[3.47939322e+02 4.79371021e-02]
238     , nan         , array([ 347.939    ,  0.0813675  ])
240     , nan         , array([ 347.939    ,  0.0814489  ])
[3.47939322e+02 8.13675113e-02]
242     , nan         , array([ 348.287    ,  0.0686847  ])
[3.47939322e+02 6.86846983e-02]
244     , nan         , array([ 347.939    ,  0.0344863  ])
246     , nan         , array([ 347.939    ,  0.0345208  ])
[3.47939322e+02 3.44862688e-02]
248     , nan         , array([ 348.287    ,  0.079797   ])
[3.47939322e+02 7.97969859e-02]
250     , nan         , array([ 347.939    ,  0.0234819  ])
252     , nan         , array([ 347.939    ,  0.0235054  ])
[3.47939322e+02 2.34818956e-02]
254     , nan         , array([ 348.287    ,  0.0593146  ])
[3.47939322e+02 5.93145819e-02]
256     , nan         , array([ 347.939    ,  0.0262002  ])
258     , nan         , array([ 347.939    ,  0.0262264  ])
[3.47939322e+02 2.62002240e-02]
260     , nan         , array([ 348.287    ,  0.0288366  ])
[3.47939322e+02 2.88365833e-02]
262     , nan         , array([ 347.939    ,  0.0695579  ])
264     , nan         , array([ 347.939    ,  0.0696275  ])
[3.47939322e+02 6.95579325e-02]
266     , nan         , array([ 348.287    ,  0.0593405  ])
[3.47939322e+02 5.93404647e-02]
268     , nan         , array([ 347.939    ,  0.0107452  ])
270     , nan         , array([ 347.939    ,  0.0107559  ])
[3.47939322e+02 1.07451947e-02]
272     , nan         , array([ 79.5399    ,  0.0464699  ])
[7.94603731e+01 4.64698882e-02]
274     , nan         , array([ 79.4604    ,  0.0638489  ])
276     , nan         , array([ 79.4604    ,  0.0639128  ])
[7.94603731e+01 6.38488915e-02]
278     , nan         , array([ 79.5399    ,  0.0627873  ])
[7.94603731e+01 6.27873426e-02]
280     , nan         , array([ 79.4604    ,  0.0479371  ])
282     , nan         , array([ 79.4604    ,  0.0479851  ])
[7.94603731e+01 4.79371021e-02]
284     , nan         , array([ 79.5399    ,  0.0813675  ])
[79.46037311  0.08136751]
286     , nan         , array([ 79.4604    ,  0.0686847  ])
288     , nan         , array([ 79.4604    ,  0.0687534  ])
[7.94603731e+01 6.86846983e-02]
290     , nan         , array([ 79.5399    ,  0.0344863  ])
[7.94603731e+01 3.44862688e-02]
292     , nan         , array([ 79.4604    ,  0.079797   ])
294     , nan         , array([ 79.4604    ,  0.0798768  ])
[79.46037311  0.07979699]
296     , nan         , array([ 79.5399    ,  0.0234819  ])
[7.94603731e+01 2.34818956e-02]
298     , nan         , array([ 79.4604    ,  0.0593146  ])
300     , nan         , array([ 79.4604    ,  0.0593739  ])
[7.94603731e+01 5.93145819e-02]
302     , nan         , array([ 79.5399    ,  0.0262002  ])
[7.94603731e+01 2.62002240e-02]
304     , nan         , array([ 79.4604    ,  0.0288366  ])
306     , nan         , array([ 79.4604    ,  0.0288654  ])
[7.94603731e+01 2.88365833e-02]
308     , nan         , array([ 79.5399    ,  0.0695579  ])
[7.94603731e+01 6.95579325e-02]
310     , nan         , array([ 79.4604    ,  0.0593405  ])
312     , nan         , array([ 79.4604    ,  0.0593998  ])
[7.94603731e+01 5.93404647e-02]
314     , nan         , array([ 79.5399    ,  0.0107452  ])
[7.94603731e+01 1.07451947e-02]
316     , nan         , array([ 536.936    ,  0.0464699  ])
318     , nan         , array([ 536.936    ,  0.0465164  ])
[5.36935998e+02 4.64698882e-02]
320     , nan         , array([ 537.473    ,  0.0638489  ])
[5.36935998e+02 6.38488915e-02]
322     , nan         , array([ 536.936    ,  0.0627873  ])
324     , nan         , array([ 536.936    ,  0.0628502  ])
[5.36935998e+02 6.27873426e-02]
326     , nan         , array([ 537.473    ,  0.0479371  ])
[5.36935998e+02 4.79371021e-02]
328     , nan         , array([ 536.936    ,  0.0813675  ])
330     , nan         , array([ 536.936    ,  0.0814489  ])
[5.36935998e+02 8.13675113e-02]
332     , nan         , array([ 537.473    ,  0.0686847  ])
[5.36935998e+02 6.86846983e-02]
334     , nan         , array([ 536.936    ,  0.0344863  ])
336     , nan         , array([ 536.936    ,  0.0345208  ])
[5.36935998e+02 3.44862688e-02]
338     , nan         , array([ 537.473    ,  0.079797   ])
[5.36935998e+02 7.97969859e-02]
340     , nan         , array([ 536.936    ,  0.0234819  ])
342     , nan         , array([ 536.936    ,  0.0235054  ])
[5.36935998e+02 2.34818956e-02]
344     , nan         , array([ 537.473    ,  0.0593146  ])
[5.36935998e+02 5.93145819e-02]
346     , nan         , array([ 536.936    ,  0.0262002  ])
348     , nan         , array([ 536.936    ,  0.0262264  ])
[5.36935998e+02 2.62002240e-02]
350     , nan         , array([ 537.473    ,  0.0288366  ])
[5.36935998e+02 2.88365833e-02]
352     , nan         , array([ 536.936    ,  0.0695579  ])
354     , nan         , array([ 536.936    ,  0.0696275  ])
[5.36935998e+02 6.95579325e-02]
356     , nan         , array([ 537.473    ,  0.0593405  ])
[5.36935998e+02 5.93404647e-02]
358     , nan         , array([ 536.936    ,  0.0107452  ])
360     , nan         , array([ 536.936    ,  0.0107559  ])
[5.36935998e+02 1.07451947e-02]
362     , nan         , array([ 605.464    ,  0.0464699  ])
[6.04859271e+02 4.64698882e-02]
364     , nan         , array([ 604.859    ,  0.0638489  ])
366     , nan         , array([ 604.859    ,  0.0639128  ])
[6.04859271e+02 6.38488915e-02]
368     , nan         , array([ 605.464    ,  0.0627873  ])
[6.04859271e+02 6.27873426e-02]
370     , nan         , array([ 604.859    ,  0.0479371  ])
372     , nan         , array([ 604.859    ,  0.0479851  ])
[6.04859271e+02 4.79371021e-02]
374     , nan         , array([ 605.464    ,  0.0813675  ])
[6.04859271e+02 8.13675113e-02]
376     , nan         , array([ 604.859    ,  0.0686847  ])
378     , nan         , array([ 604.859    ,  0.0687534  ])
[6.04859271e+02 6.86846983e-02]
380     , nan         , array([ 605.464    ,  0.0344863  ])
[6.04859271e+02 3.44862688e-02]
382     , nan         , array([ 604.859    ,  0.079797   ])
384     , nan         , array([ 604.859    ,  0.0798768  ])
[6.04859271e+02 7.97969859e-02]
386     , nan         , array([ 605.464    ,  0.0234819  ])
[6.04859271e+02 2.34818956e-02]
388     , nan         , array([ 604.859    ,  0.0593146  ])
390     , nan         , array([ 604.859    ,  0.0593739  ])
[6.04859271e+02 5.93145819e-02]
392     , nan         , array([ 605.464    ,  0.0262002  ])
[6.04859271e+02 2.62002240e-02]
394     , nan         , array([ 604.859    ,  0.0288366  ])
396     , nan         , array([ 604.859    ,  0.0288654  ])
[6.04859271e+02 2.88365833e-02]
398     , nan         , array([ 605.464    ,  0.0695579  ])
[6.04859271e+02 6.95579325e-02]
400     , nan         , array([ 604.859    ,  0.0593405  ])
402     , nan         , array([ 604.859    ,  0.0593998  ])
[6.04859271e+02 5.93404647e-02]
404     , nan         , array([ 605.464    ,  0.0107452  ])
[6.04859271e+02 1.07451947e-02]
406     , nan         , array([ 463.584    ,  0.0464699  ])
408     , nan         , array([ 463.584    ,  0.0465164  ])
[4.63583875e+02 4.64698882e-02]
410     , nan         , array([ 464.048    ,  0.0638489  ])
[4.63583875e+02 6.38488915e-02]
412     , nan         , array([ 463.584    ,  0.0627873  ])
414     , nan         , array([ 463.584    ,  0.0628502  ])
[4.63583875e+02 6.27873426e-02]
416     , nan         , array([ 464.048    ,  0.0479371  ])
[4.63583875e+02 4.79371021e-02]
418     , nan         , array([ 463.584    ,  0.0813675  ])
420     , nan         , array([ 463.584    ,  0.0814489  ])
[4.63583875e+02 8.13675113e-02]
422     , nan         , array([ 464.048    ,  0.0686847  ])
[4.63583875e+02 6.86846983e-02]
424     , nan         , array([ 463.584    ,  0.0344863  ])
426     , nan         , array([ 463.584    ,  0.0345208  ])
[4.63583875e+02 3.44862688e-02]
428     , nan         , array([ 464.048    ,  0.079797   ])
[4.63583875e+02 7.97969859e-02]
430     , nan         , array([ 463.584    ,  0.0234819  ])
432     , nan         , array([ 463.584    ,  0.0235054  ])
[4.63583875e+02 2.34818956e-02]
434     , nan         , array([ 464.048    ,  0.0593146  ])
[4.63583875e+02 5.93145819e-02]
436     , nan         , array([ 463.584    ,  0.0262002  ])
438     , nan         , array([ 463.584    ,  0.0262264  ])
[4.63583875e+02 2.62002240e-02]
440     , nan         , array([ 464.048    ,  0.0288366  ])
[4.63583875e+02 2.88365833e-02]
442     , nan         , array([ 463.584    ,  0.0695579  ])
444     , nan         , array([ 463.584    ,  0.0696275  ])
[4.63583875e+02 6.95579325e-02]
446     , nan         , array([ 464.048    ,  0.0593405  ])
[4.63583875e+02 5.93404647e-02]
448     , nan         , array([ 463.584    ,  0.0107452  ])
450     , nan         , array([ 463.584    ,  0.0107559  ])
[4.63583875e+02 1.07451947e-02]
452     , nan         , array([ 553.554    ,  0.0464699  ])
[5.53000817e+02 4.64698882e-02]
454     , nan         , array([ 553.001    ,  0.0638489  ])
456     , nan         , array([ 553.001    ,  0.0639128  ])
[5.53000817e+02 6.38488915e-02]
458     , nan         , array([ 553.554    ,  0.0627873  ])
[5.53000817e+02 6.27873426e-02]
460     , nan         , array([ 553.001    ,  0.0479371  ])
462     , nan         , array([ 553.001    ,  0.0479851  ])
[5.53000817e+02 4.79371021e-02]
464     , nan         , array([ 553.554    ,  0.0813675  ])
[5.53000817e+02 8.13675113e-02]
466     , nan         , array([ 553.001    ,  0.0686847  ])
468     , nan         , array([ 553.001    ,  0.0687534  ])
[5.53000817e+02 6.86846983e-02]
470     , nan         , array([ 553.554    ,  0.0344863  ])
[5.53000817e+02 3.44862688e-02]
472     , nan         , array([ 553.001    ,  0.079797   ])
474     , nan         , array([ 553.001    ,  0.0798768  ])
[5.53000817e+02 7.97969859e-02]
476     , nan         , array([ 553.554    ,  0.0234819  ])
[5.53000817e+02 2.34818956e-02]
478     , nan         , array([ 553.001    ,  0.0593146  ])
480     , nan         , array([ 553.001    ,  0.0593739  ])
[5.53000817e+02 5.93145819e-02]
482     , nan         , array([ 553.554    ,  0.0262002  ])
[5.53000817e+02 2.62002240e-02]
484     , nan         , array([ 553.001    ,  0.0288366  ])
486     , nan         , array([ 553.001    ,  0.0288654  ])
[5.53000817e+02 2.88365833e-02]
488     , nan         , array([ 553.554    ,  0.0695579  ])
[5.53000817e+02 6.95579325e-02]
490     , nan         , array([ 553.001    ,  0.0593405  ])
492     , nan         , array([ 553.001    ,  0.0593998  ])
[5.53000817e+02 5.93404647e-02]
494     , nan         , array([ 553.554    ,  0.0107452  ])
[5.53000817e+02 1.07451947e-02]
496     , nan         , array([ 477.103    ,  0.0464699  ])
498     , nan         , array([ 477.103    ,  0.0465164  ])
[4.77103455e+02 4.64698882e-02]
500     , nan         , array([ 477.581    ,  0.0638489  ])
[4.77103455e+02 6.38488915e-02]
502     , nan         , array([ 477.103    ,  0.0627873  ])
504     , nan         , array([ 477.103    ,  0.0628502  ])
[4.77103455e+02 6.27873426e-02]
506     , nan         , array([ 477.581    ,  0.0479371  ])
[4.77103455e+02 4.79371021e-02]
508     , nan         , array([ 477.103    ,  0.0813675  ])
510     , nan         , array([ 477.103    ,  0.0814489  ])
[4.77103455e+02 8.13675113e-02]
512     , nan         , array([ 477.581    ,  0.0686847  ])
[4.77103455e+02 6.86846983e-02]
514     , nan         , array([ 477.103    ,  0.0344863  ])
516     , nan         , array([ 477.103    ,  0.0345208  ])
[4.77103455e+02 3.44862688e-02]
518     , nan         , array([ 477.581    ,  0.079797   ])
[4.77103455e+02 7.97969859e-02]
520     , nan         , array([ 477.103    ,  0.0234819  ])
522     , nan         , array([ 477.103    ,  0.0235054  ])
[4.77103455e+02 2.34818956e-02]
524     , nan         , array([ 477.581    ,  0.0593146  ])
[4.77103455e+02 5.93145819e-02]
526     , nan         , array([ 477.103    ,  0.0262002  ])
528     , nan         , array([ 477.103    ,  0.0262264  ])
[4.77103455e+02 2.62002240e-02]
530     , nan         , array([ 477.581    ,  0.0288366  ])
[4.77103455e+02 2.88365833e-02]
532     , nan         , array([ 477.103    ,  0.0695579  ])
534     , nan         , array([ 477.103    ,  0.0696275  ])
[4.77103455e+02 6.95579325e-02]
536     , nan         , array([ 477.581    ,  0.0593405  ])
[4.77103455e+02 5.93404647e-02]
538     , nan         , array([ 477.103    ,  0.0107452  ])
540     , nan         , array([ 477.103    ,  0.0107559  ])
[4.77103455e+02 1.07451947e-02]
542     , nan         , array([ 999.044    ,  0.0464699  ])
[9.98045087e+02 4.64698882e-02]
544     , nan         , array([ 998.045    ,  0.0638489  ])
546     , nan         , array([ 998.045    ,  0.0639128  ])
[9.98045087e+02 6.38488915e-02]
548     , nan         , array([ 999.044    ,  0.0627873  ])
[9.98045087e+02 6.27873426e-02]
550     , nan         , array([ 998.045    ,  0.0479371  ])
552     , nan         , array([ 998.045    ,  0.0479851  ])
[9.98045087e+02 4.79371021e-02]
554     , nan         , array([ 999.044    ,  0.0813675  ])
[9.98045087e+02 8.13675113e-02]
556     , nan         , array([ 998.045    ,  0.0686847  ])
558     , nan         , array([ 998.045    ,  0.0687534  ])
[9.98045087e+02 6.86846983e-02]
560     , nan         , array([ 999.044    ,  0.0344863  ])
[9.98045087e+02 3.44862688e-02]
562     , nan         , array([ 998.045    ,  0.079797   ])
564     , nan         , array([ 998.045    ,  0.0798768  ])
[9.98045087e+02 7.97969859e-02]
566     , nan         , array([ 999.044    ,  0.0234819  ])
[9.98045087e+02 2.34818956e-02]
568     , nan         , array([ 998.045    ,  0.0593146  ])
570     , nan         , array([ 998.045    ,  0.0593739  ])
[9.98045087e+02 5.93145819e-02]
572     , nan         , array([ 999.044    ,  0.0262002  ])
[9.98045087e+02 2.62002240e-02]
574     , nan         , array([ 998.045    ,  0.0288366  ])
576     , nan         , array([ 998.045    ,  0.0288654  ])
[9.98045087e+02 2.88365833e-02]
578     , nan         , array([ 999.044    ,  0.0695579  ])
[9.98045087e+02 6.95579325e-02]
580     , nan         , array([ 998.045    ,  0.0593405  ])
582     , nan         , array([ 998.045    ,  0.0593998  ])
[9.98045087e+02 5.93404647e-02]
584     , nan         , array([ 999.044    ,  0.0107452  ])
[9.98045087e+02 1.07451947e-02]
586     , nan         , array([ 358.031    ,  0.0464699  ])
588     , nan         , array([ 358.031    ,  0.0465164  ])
[3.58031408e+02 4.64698882e-02]
590     , nan         , array([ 358.39     ,  0.0638489  ])
[3.58031408e+02 6.38488915e-02]
592     , nan         , array([ 358.031    ,  0.0627873  ])
594     , nan         , array([ 358.031    ,  0.0628502  ])
[3.58031408e+02 6.27873426e-02]
596     , nan         , array([ 358.39     ,  0.0479371  ])
[3.58031408e+02 4.79371021e-02]
598     , nan         , array([ 358.031    ,  0.0813675  ])
600     , nan         , array([ 358.031    ,  0.0814489  ])
[3.58031408e+02 8.13675113e-02]
602     , nan         , array([ 358.39     ,  0.0686847  ])
[3.58031408e+02 6.86846983e-02]
604     , nan         , array([ 358.031    ,  0.0344863  ])
606     , nan         , array([ 358.031    ,  0.0345208  ])
[3.58031408e+02 3.44862688e-02]
608     , nan         , array([ 358.39     ,  0.079797   ])
[3.58031408e+02 7.97969859e-02]
610     , nan         , array([ 358.031    ,  0.0234819  ])
612     , nan         , array([ 358.031    ,  0.0235054  ])
[3.58031408e+02 2.34818956e-02]
614     , nan         , array([ 358.39     ,  0.0593146  ])
[3.58031408e+02 5.93145819e-02]
616     , nan         , array([ 358.031    ,  0.0262002  ])
618     , nan         , array([ 358.031    ,  0.0262264  ])
[3.58031408e+02 2.62002240e-02]
620     , nan         , array([ 358.39     ,  0.0288366  ])
[3.58031408e+02 2.88365833e-02]
622     , nan         , array([ 358.031    ,  0.0695579  ])
624     , nan         , array([ 358.031    ,  0.0696275  ])
[3.58031408e+02 6.95579325e-02]
626     , nan         , array([ 358.39     ,  0.0593405  ])
[3.58031408e+02 5.93404647e-02]
628     , nan         , array([ 358.031    ,  0.0107452  ])
630     , nan         , array([ 358.031    ,  0.0107559  ])
[3.58031408e+02 1.07451947e-02]
632     , nan         , array([ 879.749    ,  0.0464699  ])
[8.78869878e+02 4.64698882e-02]
634     , nan         , array([ 878.87     ,  0.0638489  ])
636     , nan         , array([ 878.87     ,  0.0639128  ])
[8.78869878e+02 6.38488915e-02]
638     , nan         , array([ 879.749    ,  0.0627873  ])
[8.78869878e+02 6.27873426e-02]
640     , nan         , array([ 878.87     ,  0.0479371  ])
642     , nan         , array([ 878.87     ,  0.0479851  ])
[8.78869878e+02 4.79371021e-02]
644     , nan         , array([ 879.749    ,  0.0813675  ])
[8.78869878e+02 8.13675113e-02]
646     , nan         , array([ 878.87     ,  0.0686847  ])
648     , nan         , array([ 878.87     ,  0.0687534  ])
[8.78869878e+02 6.86846983e-02]
650     , nan         , array([ 879.749    ,  0.0344863  ])
[8.78869878e+02 3.44862688e-02]
652     , nan         , array([ 878.87     ,  0.079797   ])
654     , nan         , array([ 878.87     ,  0.0798768  ])
[8.78869878e+02 7.97969859e-02]
656     , nan         , array([ 879.749    ,  0.0234819  ])
[8.78869878e+02 2.34818956e-02]
658     , nan         , array([ 878.87     ,  0.0593146  ])
660     , nan         , array([ 878.87     ,  0.0593739  ])
[8.78869878e+02 5.93145819e-02]
662     , nan         , array([ 879.749    ,  0.0262002  ])
[8.78869878e+02 2.62002240e-02]
664     , nan         , array([ 878.87     ,  0.0288366  ])
666     , nan         , array([ 878.87     ,  0.0288654  ])
[8.78869878e+02 2.88365833e-02]
668     , nan         , array([ 879.749    ,  0.0695579  ])
[8.78869878e+02 6.95579325e-02]
670     , nan         , array([ 878.87     ,  0.0593405  ])
672     , nan         , array([ 878.87     ,  0.0593998  ])
[8.78869878e+02 5.93404647e-02]
674     , nan         , array([ 879.749    ,  0.0107452  ])
[8.78869878e+02 1.07451947e-02]
2       , nan         , array([ 0.056008   ,  0.00564216 ])
[0.05595199 0.00564216]
4       , nan         , array([ 0.055952   ,  0.00861812 ])
6       , nan         , array([ 0.055952   ,  0.00862674 ])
[0.05595199 0.00861812]
8       , nan         , array([ 0.056008   ,  0.00375863 ])
[0.05595199 0.00375863]
10      , nan         , array([ 0.055952   ,  0.00700321 ])
12      , nan         , array([ 0.055952   ,  0.00701022 ])
[0.05595199 0.00700321]
14      , nan         , array([ 0.056008   ,  0.00496411 ])
[0.05595199 0.00496411]
16      , nan         , array([ 0.055952   ,  0.00460721 ])
18      , nan         , array([ 0.055952   ,  0.00461182 ])
[0.05595199 0.00460721]
20      , nan         , array([ 0.056008   ,  0.00568124 ])
[0.05595199 0.00568124]
22      , nan         , array([ 0.055952   ,  0.00827296 ])
24      , nan         , array([ 0.055952   ,  0.00828124 ])
[0.05595199 0.00827296]
26      , nan         , array([ 0.056008   ,  0.00241379 ])
[0.05595199 0.00241379]
28      , nan         , array([ 0.055952   ,  0.00943322 ])
30      , nan         , array([ 0.055952   ,  0.00944266 ])
[0.05595199 0.00943322]
32      , nan         , array([ 0.056008   ,  0.00745142 ])
[0.05595199 0.00745142]
34      , nan         , array([ 0.055952   ,  0.000879375])
36      , nan         , array([ 0.055952   ,  0.000880255])
[0.05595199 0.00087938]
38      , nan         , array([ 0.056008   ,  0.00509896 ])
[0.05595199 0.00509896]
40      , nan         , array([ 0.055952   ,  0.000591958])
42      , nan         , array([ 0.055952   ,  0.00059255 ])
[0.05595199 0.00059196]
44      , nan         , array([ 0.056008   ,  0.00177089 ])
[0.05595199 0.00177089]
46      , nan         , array([ 0.0797295  ,  0.00564216 ])
48      , nan         , array([ 0.0797295  ,  0.0056478  ])
[0.07972953 0.00564216]
50      , nan         , array([ 0.0798093  ,  0.00861812 ])
[0.07972953 0.00861812]
52      , nan         , array([ 0.0797295  ,  0.00375863 ])
54      , nan         , array([ 0.0797295  ,  0.00376239 ])
[0.07972953 0.00375863]
56      , nan         , array([ 0.0798093  ,  0.00700321 ])
[0.07972953 0.00700321]
58      , nan         , array([ 0.0797295  ,  0.00496411 ])
60      , nan         , array([ 0.0797295  ,  0.00496907 ])
[0.07972953 0.00496411]
62      , nan         , array([ 0.0798093  ,  0.00460721 ])
[0.07972953 0.00460721]
64      , nan         , array([ 0.0797295  ,  0.00568124 ])
66      , nan         , array([ 0.0797295  ,  0.00568692 ])
[0.07972953 0.00568124]
68      , nan         , array([ 0.0798093  ,  0.00827296 ])
[0.07972953 0.00827296]
70      , nan         , array([ 0.0797295  ,  0.00241379 ])
72      , nan         , array([ 0.0797295  ,  0.00241621 ])
[0.07972953 0.00241379]
74      , nan         , array([ 0.0798093  ,  0.00943322 ])
[0.07972953 0.00943322]
76      , nan         , array([ 0.0797295  ,  0.00745142 ])
78      , nan         , array([ 0.0797295  ,  0.00745888 ])
[0.07972953 0.00745142]
80      , nan         , array([ 0.0798093  ,  0.000879375])
[0.07972953 0.00087938]
82      , nan         , array([ 0.0797295  ,  0.00509896 ])
84      , nan         , array([ 0.0797295  ,  0.00510406 ])
[0.07972953 0.00509896]
86      , nan         , array([ 0.0798093  ,  0.000591958])
[0.07972953 0.00059196]
88      , nan         , array([ 0.0797295  ,  0.00177089 ])
90      , nan         , array([ 0.0797295  ,  0.00177266 ])
[0.07972953 0.00177089]
92      , nan         , array([ 0.0308832  ,  0.00564216 ])
[0.03085236 0.00564216]
94      , nan         , array([ 0.0308524  ,  0.00861812 ])
96      , nan         , array([ 0.0308524  ,  0.00862674 ])
[0.03085236 0.00861812]
98      , nan         , array([ 0.0308832  ,  0.00375863 ])
[0.03085236 0.00375863]
100     , nan         , array([ 0.0308524  ,  0.00700321 ])
102     , nan         , array([ 0.0308524  ,  0.00701022 ])
[0.03085236 0.00700321]
104     , nan         , array([ 0.0308832  ,  0.00496411 ])
[0.03085236 0.00496411]
106     , nan         , array([ 0.0308524  ,  0.00460721 ])
108     , nan         , array([ 0.0308524  ,  0.00461182 ])
[0.03085236 0.00460721]
110     , nan         , array([ 0.0308832  ,  0.00568124 ])
[0.03085236 0.00568124]
112     , nan         , array([ 0.0308524  ,  0.00827296 ])
114     , nan         , array([ 0.0308524  ,  0.00828124 ])
[0.03085236 0.00827296]
116     , nan         , array([ 0.0308832  ,  0.00241379 ])
[0.03085236 0.00241379]
118     , nan         , array([ 0.0308524  ,  0.00943322 ])
120     , nan         , array([ 0.0308524  ,  0.00944266 ])
[0.03085236 0.00943322]
122     , nan         , array([ 0.0308832  ,  0.00745142 ])
[0.03085236 0.00745142]
124     , nan         , array([ 0.0308524  ,  0.000879375])
126     , nan         , array([ 0.0308524  ,  0.000880255])
[0.03085236 0.00087938]
128     , nan         , array([ 0.0308832  ,  0.00509896 ])
[0.03085236 0.00509896]
130     , nan         , array([ 0.0308524  ,  0.000591958])
132     , nan         , array([ 0.0308524  ,  0.00059255 ])
[0.03085236 0.00059196]
134     , nan         , array([ 0.0308832  ,  0.00177089 ])
[0.03085236 0.00177089]
136     , nan         , array([ 0.00698802 ,  0.00564216 ])
138     , nan         , array([ 0.00698802 ,  0.0056478  ])
[0.00698802 0.00564216]
140     , nan         , array([ 0.00699501 ,  0.00861812 ])
[0.00698802 0.00861812]
142     , nan         , array([ 0.00698802 ,  0.00375863 ])
144     , nan         , array([ 0.00698802 ,  0.00376239 ])
[0.00698802 0.00375863]
146     , nan         , array([ 0.00699501 ,  0.00700321 ])
[0.00698802 0.00700321]
148     , nan         , array([ 0.00698802 ,  0.00496411 ])
150     , nan         , array([ 0.00698802 ,  0.00496907 ])
[0.00698802 0.00496411]
152     , nan         , array([ 0.00699501 ,  0.00460721 ])
[0.00698802 0.00460721]
154     , nan         , array([ 0.00698802 ,  0.00568124 ])
156     , nan         , array([ 0.00698802 ,  0.00568692 ])
[0.00698802 0.00568124]
158     , nan         , array([ 0.00699501 ,  0.00827296 ])
[0.00698802 0.00827296]
160     , nan         , array([ 0.00698802 ,  0.00241379 ])
162     , nan         , array([ 0.00698802 ,  0.00241621 ])
[0.00698802 0.00241379]
164     , nan         , array([ 0.00699501 ,  0.00943322 ])
[0.00698802 0.00943322]
166     , nan         , array([ 0.00698802 ,  0.00745142 ])
168     , nan         , array([ 0.00698802 ,  0.00745888 ])
[0.00698802 0.00745142]
170     , nan         , array([ 0.00699501 ,  0.000879375])
[0.00698802 0.00087938]
172     , nan         , array([ 0.00698802 ,  0.00509896 ])
174     , nan         , array([ 0.00698802 ,  0.00510406 ])
[0.00698802 0.00509896]
176     , nan         , array([ 0.00699501 ,  0.000591958])
[0.00698802 0.00059196]
178     , nan         , array([ 0.00698802 ,  0.00177089 ])
180     , nan         , array([ 0.00698802 ,  0.00177266 ])
[0.00698802 0.00177089]
182     , nan         , array([ 0.0384386  ,  0.00564216 ])
[0.03840014 0.00564216]
184     , nan         , array([ 0.0384001  ,  0.00861812 ])
186     , nan         , array([ 0.0384001  ,  0.00862674 ])
[0.03840014 0.00861812]
188     , nan         , array([ 0.0384386  ,  0.00375863 ])
[0.03840014 0.00375863]
190     , nan         , array([ 0.0384001  ,  0.00700321 ])
192     , nan         , array([ 0.0384001  ,  0.00701022 ])
[0.03840014 0.00700321]
194     , nan         , array([ 0.0384386  ,  0.00496411 ])
[0.03840014 0.00496411]
196     , nan         , array([ 0.0384001  ,  0.00460721 ])
198     , nan         , array([ 0.0384001  ,  0.00461182 ])
[0.03840014 0.00460721]
200     , nan         , array([ 0.0384386  ,  0.00568124 ])
[0.03840014 0.00568124]
202     , nan         , array([ 0.0384001  ,  0.00827296 ])
204     , nan         , array([ 0.0384001  ,  0.00828124 ])
[0.03840014 0.00827296]
206     , nan         , array([ 0.0384386  ,  0.00241379 ])
[0.03840014 0.00241379]
208     , nan         , array([ 0.0384001  ,  0.00943322 ])
210     , nan         , array([ 0.0384001  ,  0.00944266 ])
[0.03840014 0.00943322]
212     , nan         , array([ 0.0384386  ,  0.00745142 ])
[0.03840014 0.00745142]
214     , nan         , array([ 0.0384001  ,  0.000879375])
216     , nan         , array([ 0.0384001  ,  0.000880255])
[0.03840014 0.00087938]
218     , nan         , array([ 0.0384386  ,  0.00509896 ])
[0.03840014 0.00509896]
220     , nan         , array([ 0.0384001  ,  0.000591958])
222     , nan         , array([ 0.0384001  ,  0.00059255 ])
[0.03840014 0.00059196]
224     , nan         , array([ 0.0384386  ,  0.00177089 ])
[0.03840014 0.00177089]
226     , nan         , array([ 0.0851352  ,  0.00564216 ])
228     , nan         , array([ 0.0851352  ,  0.0056478  ])
[0.08513518 0.00564216]
230     , nan         , array([ 0.0852204  ,  0.00861812 ])
[0.08513518 0.00861812]
232     , nan         , array([ 0.0851352  ,  0.00375863 ])
234     , nan         , array([ 0.0851352  ,  0.00376239 ])
[0.08513518 0.00375863]
236     , nan         , array([ 0.0852204  ,  0.00700321 ])
[0.08513518 0.00700321]
238     , nan         , array([ 0.0851352  ,  0.00496411 ])
240     , nan         , array([ 0.0851352  ,  0.00496907 ])
[0.08513518 0.00496411]
242     , nan         , array([ 0.0852204  ,  0.00460721 ])
[0.08513518 0.00460721]
244     , nan         , array([ 0.0851352  ,  0.00568124 ])
246     , nan         , array([ 0.0851352  ,  0.00568692 ])
[0.08513518 0.00568124]
248     , nan         , array([ 0.0852204  ,  0.00827296 ])
[0.08513518 0.00827296]
250     , nan         , array([ 0.0851352  ,  0.00241379 ])
252     , nan         , array([ 0.0851352  ,  0.00241621 ])
[0.08513518 0.00241379]
254     , nan         , array([ 0.0852204  ,  0.00943322 ])
[0.08513518 0.00943322]
256     , nan         , array([ 0.0851352  ,  0.00745142 ])
258     , nan         , array([ 0.0851352  ,  0.00745888 ])
[0.08513518 0.00745142]
260     , nan         , array([ 0.0852204  ,  0.000879375])
[0.08513518 0.00087938]
262     , nan         , array([ 0.0851352  ,  0.00509896 ])
264     , nan         , array([ 0.0851352  ,  0.00510406 ])
[0.08513518 0.00509896]
266     , nan         , array([ 0.0852204  ,  0.000591958])
[0.08513518 0.00059196]
268     , nan         , array([ 0.0851352  ,  0.00177089 ])
270     , nan         , array([ 0.0851352  ,  0.00177266 ])
[0.08513518 0.00177089]
272     , nan         , array([ 0.0218451  ,  0.00564216 ])
[0.02182329 0.00564216]
274     , nan         , array([ 0.0218233  ,  0.00861812 ])
276     , nan         , array([ 0.0218233  ,  0.00862674 ])
[0.02182329 0.00861812]
278     , nan         , array([ 0.0218451  ,  0.00375863 ])
[0.02182329 0.00375863]
280     , nan         , array([ 0.0218233  ,  0.00700321 ])
282     , nan         , array([ 0.0218233  ,  0.00701022 ])
[0.02182329 0.00700321]
284     , nan         , array([ 0.0218451  ,  0.00496411 ])
[0.02182329 0.00496411]
286     , nan         , array([ 0.0218233  ,  0.00460721 ])
288     , nan         , array([ 0.0218233  ,  0.00461182 ])
[0.02182329 0.00460721]
290     , nan         , array([ 0.0218451  ,  0.00568124 ])
[0.02182329 0.00568124]
292     , nan         , array([ 0.0218233  ,  0.00827296 ])
294     , nan         , array([ 0.0218233  ,  0.00828124 ])
[0.02182329 0.00827296]
296     , nan         , array([ 0.0218451  ,  0.00241379 ])
[0.02182329 0.00241379]
298     , nan         , array([ 0.0218233  ,  0.00943322 ])
300     , nan         , array([ 0.0218233  ,  0.00944266 ])
[0.02182329 0.00943322]
302     , nan         , array([ 0.0218451  ,  0.00745142 ])
[0.02182329 0.00745142]
304     , nan         , array([ 0.0218233  ,  0.000879375])
306     , nan         , array([ 0.0218233  ,  0.000880255])
[0.02182329 0.00087938]
308     , nan         , array([ 0.0218451  ,  0.00509896 ])
[0.02182329 0.00509896]
310     , nan         , array([ 0.0218233  ,  0.000591958])
312     , nan         , array([ 0.0218233  ,  0.00059255 ])
[0.02182329 0.00059196]
314     , nan         , array([ 0.0218451  ,  0.00177089 ])
[0.02182329 0.00177089]
316     , nan         , array([ 0.0276001  ,  0.00564216 ])
318     , nan         , array([ 0.0276001  ,  0.0056478  ])
[0.02760007 0.00564216]
320     , nan         , array([ 0.0276277  ,  0.00861812 ])
[0.02760007 0.00861812]
322     , nan         , array([ 0.0276001  ,  0.00375863 ])
324     , nan         , array([ 0.0276001  ,  0.00376239 ])
[0.02760007 0.00375863]
326     , nan         , array([ 0.0276277  ,  0.00700321 ])
[0.02760007 0.00700321]
328     , nan         , array([ 0.0276001  ,  0.00496411 ])
330     , nan         , array([ 0.0276001  ,  0.00496907 ])
[0.02760007 0.00496411]
332     , nan         , array([ 0.0276277  ,  0.00460721 ])
[0.02760007 0.00460721]
334     , nan         , array([ 0.0276001  ,  0.00568124 ])
336     , nan         , array([ 0.0276001  ,  0.00568692 ])
[0.02760007 0.00568124]
338     , nan         , array([ 0.0276277  ,  0.00827296 ])
[0.02760007 0.00827296]
340     , nan         , array([ 0.0276001  ,  0.00241379 ])
342     , nan         , array([ 0.0276001  ,  0.00241621 ])
[0.02760007 0.00241379]
344     , nan         , array([ 0.0276277  ,  0.00943322 ])
[0.02760007 0.00943322]
346     , nan         , array([ 0.0276001  ,  0.00745142 ])
348     , nan         , array([ 0.0276001  ,  0.00745888 ])
[0.02760007 0.00745142]
350     , nan         , array([ 0.0276277  ,  0.000879375])
[0.02760007 0.00087938]
352     , nan         , array([ 0.0276001  ,  0.00509896 ])
354     , nan         , array([ 0.0276001  ,  0.00510406 ])
[0.02760007 0.00509896]
356     , nan         , array([ 0.0276277  ,  0.000591958])
[0.02760007 0.00059196]
358     , nan         , array([ 0.0276001  ,  0.00177089 ])
360     , nan         , array([ 0.0276001  ,  0.00177266 ])
[0.02760007 0.00177089]
362     , nan         , array([ 0.0585658  ,  0.00564216 ])
[0.0585073  0.00564216]
364     , nan         , array([ 0.0585073  ,  0.00861812 ])
366     , nan         , array([ 0.0585073  ,  0.00862674 ])
[0.0585073  0.00861812]
368     , nan         , array([ 0.0585658  ,  0.00375863 ])
[0.0585073  0.00375863]
370     , nan         , array([ 0.0585073  ,  0.00700321 ])
372     , nan         , array([ 0.0585073  ,  0.00701022 ])
[0.0585073  0.00700321]
374     , nan         , array([ 0.0585658  ,  0.00496411 ])
[0.0585073  0.00496411]
376     , nan         , array([ 0.0585073  ,  0.00460721 ])
378     , nan         , array([ 0.0585073  ,  0.00461182 ])
[0.0585073  0.00460721]
380     , nan         , array([ 0.0585658  ,  0.00568124 ])
[0.0585073  0.00568124]
382     , nan         , array([ 0.0585073  ,  0.00827296 ])
384     , nan         , array([ 0.0585073  ,  0.00828124 ])
[0.0585073  0.00827296]
386     , nan         , array([ 0.0585658  ,  0.00241379 ])
[0.0585073  0.00241379]
388     , nan         , array([ 0.0585073  ,  0.00943322 ])
390     , nan         , array([ 0.0585073  ,  0.00944266 ])
[0.0585073  0.00943322]
392     , nan         , array([ 0.0585658  ,  0.00745142 ])
[0.0585073  0.00745142]
394     , nan         , array([ 0.0585073  ,  0.000879375])
396     , nan         , array([ 0.0585073  ,  0.000880255])
[0.0585073  0.00087938]
398     , nan         , array([ 0.0585658  ,  0.00509896 ])
[0.0585073  0.00509896]
400     , nan         , array([ 0.0585073  ,  0.000591958])
402     , nan         , array([ 0.0585073  ,  0.00059255 ])
[0.0585073  0.00059196]
404     , nan         , array([ 0.0585658  ,  0.00177089 ])
[0.0585073  0.00177089]
406     , nan         , array([ 0.0402679  ,  0.00564216 ])
408     , nan         , array([ 0.0402679  ,  0.0056478  ])
[0.04026786 0.00564216]
410     , nan         , array([ 0.0403081  ,  0.00861812 ])
[0.04026786 0.00861812]
412     , nan         , array([ 0.0402679  ,  0.00375863 ])
414     , nan         , array([ 0.0402679  ,  0.00376239 ])
[0.04026786 0.00375863]
416     , nan         , array([ 0.0403081  ,  0.00700321 ])
[0.04026786 0.00700321]
418     , nan         , array([ 0.0402679  ,  0.00496411 ])
420     , nan         , array([ 0.0402679  ,  0.00496907 ])
[0.04026786 0.00496411]
422     , nan         , array([ 0.0403081  ,  0.00460721 ])
[0.04026786 0.00460721]
424     , nan         , array([ 0.0402679  ,  0.00568124 ])
426     , nan         , array([ 0.0402679  ,  0.00568692 ])
[0.04026786 0.00568124]
428     , nan         , array([ 0.0403081  ,  0.00827296 ])
[0.04026786 0.00827296]
430     , nan         , array([ 0.0402679  ,  0.00241379 ])
432     , nan         , array([ 0.0402679  ,  0.00241621 ])
[0.04026786 0.00241379]
434     , nan         , array([ 0.0403081  ,  0.00943322 ])
[0.04026786 0.00943322]
436     , nan         , array([ 0.0402679  ,  0.00745142 ])
438     , nan         , array([ 0.0402679  ,  0.00745888 ])
[0.04026786 0.00745142]
440     , nan         , array([ 0.0403081  ,  0.000879375])
[0.04026786 0.00087938]
442     , nan         , array([ 0.0402679  ,  0.00509896 ])
444     , nan         , array([ 0.0402679  ,  0.00510406 ])
[0.04026786 0.00509896]
446     , nan         , array([ 0.0403081  ,  0.000591958])
[0.04026786 0.00059196]
448     , nan         , array([ 0.0402679  ,  0.00177089 ])
450     , nan         , array([ 0.0402679  ,  0.00177266 ])
[0.04026786 0.00177089]
452     , nan         , array([ 0.0365382  ,  0.00564216 ])
[0.03650171 0.00564216]
454     , nan         , array([ 0.0365017  ,  0.00861812 ])
456     , nan         , array([ 0.0365017  ,  0.00862674 ])
[0.03650171 0.00861812]
458     , nan         , array([ 0.0365382  ,  0.00375863 ])
[0.03650171 0.00375863]
460     , nan         , array([ 0.0365017  ,  0.00700321 ])
462     , nan         , array([ 0.0365017  ,  0.00701022 ])
[0.03650171 0.00700321]
464     , nan         , array([ 0.0365382  ,  0.00496411 ])
[0.03650171 0.00496411]
466     , nan         , array([ 0.0365017  ,  0.00460721 ])
468     , nan         , array([ 0.0365017  ,  0.00461182 ])
[0.03650171 0.00460721]
470     , nan         , array([ 0.0365382  ,  0.00568124 ])
[0.03650171 0.00568124]
472     , nan         , array([ 0.0365017  ,  0.00827296 ])
474     , nan         , array([ 0.0365017  ,  0.00828124 ])
[0.03650171 0.00827296]
476     , nan         , array([ 0.0365382  ,  0.00241379 ])
[0.03650171 0.00241379]
478     , nan         , array([ 0.0365017  ,  0.00943322 ])
480     , nan         , array([ 0.0365017  ,  0.00944266 ])
[0.03650171 0.00943322]
482     , nan         , array([ 0.0365382  ,  0.00745142 ])
[0.03650171 0.00745142]
484     , nan         , array([ 0.0365017  ,  0.000879375])
486     , nan         , array([ 0.0365017  ,  0.000880255])
[0.03650171 0.00087938]
488     , nan         , array([ 0.0365382  ,  0.00509896 ])
[0.03650171 0.00509896]
490     , nan         , array([ 0.0365017  ,  0.000591958])
492     , nan         , array([ 0.0365017  ,  0.00059255 ])
[0.03650171 0.00059196]
494     , nan         , array([ 0.0365382  ,  0.00177089 ])
[0.03650171 0.00177089]
496     , nan         , array([ 0.0938856  ,  0.00564216 ])
498     , nan         , array([ 0.0938856  ,  0.0056478  ])
[0.09388561 0.00564216]
500     , nan         , array([ 0.0939795  ,  0.00861812 ])
[0.09388561 0.00861812]
502     , nan         , array([ 0.0938856  ,  0.00375863 ])
504     , nan         , array([ 0.0938856  ,  0.00376239 ])
[0.09388561 0.00375863]
506     , nan         , array([ 0.0939795  ,  0.00700321 ])
[0.09388561 0.00700321]
508     , nan         , array([ 0.0938856  ,  0.00496411 ])
510     , nan         , array([ 0.0938856  ,  0.00496907 ])
[0.09388561 0.00496411]
512     , nan         , array([ 0.0939795  ,  0.00460721 ])
[0.09388561 0.00460721]
514     , nan         , array([ 0.0938856  ,  0.00568124 ])
516     , nan         , array([ 0.0938856  ,  0.00568692 ])
[0.09388561 0.00568124]
518     , nan         , array([ 0.0939795  ,  0.00827296 ])
[0.09388561 0.00827296]
520     , nan         , array([ 0.0938856  ,  0.00241379 ])
522     , nan         , array([ 0.0938856  ,  0.00241621 ])
[0.09388561 0.00241379]
524     , nan         , array([ 0.0939795  ,  0.00943322 ])
[0.09388561 0.00943322]
526     , nan         , array([ 0.0938856  ,  0.00745142 ])
528     , nan         , array([ 0.0938856  ,  0.00745888 ])
[0.09388561 0.00745142]
530     , nan         , array([ 0.0939795  ,  0.000879375])
[0.09388561 0.00087938]
532     , nan         , array([ 0.0938856  ,  0.00509896 ])
534     , nan         , array([ 0.0938856  ,  0.00510406 ])
[0.09388561 0.00509896]
536     , nan         , array([ 0.0939795  ,  0.000591958])
[0.09388561 0.00059196]
538     , nan         , array([ 0.0938856  ,  0.00177089 ])
540     , nan         , array([ 0.0938856  ,  0.00177266 ])
[0.09388561 0.00177089]
542     , nan         , array([ 0.0366427  ,  0.00564216 ])
[0.03660605 0.00564216]
544     , nan         , array([ 0.0366061  ,  0.00861812 ])
546     , nan         , array([ 0.0366061  ,  0.00862674 ])
[0.03660605 0.00861812]
548     , nan         , array([ 0.0366427  ,  0.00375863 ])
[0.03660605 0.00375863]
550     , nan         , array([ 0.0366061  ,  0.00700321 ])
552     , nan         , array([ 0.0366061  ,  0.00701022 ])
[0.03660605 0.00700321]
554     , nan         , array([ 0.0366427  ,  0.00496411 ])
[0.03660605 0.00496411]
556     , nan         , array([ 0.0366061  ,  0.00460721 ])
558     , nan         , array([ 0.0366061  ,  0.00461182 ])
[0.03660605 0.00460721]
560     , nan         , array([ 0.0366427  ,  0.00568124 ])
[0.03660605 0.00568124]
562     , nan         , array([ 0.0366061  ,  0.00827296 ])
564     , nan         , array([ 0.0366061  ,  0.00828124 ])
[0.03660605 0.00827296]
566     , nan         , array([ 0.0366427  ,  0.00241379 ])
[0.03660605 0.00241379]
568     , nan         , array([ 0.0366061  ,  0.00943322 ])
570     , nan         , array([ 0.0366061  ,  0.00944266 ])
[0.03660605 0.00943322]
572     , nan         , array([ 0.0366427  ,  0.00745142 ])
[0.03660605 0.00745142]
574     , nan         , array([ 0.0366061  ,  0.000879375])
576     , nan         , array([ 0.0366061  ,  0.000880255])
[0.03660605 0.00087938]
578     , nan         , array([ 0.0366427  ,  0.00509896 ])
[0.03660605 0.00509896]
580     , nan         , array([ 0.0366061  ,  0.000591958])
582     , nan         , array([ 0.0366061  ,  0.00059255 ])
[0.03660605 0.00059196]
584     , nan         , array([ 0.0366427  ,  0.00177089 ])
[0.03660605 0.00177089]
586     , nan         , array([ 0.0179238  ,  0.00564216 ])
588     , nan         , array([ 0.0179238  ,  0.0056478  ])
[0.01792382 0.00564216]
590     , nan         , array([ 0.0179418  ,  0.00861812 ])
[0.01792382 0.00861812]
592     , nan         , array([ 0.0179238  ,  0.00375863 ])
594     , nan         , array([ 0.0179238  ,  0.00376239 ])
[0.01792382 0.00375863]
596     , nan         , array([ 0.0179418  ,  0.00700321 ])
[0.01792382 0.00700321]
598     , nan         , array([ 0.0179238  ,  0.00496411 ])
600     , nan         , array([ 0.0179238  ,  0.00496907 ])
[0.01792382 0.00496411]
602     , nan         , array([ 0.0179418  ,  0.00460721 ])
[0.01792382 0.00460721]
604     , nan         , array([ 0.0179238  ,  0.00568124 ])
606     , nan         , array([ 0.0179238  ,  0.00568692 ])
[0.01792382 0.00568124]
608     , nan         , array([ 0.0179418  ,  0.00827296 ])
[0.01792382 0.00827296]
610     , nan         , array([ 0.0179238  ,  0.00241379 ])
612     , nan         , array([ 0.0179238  ,  0.00241621 ])
[0.01792382 0.00241379]
614     , nan         , array([ 0.0179418  ,  0.00943322 ])
[0.01792382 0.00943322]
616     , nan         , array([ 0.0179238  ,  0.00745142 ])
618     , nan         , array([ 0.0179238  ,  0.00745888 ])
[0.01792382 0.00745142]
620     , nan         , array([ 0.0179418  ,  0.000879375])
[0.01792382 0.00087938]
622     , nan         , array([ 0.0179238  ,  0.00509896 ])
624     , nan         , array([ 0.0179238  ,  0.00510406 ])
[0.01792382 0.00509896]
626     , nan         , array([ 0.0179418  ,  0.000591958])
[0.01792382 0.00059196]
628     , nan         , array([ 0.0179238  ,  0.00177089 ])
630     , nan         , array([ 0.0179238  ,  0.00177266 ])
[0.01792382 0.00177089]
632     , nan         , array([ 0.0944163  ,  0.00564216 ])
[0.09432193 0.00564216]
634     , nan         , array([ 0.0943219  ,  0.00861812 ])
636     , nan         , array([ 0.0943219  ,  0.00862674 ])
[0.09432193 0.00861812]
638     , nan         , array([ 0.0944163  ,  0.00375863 ])
[0.09432193 0.00375863]
640     , nan         , array([ 0.0943219  ,  0.00700321 ])
642     , nan         , array([ 0.0943219  ,  0.00701022 ])
[0.09432193 0.00700321]
644     , nan         , array([ 0.0944163  ,  0.00496411 ])
[0.09432193 0.00496411]
646     , nan         , array([ 0.0943219  ,  0.00460721 ])
648     , nan         , array([ 0.0943219  ,  0.00461182 ])
[0.09432193 0.00460721]
650     , nan         , array([ 0.0944163  ,  0.00568124 ])
[0.09432193 0.00568124]
652     , nan         , array([ 0.0943219  ,  0.00827296 ])
654     , nan         , array([ 0.0943219  ,  0.00828124 ])
[0.09432193 0.00827296]
656     , nan         , array([ 0.0944163  ,  0.00241379 ])
[0.09432193 0.00241379]
658     , nan         , array([ 0.0943219  ,  0.00943322 ])
660     , nan         , array([ 0.0943219  ,  0.00944266 ])
[0.09432193 0.00943322]
662     , nan         , array([ 0.0944163  ,  0.00745142 ])
[0.09432193 0.00745142]
664     , nan         , array([ 0.0943219  ,  0.000879375])
666     , nan         , array([ 0.0943219  ,  0.000880255])
[0.09432193 0.00087938]
668     , nan         , array([ 0.0944163  ,  0.00509896 ])
[0.09432193 0.00509896]
670     , nan         , array([ 0.0943219  ,  0.000591958])
672     , nan         , array([ 0.0943219  ,  0.00059255 ])
[0.09432193 0.00059196]
674     , nan         , array([ 0.0944163  ,  0.00177089 ])
[0.09432193 0.00177089]
