19
A01000001  0.000000 0.333074 4.079910 0.762911 0.552318 0.319547 0.289169 0.263076 0.304889 0.611753 0.290780 0.687169 0.491081 0.271673 0.099580 0.327126 0.115154 0.084500 0.452091 
A01000002  0.333074 0.000000 4.243068 0.695475 0.521625 0.274198 0.325387 0.349902 0.309790 0.609261 0.363114 0.661201 0.429287 0.327615 0.327369 0.330739 0.313806 0.311655 0.418684 
A01000003  4.079910 4.243068 0.000000 0.573495 0.610348 4.568634 4.059776 3.631566 3.619225 0.606837 3.433862 5.643014 5.322039 4.319612 3.862221 3.948582 4.126252 4.031717 3.642600 
A01000004  0.762911 0.695475 0.573495 0.000000 0.325747 0.835830 0.727299 0.720223 0.686644 0.621384 0.677808 5.643014 5.322039 0.835573 0.710462 0.716881 0.797336 0.728052 0.754370 
A01000005  0.552318 0.521625 0.610348 0.325747 0.000000 0.479254 0.526762 0.561611 0.526229 0.540250 0.551244 0.618705 0.647369 0.568726 0.538319 0.542566 0.554822 0.539249 0.694227 
A01000006  0.319547 0.274198 4.568634 0.835830 0.479254 0.000000 0.317548 0.344416 0.304044 0.639008 0.363997 0.534388 0.397013 0.313614 0.309822 0.322289 0.282849 0.289067 0.420656 
A01000007  0.289169 0.325387 4.059776 0.727299 0.526762 0.317548 0.000000 0.291120 0.296132 0.565283 0.298861 0.963978 0.483317 0.109046 0.280400 0.105421 0.304570 0.271840 0.135399 
A01000008  0.263076 0.349902 3.631566 0.720223 0.561611 0.344416 0.291120 0.000000 0.304366 0.538155 0.289247 3.631566 0.547902 0.275476 0.276789 0.323704 0.318961 0.269985 0.418750 
A01000009  0.304889 0.309790 3.619225 0.686644 0.526229 0.304044 0.296132 0.304366 0.000000 0.514590 0.310290 1.354522 0.516035 0.304515 0.293753 0.315303 0.277797 0.283192 0.440588 
A01000010  0.611753 0.609261 0.606837 0.621384 0.540250 0.639008 0.565283 0.538155 0.514590 0.000000 0.527426 2.699311 0.987376 0.685773 0.555692 0.547088 0.615308 0.561275 0.881916 
A01000011  0.290780 0.363114 3.433862 0.677808 0.551244 0.363997 0.298861 0.289247 0.310290 0.527426 0.000000 3.433862 0.598049 0.304282 0.284914 0.334819 0.329736 0.277363 0.451378 
A01000012  0.687169 0.661201 5.643014 5.643014 0.618705 0.534388 0.963978 3.631566 1.354522 2.699311 3.433862 0.000000 0.248983 0.474175 0.973242 0.806387 0.800512 0.717536 3.642600 
A01000013  0.491081 0.429287 5.322039 5.322039 0.647369 0.397013 0.483317 0.547902 0.516035 0.987376 0.598049 0.248983 0.000000 0.448502 0.496039 0.460276 0.479069 0.459613 0.455271 
A01000014  0.271673 0.327615 4.319612 0.835573 0.568726 0.313614 0.109046 0.275476 0.304515 0.685773 0.304282 0.474175 0.448502 0.000000 0.277494 0.114451 0.299325 0.259626 0.147948 
A01000015  0.099580 0.327369 3.862221 0.710462 0.538319 0.309822 0.280400 0.276789 0.293753 0.555692 0.284914 0.973242 0.496039 0.277494 0.000000 0.312857 0.091022 0.069372 0.440947 
A01000016  0.327126 0.330739 3.948582 0.716881 0.542566 0.322289 0.105421 0.323704 0.315303 0.547088 0.334819 0.806387 0.460276 0.114451 0.312857 0.000000 0.320210 0.305876 0.078838 
A01000017  0.115154 0.313806 4.126252 0.797336 0.554822 0.282849 0.304570 0.318961 0.277797 0.615308 0.329736 0.800512 0.479069 0.299325 0.091022 0.320210 0.000000 0.064935 0.452920 
A01000018  0.084500 0.311655 4.031717 0.728052 0.539249 0.289067 0.271840 0.269985 0.283192 0.561275 0.277363 0.717536 0.459613 0.259626 0.069372 0.305876 0.064935 0.000000 0.431863 
A01000019  0.452091 0.418684 3.642600 0.754370 0.694227 0.420656 0.135399 0.418750 0.440588 0.881916 0.451378 3.642600 0.455271 0.147948 0.440947 0.078838 0.452920 0.431863 0.000000 
