species_id	count_reads	coverage	relative_abundance
Achromobacter_arsenitoxydans_61601	1	0.009665997	8.02E-06
Achromobacter_xylosoxidans_62275	1	0.009710605	8.06E-06
Acidovorax_avenae_58182	1	0.006022907	6.59E-06
Acidovorax_radicis_33253	1	0.007202459	3.31E-05
Acidovorax_sp_59875	1	0.007634265	2.76E-05
Acidovorax_sp_61324	1	0.008982568	3.39E-05
Acidovorax_sp_61676	1	0.008168643	2.76E-05
Acinetobacter_guillouiae_57629	1	0.009450903	4.74E-05
Acinetobacter_sp_57696	1	0.009550827	0.000216483
Acinetobacter_sp_59562	1	0.009472388	3.46E-05
Actinobacillus_minor_61978	1	0.005050505	1.73E-05
Actinomyces_sp_59588	1	0.009438505	1.31E-05
Adlercreutzia_equolifaciens_60310	1	0.008288082	7.54E-05
Aeromonas_caviae_57221	1	0.009141457	4.59E-05
Aeromonas_tecta_61253	1	0.004231312	5.18E-06
Alishewanella_agri_59418	1	0.0096163	1.80E-05
Alpha_proteobacterium_62342	1	0.012094823	0.001334112
Anaerococcus_sp_62593	1	0.010043186	6.79E-05
Arsenicicoccus_bolidensis_58708	1	0.005270458	6.68E-06
Atopobium_vaginae_48504	1	0.007833379	3.88E-05
Bacteroides_faecichinchillae_59709	1	0.006348182	3.07E-05
Bibersteinia_trehalosi_57640	1	0.004701734	8.22E-06
Blautia_producta_61268	1	0.009841177	3.49E-05
Bradyrhizobium_japonicum_57868	1	0.008989572	0.000126507
Bradyrhizobium_sp_59395	1	0.008868584	0.000124805
Bradyrhizobium_sp_60269	1	0.00485306	5.84E-06
Bradyrhizobium_sp_61279	1	0.006157747	7.41E-06
Brevundimonas_diminuta_58385	1	0.007356322	0.000103523
Burkholderia_vietnamiensis_54338	1	0.008744589	9.18E-05
Campylobacter_mucosalis_60987	1	0.008025682	1.02E-05
Cellulomonas_sp_60608	1	0.00473216	8.27E-06
Chloroflexus_sp_60801	1	0.009888263	0.001090719
Citricoccus_sp_58429	1	0.004454774	3.16E-06
Clostridiales_bacterium_55367	1	0.009884847	3.33E-05
Clostridiales_bacterium_59945	1	0.010061765	1.78E-05
Clostridiales_bacterium_62591	1	0.010203041	5.12E-05
Clostridium_bartlettii_61535	1	0.009795191	5.33E-05
Clostridium_leptum_61499	1	0.007279693	6.62E-05
Clostridium_nexile_61654	1	0.009215126	1.61E-05
Clostridium_spiroforme_61500	1	0.010543898	1.87E-05
Collinsella_aerofaciens_61484	1	0.007874772	3.81E-05
Collinsella_sp_62205	1	0.006079605	2.94E-05
Comamonas_aquatica_57513	1	0.006747638	1.47E-05
Conchiformibius_kuhniae_58766	1	0.004952808	2.30E-05
Conchiformibius_steedae_58767	1	0.006065776	4.08E-05
Coprococcus_catus_62200	1	0.009190631	3.14E-05
Corynebacterium_aurimucosum_34136	1	0.009442871	8.85E-05
Corynebacterium_freneyi_59961	1	0.006299796	3.43E-05
Corynebacterium_sp_59657	1	0.005834306	2.00E-05
Cupriavidus_basilensis_59159	1	0.008263097	7.75E-05
Cupriavidus_sp_60071	1	0.004676539	8.73E-06
Curvibacter_gracilis_60147	1	0.009067241	8.33E-05
Dermacoccus_nishinomiyaensis_56168	1	0.005214368	0.000172777
Desulfovibrio_piger_61475	1	0.006283572	4.68E-05
Dyella_ginsengisoli_59670	1	0.005079007	3.60E-06
Dysgonomonas_gadei_62214	1	0.007912355	3.39E-05
Empedobacter_falsenii_61297	1	0.010144045	0.000119858
Enterobacter_hormaechei_50416	1	0.009578544	0.000121589
Enterococcus_durans_52177	1	0.005059524	2.92E-06
Erysipelotrichaceae_bacterium_55770	1	0.009237421	4.23E-05
Erysipelotrichaceae_bacterium_56596	1	0.009573042	1.49E-05
Escherichia_coli_53492	1	0.009389671	9.86E-05
Escherichia_coli_57907	1	0.00967711	1.17E-05
Facklamia_ignava_62425	1	0.009701203	6.56E-05
Gemella_bergeriae_60107	1	0.009613439	1.73E-05
Geodermatophilus_obscurus_61728	1	0.004755496	3.38E-06
Gordonia_rubripertincta_58506	1	0.005137152	2.01E-05
Haemophilus_parasuis_57880	1	0.004279601	2.12E-05
Haemophilus_somnus_55858	1	0.004288165	1.47E-05
Helicobacter_pylori_58188	1	0.008720597	2.98E-05
Helicobacter_pylori_62664	1	0.009268914	6.23E-05
Herbaspirillum_sp_59232	1	0.005376344	7.17E-05
Ideonella_sp_60254	1	0.006706408	2.07E-05
Janibacter_hoylei_59504	1	0.010538518	9.88E-05
Janthinobacterium_sp_59429	1	0.005123743	3.44E-05
Kitasatospora_mediocidica_60581	1	0.006094022	4.32E-06
Kitasatospora_sp_56944	1	0.005777008	1.09E-05
Kocuria_rhizophila_57520	1	0.00528522	2.53E-05
Lactobacillus_buchneri_57242	1	0.009904874	0.000687654
Lactobacillus_curvatus_54601	1	0.009904874	7.08E-05
Lactobacillus_paracasei_55666	1	0.011502185	4.93E-05
Leuconostoc_mesenteroides_56895	1	0.009464037	2.41E-05
Listeria_marthii_62165	1	0.005562298	1.72E-05
Mannheimia_granulomatis_58222	1	0.004550626	3.71E-06
Mannheimia_varigena_57950	1	0.006084807	7.32E-06
Mesorhizobium_sp_58410	1	0.007206714	5.15E-05
Methylobacterium_sp_59341	1	0.008214677	0.000115603
Micrococcus_luteus_57785	1	0.009462245	9.80E-05
Mitsuaria_sp_61803	1	0.005265506	1.26E-05
Myxococcus_xanthus_46080	1	0.00719677	7.55E-05
Neisseria_shayeganii_58362	1	0.005097134	3.62E-06
Nocardia_concava_59478	1	0.005288008	7.01E-05
Nocardia_jiangxiensis_59470	1	0.005644853	4.01E-06
Nocardia_pneumoniae_59475	1	0.005116324	4.52E-06
Oerskovia_turbata_60940	1	0.004604052	1.68E-05
Oligella_urethralis_56744	1	0.009367464	0.000106836
Paracoccus_sp_58581	1	0.009185267	2.20E-05
Paracoccus_sp_60887	1	0.008283632	4.36E-05
Paraprevotella_xylaniphila_62280	1	0.007456671	4.24E-05
Pasteurella_bettyae_58565	1	0.005163511	8.70E-05
Pimelobacter_simplex_60993	1	0.007873241	5.68E-05
Prevotella_albensis_47375	1	0.009509044	2.86E-05
Prevotella_amnii_56408	1	0.010413445	2.87E-05
Prevotella_buccalis_62098	1	0.00705687	0.000485249
Prevotella_stercorea_58308	1	0.01020202	2.81E-05
Proteiniclasticum_ruminis_60455	1	0.009903012	0.000132055
Pseudoalteromonas_haloplanktis_60127	1	0.003985507	2.30E-06
Pseudomonas_cichorii_60533	1	0.007102273	5.04E-06
Pseudomonas_fluorescens_56262	1	0.008587697	2.19E-05
Pseudomonas_fluorescens_61154	1	0.008983452	2.29E-05
Pseudomonas_fluorescens_61823	1	0.008134695	5.47E-05
Pseudomonas_fragi_59193	1	0.009469697	0.000511367
Pseudomonas_knackmussii_60028	1	0.007242234	1.58E-05
Pseudomonas_mendocina_57928	1	0.009600614	2.96E-05
Pseudomonas_oleovorans_57108	1	0.006287511	2.27E-05
Pseudomonas_sp_59942	1	0.007128119	1.56E-05
Pseudomonas_sp_60708	1	0.009575275	0.000100088
Pyramidobacter_piscolens_61315	1	0.010707785	8.00E-06
Rasbobacterium_massiliensis_60807	1	0.005805917	6.99E-06
Ruania_albidiflava_59028	1	0.004385965	1.60E-05
Rubrivivax_benzoatilyticus_33432	1	0.007307938	2.59E-05
Ruminococcaceae_bacterium_61777	1	0.005727377	2.77E-05
Ruminococcus_callidus_61479	1	0.009913624	9.01E-05
Salmonella_bongori_55351	1	0.008189777	3.96E-05
Shewanella_putrefaciens_56759	1	0.005004721	2.89E-06
Sphingomonas_elodea_58518	1	0.008722033	3.29E-05
Sphingomonas_wittichii_55547	1	0.010497869	0.000119729
Staphylococcus_aureus_37016	1	0.009884518	2.58E-05
Staphylococcus_hominis_57055	1	0.008170411	4.44E-05
Stenotrophomonas_maltophilia_55906	1	0.009371193	1.44E-05
Streptococcus_suis_59538	1	0.006461875	1.72E-05
Streptococcus_suis_59539	1	0.005567154	3.49E-05
Streptomyces_sp_57934	1	0.004764627	8.78E-06
Streptomyces_sp_61566	1	0.005330053	9.32E-06
Subdoligranulum_variabile_61478	1	0.007202881	3.49E-05
Thermus_antranikianii_59112	1	0.007264425	1.43E-05
Thermus_tengchongensis_60586	1	0.006721277	1.32E-05
Thermus_thermophilus_58025	1	0.007454068	0.000288494
Thiomonas_sp_59285	1	0.004733297	7.98E-05
Varibaculum_cambriense_60384	1	0.009086694	6.11E-05
Variovorax_sp_60279	1	0.005295353	7.06E-05
Acetobacter_aceti_60614	2	0.015029223	2.69E-05
Acidaminococcus_intestini_54097	2	0.017300698	3.03E-05
Acinetobacter_baumannii_57014	2	0.020068232	0.00026612
Acinetobacter_johnsonii_58178	2	0.019128788	2.31E-05
Acinetobacter_schindleri_57376	2	0.019096237	3.57E-05
Acinetobacter_sp_59235	2	0.018901805	0.000107414
Acinetobacter_sp_59556	2	0.019096237	2.82E-05
Acinetobacter_towneri_58660	2	0.014276322	4.89E-05
Acinetobacter_ursingii_57496	2	0.019107075	0.000108573
Actinomyces_cardiffensis_62444	2	0.014457396	2.83E-05
Actinomyces_slackii_59880	2	0.011123368	3.45E-05
Afipia_birgiae_59428	2	0.018085773	0.000206269
Alistipes_sp_58363	2	0.017909819	8.67E-05
Alistipes_sp_60764	2	0.019129898	1.43E-05
Anaerococcus_sp_58645	2	0.020456503	0.000134243
Atopobium_minutum_50290	2	0.019101655	4.04E-05
Bacillus_cereus_56036	2	0.019774841	0.000112367
Bacillus_licheniformis_58033	2	0.019853087	5.43E-05
Bacillus_thermoamylovorans_61325	2	0.019711163	8.96E-05
Bacteroides_clarus_62282	2	0.015752033	0.000143217
Bacteroides_nordii_55557	2	0.020820123	2.51E-05
Bifidobacterium_pseudocatenulatum_57754	2	0.011275168	1.97E-05
Bradyrhizobium_sp_60002	2	0.013336962	6.06E-05
Brevibacterium_linens_60939	2	0.019483025	0.000156134
Burkholderia_multivorans_56971	2	0.012978876	0.000218697
Campylobacter_curvus_58744	2	0.020257267	3.73E-05
Carnobacterium_divergens_60574	2	0.017803259	7.48E-05
Chryseobacterium_indologenes_54335	2	0.017586416	2.95E-05
Cloacibacillus_evryensis_54931	2	0.015763052	7.63E-05
Clostridiales_bacterium_52743	2	0.020629085	7.31E-05
Clostridiales_bacterium_56470	2	0.024696645	0.00035104
Coprococcus_eutactus_61480	2	0.019301293	4.89E-05
Corynebacterium_ammoniagenes_62029	2	0.019287692	2.33E-05
Corynebacterium_pseudodiphtheriticum_55683	2	0.018371987	2.21E-05
Corynebacterium_pseudogenitalium_61708	2	0.018971732	0.000128338
Corynebacterium_sp_58512	2	0.017267697	0.000244979
Corynebacterium_tuberculostearicum_61783	2	0.012984551	0.000120444
Deinococcus_ficus_57410	2	0.016824085	7.82E-05
Delftia_acidovorans_58200	2	0.017019276	0.000239507
Desulfovibrio_sp_59980	2	0.024838549	7.47E-05
Dolosigranulum_pigrum_62423	2	0.016525712	0.000111034
Dorea_longicatena_59913	2	0.017879949	0.000162564
Eggerthella_lenta_56463	2	0.0192326	6.81E-05
Enhydrobacter_aerosaccus_61784	2	0.018027666	2.17E-05
Enterobacter_cloacae_58287	2	0.018965517	0.000336822
Enterobacteriaceae_bacterium_60920	2	0.018390805	6.72E-05
Enterococcus_faecalis_55915	2	0.020008003	4.37E-05
Enterococcus_gallinarum_52312	2	0.020354696	0.000133575
Escherichia_albertii_56276	2	0.015950802	2.02E-05
Eubacterium_biforme_61684	2	0.019798099	5.42E-05
Eubacterium_hallii_61477	2	0.016071429	7.78E-05
Eubacterium_ramulus_59802	2	0.021003991	0.000101658
Finegoldia_magna_57293	2	0.018220468	2.97E-05
Finegoldia_magna_61710	2	0.020428803	0.000502275
Fusobacterium_necrophorum_57474	2	0.022793952	8.59E-05
Gardnerella_vaginalis_58289	2	0.018605508	0.001279364
Gemella_cuniculi_58856	2	0.019578161	1.75E-05
Geobacillus_stearothermophilus_62588	2	0.018255578	8.73E-05
Gordonia_bronchialis_61729	2	0.018706988	0.000175411
Gordonia_polyisoprenivorans_56253	2	0.019262256	4.01E-05
Helicobacter_pylori_62707	2	0.020956123	7.16E-05
Holdemania_sp_59514	2	0.014404486	6.97E-05
Intestinimonas_butyriciproducens_60001	2	0.016193925	7.84E-05
Kocuria_palustris_56547	2	0.012124604	6.39E-05
Lachnospiraceae_bacterium_56275	2	0.019064465	8.26E-05
Lactobacillus_delbrueckii_56845	2	0.019683102	7.20E-05
Lactobacillus_fermentum_54035	2	0.017962309	8.90E-05
Lactobacillus_gasseri_55553	2	0.018414574	0.000147907
Lactobacillus_gasseri_55805	2	0.019694732	4.10E-05
Lactobacillus_jensenii_51108	2	0.019654794	9.71E-05
Lactobacillus_jensenii_52961	2	0.020153647	0.000283032
Lactobacillus_ultunensis_61712	2	0.017695596	0.000110782
Leuconostoc_carnosum_59636	2	0.020189905	0.000114726
Leuconostoc_lactis_59766	2	0.020177804	9.65E-05
Mannheimia_haemolytica_55106	2	0.011035008	6.38E-06
Methylobacterium_populi_61518	2	0.01735377	8.57E-05
Methyloversatilis_universalis_45347	2	0.016898416	9.19E-05
Olsenella_sp_62055	2	0.018040755	0.000102514
Oscillatoria_nigro-viridis_60952	2	0.018176811	4.85E-05
Oscillospiraceae_bacterium_54867	2	0.017203594	8.33E-05
Pantoea_agglomerans_54643	2	0.01565483	0.000105182
Pantoea_agglomerans_56951	2	0.01589125	1.91E-05
Pantoea_sp_58264	2	0.014472056	3.96E-05
Parabacteroides_goldsteinii_56831	2	0.018154312	3.17E-05
Peptoniphilus_sp_58646	2	0.020022135	2.41E-05
Peptostreptococcus_sp_59590	2	0.019453361	0.000105777
Porphyromonas_gulae_56965	2	0.020686124	9.40E-05
Porphyromonas_uenonis_49360	2	0.017538585	0.000140871
Porphyromonas_uenonis_61926	2	0.019762049	5.17E-05
Prevotella_bivia_55194	2	0.020381127	3.18E-05
Prevotella_sp_59962	2	0.012596294	7.89E-05
Propionibacterium_avidum_56659	2	0.017673776	0.000100428
Propionibacterium_sp_59451	2	0.015952733	1.92E-05
Propionibacterium_sp_59454	2	0.018326929	0.000147204
Pseudomonas_aeruginosa_57148	2	0.019806023	0.000289822
Pseudomonas_alcaligenes_59541	2	0.012479756	0.000175624
Pseudomonas_fluorescens_57697	2	0.018705574	6.77E-05
Pseudomonas_fluorescens_58263	2	0.015432099	0.000141732
Pseudomonas_fluorescens_61013	2	0.01761745	0.000160177
Pseudomonas_fluorescens_62219	2	0.017404465	7.98E-05
Pseudomonas_luteola_57118	2	0.016544463	0.000219392
Pseudomonas_mendocina_56904	2	0.017293805	3.59E-05
Pseudomonas_mendocina_57420	2	0.018977133	1.42E-05
Pseudomonas_pseudoalcaligenes_57759	2	0.019238095	8.74E-05
Pseudomonas_sp_61516	2	0.019155998	0.000161821
Pseudomonas_sp_62500	2	0.017797974	2.98E-05
Pseudomonas_stutzeri_61602	2	0.015675165	0.000220592
Pseudomonas_thermotolerans_54437	2	0.014451144	2.53E-05
Ralstonia_pickettii_56648	2	0.015320581	8.71E-05
Ralstonia_sp_59678	2	0.013231686	7.19E-05
Roseburia_intestinalis_56239	2	0.019343101	6.85E-05
Ruminococcus_sp_55468	2	0.019179699	2.10E-05
Sphingobium_yanoikuyae_58162	2	0.016051206	0.000531854
Sphingomonas_melonis_46852	2	0.011904762	6.47E-05
Staphylococcus_capitis_55595	2	0.019425019	5.99E-05
Staphylococcus_pettenkoferi_62480	2	0.020153164	0.00013633
Stenotrophomonas_maltophilia_62375	2	0.012474207	5.72E-05
Streptococcus_gallolyticus_57748	2	0.016731017	2.73E-05
Streptococcus_lutetiensis_58501	2	0.019980218	3.26E-05
Streptococcus_marimammalium_59084	2	0.011097899	9.91E-06
Streptococcus_parauberis_53510	2	0.012334626	2.22E-05
Synechococcus_sp_61245	2	0.018726592	0.002065625
Thermus_aquaticus_61651	2	0.020995738	0.000119305
Thiobacillus_denitrificans_61140	2	0.01271518	4.35E-05
Turicella_otitidis_62431	2	0.018549906	0.000125484
Weissella_confusa_59158	2	0.020232372	0.000135938
Xanthomonas_campestris_57487	2	0.015134736	2.33E-05
Acinetobacter_parvus_58065	3	0.028394715	0.000643607
Aggregatibacter_actinomycetemcomitans_57999	3	0.025081371	2.75E-05
Alistipes_sp_59510	3	0.023286965	0.000112707
Anaerostipes_hadrus_55206	3	0.026029295	8.92E-05
Corynebacterium_sp_47185	3	0.025142857	3.03E-05
Desulfovibrio_sp_53607	3	0.020925871	0.00010128
Enterobacter_cloacae_58148	3	0.020754899	0.00026346
Guyana_massiliensis_60772	3	0.030652504	0.000148356
Helicobacter_pylori_56616	3	0.031707032	0.000108397
Lactobacillus_oris_55759	3	0.025209257	0.000202483
Lactobacillus_rhamnosus_57549	3	0.03157277	0.000289972
Methylobacterium_sp_58573	3	0.022344828	7.54E-05
Pasteurella_dagmatis_62076	3	0.017302361	1.00E-05
Peptoniphilus_rhinitidis_62391	3	0.030569007	0.000115242
Propionibacterium_acnes_58452	3	0.030820873	0.000246994
Providencia_rettgeri_59205	3	0.017362234	1.13E-05
Ruminococcus_champanellensis_61009	3	0.025872443	0.00023999
Ruminococcus_obeum_61472	3	0.033035024	0.000300353
Streptococcus_sobrinus_57517	3	0.029697148	0.000341359
Synergistetes_bacterium_62033	3	0.030456318	8.40E-05
Acidovorax_sp_59863	4	0.031841339	0.000448093
Alistipes_indistinctus_62207	4	0.032990315	0.000159671
Alloiococcus_otitis_62422	4	0.036054226	0.000243896
Bradyrhizobium_sp_60965	4	0.029802222	3.59E-05
Brochothrix_thermosphacta_50755	4	0.038249754	0.000436241
Bulleidia_extructa_62099	4	0.035314891	0.000751499
Campylobacter_curvus_57251	4	0.040008103	0.000210747
Cryptobacterium_curtum_61580	4	0.035881753	0.000177853
Escherichia_fergusonii_56914	4	0.037850689	7.88E-05
Eubacteriaceae_bacterium_57013	4	0.040355609	0.000183388
Eubacterium_yurii_62362	4	0.03968254	2.82E-05
Fusobacterium_mortiferum_61584	4	0.036363636	0.024091901
Gardnerella_vaginalis_58140	4	0.034914873	9.63E-05
Lactobacillus_iners_56384	4	0.038288962	0.000486036
Listeria_monocytogenes_56580	4	0.042454813	7.11E-05
Myroides_odoratimimus_33551	4	0.039684914	6.10E-05
Oscillibacter_sp_60799	4	0.036543509	0.000332253
Pantoea_ananatis_58251	4	0.031339031	0.001798163
Peptoniphilus_lacrimalis_56996	4	0.046084546	0.000818448
Pseudomonas_fluorescens_57180	4	0.028606265	5.27E-05
Pseudomonas_sp_59673	4	0.032487888	0.000117517
Roseburia_hominis_61877	4	0.035506403	0.000322823
Ruminococcus_gnavus_57638	4	0.035983182	6.29E-05
Selenomonas_sp_62699	4	0.035140262	0.000191073
Treponema_putidum_61019	4	0.028297362	2.53E-05
Afipia_sp_42814	5	0.03368459	4.95E-05
Bifidobacterium_adolescentis_56815	5	0.037819998	0.000183046
Bifidobacterium_catenulatum_58257	5	0.035021889	0.000169504
Bifidobacterium_dentium_55719	5	0.039841356	0.000159448
Bifidobacterium_longum_57796	5	0.040342514	0.000324035
Blautia_wexlerae_56130	5	0.043384374	0.000209978
Clostridiales_bacterium_61057	5	0.042068361	0.000203608
Coprococcus_sp_62244	5	0.040949324	0.000140302
Dialister_micraerophilus_56703	5	0.04709389	5.76E-05
Phocaeicola_abscessus_52822	5	0.046705249	0.000212243
Prevotella_falsenii_59704	5	0.05216	0.000156962
Staphylococcus_sp_59500	5	0.049005195	0.000579025
Staphylococcus_warneri_58053	5	0.042286381	0.000338876
Streptococcus_agalactiae_55593	5	0.047960913	0.000232128
Subdoligranulum_sp_62068	5	0.050428643	7.86E-05
Actinobacillus_minor_61897	6	0.047872896	3.90E-05
Actinomyces_timonensis_61695	6	0.054520548	8.05E-05
Akkermansia_muciniphila_55290	6	0.05509182	0.00018585
Bacteroides_eggerthii_54457	6	0.06102719	0.001444658
Bacteroides_faecis_58503	6	0.059737885	0.000339451
Dorea_formicigenerans_56346	6	0.058951533	0.000285322
Propionibacterium_acidifaciens_59002	6	0.058749149	0.004078709
Ruminococcus_torques_62045	6	0.058760055	0.000284395
Staphylococcus_aureus_56630	6	0.057613169	5.14E-05
Actinomyces_israelii_58669	7	0.044221378	3.14E-05
Afipia_broomeae_57107	7	0.053787047	6.47E-05
Corynebacterium_accolens_58243	7	0.06432247	0.00051547
Enterococcus_faecalis_56297	7	0.070640177	0.000566099
Hallella_seregens_55732	7	0.063436404	0.000899981
Olsenella_profusa_59149	7	0.067007867	0.004652078
Shewanella_piezotolerans_61030	7	0.035852439	2.07E-05
Streptococcus_infantarius_58294	7	0.064770459	4.60E-05
Anaeroglobus_geminatus_62348	8	0.075131632	0.000300681
Bacteroides_intestinalis_61596	8	0.078196872	0.000710964
Eggerthia_catenaformis_62698	8	0.079936051	0.000500433
Olsenella_uli_55165	8	0.066260613	0.000376515
Slackia_exigua_56855	8	0.073778285	5.51E-05
Sutterella_wadsworthensis_56828	8	0.062392466	0.000354535
Treponema_maltophilum_59146	8	0.067851682	0.000248114
Bacteroides_acidifaciens_59693	9	0.088579563	0.000805363
Bacteroides_sartorii_54642	9	0.091658424	0.000443621
Bilophila_wadsworthia_57364	9	0.079262311	0.000383625
Corynebacterium_sp_48834	9	0.085218055	0.000102732
Dorea_longicatena_61473	9	0.087641556	0.00042418
Kingella_kingae_56809	9	0.084293511	0.000148709
Prevotella_disiens_56471	9	0.087393423	0.001239863
Streptococcus_constellatus_50409	9	0.086379396	0.000785359
Streptococcus_sinensis_60947	9	0.066231066	3.83E-05
Treponema_vincentii_56325	9	0.0824393	0.00024808
Veillonella_sp_62586	9	0.072360617	0.000150141
Actinobacillus_equuli_60988	10	0.061707201	3.57E-05
Bacteroides_salyersiae_54873	10	0.099837001	0.000567308
Lactococcus_lactis_56468	10	0.114732569	0.000205507
Prevotella_timonensis_58235	10	0.080777407	0.000143222
Propionibacterium_acnes_50902	10	0.081045382	0.001140526
Ruminococcus_lactaris_55568	10	0.08992841	0.000435248
Selenomonas_sp_60104	10	0.095812494	0.000410432
Shuttleworthia_satelles_57139	10	0.086358796	0.000345613
Staphylococcus_caprae_50972	10	0.096542347	0.000161707
Staphylococcus_sp_54766	10	0.096168806	0.000650552
Aggregatibacter_actinomycetemcomitans_57720	11	0.107959744	0.000730314
Alistipes_finegoldii_56071	11	0.088835534	0.000429958
Bacteroides_coprocola_61586	11	0.107239411	0.000223315
Streptococcus_constellatus_57767	11	0.109757306	6.34E-05
Bacteroidales_bacterium_58650	12	0.098289269	0.000475714
Eubacterium_ventriosum_61474	12	0.112847734	0.000546176
Kineococcus_radiotolerans_61084	12	0.06743295	4.79E-05
Prevotella_oralis_57209	12	0.118061852	0.00167496
Propionibacterium_granulosum_57661	12	0.115384615	0.054411646
Selenomonas_flueggei_61981	12	0.114654069	0.000676268
Sphingomonas_sp_60883	12	0.11515759	0.001620577
Faecalibacterium_prausnitzii_61481	13	0.112403101	0.001021966
Prevotella_baroniae_56661	13	0.109111594	0.001547981
Prevotella_enoeca_59694	13	0.13056	0.00047742
Alistipes_onderdonkii_55464	14	0.118725671	0.000574625
Bacteroides_finegoldii_57739	14	0.126035981	0.000716179
Johnsonella_ignava_62102	14	0.129290618	0.000472778
Lactobacillus_crispatus_56887	14	0.137463127	0.000286252
Megamonas_hypermegale_57114	14	0.137493809	0.000595745
Neisseria_sp_59163	14	0.101965252	9.10E-05
Prevotella_micans_49965	14	0.133457287	0.000488014
Selenomonas_sp_62584	14	0.120433284	8.55E-05
Escherichia_coli_58110	15	0.147076552	0.000177304
Dechloromonas_agitata_60048	16	0.130792895	0.000285722
Paraprevotella_clara_33712	16	0.151269247	0.000859563
Coprobacter_fastidiosus_56550	17	0.16163142	0.001469548
Eubacterium_nodatum_59304	17	0.162496405	0.000488992
Prevotella_marshii_50397	17	0.158582834	0.002361979
Treponema_denticola_33246	17	0.160802119	0.000730735
Treponema_lecithinolyticum_60106	17	0.154345006	0.000464463
Gardnerella_vaginalis_58127	18	0.151609824	0.000694944
Streptococcus_henryi_59083	19	0.106666667	0.000199179
Synechococcus_sp_61246	19	0.177056888	0.019530154
Alloscardovia_omnicolens_54782	20	0.17282647	0.001019388
Faecalibacterium_cf_62236	20	0.180169407	0.001638095
Paracoccus_versutus_61288	20	0.151237142	0.002128313
Atopobium_sp_59453	21	0.197429355	0.000147576
Treponema_sp_60847	21	0.175086108	0.000640239
Eubacteriaceae_bacterium_57478	22	0.235172489	0.000707693
Eubacterium_saphenum_61907	22	0.188642353	0.000520396
Parascardovia_denticolens_55181	22	0.191717119	0.013310123
Roseburia_inulinivorans_61943	22	0.198926306	0.001808632
Staphylococcus_epidermidis_57523	22	0.19401535	0.12854046
Actinomyces_georgiae_55085	25	0.206142885	0.000146302
Atopobium_rimae_61781	25	0.215236477	0.000152756
Burkholderiales_bacterium_56577	25	0.205544479	0.000994822
Treponema_medium_59147	25	0.198468954	0.000725743
Corynebacterium_argentoratense_60209	26	0.24470024	0.000825485
Mogibacterium_timidum_52974	28	0.242639686	0.003442363
Faecalibacterium_prausnitzii_57453	29	0.23655914	0.002150789
Parvimonas_sp_62298	29	0.310186702	0.000933429
Prevotella_multiformis_62454	29	0.274829529	0.001561675
Roseiflexus_sp_61322	30	0.283202176	0.031238446
Tannerella_forsythia_60991	30	0.302170284	0.000266938
Bacteroides_cellulosilyticus_58046	31	0.308881126	0.001494965
Capnocytophaga_sp_59616	31	0.286190188	0.000534404
Coprococcus_comes_61587	31	0.27479092	0.001329971
Serratia_marcescens_43442	31	0.291342366	0.000454147
Prevotella_buccae_56058	32	0.320501162	0.00023957
Bacteroides_plebeius_61623	33	0.301649175	0.001033522
Eubacterium_infirmum_62424	33	0.32602822	0.0009811
Parabacteroides_johnsonii_55217	33	0.309574794	0.002814645
Acinetobacter_junii_57406	35	0.323787922	0.007339122
Clostridium_sp_61482	35	0.32373396	0.001566852
Bacteroides_ovatus_58035	36	0.34186747	0.002243899
Neisseria_gonorrhoeae_53748	36	0.331232694	0.000516329
Treponema_denticola_58011	39	0.354671931	0.001296931
Streptococcus_anginosus_58223	40	0.370876672	0.000263216
Actinomyces_sp_59944	41	0.385730529	0.002324531
Streptococcus_pneumoniae_57684	41	0.26584022	0.00090883
Selenomonas_sp_59164	42	0.352223534	0.000249977
Campylobacter_rectus_61785	43	0.413448239	0.000293429
Lachnospiraceae_bacterium_51870	45	0.432106038	0.002091366
Streptococcus_anginosus_54555	47	0.450584274	0.000319785
Actinomyces_sp_62027	48	0.436074319	0.000904812
Solobacterium_moorei_56880	48	0.449208188	0.000318808
Leptotrichia_goodfellowii_57622	49	0.508789497	0.000914707
Bacteroides_thetaiotaomicron_56941	50	0.466523561	0.004241618
Peptostreptococcus_stomatis_61922	50	0.479482692	0.001442883
Streptococcus_sobrinus_56802	50	0.556261849	0.00639404
Ruminococcus_bicirculans_59300	51	0.478800516	0.00435324
Alistipes_shahii_62199	52	0.442690243	0.002142593
Faecalibacterium_prausnitzii_62201	53	0.438466112	0.002122148
Filifactor_alocis_61761	54	0.520667649	0.001566819
Parvimonas_sp_62612	55	0.598318956	0.001800491
Ruminococcus_bromii_62047	55	0.517014925	0.004700684
Simonsiella_muelleri_61994	56	0.507918445	0.000739963
Phascolarctobacterium_sp_59817	57	0.525064141	0.002541277
Campylobacter_showae_58485	58	0.59223409	0.001044806
Eubacterium_rectale_56927	58	0.519427403	0.004722619
Cardiobacterium_valvarum_62319	59	0.499403341	0.001826172
Actinomyces_turicensis_62420	60	0.553301843	0.000981027
Acidovorax_ebreus_57143	62	0.447359029	0.000977273
Oribacterium_sp_58077	62	0.572534637	0.003113126
Atopobium_parvulum_61692	63	0.572519084	0.000842078
Butyricimonas_virosa_58742	63	0.579957356	0.002806957
Campylobacter_showae_61786	65	0.622748108	0.001098638
Pasteurella_pneumotropica_44727	65	0.564629735	0.005237455
Streptococcus_mutans_56116	65	0.631698861	0.005073861
Prevotella_copri_61740	66	0.614513847	0.002974208
Serratia_marcescens_58205	67	0.626104303	0.000975977
Campylobacter_showae_59756	69	0.659644643	0.000468158
Prevotella_pleuritidis_55957	71	0.699753721	0.002939098
Lachnospiraceae_oral_61854	72	0.684687376	0.000611244
Fusobacterium_nucleatum_60396	73	0.867561188	0.001061428
Lactobacillus_helveticus_55908	74	0.728927781	0.006694645
Parabacteroides_distasonis_56985	74	0.698905109	0.003382657
Streptococcus_salivarius_58024	77	0.779659309	0.008961918
Bacteroidetes_oral_61853	78	0.755950557	0.000667808
Scardovia_wiggsiae_62335	79	0.619381203	0.004974924
Bacteroides_rodentium_59708	81	0.838539879	0.00762398
Campylobacter_concisus_62542	81	0.76685876	0.004169753
Lactococcus_lactis_57073	82	0.776551313	0.001390944
Parabacteroides_merdae_56972	82	0.778383288	0.003767326
Campylobacter_sp_62066	86	0.805816419	0.000571897
Prevotella_tannerae_61946	90	0.773015873	0.000446617
Prevotella_saccharolytica_57611	91	0.764114875	0.000542301
Parvimonas_micra_57958	92	0.917852457	0.002762047
Oribacterium_sp_57590	95	0.840647552	0.001483051
Oribacterium_sp_54059	98	0.911951589	0.004958688
Porphyromonas_gingivalis_56101	98	0.951559934	0.004324184
Capnocytophaga_sp_59162	99	0.854342525	0.001595318
Neisseria_lactamica_58027	99	1.002464572	0.001562651
Alloprevotella_rava_62101	100	1.00181653	0.001776262
Eubacterium_eligens_61678	100	0.952324431	0.00460919
Selenomonas_sp_62361	100	0.960911412	0.005667777
Actinomyces_johnsonii_57359	102	0.853153979	0.000605493
Campylobacter_concisus_61330	103	0.966929612	0.000686241
Leptotrichia_trevisanii_58913	103	0.978307813	0.007279716
Bacteroides_fragilis_54507	104	0.969135802	0.004690556
Campylobacter_concisus_59746	107	1.033768072	0.000733677
Porphyromonas_endodontalis_34109	107	1.055806484	0.003177185
Eubacterium_brachy_60105	108	1.013896821	0.003051068
Streptococcus_sanguinis_62463	110	0.982741617	0.001202346
Streptococcus_sanguinis_62458	111	1.056657783	0.001156758
Actinomyces_sp_59450	114	1.081661891	0.001656393
Barnesiella_intestinihominis_62208	114	1.035870784	0.00501355
Campylobacter_concisus_59748	114	1.081342607	0.005879742
Prevotella_denticola_56507	114	1.137242986	0.003422247
Prevotella_scopos_59712	115	1.125885448	0.003105909
Streptococcus_sanguinis_62461	115	1.072026801	0.007977091
Odoribacter_splanchnicus_62174	117	1.099586735	0.005321931
Prevotella_oris_57058	119	1.141156463	0.004793074
Streptococcus_intermedius_57028	119	1.131132917	0.000802778
Atopobium_sp_59401	123	1.155460993	0.002048679
Alistipes_putredinis_61533	127	1.338268793	0.006477137
Dialister_invisus_61905	131	1.284401837	0.003865085
Campylobacter_concisus_59747	133	1.300827781	0.000923213
Streptococcus_cristatus_62470	133	1.270246479	0.002635639
Helicobacter_pylori_50266	135	1.448115942	0.009729677
Haemophilus_pittmaniae_58383	137	1.368138001	0.001244403
Odoribacter_laneus_62216	137	1.301029679	0.006296902
Streptococcus_oligofermentans_60032	137	1.335598897	0.002771239
Bacteroides_caccae_53434	142	1.308507418	0.006333094
Atopobium_sp_62583	143	1.348085106	0.00239021
Neisseria_lactamica_62561	143	1.343912345	0.002094903
Prevotella_veroralis_57831	143	1.412506304	0.008331435
Streptococcus_sanguinis_62457	143	1.321685915	0.000938016
Neisseria_polysaccharea_62560	152	1.430135408	0.002229308
Fusobacterium_nucleatum_57734	154	1.750551108	0.001308512
Eikenella_corrodens_58486	157	1.325888922	0.001622174
Campylobacter_concisus_59753	159	1.484526699	0.001053586
Bacteroides_xylanisolvens_57185	163	1.532911265	0.013937184
Prevotella_intermedia_57633	163	1.620707071	0.004877111
Propionibacterium_acnes_57367	171	1.636973464	0.001973404
Prevotella_sp_59619	173	1.633783519	0.002896765
Prevotella_salivae_57216	176	1.75245478	0.006912865
Selenomonas_artemidis_57866	176	1.535558204	0.001089804
Prevotella_fusca_59711	183	1.813422534	0.006631154
Streptococcus_sanguinis_62464	183	1.702201165	0.001208072
Streptococcus_anginosus_58303	185	1.743018419	0.001237041
Prevotella_shahii_59695	193	1.845518251	0.010034906
Treponema_socranskii_50175	193	1.629379168	0.001156389
Streptococcus_sanguinis_61395	195	1.804897083	0.003184158
Prevotella_aurantiaca_59705	200	1.783956244	0.001030697
Streptococcus_sp_62479	202	1.957949662	0.00138958
Aggregatibacter_segnis_62447	203	1.889398719	0.005685671
Actinomyces_graevenitzii_58300	204	1.82300406	0.003232261
Leptotrichia_sp_60101	204	1.985571697	0.001484187
Streptococcus_infantis_58320	205	1.995403677	0.001491536
Eikenella_corrodens_61764	208	1.700335703	0.002080295
Megasphaera_micronuciformis_62167	208	2.044490686	0.003624965
Bacteroides_stercoris_56735	209	1.921538462	0.017470571
Atopobium_parvulum_59960	217	2.046577677	0.003628666
Neisseria_meningitidis_58195	219	2.254012925	0.003513576
Actinomyces_sp_59161	223	1.8895211	0.00290321
Porphyromonas_sp_59618	224	2.065228557	0.003643429
Selenomonas_infelix_62103	226	1.989441484	0.00141193
Capnocytophaga_sp_62448	235	2.28832673	0.001624052
Campylobacter_concisus_59749	243	2.302083333	0.001633815
Prevotella_sp_60509	243	2.207286305	0.001566537
Propionibacterium_propionicum_62297	244	2.050815434	0.001455488
Streptococcus_thermophilus_54772	246	2.341184655	0.008561026
Bacteroides_uniformis_57318	248	2.604825486	0.023682997
Bacteroides_massiliensis_44749	253	2.510227875	0.022822918
Streptococcus_sp_59452	253	2.466447303	0.001843635
Streptococcus_sanguinis_33519	254	2.398597946	0.002118924
Streptococcus_sanguinis_62462	256	2.41920837	0.002137131
Prevotella_loescheii_57749	260	2.471942153	0.009039167
Streptococcus_sp_59302	267	2.504235177	0.001777285
Treponema_socranskii_59148	268	2.244406684	0.001592882
Actinomyces_sp_58647	269	2.245643939	0.003450385
Streptococcus_sanguinis_62467	278	2.596091205	0.00229339
Oribacterium_sinus_61880	279	2.662888072	0.01447931
Actinomyces_gerencseriae_58668	280	2.068903319	0.001468325
Bacteroides_vulgatus_57955	299	2.794958155	0.013527422
Streptococcus_sp_58247	309	2.978717026	0.002631402
Leptotrichia_sp_60099	320	3.063618486	0.002174286
Streptococcus_sanguinis_58161	328	3.023844714	0.002146058
Streptococcus_sp_62585	331	3.051031488	0.002165353
Fusobacterium_sp_62349	334	3.506709608	0.002621216
Actinomyces_odontolyticus_57475	340	3.165570489	0.004847568
Streptococcus_sanguinis_62466	343	3.098571012	0.002199092
Streptococcus_parasanguinis_58381	353	3.450477327	0.002579183
Aggregatibacter_aphrophilus_58143	355	3.312559287	0.006898055
Porphyromonas_catoniae_58136	357	3.310274462	0.002349341
Leptotrichia_hofstadii_57828	368	3.627888041	0.002574755
Streptococcus_anginosus_58032	370	3.497573056	0.002482269
Cardiobacterium_hominis_61979	372	3.009809579	0.002136097
Streptococcus_sp_62364	374	3.490207774	0.002477041
Prevotella_sp_58566	388	3.881010101	0.022891495
Lachnospiraceae_bacterium_62350	392	3.768959968	0.002674875
Fusobacterium_nucleatum_57450	393	4.060114504	0.002881511
Streptococcus_sp_58554	395	3.457034373	0.006045048
Eubacterium_sulci_62452	407	4.050635445	0.007181942
Prevotella_nigrescens_56706	409	4.039975772	0.012157293
Actinomyces_sp_57735	410	4.514394962	0.008004206
Aggregatibacter_sp_60097	413	3.686746988	0.011371056
Streptococcus_sanguinis_62456	421	4.078199052	0.00446454
Streptococcus_mitis_62309	422	4.004295275	0.003537399
Neisseria_meningitidis_57493	428	4.653446957	0.007253836
Streptococcus_sanguinis_62459	437	4.12902282	0.003647583
Lachnospiraceae_bacterium_62587	442	4.326775956	0.003234204
Streptococcus_parasanguinis_62481	442	4.313661202	0.003224401
Actinomyces_sp_62582	460	4.324591739	0.003232572
Corynebacterium_durum_58387	465	3.88649058	0.002758288
Streptococcus_mitis_58304	489	4.637398861	0.003291216
Streptococcus_oralis_59303	504	4.812706023	0.00425155
Actinomyces_sp_62445	506	4.015095414	0.00284956
Clostridiales_bacterium_57827	512	4.993549668	0.003732608
Leptotrichia_sp_59617	525	5.011890606	0.003556997
Fusobacterium_nucleatum_56829	527	5.444302992	0.006660894
Streptococcus_parasanguinis_58126	528	5.109348498	0.003819166
Neisseria_sicca_62558	534	4.801623687	0.005256497
Granulicatella_adiacens_61980	543	5.226126663	0.004616766
Streptococcus_sp_60086	559	5.485969132	0.004100685
Gemella_morbillorum_61817	569	5.845328283	0.007151533
Streptococcus_tigurinus_59929	578	5.615200479	0.004960474
Veillonella_atypica_58169	585	5.760521636	0.01021364
Streptococcus_oralis_46145	598	5.666768386	0.017573399
Actinomyces_sp_62277	601	4.133674937	0.016173327
Streptococcus_salivarius_58022	605	5.925109257	0.025381372
Streptococcus_pseudopneumoniae_60471	609	6.135056507	0.005001743
Streptococcus_sp_62700	617	5.933053976	0.005241266
Streptococcus_oralis_57895	622	5.926678621	0.005235634
Neisseria_sp_61995	637	5.197788581	0.006359293
Streptococcus_sp_62351	642	6.062755662	0.004302809
Prevotella_sp_61818	678	6.747960109	0.039801725
Kingella_denitrificans_62453	696	6.288605489	0.005719859
Streptococcus_peroris_62455	710	6.947646064	0.010639215
Streptococcus_oralis_57687	714	6.82359988	0.006027975
Neisseria_polysaccharea_61759	722	7.069564354	0.011020102
Streptococcus_oralis_58319	728	6.521500549	0.0053168
Leptotrichia_shahii_58912	729	6.818421825	0.004839114
Gemella_sanguinis_57791	734	7.311589806	0.005465311
Streptococcus_sp_62701	755	7.370736086	0.005509522
Prevotella_histicola_56864	756	7.726322263	0.013699085
Prevotella_pallens_62692	760	7.599418721	0.013474079
Streptococcus_infantis_58384	761	8.091868605	0.006048558
Streptococcus_mitis_62363	765	7.19039057	0.006351999
Streptococcus_pneumoniae_58285	782	7.695626123	0.009277229
Actinomyces_sp_62581	790	7.5	0.013297806
Kingella_oralis_61952	822	6.637082519	0.004710415
Streptococcus_tigurinus_42919	822	7.985020971	0.007053976
Actinomyces_massiliensis_56461	874	6.44415011	0.004573489
Bacillus_cereus_57918	912	9.431989064	0.008420262
Streptococcus_sanguinis_62465	917	8.44628425	0.005994427
Streptococcus_infantis_62384	930	10.7882866	0.008955471
Actinomyces_sp_56280	931	7.946924758	0.005640025
Streptococcus_sanguinis_62460	939	8.641792518	0.006133181
Streptococcus_parasanguinis_62442	954	9.175496358	0.016518275
Neisseria_mucosa_61758	986	9.053908873	0.009911615
Veillonella_dispar_61763	1058	10.34755977	0.018346646
Neisseria_mucosa_61504	1061	9.731541726	0.008851414
Streptococcus_oralis_58559	1078	10.35535625	0.01312632
Stomatobaculum_longum_62318	1097	9.68562072	0.006873998
Streptococcus_oralis_58561	1114	10.52442057	0.009297284
Actinomyces_sp_58589	1133	10.65563232	0.007964936
Haemophilus_sputorum_53575	1144	9.596466094	0.005544446
Campylobacter_gracilis_61787	1156	8.904215558	0.006319426
Selenomonas_sp_62580	1209	10.50988947	0.007458991
Streptococcus_mitis_59293	1224	11.96952495	0.018329423
Streptococcus_sp_60922	1242	12.04030729	0.01063642
Neisseria_elongata_61756	1275	12.22374696	0.011118222
Streptococcus_sp_61583	1305	12.21403197	0.014943395
Butyrivibrio_crossotus_61674	1306	12.81281343	0.062013213
Prevotella_maculosa_57398	1349	12.45424443	0.008838923
Morococcus_cerebrosus_58468	1350	13.64201058	0.014934362
Haemophilus_parahaemolyticus_60505	1355	12.49758042	0.010374374
Fusobacterium_periodonticum_61765	1358	14.1069723	0.010544764
Streptococcus_sp_57750	1423	13.51360239	0.024327992
Capnocytophaga_sputigena_61779	1430	12.52003339	0.015317776
Streptococcus_salivarius_58037	1462	14.20480954	0.067956375
Streptococcus_gordonii_61575	1488	13.95896371	0.017078252
Streptococcus_oralis_62443	1501	14.06047066	0.017822877
Streptococcus_sp_58555	1533	14.78223954	0.012270893
Haemophilus_parahaemolyticus_58564	1555	13.75244957	0.011211994
Actinomyces_naeslundii_58629	1570	12.03446009	0.008540997
Campylobacter_concisus_59750	1652	15.81018799	0.011220675
Neisseria_mucosa_61632	1655	15.41931517	0.014024781
Capnocytophaga_gingivalis_61780	1698	16.6281856	0.029335067
Prevotella_sp_58138	1767	16.01025945	0.011362668
Tannerella_sp_60461	1785	15.13714619	0.01074301
Streptococcus_vestibularis_56030	1792	17.31285141	0.063308019
Fusobacterium_nucleatum_57345	1811	19.9290176	0.024382382
Streptococcus_pneumoniae_60083	1813	16.11931193	0.00931308
Capnocytophaga_granulosa_57613	1814	17.34851245	0.012312442
Neisseria_flavescens_61757	1844	17.09288072	0.015546988
Haemophilus_influenzae_60134	1859	16.32719778	0.010592766
Neisseria_subflava_61760	1875	17.59265601	0.016001563
Centipeda_periodontii_62449	1884	16.81873408	0.011936452
Selenomonas_sputigena_45411	1891	16.60926895	0.011787792
Streptococcus_parasanguinis_58487	1900	18.6102671	0.013910914
Streptococcus_sp_60488	1918	18.01664175	0.02283767
Streptococcus_oralis_60034	1940	18.67155542	0.016494472
Streptococcus_oralis_62531	1999	19.34831685	0.017092324
Rothia_aeria_57338	2006	16.72179858	0.018305908
Haemophilus_influenzae_58001	2121	17.87265056	0.010326087
Catonella_morbi_61904	2128	19.13716295	0.023413578
Streptococcus_pneumoniae_60082	2153	20.80726982	0.017272335
Streptococcus_sp_59997	2174	20.42247482	0.014494069
Veillonella_sp_62404	2211	22.05476979	0.039104006
Prevotella_sp_58388	2240	18.54276508	0.012030183
Neisseria_flavescens_61924	2249	20.98964272	0.019091324
Capnocytophaga_sp_58386	2301	20.4730399	0.014529956
Streptococcus_mitis_61108	2447	23.19493594	0.018910193
Streptococcus_infantis_62693	2498	25.48759473	0.039030197
Streptococcus_infantis_62471	2577	25.15589467	0.038522251
Prevotella_melaninogenica_58075	2601	26.72963193	0.047392728
Streptococcus_mitis_61111	2624	23.59709366	0.019238061
Streptococcus_pseudopneumoniae_60472	2635	24.4660068	0.019946462
Capnocytophaga_ochracea_58179	2653	23.35561102	0.01657575
Prevotella_nanceiensis_44721	2693	27.75473277	0.020746273
Streptococcus_mitis_60172	2780	25.83763247	0.043277578
Streptococcus_mitis_61107	2853	27.14438395	0.02253284
Fusobacterium_nucleatum_57855	2873	29.5946404	0.036207897
Haemophilus_haemolyticus_58349	2875	25.237506	0.022530393
Streptococcus_pneumoniae_60080	2926	25.14220092	0.014526136
Streptococcus_sp_61819	2927	28.42389443	0.025109699
Neisseria_sicca_62559	2973	27.91212989	0.025387736
Streptococcus_oralis_60033	3344	30.99270802	0.03928597
Streptococcus_mitis_58331	3388	31.31711984	0.027957875
Haemophilus_haemolyticus_58352	3436	28.85266187	0.016669889
Veillonella_parvula_58184	3451	33.03013238	0.048581708
Prevotella_oulorum_57625	3538	33.00109584	0.023421264
Selenomonas_noxia_56778	3605	32.41711019	0.023006802
Lachnoanaerobaculum_saburreum_57248	3614	34.68557214	0.024616756
Neisseria_cinerea_61755	3812	35.59646135	0.055488092
Actinomyces_dentalis_58667	3996	28.5368896	0.020252964
Streptococcus_mitis_58558	4039	38.64010385	0.032075559
Streptococcus_sp_54717	4083	41.17982039	0.036378297
Actinobaculum_sp_59615	4088	32.65507075	0.023175686
Streptococcus_pneumoniae_60081	4098	38.1900909	0.03113533
Streptococcus_mitis_60171	4158	38.35997206	0.024887199
Streptococcus_mitis_61109	4195	39.28498883	0.03202797
Streptococcus_mitis_61875	4266	36.68024765	0.021192348
Haemophilus_haemolyticus_58562	4423	36.75506287	0.021235573
Streptococcus_mitis_61341	4541	39.01481927	0.022541168
Streptococcus_mitis_59739	4658	44.27890953	0.056127393
Leptotrichia_buccalis_61702	4744	45.37813885	0.032205396
Lautropia_mirabilis_62440	4922	40.78637856	0.044650203
Streptococcus_australis_62469	5119	47.67304434	0.067053917
Neisseria_sicca_58189	5167	46.96330275	0.051412287
Fusobacterium_periodonticum_58002	5300	55.44790673	0.041446532
Streptococcus_mitis_61876	5480	52.66706635	0.043719489
Actinomyces_viscosus_57672	5601	41.13943649	0.029197139
Streptococcus_mitis_61105	5679	52.07020172	0.046484868
Streptococcus_mitis_58382	5901	56.60345516	0.046987127
Granulicatella_elegans_61945	5913	55.61073093	0.04964562
Veillonella_parvula_57794	5975	58.78855721	0.121980607
Streptococcus_mitis_60474	5997	58.00479904	0.051241502
Streptococcus_mitis_61110	6021	55.28889555	0.103241214
Streptococcus_mitis_60170	6121	50.69946734	0.094671354
Streptococcus_mitis_59740	6149	56.93390019	0.046416642
Streptococcus_sp_61820	6235	58.84381865	0.098562358
Streptococcus_sp_59334	6279	60.07294469	0.053068504
Gemella_haemolysans_61816	6289	64.56481772	0.057036629
Haemophilus_haemolyticus_58348	6367	57.5834547	0.037359019
Streptococcus_mitis_61106	6425	66.94768548	0.139411495
Streptococcus_pseudopneumoniae_58459	6495	62.4655069	0.051853278
Veillonella_sp_62611	6548	61.09331085	0.108320932
Haemophilus_sp_62278	6692	56.3133813	0.03253557
Streptococcus_oralis_58560	7050	66.83498152	0.084719188
Streptococcus_mitis_61104	7228	66.19954174	0.053970664
Actinomyces_sp_62446	7373	54.73385855	0.03884526
Streptococcus_mitis_58330	7727	71.10824845	0.04613364
Streptococcus_mitis_58557	8114	71.43081384	0.041269804
Haemophilus_haemolyticus_58350	8699	73.06256587	0.042212564
Haemophilus_paraphrohaemolyticus_58563	8739	75.68973702	0.061707759
Prevotella_sp_61856	9733	95.51853012	0.061970553
Streptococcus_mitis_60473	11236	101.991522	0.091051354
Haemophilus_haemolyticus_58351	11330	95.78983213	0.055343449
Leptotrichia_wadei_57378	11542	109.5447535	0.077745193
Rothia_dentocariosa_57938	11625	92.18599351	0.065425478
Streptococcus_mitis_58556	12627	123.4922016	0.102512183
Rothia_mucilaginosa_62109	13035	98.11872028	0.176639167
Porphyromonas_sp_57899	13602	137.3192256	0.102644194
Haemophilus_parainfluenzae_57123	13911	123.837256	0.080343188
Streptococcus_mitis_61874	14043	128.9268463	0.105110509
Rothia_mucilaginosa_58144	15600	118.4011036	0.213152722
Streptococcus_mitis_58288	15789	149.300343	0.096863141
Gemella_haemolysans_61762	17201	152.7583662	0.08825754
Haemophilus_parainfluenzae_62468	21123	192.6113186	0.27091501
Haemophilus_parainfluenzae_62356	23080	203.0528129	0.131736691
Corynebacterium_matruchotii_57066	41532	347.0148169	0.246280475
