species_id	count_reads	coverage	relative_abundance	prevalence
Capnocytophaga_sputigena_61779	1430	1.484439337	0.008945689	160
Clostridiales_bacterium_57827	512	1.41206933	0.008023859	160
Bacteroides_uniformis_57318	248	2.751795461	0.048871071	160
Aggregatibacter_segnis_62447	203	4.953392517	0.012546394	160
Dialister_invisus_61905	131	1.172460021	0.026575504	160
Acidovorax_ebreus_57143	62	161.2461936	0.146662969	160
Actinomyces_sp_59944	41	8.290953287	0.023389764	160
Kingella_kingae_56809	9	0.417415618	0.000639206	160
Anaeroglobus_geminatus_62348	8	3.953109378	0.010905192	160
Hallella_seregens_55732	7	0.408882236	0.001956109	160
Bulleidia_extructa_62099	4	2.641716567	0.030128934	160
Acinetobacter_johnsonii_58178	2	77.27712343	0.118337621	160
Acinetobacter_sp_59556	2	61.62079862	0.130446252	160
Afipia_birgiae_59428	2	5.314098499	0.009566757	160
Alistipes_sp_58363	2	4.14491018	0.029999244	160
Clostridiales_bacterium_52743	2	1.258067605	0.002107241	160
Pseudomonas_fluorescens_61013	2	0.113377325	0.012506018	160
Achromobacter_xylosoxidans_62275	1	192.6113186	0.27091501	160
Acinetobacter_sp_57696	1	60.24303361	0.07370502	160
Adlercreutzia_equolifaciens_60310	1	4.931296185	0.030352936	160
Arsenicicoccus_bolidensis_58708	1	3.702359528	0.009984211	160
Enterobacter_hormaechei_50416	1	1.130716996	0.031134689	160
Micrococcus_luteus_57785	1	0.292540458	0.002540265	160
Pseudomonas_fragi_59193	1	0.110878244	0.005987468	160
Streptococcus_mitis_61110	6021	0.049730377	0.00268546	159
Granulicatella_elegans_61945	5913	0.647970406	0.003211756	159
Actinobaculum_sp_59615	4088	41.13943649	0.029197139	159
Streptococcus_sp_54717	4083	0.020177563	0.000795632	159
Fusobacterium_nucleatum_57855	2873	0.906430997	0.00676691	159
Catonella_morbi_61904	2128	1.468106379	0.002603012	159
Centipeda_periodontii_62449	1884	1.408073541	0.017739471	159
Capnocytophaga_granulosa_57613	1814	1.588546343	0.00223435	159
Campylobacter_concisus_59750	1652	2.098562013	0.014099928	159
Actinomyces_naeslundii_58629	1570	15.08664845	0.02526987	159
Butyrivibrio_crossotus_61674	1306	2.435598124	0.011788142	159
Actinomyces_sp_58589	1133	9.367513612	0.016380244	159
Actinomyces_sp_62581	790	6.32088268	0.029075547	159
Neisseria_sp_61995	637	0.215797883	0.001032386	159
Actinomyces_sp_62277	601	7.145396445	0.015600789	159
Fusobacterium_nucleatum_56829	527	1.026494701	0.025238001	159
Actinomyces_sp_62445	506	7.273645271	0.027420978	159
Aggregatibacter_sp_60097	413	4.396682654	0.007756527	159
Eubacterium_sulci_62452	407	1.046090782	0.008402293	159
Cardiobacterium_hominis_61979	372	1.495769882	0.003103579	159
Actinomyces_odontolyticus_57475	340	12.76403036	0.021379526	159
Actinomyces_sp_58647	269	9.149445082	0.013329404	159
Eikenella_corrodens_61764	208	1.026794641	0.017301751	159
Bacteroides_xylanisolvens_57185	163	2.777210373	0.01697521	159
Atopobium_sp_62583	143	3.491424536	0.022916493	159
Bacteroides_caccae_53434	142	3.134584342	0.009668018	159
Alistipes_putredinis_61533	127	4.028864338	0.005925774	159
Atopobium_sp_59401	123	3.302495094	0.010185906	159
Bacteroides_fragilis_54507	104	2.978430198	0.003584378	159
Prevotella_saccharolytica_57611	91	0.1486365	0.008026429	159
Atopobium_parvulum_61692	63	3.616936289	0.011155739	159
Alistipes_shahii_62199	52	4.190861828	0.018778379	159
Actinomyces_sp_62027	48	7.450269623	0.014593319	159
Solobacterium_moorei_56880	48	0.097985626	0.005291262	159
Bacteroides_ovatus_58035	36	3.591028037	0.007844743	159
Parabacteroides_johnsonii_55217	33	0.147177964	0.000668822	159
Bacteroides_cellulosilyticus_58046	31	2.978319783	0.033967914	159
Corynebacterium_argentoratense_60209	26	1.257290734	0.001931801	159
Actinomyces_georgiae_55085	25	26.86299273	0.106011399	159
Atopobium_rimae_61781	25	3.576729179	0.016253768	159
Eubacterium_nodatum_59304	17	1.063330337	0.014179305	159
Dechloromonas_agitata_60048	16	1.193596649	0.007834352	159
Bacteroides_finegoldii_57739	14	3.03402175	0.010374304	159
Prevotella_enoeca_59694	13	0.176605734	0.006963833	159
Bacteroides_coprocola_61586	11	3.097541555	0.002817398	159
Actinobacillus_equuli_60988	10	58.84381865	0.098562358	159
Bacteroides_salyersiae_54873	10	2.913169464	0.006166944	159
Bacteroides_acidifaciens_59693	9	3.138349756	0.012559871	159
Eggerthia_catenaformis_62698	8	1.132875485	0.004432464	159
Actinomyces_israelii_58669	7	19.72541392	0.052636087	159
Enterococcus_faecalis_56297	7	1.123320394	0.013272678	159
Bacteroides_faecis_58503	6	3.043491302	0.027952144	159
Afipia_sp_42814	5	4.782604354	0.008816525	159
Bifidobacterium_catenulatum_58257	5	2.686945117	0.009187536	159
Bifidobacterium_dentium_55719	5	2.72575116	0.017887319	159
Blautia_wexlerae_56130	5	2.651935901	0.019121405	159
Clostridiales_bacterium_61057	5	1.368426315	0.023504532	159
Coprococcus_sp_62244	5	1.627165109	0.003444577	159
Acidovorax_sp_59863	4	90.30089935	0.127011586	159
Alistipes_indistinctus_62207	4	4.028537098	0.011364981	159
Bradyrhizobium_sp_60965	4	2.567805073	0.00419144	159
Alistipes_sp_59510	3	4.117319567	0.01239004	159
Enterobacter_cloacae_58148	3	1.302928349	0.006057867	159
Acidaminococcus_intestini_54097	2	172.9278607	0.129261149	159
Acinetobacter_baumannii_57014	2	79.44632606	0.072261142	159
Actinomyces_cardiffensis_62444	2	33.0204959	0.019077893	159
Actinomyces_slackii_59880	2	11.56910815	0.030871473	159
Bacillus_licheniformis_58033	2	3.256041542	0.006892777	159
Bacteroides_nordii_55557	2	3.02363072	0.010713032	159
Bradyrhizobium_sp_60002	2	2.6005386	0.100648381	159
Campylobacter_curvus_58744	2	1.977431596	0.01956413	159
Carnobacterium_divergens_60574	2	1.442513235	0.004866253	159
Clostridiales_bacterium_56470	2	1.364510578	0.018094426	159
Corynebacterium_ammoniagenes_62029	2	1.298397532	0.001421399	159
Corynebacterium_sp_58512	2	1.24825035	0.015725954	159
Enterobacter_cloacae_58287	2	1.088376273	0.016210592	159
Enterobacteriaceae_bacterium_60920	2	1.031118587	0.009564563	159
Mannheimia_haemolytica_55106	2	0.317906836	0.002685532	159
Pantoea_agglomerans_54643	2	0.209506691	0.008570581	159
Pseudomonas_fluorescens_58263	2	0.118176365	0.009171252	159
Streptococcus_parauberis_53510	2	0.029794041	0.014049904	159
Achromobacter_arsenitoxydans_61601	1	203.0528129	0.131736691	159
Acidovorax_radicis_33253	1	107.7325953	0.089429967	159
Acidovorax_sp_59875	1	89.21125144	0.185773023	159
Acinetobacter_guillouiae_57629	1	75.47799464	0.106162617	159
Actinobacillus_minor_61978	1	52.44771738	0.034027053	159
Actinomyces_sp_59588	1	7.670589361	0.015075668	159
Aeromonas_caviae_57221	1	5.227061908	0.032844976	159
Aeromonas_tecta_61253	1	5.169263032	0.007634909	159
Alishewanella_agri_59418	1	4.166267226	0.05555637	159
Alpha_proteobacterium_62342	1	3.523782824	0.004956332	159
Atopobium_vaginae_48504	1	3.384661474	0.01698038	159
Bacteroides_faecichinchillae_59709	1	2.960218646	0.022698702	159
Brevundimonas_diminuta_58385	1	2.213643322	0.00758447	159
Burkholderia_vietnamiensis_54338	1	2.49440112	0.006356747	159
Conchiformibius_kuhniae_58766	1	1.317374825	0.005533224	159
Dyella_ginsengisoli_59670	1	1.418317757	0.004268071	159
Dysgonomonas_gadei_62214	1	1.085319129	0.010176775	159
Enterococcus_durans_52177	1	1.130699391	0.012895694	159
Erysipelotrichaceae_bacterium_55770	1	1.132913921	0.016103304	159
Gordonia_rubripertincta_58506	1	0.737893462	0.020318155	159
Helicobacter_pylori_58188	1	0.427102057	0.001913755	159
Kitasatospora_sp_56944	1	0.40297601	0.009539397	159
Mannheimia_granulomatis_58222	1	0.317536493	0.018219524	159
Mannheimia_varigena_57950	1	0.29079289	0.006188061	159
Oligella_urethralis_56744	1	0.220091871	0.004988701	159
Pseudomonas_fluorescens_61154	1	0.119546513	0.002223778	159
Pseudomonas_fluorescens_61823	1	0.112541155	0.008733924	159
Rubrivivax_benzoatilyticus_33432	1	0.107478504	0.011855352	159
Streptococcus_mitis_58556	12627	0.069757983	0.005413672	158
Actinomyces_sp_62446	7373	6.661973237	0.013049232	158
Actinomyces_viscosus_57672	5601	5.625584706	0.012069793	158
Haemophilus_sputorum_53575	1144	0.301948612	0.000542847	158
Actinomyces_massiliensis_56461	874	14.41274432	0.068951143	158
Fusobacterium_nucleatum_57450	393	0.889022076	0.008082963	158
Neisseria_meningitidis_58195	219	0.226977951	0.002681875	158
Neisseria_polysaccharea_62560	152	0.233642993	0.002311595	158
Streptococcus_cristatus_62470	133	0.079673942	0.000522848	158
Barnesiella_intestinihominis_62208	114	2.736752649	0.019807549	158
Capnocytophaga_sp_59162	99	1.192878082	0.005420808	158
Bacteroidetes_oral_61853	78	2.760934691	0.00430377	158
Prevotella_pleuritidis_55957	71	0.143998402	0.00477136	158
Campylobacter_showae_61786	65	1.907818436	0.013756052	158
Actinomyces_turicensis_62420	60	5.93215519	0.004434203	158
Campylobacter_showae_58485	58	1.918954647	0.004591368	158
Burkholderiales_bacterium_56577	25	2.451268224	0.0034478	158
Bacteroidales_bacterium_58650	12	3.245955662	0.089378527	158
Kineococcus_radiotolerans_61084	12	0.405456916	0.005752273	158
Corynebacterium_sp_48834	9	1.083793496	0.007844075	158
Bacteroides_intestinalis_61596	8	2.864589575	0.01419874	158
Corynebacterium_accolens_58243	7	1.32144997	0.026915697	158
Actinobacillus_minor_61897	6	52.07020172	0.046484868	158
Bifidobacterium_adolescentis_56815	5	2.592249452	0.009479096	158
Brochothrix_thermosphacta_50755	4	2.664669463	0.033570566	158
Listeria_monocytogenes_56580	4	0.318853605	0.003301617	158
Acinetobacter_parvus_58065	3	58.37109847	0.089386052	158
Anaerostipes_hadrus_55206	3	3.780261833	0.005317079	158
Alistipes_sp_60764	2	3.180033307	0.028912769	158
Bacillus_cereus_56036	2	3.28880255	0.026659806	158
Burkholderia_multivorans_56971	2	2.461732125	0.006944839	158
Eggerthella_lenta_56463	2	1.198596705	0.00753155	158
Enterococcus_faecalis_55915	2	1.107192668	0.007267227	158
Finegoldia_magna_61710	2	0.697361614	0.001285556	158
Fusobacterium_necrophorum_57474	2	1.004094268	0.002154302	158
Kocuria_palustris_56547	2	0.406318736	0.006979062	158
Porphyromonas_gulae_56965	2	0.16359706	0.000822558	158
Pseudomonas_fluorescens_57697	2	0.115937687	0.00626068	158
Pseudomonas_fluorescens_62219	2	0.116636709	0.00802025	158
Thermus_aquaticus_61651	2	0.006121745	1.08E-05	158
Blautia_producta_61268	1	2.605897589	0.024172071	158
Bradyrhizobium_sp_60269	1	2.72465976	0.01803652	158
Cellulomonas_sp_60608	1	1.371059589	0.018181271	158
Clostridium_leptum_61499	1	1.349884642	0.002067134	158
Clostridium_spiroforme_61500	1	1.04009312	0.014636906	158
Collinsella_sp_62205	1	1.302316213	0.008153037	158
Conchiformibius_steedae_58767	1	1.360146252	0.012753762	158
Coprococcus_catus_62200	1	1.328719029	0.005691829	158
Cupriavidus_sp_60071	1	0.967839283	0.017188538	158
Curvibacter_gracilis_60147	1	1.216918429	0.006011374	158
Kocuria_rhizophila_57520	1	0.411124426	0.004725735	158
Pasteurella_bettyae_58565	1	0.194585955	0.001222708	158
Thermus_tengchongensis_60586	1	0.008104846	0.003821983	158
Thermus_thermophilus_58025	1	0.008646779	0.000671046	158
Neisseria_sicca_62559	2973	0.228490547	0.0021425	157
Capnocytophaga_gingivalis_61780	1698	1.732075095	0.010661206	157
Actinomyces_sp_56280	931	11.47803076	0.021747262	157
Leptotrichia_sp_59617	525	0.34172159	0.00205932	157
Streptococcus_mitis_62309	422	0.03281872	0.000698381	157
Fusobacterium_sp_62349	334	0.788231867	0.054200916	157
Campylobacter_sp_62066	86	1.890001011	0.012402839	157
Coprococcus_comes_61587	31	1.347184309	0.014081742	157
Selenomonas_sp_60104	10	0.096708418	0.001372016	157
Actinomyces_timonensis_61695	6	5.587677252	0.017234107	157
Methylobacterium_sp_58573	3	0.266045247	0.000911534	157
Brevibacterium_linens_60939	2	2.632291983	0.006883567	157
Acidovorax_avenae_58182	1	152.7583662	0.08825754	157
Acinetobacter_sp_59562	1	57.5834547	0.037359019	157
Comamonas_aquatica_57513	1	1.287397643	0.005850335	157
Neisseria_flavescens_61757	1844	0.261390887	0.001132576	156
Actinomyces_sp_62582	460	6.136915423	0.026288685	156
Bilophila_wadsworthia_57364	9	2.378129496	0.007374894	156
Bacteroides_clarus_62282	2	3.176119403	0.022084175	156
Corynebacterium_pseudodiphtheriticum_55683	2	1.2239801	0.022768213	156
Corynebacterium_aurimucosum_34136	1	1.261094527	0.016008193	156
Haemophilus_parainfluenzae_57123	13911	0.508693934	0.002512863	155
Streptococcus_mitis_60474	5997	0.058782849	8.13E-05	155
Fusobacterium_periodonticum_58002	5300	0.852416542	0.003963246	155
Streptococcus_mitis_61111	2624	0.037767813	2.45E-05	155
Bacteroides_massiliensis_44749	253	2.876784517	0.011255645	155
Actinomyces_graevenitzii_58300	204	22.74810769	0.018545906	155
Neisseria_lactamica_62561	143	0.273741903	0.001614621	155
Prevotella_oris_57058	119	0.147982063	0.000910854	155
Bacteroides_rodentium_59708	81	2.919038038	0.024658699	155
Filifactor_alocis_61761	54	0.991107114	0.005389092	155
Prevotella_timonensis_58235	10	0.129223474	0.001473801	155
Streptococcus_infantarius_58294	7	0.081514699	0.002700974	155
Ruminococcus_obeum_61472	3	0.105915268	0.002400723	155
Acinetobacter_ursingii_57496	2	60.07294469	0.053068504	155
Atopobium_minutum_50290	2	3.74570243	0.01741536	155
Acidovorax_sp_61676	1	73.06256587	0.042212564	155
Citricoccus_sp_58429	1	1.330075692	0.00454796	155
Haemophilus_parasuis_57880	1	0.429816997	0.00604868	155
Janibacter_hoylei_59504	1	0.418165468	0.004370967	155
Janthinobacterium_sp_59429	1	0.407573493	0.000491338	155
Salmonella_bongori_55351	1	0.107025411	0.001230221	155
Gemella_haemolysans_61762	17201	0.746282974	0.010502207	154
Haemophilus_haemolyticus_58350	8699	0.614868106	0.003758273	154
Streptococcus_mitis_59740	6149	0.053621103	0.000530512	154
Streptococcus_mitis_61109	4195	0.047676042	0.000230749	154
Capnocytophaga_sp_58386	2301	1.526714628	0.004299208	154
Streptococcus_gordonii_61575	1488	0.083807811	0.000566934	154
Streptococcus_oralis_57895	622	0.039796529	0.000263442	154
Lachnospiraceae_bacterium_62350	392	0.359520384	0.000860203	154
Prevotella_sp_58566	388	0.136050345	0.001092768	154
Leptotrichia_hofstadii_57828	368	0.336923998	0.00040547	154
Campylobacter_concisus_59753	159	2.261326133	0.011369832	154
Eikenella_corrodens_58486	157	1.00630063	0.00175964	154
Campylobacter_concisus_59746	107	2.397639764	0.004016004	154
Campylobacter_concisus_61330	103	2.03558753	0.002994003	154
Pasteurella_pneumotropica_44727	65	0.191888922	0.000767951	154
Cardiobacterium_valvarum_62319	59	1.375937594	0.005961778	154
Bacteroides_plebeius_61623	33	2.873838777	0.005166619	154
Eubacterium_infirmum_62424	33	1.020239808	0.001410745	154
Streptococcus_henryi_59083	19	0.09080012	0.000195627	154
Coprobacter_fastidiosus_56550	17	1.257416841	0.002106151	154
Bacteroides_eggerthii_54457	6	2.875779377	0.011251712	154
Fusobacterium_mortiferum_61584	4	0.995910632	0.017687077	154
Aggregatibacter_actinomycetemcomitans_57999	3	4.883549161	0.010132895	154
Lactobacillus_rhamnosus_57549	3	0.367344903	0.001814623	154
Acinetobacter_schindleri_57376	2	56.3133813	0.03253557	154
Anaerococcus_sp_58645	2	3.90970164	0.010785446	154
Gemella_cuniculi_58856	2	0.752517986	0.009978949	154
Gordonia_polyisoprenivorans_56253	2	0.671853182	0.001207865	154
Leuconostoc_lactis_59766	2	0.27658089	0.000516461	154
Ruminococcus_sp_55468	2	0.103186495	0.000509724	154
Campylobacter_mucosalis_60987	1	1.866091127	0.00407655	154
Collinsella_aerofaciens_61484	1	1.317374825	0.00476529	154
Desulfovibrio_piger_61475	1	1.158466706	0.001703908	154
Helicobacter_pylori_62664	1	0.397939794	0.000504424	154
Leuconostoc_mesenteroides_56895	1	0.317574307	0.00156923	154
Ruania_albidiflava_59028	1	0.110111011	0.004040025	154
Lachnoanaerobaculum_saburreum_57248	3614	0.350069735	0.00173517	153
Escherichia_coli_58110	15	0.933621103	0.015731753	153
Pseudomonas_sp_59673	4	0.104104403	0.000451072	153
Bacillus_thermoamylovorans_61325	2	2.984748201	0.004127186	153
Corynebacterium_pseudogenitalium_61708	2	1.148681055	0.004531174	153
Pseudomonas_sp_59942	1	0.10390516	0.000626164	153
Actinomyces_gerencseriae_58668	280	25.92493049	0.039833118	152
Eubacterium_brachy_60105	108	1.025338324	0.001442177	152
Actinomyces_johnsonii_57359	102	16.72179858	0.018305908	152
Oribacterium_sp_57590	95	0.153738277	0.000287076	152
Eubacterium_rectale_56927	58	0.96313459	0.004478021	152
Alloscardovia_omnicolens_54782	20	4.115436103	0.007296836	152
Faecalibacterium_cf_62236	20	1.077643909	0.011264311	152
Streptococcus_constellatus_50409	9	0.082609595	0.00046945	152
Campylobacter_curvus_57251	4	2.121898263	0.022179611	152
Lactobacillus_iners_56384	4	0.38265884	0.00240449	152
Desulfovibrio_sp_59980	2	1.291068581	0.003290167	152
Eubacterium_hallii_61477	2	1.183413078	0.00144786	152
Methylobacterium_sp_59341	1	0.293790191	0.001944813	152
Thermus_antranikianii_59112	1	0.00885266	0.000586917	152
Haemophilus_haemolyticus_58348	6367	0.688036749	0.002437784	151
Neisseria_flavescens_61924	2249	0.276619321	0.001457124	151
Bacillus_cereus_57918	912	3.107988315	0.005803561	151
Lachnospiraceae_bacterium_62587	442	0.388356301	0.001952636	151
Actinomyces_sp_57735	410	12.0229813	0.036180146	151
Aggregatibacter_aphrophilus_58143	355	5.320380236	0.01885065	151
Prevotella_intermedia_57633	163	0.175493576	0.004421554	151
Parvimonas_sp_62612	55	0.198691996	0.001243894	151
Selenomonas_sp_59164	42	0.098297294	0.001397203	151
Aggregatibacter_actinomycetemcomitans_57720	11	4.844118234	0.015022252	151
Staphylococcus_sp_54766	10	0.095094188	0.000685663	151
Akkermansia_muciniphila_55290	6	4.499844285	0.007978407	151
Dorea_formicigenerans_56346	6	1.211532435	0.005632928	151
Staphylococcus_warneri_58053	5	0.099760336	0.000500484	151
Acinetobacter_towneri_58660	2	64.56481772	0.057036629	151
Chryseobacterium_indologenes_54335	2	1.435495665	0.003135897	151
Lactobacillus_ultunensis_61712	2	0.340600021	0.000636004	151
Pseudomonas_alcaligenes_59541	2	0.111180318	0.000416883	151
Staphylococcus_pettenkoferi_62480	2	0.09176992	0.000344102	151
Clostridium_bartlettii_61535	1	1.293888556	0.003452664	151
Dermacoccus_nishinomiyaensis_56168	1	1.222222222	0.002200317	151
Prevotella_maculosa_57398	1349	0.164936221	0.00638351	150
Prevotella_nigrescens_56706	409	0.152279245	0.00033266	150
Fusobacterium_nucleatum_60396	73	0.867398398	0.002392837	150
Providencia_rettgeri_59205	3	0.113121725	0.00056877	150
Enhydrobacter_aerosaccus_61784	2	1.090182648	0.001932938	150
Leuconostoc_carnosum_59636	2	0.284386433	0.001122295	150
Lactobacillus_paracasei_55666	1	0.357658459	0.000296896	150
Streptococcus_mitis_61106	6425	0.045345604	0.000663543	149
Veillonella_dispar_61763	1058	0.009184387	2.34E-05	149
Bacteroides_stercoris_56735	209	2.741252037	0.004591549	149
Haemophilus_pittmaniae_58383	137	0.416450963	0.004120244	149
Odoribacter_laneus_62216	137	0.202561811	0.001246801	149
Helicobacter_pylori_50266	135	0.399066627	0.000704024	149
Lactococcus_lactis_57073	82	0.368673255	0.000722144	149
Campylobacter_showae_59756	69	1.81789296	0.005606938	149
Alistipes_finegoldii_56071	11	4.001397624	0.012408864	149
Cloacibacillus_evryensis_54931	2	1.290192695	0.001784025	149
Methyloversatilis_universalis_45347	2	0.289905091	0.003042933	149
Roseburia_intestinalis_56239	2	0.114983616	0.000393166	149
Bradyrhizobium_sp_59395	1	2.297766274	0.004235833	149
Neisseria_elongata_61756	1275	0.282988712	0.000441125	148
Granulicatella_adiacens_61980	543	0.707421836	0.001992091	148
Neisseria_meningitidis_57493	428	0.26533651	0.001311107	148
Megamonas_hypermegale_57114	14	0.311157727	0.001768104	148
Faecalibacterium_prausnitzii_61481	13	0.987095493	0.001750161	148
Lactococcus_lactis_56468	10	0.340725202	0.000863019	148
Slackia_exigua_56855	8	0.095494956	0.000663995	148
Pseudomonas_fluorescens_57180	4	0.118969134	0.001231884	148
Roseburia_hominis_61877	4	0.11902624	0.001232475	148
Lachnospiraceae_bacterium_56275	2	0.388127854	0.000808235	148
Methylobacterium_populi_61518	2	0.297697042	0.001054771	148
Pseudomonas_luteola_57118	2	0.102487264	0.000289129	148
Listeria_marthii_62165	1	0.311757067	0.000646866	148
Nocardia_jiangxiensis_59470	1	0.215304799	0.000778814	148
Nocardia_pneumoniae_59475	1	0.208320862	0.000544769	148
Pseudomonas_fluorescens_56262	1	0.104684847	0.000147243	148
Pseudomonas_knackmussii_60028	1	0.110078913	0.000215619	148
Rasbobacterium_massiliensis_60807	1	0.108749875	0.001450159	148
Butyricimonas_virosa_58742	63	2.780710122	0.003845051	147
Kitasatospora_mediocidica_60581	1	0.396673638	0.001666105	147
Paraprevotella_xylaniphila_62280	1	0.208055114	0.000433253	147
Porphyromonas_sp_59618	224	0.180630361	0.000660512	146
Treponema_vincentii_56325	9	0.00976582	4.54E-05	146
Lactobacillus_oris_55759	3	0.368908819	0.000542602	146
Delftia_acidovorans_58200	2	1.123975205	0.008618545	146
Gordonia_bronchialis_61729	2	0.686796213	0.003148115	146
Lactobacillus_jensenii_52961	2	0.354060787	0.000896797	146
Pantoea_agglomerans_56951	2	0.191370912	0.000765878	146
Propionibacterium_sp_59451	2	0.104534131	0.000391963	146
Bradyrhizobium_sp_61279	1	2.555188962	0.004507806	146
Streptococcus_mitis_60172	2780	0.054212673	0.000831731	145
Veillonella_sp_62404	2211	0.010076823	7.20E-05	145
Haemophilus_influenzae_58001	2121	0.538645181	0.000950266	145
Haemophilus_parahaemolyticus_58564	1555	0.495971352	0.001529727	145
Streptococcus_oralis_62443	1501	0.031776295	4.88E-05	145
Oribacterium_sp_54059	98	0.184119678	0.000321956	145
Campylobacter_concisus_62542	81	1.933927886	0.003156759	145
Gardnerella_vaginalis_58127	18	0.776114936	0.003526907	145
Prevotella_marshii_50397	17	0.160748035	0.000569547	145
Ralstonia_pickettii_56648	2	0.113100567	0.000239425	145
Pyramidobacter_piscolens_61315	1	0.115388441	0.001081969	145
Staphylococcus_hominis_57055	1	0.09079118	8.11E-05	145
Haemophilus_haemolyticus_58349	2875	0.59190372	0.001228143	144
Streptococcus_sp_57750	1423	0.018657089	8.67E-05	144
Streptococcus_sanguinis_62456	421	0.018417214	0.000753419	144
Neisseria_lactamica_58027	99	0.278758855	0.00059011	144
Roseburia_inulinivorans_61943	22	0.112940237	0.000287818	144
Neisseria_sp_59163	14	0.217261013	0.00079446	144
Myroides_odoratimimus_33551	4	0.296679866	0.001014445	144
Pasteurella_dagmatis_62076	3	0.200879033	0.001184852	144
Ralstonia_sp_59678	2	0.112076716	0.00090852	144
Streptococcus_gallolyticus_57748	2	0.089401658	0.000226444	144
Nocardia_concava_59478	1	0.220057936	0.001530106	144
Prevotella_sp_61856	9733	0.12765741	0.001618871	143
Bacteroides_vulgatus_57955	299	2.925255789	0.004494595	143
Megasphaera_micronuciformis_62167	208	0.309429356	0.000825694	143
Fusobacterium_nucleatum_57734	154	0.913335368	0.002313377	143
Oribacterium_sp_58077	62	0.205472485	0.001167565	143
Simonsiella_muelleri_61994	56	0.076139089	0.000260871	143
Faecalibacterium_prausnitzii_62201	53	1.005187672	0.001968925	143
Neisseria_gonorrhoeae_53748	36	0.268712978	0.00058669	143
Alloiococcus_otitis_62422	4	4.380721594	0.006708378	143
Pseudomonas_aeruginosa_57148	2	0.124178783	0.000997415	143
Pseudomonas_pseudoalcaligenes_57759	2	0.120638796	0.000711568	143
Corynebacterium_sp_59657	1	1.208829214	0.003728399	143
Pseudoalteromonas_haloplanktis_60127	1	0.119439957	0.00050167	143
Pseudomonas_mendocina_57928	1	0.111382362	0.00051235	143
Pseudomonas_oleovorans_57108	1	0.119825043	0.002058154	143
Prevotella_melaninogenica_58075	2601	0.15683927	9.06E-05	142
Gemella_morbillorum_61817	569	0.748978575	0.001167515	142
Streptococcus_intermedius_57028	119	0.080219233	0.000490326	142
Ruminococcus_bicirculans_59300	51	0.103061534	0.000542889	142
Eubacterium_ventriosum_61474	12	1.03364656	0.000913124	142
Corynebacterium_tuberculostearicum_61783	2	1.207822009	0.006863256	142
Pseudomonas_sp_62500	2	0.108520179	0.001828593	142
Pseudomonas_stutzeri_61602	2	0.114499253	0.00039144	142
Pseudomonas_thermotolerans_54437	2	0.119681116	0.000256778	142
Streptococcus_mitis_58288	15789	0.075017274	0.000407902	141
Streptococcus_sp_58247	309	0.016947483	0.000915171	141
Eubacterium_eligens_61678	100	1.010759056	0.003134498	141
Ruminococcus_bromii_62047	55	0.101470733	0.00028574	141
Capnocytophaga_sp_59616	31	1.662651875	0.003449843	141
Olsenella_uli_55165	8	0.194009262	0.000546328	141
Staphylococcus_aureus_56630	6	0.090711677	0.000439039	141
Prevotella_falsenii_59704	5	0.171157832	0.003486195	141
Peptoniphilus_lacrimalis_56996	4	0.192629816	0.002955327	141
Guyana_massiliensis_60772	3	0.637599764	0.001124839	141
Intestinimonas_butyriciproducens_60001	2	0.415530903	0.005274703	141
Sphingomonas_melonis_46852	2	0.087890433	0.000301134	141
Rothia_mucilaginosa_58144	15600	0.112358414	0.002546766	140
Streptococcus_mitis_61876	5480	0.030200076	4.18E-05	140
Streptococcus_mitis_61107	2853	0.048165138	0.000498733	140
Haemophilus_parahaemolyticus_60505	1355	0.478425511	0.001483661	140
Campylobacter_gracilis_61787	1156	2.052791262	0.002990617	140
Streptococcus_infantis_62384	930	0.071442054	0.000439738	140
Streptococcus_oralis_46145	598	0.039117247	0.000985558	140
Streptococcus_sanguinis_58161	328	0.020125405	0.000476416	140
Prevotella_aurantiaca_59705	200	0.175869741	0.000316181	140
Prevotella_salivae_57216	176	0.135091926	0.000353272	140
Leptotrichia_trevisanii_58913	103	0.30606333	0.001197497	140
Prevotella_tannerae_61946	90	0.128996803	0.000933629	140
Leptotrichia_goodfellowii_57622	49	0.30351682	0.004271297	140
Parvimonas_sp_62298	29	0.193076038	0.00076195	140
Eubacteriaceae_bacterium_57478	22	1.026670662	0.00184576	140
Paracoccus_versutus_61288	20	0.140902227	0.002374238	140
Ruminococcus_lactaris_55568	10	0.098920863	0.000473241	140
Prevotella_disiens_56471	9	0.169901463	0.000713618	140
Ruminococcus_torques_62045	6	0.100548082	0.000659963	140
Bifidobacterium_longum_57796	5	2.694073625	0.004125545	140
Eubacterium_yurii_62362	4	0.979716227	0.001198645	140
Oscillibacter_sp_60799	4	0.204336531	0.000312909	140
Helicobacter_pylori_56616	3	0.375236389	0.000674604	140
Acetobacter_aceti_60614	2	347.0148169	0.246280475	140
Gardnerella_vaginalis_58289	2	0.81401699	0.00550657	140
Geobacillus_stearothermophilus_62588	2	0.74950319	0.002528415	140
Oscillatoria_nigro-viridis_60952	2	0.195143885	0.004152654	140
Pseudomonas_mendocina_56904	2	0.109779243	0.000596919	140
Bibersteinia_trehalosi_57640	1	2.543665068	0.001805269	140
Cupriavidus_basilensis_59159	1	1.260223826	0.005043494	140
Mesorhizobium_sp_58410	1	0.311589806	0.003226403	140
Neisseria_mucosa_61758	986	0.255359458	0.001538875	139
Neisseria_sicca_62558	534	0.222388656	0.001368839	139
Leptotrichia_sp_60101	204	0.323202225	0.000454596	139
Deinococcus_ficus_57410	2	1.226882365	0.005497404	139
Eubacterium_ramulus_59802	2	0.97168377	0.003888739	139
Lactobacillus_gasseri_55553	2	0.314994299	0.001431432	139
Olsenella_sp_62055	2	0.204012714	0.001564352	139
Sphingobium_yanoikuyae_58162	2	0.097238776	0.003567737	139
Herbaspirillum_sp_59232	1	0.407826778	0.001264725	139
Oerskovia_turbata_60940	1	0.20431396	0.004161529	139
Haemophilus_parainfluenzae_62468	21123	0.465051351	0.001700556	138
Streptococcus_oralis_58560	7050	0.040295232	0.00091335	138
Lautropia_mirabilis_62440	4922	0.361334525	0.000974416	138
Haemophilus_haemolyticus_58562	4423	0.56226564	0.000777478	138
Streptococcus_infantis_58320	205	0.088443514	0.000767996	138
Odoribacter_splanchnicus_62174	117	0.210704002	0.001567876	138
Scardovia_wiggsiae_62335	79	0.107388573	0.000704861	138
Bacteroides_thetaiotaomicron_56941	50	2.946615354	0.033870338	138
Dialister_micraerophilus_56703	5	1.154697786	0.005247305	138
Oscillospiraceae_bacterium_54867	2	0.199122545	0.000239633	138
Pantoea_sp_58264	2	0.204568123	0.000282868	138
Rothia_dentocariosa_57938	11625	0.067963016	6.07E-05	136
Rothia_aeria_57338	2006	0.118330849	0.000723276	136
Neisseria_mucosa_61504	1061	0.264679583	0.000937787	136
Streptococcus_oralis_58319	728	0.039741679	0.000196376	136
Streptococcus_oralis_59303	504	0.028494932	0.00017839	136
Roseiflexus_sp_61322	30	0.109090909	0.000472678	136
Bacteroides_sartorii_54642	9	2.597054886	0.004849493	136
Chloroflexus_sp_60801	1	1.294415758	0.009631916	136
Campylobacter_concisus_59749	243	2.289100466	0.011346248	135
Prevotella_shahii_59695	193	0.13495702	0.003716089	135
Campylobacter_concisus_59747	133	2.514331052	0.008908532	135
Actinomyces_sp_59450	114	8.334622632	0.015364517	135
Campylobacter_concisus_59748	114	2.375880194	0.006017841	135
Alloprevotella_rava_62101	100	4.061291282	0.02928336	135
Phascolarctobacterium_sp_59817	57	0.198192771	0.00499346	135
Clostridium_sp_61482	35	1.337994644	0.005044118	135
Mogibacterium_timidum_52974	28	0.273543457	0.000478324	135
Eubacterium_saphenum_61907	22	1.038282257	0.001527137	135
Eubacterium_biforme_61684	2	1.093523753	0.005760263	135
Gemella_bergeriae_60107	1	0.81057225	0.005866606	135
Lactobacillus_curvatus_54601	1	0.360458453	0.00411105	135
Stenotrophomonas_maltophilia_55906	1	0.100401606	0.000197328	135
Capnocytophaga_ochracea_58179	2653	1.620335731	0.006108518	134
Neisseria_mucosa_61632	1655	0.251223022	0.001241368	134
Streptococcus_pneumoniae_58285	782	0.030066146	0.000185062	134
Streptococcus_peroris_62455	710	0.033568312	0.000122749	134
Streptococcus_parasanguinis_58126	528	0.024045262	0.000930621	134
Capnocytophaga_sp_62448	235	1.635336243	0.001459921	134
Lachnospiraceae_oral_61854	72	0.426541345	0.003999575	134
Johnsonella_ignava_62102	14	0.412607737	0.000606876	134
Olsenella_profusa_59149	7	0.212151729	0.000396152	134
Propionibacterium_acnes_58452	3	0.104384724	0.000184153	134
Bifidobacterium_pseudocatenulatum_57754	2	2.981761217	0.003594572	134
Helicobacter_pylori_62707	2	0.464137854	0.004030326	134
Empedobacter_falsenii_61297	1	1.071381424	0.00403901	134
Ruminococcaceae_bacterium_61777	1	0.121181605	0.001722482	134
Leptotrichia_wadei_57378	11542	0.249046529	0.000974414	133
Prevotella_loescheii_57749	260	0.159153439	0.00212228	133
Prevotella_sp_59619	173	0.096205187	0.001708576	133
Cryptobacterium_curtum_61580	4	1.171147979	0.004149497	133
Prevotella_nanceiensis_44721	2693	0.168842195	0.000610746	132
Lachnospiraceae_bacterium_51870	45	0.415366656	0.001145846	132
Parascardovia_denticolens_55181	22	0.21320174	0.000841012	132
Porphyromonas_uenonis_49360	2	0.191234214	0.001255195	132
Streptococcus_mitis_58558	4039	0.069489685	0.000496782	130
Streptococcus_oralis_58559	1078	0.037717508	0.000578662	130
Staphylococcus_caprae_50972	10	0.092446777	0.000117184	130
Staphylococcus_sp_59500	5	0.085578916	0.000526752	130
Ruminococcus_champanellensis_61009	3	0.107903179	0.000533182	130
Parabacteroides_goldsteinii_56831	2	0.188760807	0.001981292	130
Ruminococcus_callidus_61479	1	0.09623797	0.000256805	130
Streptococcus_mitis_60473	11236	0.057100592	0.000273172	129
Veillonella_parvula_58184	3451	0.009664694	0.000133748	129
Prevotella_sp_58388	2240	0.131796867	0.000825103	129
Streptococcus_sp_58555	1533	0.020153647	0.000554938	129
Kingella_oralis_61952	822	0.377930759	0.003471005	129
Prevotella_histicola_56864	756	0.178190163	0.000315938	129
Selenomonas_artemidis_57866	176	0.094682231	0.002014834	129
Streptococcus_mutans_56116	65	0.035148042	7.68E-05	129
Propionibacterium_granulosum_57661	12	0.107067813	0.000608396	129
Finegoldia_magna_57293	2	0.96112703	0.004117177	129
Pseudomonas_sp_61516	2	0.118228075	0.000998737	129
Corynebacterium_freneyi_59961	1	1.140875985	0.001910947	129
Facklamia_ignava_62425	1	0.868099331	0.001644776	129
Pseudomonas_sp_60708	1	0.114935648	0.000300562	129
Streptococcus_suis_59538	1	0.007927412	0.00054511	129
Streptococcus_suis_59539	1	0.009551098	0.000169625	129
Streptococcus_mitis_61874	14043	0.031832521	0.000199285	128
Selenomonas_sp_62580	1209	0.094269341	0.000473981	128
Lactobacillus_helveticus_55908	74	0.29703916	0.000171617	128
Campylobacter_rectus_61785	43	1.598567335	0.001955785	128
Dorea_longicatena_61473	9	1.128052805	0.002430372	128
Haemophilus_paraphrohaemolyticus_58563	8739	0.479166667	0.001806415	127
Gemella_haemolysans_61816	6289	0.704420148	0.001266414	127
Neisseria_cinerea_61755	3812	0.258760863	0.000231005	127
Propionibacterium_acidifaciens_59002	6	0.111578357	9.26E-05	127
Dolosigranulum_pigrum_62423	2	1.106812447	0.001006712	127
Staphylococcus_capitis_55595	2	0.08890203	0.000440655	127
Clostridiales_bacterium_62591	1	1.301005322	0.00968095	127
Prevotella_veroralis_57831	143	0.087123393	0.00122606	126
Streptococcus_mitis_61105	5679	0.04655908	0.00058657	125
Streptococcus_sp_61819	2927	0.009274717	2.03E-05	125
Fusobacterium_periodonticum_61765	1358	0.851375073	0.00881569	125
Oribacterium_sinus_61880	279	0.199141798	0.000358019	125
Staphylococcus_epidermidis_57523	22	0.09955157	0.000491914	125
Peptostreptococcus_sp_59590	2	0.175248683	0.000472596	125
Streptococcus_marimammalium_59084	2	0.073824849	0.000591621	125
Haemophilus_somnus_55858	1	0.382860323	0.00178008	125
Neisseria_shayeganii_58362	1	0.220923762	0.001592939	125
Prevotella_stercorea_58308	1	0.106228201	9.48E-05	125
Staphylococcus_aureus_37016	1	0.092354203	0.000315789	125
Rothia_mucilaginosa_62109	13035	0.107383902	8.91E-05	124
Streptococcus_infantis_62693	2498	0.07786844	6.95E-05	124
Streptococcus_sanguinis_61395	195	0.018792446	0.001245909	124
Streptococcus_sanguinis_62464	183	0.020348544	0.000145472	124
Porphyromonas_endodontalis_34109	107	0.148478928	0.000291818	124
Tannerella_forsythia_60991	30	0.007353682	9.33E-05	124
Neisseria_sicca_58189	5167	0.229972646	0.002717259	123
Prevotella_oulorum_57625	3538	0.133059789	0.000110454	123
Streptococcus_oralis_60034	1940	0.024228214	0.000408252	123
Paraprevotella_clara_33712	16	0.209605598	0.000411956	123
Propionibacterium_acnes_50902	10	0.111273935	0.000296928	123
Gardnerella_vaginalis_58140	4	0.793474013	0.005721231	123
Clostridium_nexile_61654	1	1.308421258	0.002039579	123
Paracoccus_sp_58581	1	0.159708416	0.000670806	123
Paracoccus_sp_60887	1	0.18952949	0.000172388	123
Veillonella_atypica_58169	585	0.009878717	1.75E-05	122
Streptococcus_sanguinis_62459	437	0.019254599	0.00011769	122
Streptococcus_sinensis_60947	9	0.019659624	4.24E-05	122
Propionibacterium_sp_59454	2	0.110622066	0.000628592	122
Turicella_otitidis_62431	2	0.009878717	0.000130999	122
Proteiniclasticum_ruminis_60455	1	0.099960876	5.78E-05	122
Varibaculum_cambriense_60384	1	0.009878717	0.000140417	122
Variovorax_sp_60279	1	0.009878717	0.000233853	122
Gemella_sanguinis_57791	734	0.72730006	0.004553199	121
Streptococcus_mitis_58382	5901	0.058523409	0.000200515	120
Streptococcus_vestibularis_56030	1792	0.010104042	0.00017355	120
Neisseria_polysaccharea_61759	722	0.233593437	0.002123825	120
Atopobium_sp_59453	21	3.312559287	0.006898055	120
Selenomonas_sp_62584	14	0.099333737	0.001397893	120
Eubacteriaceae_bacterium_57013	4	1.100242277	0.016387328	120
Escherichia_albertii_56276	2	0.964997154	0.001778931	120
Streptomyces_sp_57934	1	0.009786651	4.39E-05	120
Streptococcus_sp_58554	395	0.01934656	2.33E-05	119
Prevotella_fusca_59711	183	0.144605666	0.000495454	119
Streptococcus_pneumoniae_57684	41	0.029612082	0.001167649	119
Ruminococcus_gnavus_57638	4	0.108281512	0.001584486	119
Sphingomonas_elodea_58518	1	0.099032385	0.000212476	119
Haemophilus_haemolyticus_58352	3436	0.539614764	0.000660198	118
Peptostreptococcus_stomatis_61922	50	0.183367819	0.000329661	118
Dorea_longicatena_59913	2	1.117753108	0.001016663	118
Enterococcus_gallinarum_52312	2	1.072026801	0.007977091	118
Haemophilus_sp_62278	6692	0.430981443	0.002343438	117
Streptococcus_mitis_61875	4266	0.03830259	9.16E-05	117
Streptococcus_constellatus_57767	11	0.08287796	0.000101398	117
Prevotella_sp_59962	2	0.118231495	0.00019299	117
Escherichia_coli_57907	1	1.081342607	0.005879742	117
Streptococcus_sanguinis_33519	254	0.022941511	0.000212803	115
Propionibacterium_acnes_57367	171	0.130948325	0.000106759	115
Parvimonas_micra_57958	92	0.207912458	0.000573555	112
Lactobacillus_crispatus_56887	14	0.394570707	0.001348923	112
Prevotella_oralis_57209	12	0.152107393	0.00089718	112
Phocaeicola_abscessus_52822	5	0.159404601	0.000260197	112
Peptoniphilus_rhinitidis_62391	3	0.192859233	0.000175417	112
Ideonella_sp_60254	1	0.379528181	0.001484934	112
Prevotella_amnii_56408	1	0.187289562	0.000275471	112
Leptotrichia_buccalis_61702	4744	0.357326224	0.000547188	111
Streptococcus_parasanguinis_62481	442	0.029058314	2.64E-05	111
Sphingomonas_sp_60883	12	0.097650079	0.001024965	111
Holdemania_sp_59514	2	0.411828594	0.001459151	111
Clostridiales_bacterium_59945	1	1.335598897	0.002771239	111
Streptococcus_pneumoniae_60081	4098	0.017222052	6.23E-05	110
Stomatobaculum_longum_62318	1097	0.093667931	0.000152895	110
Selenomonas_sp_62361	100	0.094875698	0.000470265	110
Parabacteroides_distasonis_56985	74	0.196868009	0.000592425	110
Streptococcus_anginosus_58223	40	0.079312257	7.01E-05	110
Escherichia_fergusonii_56914	4	1.092440386	0.006207618	110
Stenotrophomonas_maltophilia_62375	2	0.082190448	0.000151515	110
Mitsuaria_sp_61803	1	0.302587519	0.000910561	110
Myxococcus_xanthus_46080	1	0.268256609	0.003805794	110
Streptococcus_mitis_58330	7727	0.065434717	0.000201821	109
Streptococcus_pneumoniae_60082	2153	0.010697591	6.08E-05	108
Streptococcus_sp_62351	642	0.010715043	0.000156794	107
Streptococcus_sp_62364	374	0.009702209	0.000144508	107
Neisseria_subflava_61760	1875	0.20410848	0.000805142	105
Kingella_denitrificans_62453	696	0.381558993	0.000247548	105
Streptococcus_pseudopneumoniae_60471	609	0.020321504	0.000499636	105
Prevotella_multiformis_62454	29	0.16352965	0.000732742	105
Streptococcus_mitis_58304	489	0.062863032	0.000115885	104
Atopobium_parvulum_59960	217	3.52932359	0.009517582	104
Afipia_broomeae_57107	7	5.011890606	0.003556997	104
Acinetobacter_sp_59235	2	61.09331085	0.108320932	104
Weissella_confusa_59158	2	0.009462245	1.77E-05	104
Xanthomonas_campestris_57487	2	0.007120105	6.60E-05	104
Streptococcus_australis_62469	5119	0.093397746	0.000757104	103
Streptococcus_sobrinus_56802	50	0.01982357	0.000137837	103
Selenomonas_sp_62699	4	0.094263566	0.000169699	103
Porphyromonas_uenonis_61926	2	0.191196994	0.000312092	103
Propionibacterium_avidum_56659	2	0.111015077	0.000548396	103
Pseudomonas_cichorii_60533	1	0.117553771	0.000639192	103
Corynebacterium_matruchotii_57066	41532	1.435560054	0.015068082	102
Selenomonas_noxia_56778	3605	0.094154531	0.000756257	102
Faecalibacterium_prausnitzii_57453	29	1.142375169	0.006884305	102
Lactobacillus_buchneri_57242	1	0.43438914	0.00047554	102
Pimelobacter_simplex_60993	1	0.171165092	0.000818861	102
Streptococcus_mitis_61108	2447	0.048916227	0.000288524	100
Clostridiales_bacterium_55367	1	1.196446007	0.002004026	100
Streptococcus_mitis_58557	8114	0.068897443	0.000345649	99
Actinomyces_dentalis_58667	3996	33.11744043	0.088371909	99
Haemophilus_influenzae_60134	1859	0.51998481	0.003881918	99
Prevotella_pallens_62692	760	0.1363592	0.000466256	99
Leptotrichia_sp_60099	320	0.318008785	0.000895509	99
Streptococcus_sanguinis_62457	143	0.019521718	0.000260318	99
Corynebacterium_sp_47185	3	1.183803285	0.005952102	99
Peptoniphilus_sp_58646	2	0.196624223	0.000591691	99
Prevotella_bivia_55194	2	0.173938507	0.00685866	99
Streptococcus_lutetiensis_58501	2	0.076300464	0.000401922	99
Acidovorax_sp_61324	1	75.68973702	0.061707759	99
Sphingomonas_wittichii_55547	1	0.097917284	0.000483695	99
Streptococcus_infantis_62471	2577	0.078775268	0.000684042	98
Selenomonas_infelix_62103	226	0.093060684	7.73E-05	98
Parabacteroides_merdae_56972	82	0.178547761	0.001117783	98
Prevotella_buccae_56058	32	0.169044788	0.000618147	98
Prevotella_micans_49965	14	0.143141153	0.002542144	98
Pantoea_ananatis_58251	4	0.203703704	0.000882625	98
Lactobacillus_fermentum_54035	2	0.348196591	0.000568363	98
Streptococcus_mitis_62363	765	0.037364798	0.00028651	97
Prevotella_sp_60509	243	0.13221374	0.001061952	97
Streptococcus_oralis_60033	3344	0.024833434	0.000225785	93
Prevotella_sp_61818	678	0.124068973	0.000653548	93
Streptococcus_sp_60922	1242	0.010107136	6.22E-05	90
Streptococcus_sp_61820	6235	0.01008588	2.17E-05	89
Porphyromonas_gingivalis_56101	98	0.19030303	0.001146825	89
Bradyrhizobium_japonicum_57868	1	2.245643939	0.003450385	89
Geodermatophilus_obscurus_61728	1	0.733131313	0.000548005	89
Streptococcus_mitis_61104	7228	0.041513002	0.000205765	87
Streptococcus_sp_62479	202	0.007562189	9.60E-05	87
Prevotella_scopos_59712	115	0.107612293	0.000978408	87
Streptococcus_anginosus_54555	47	0.080661939	0.000529437	87
Desulfovibrio_sp_53607	3	1.155460993	0.002048679	87
Lactobacillus_delbrueckii_56845	2	0.366169154	0.002941103	87
Anaerococcus_sp_62593	1	3.319140884	0.005559502	87
Selenomonas_sputigena_45411	1891	0.098056624	0.000185786	86
Erysipelotrichaceae_bacterium_56596	1	1.081661891	0.001656393	85
Haemophilus_parainfluenzae_62356	23080	0.488736727	0.000365324	83
Prevotella_sp_58138	1767	0.143091936	0.000539444	83
Streptococcus_tigurinus_59929	578	0.010374936	0.000424422	83
Treponema_socranskii_59148	268	0.009030465	0.000299223	83
Propionibacterium_propionicum_62297	244	0.114124294	0.001606036	83
Prevotella_copri_61740	66	0.1470981	0.00013132	83
Lactobacillus_jensenii_51108	2	0.370646026	0.000567585	83
Streptococcus_mitis_61341	4541	0.030169025	0.000298484	80
Morococcus_cerebrosus_58468	1350	0.303869048	0.003590388	80
Serratia_marcescens_43442	31	0.098561009	0.000791651	80
Selenomonas_flueggei_61981	12	0.073113208	0.000316791	80
Fusobacterium_nucleatum_57345	1811	0.960911412	0.005667777	79
Shewanella_piezotolerans_61030	7	0.089668042	6.36E-05	79
Porphyromonas_sp_57899	13602	0.17815759	0.000536121	77
Streptococcus_parasanguinis_62442	954	0.029161839	4.03E-05	77
Leptotrichia_shahii_58912	729	0.35396874	0.024574579	77
Streptococcus_sanguinis_62461	115	0.019244404	0.0001293	77
Shuttleworthia_satelles_57139	10	0.093086134	8.22E-05	77
Prevotella_denticola_56507	114	0.178433218	0.000314788	74
Streptococcus_sp_59997	2174	0.00935445	5.88E-05	71
Streptococcus_infantis_58384	761	0.068694334	0.000974576	71
Streptococcus_sp_60086	559	0.009518424	5.74E-05	71
Porphyromonas_catoniae_58136	357	0.173566731	0.000256355	71
Streptococcus_sp_61583	1305	0.010745824	8.61E-05	70
Streptococcus_sp_59452	253	0.007207207	1.57E-05	70
Streptococcus_sp_62701	755	0.008217625	1.34E-05	69
Streptococcus_sanguinis_62458	111	0.017663172	0.000208701	69
Haemophilus_haemolyticus_58351	11330	0.607125136	0.000896713	67
Streptococcus_sanguinis_62465	917	0.019490851	8.73E-05	67
Streptococcus_oralis_62531	1999	0.027777778	0.000287629	66
Streptococcus_anginosus_58303	185	0.084903864	0.000363702	66
Prevotella_baroniae_56661	13	0.175527678	0.001306124	66
Prevotella_buccalis_62098	1	0.165311653	0.000898873	66
Alistipes_onderdonkii_55464	14	4.653446957	0.007253836	63
Lactobacillus_gasseri_55805	2	0.407625915	0.000602056	63
Veillonella_parvula_57794	5975	0.005116096	9.21E-06	61
Streptococcus_parasanguinis_58487	1900	0.027550711	7.76E-05	59
Synechococcus_sp_61246	19	0.009486326	7.87E-06	59
Sutterella_wadsworthensis_56828	8	0.010192754	1.90E-05	59
Synergistetes_bacterium_62033	3	0.009889999	1.74E-05	59
Synechococcus_sp_61245	2	0.010192754	1.66E-05	59
Corynebacterium_durum_58387	465	0.976546228	0.024604046	55
Acinetobacter_junii_57406	35	54.73385855	0.03884526	55
Streptococcus_oligofermentans_60032	137	0.033157792	0.0001327	54
Streptococcus_mitis_58331	3388	0.064504205	0.000228545	53
Streptococcus_pseudopneumoniae_60472	2635	0.019915443	7.86E-05	52
Streptococcus_sanguinis_62466	343	0.016238559	6.35E-05	51
Streptococcus_sanguinis_62463	110	0.014226016	6.52E-05	47
Treponema_sp_60847	21	0.010004953	0.000115004	47
Streptococcus_mitis_59739	4658	0.056087038	0.000450496	43
Streptococcus_pneumoniae_60083	1813	0.025563149	0.000268319	43
Treponema_maltophilum_59146	8	0.00814427	4.04E-05	43
Streptococcus_sp_60488	1918	0.010358974	1.84E-05	42
Treponema_medium_59147	25	0.005914291	1.10E-05	42
Streptococcus_agalactiae_55593	5	0.080532849	0.000317676	42
Streptococcus_oralis_58561	1114	0.023519617	4.39E-05	41
Actinomyces_sp_59161	223	7.946924758	0.005640025	41
Pseudomonas_mendocina_57420	2	0.116988608	0.004292367	40
Streptococcus_sp_59302	267	0.017563633	0.000125562	37
Streptococcus_sanguinis_62462	256	0.019764799	0.000233532	37
Treponema_denticola_58011	39	0.0060588	9.02E-05	35
Streptococcus_sp_62585	331	0.011125946	5.50E-05	34
Streptococcus_salivarius_58037	1462	0.019690577	4.30E-05	31
Streptococcus_sp_59334	6279	0.007991527	7.49E-05	27
Streptococcus_salivarius_58022	605	0.017899761	8.20E-05	25
Serratia_marcescens_58205	67	0.095812494	0.000410432	24
Veillonella_sp_62611	6548	0.005638379	3.79E-05	19
Streptococcus_pneumoniae_60080	2926	0.023126911	0.000344459	19
Escherichia_coli_53492	1	1.035870784	0.00501355	19
Tannerella_sp_60461	1785	0.008097986	9.24E-05	18
Shewanella_putrefaciens_56759	1	0.086358796	0.000345613	18
Treponema_lecithinolyticum_60106	17	0.009838646	4.53E-05	16
Streptococcus_mitis_59293	1224	0.052963302	0.001127057	15
Streptococcus_sanguinis_62467	278	0.019792279	5.58E-05	15
Treponema_socranskii_50175	193	0.009210268	3.63E-05	15
Streptococcus_thermophilus_54772	246	0.007120478	6.47E-05	13
Streptococcus_parasanguinis_58381	353	0.026666667	0.000144999	12
Streptococcus_mitis_60170	6121	0.059729064	0.000484178	11
Subdoligranulum_sp_62068	5	0.006037893	2.89E-05	11
Streptomyces_sp_61566	1	0.006766604	3.85E-05	11
Subdoligranulum_variabile_61478	1	0.006766604	2.09E-05	11
Prevotella_albensis_47375	1	0.151609824	0.000694944	7
Streptococcus_sanguinis_62460	939	0.017372993	0.000117523	6
Streptococcus_anginosus_58032	370	0.088579563	0.000805363	6
Streptococcus_pseudopneumoniae_58459	6495	0.020820123	2.51E-05	5
Streptococcus_mitis_60171	4158	0.058760055	0.000284395	5
Streptococcus_oralis_57687	714	0.028606265	5.27E-05	5
Streptococcus_salivarius_58024	77	0.019399311	0.000179946	5
Streptococcus_tigurinus_42919	822	0.008452042	0.000212949	4
Treponema_denticola_33246	17	0.005727377	2.77E-05	4
Treponema_putidum_61019	4	0.008764156	4.34E-05	3
Streptococcus_sobrinus_57517	3	0.019980218	3.26E-05	3
Coprococcus_eutactus_61480	2	1.448115942	0.009729677	3
Streptococcus_sp_62700	617	0.005562298	1.72E-05	2
Veillonella_sp_62586	9	0.006721277	1.32E-05	2
Thiobacillus_denitrificans_61140	2	0.004385965	1.60E-05	2
Thiomonas_sp_59285	1	0.007307938	2.59E-05	2
