700014562
700014724
700014837
700015181
700015250
700015415
700015981
700016142
700016610
700033153
700013715
700014954
700015113
700015702
700015857
700015922
700016210
700016456
700016542
700016716
700016765
700016960
700021295
700021306
700021361
700021824
700021876
700021902
700023066
700023113
700023188
700023267
700023337
700023390
700023509
700023578
700023603
700023634
700023788
700023845
700023872
700023919
700024024
700024086
700024141
700024233
700024234
700024318
700024349
700024437
700024449
700024545
700024615
700024673
700024711
700024752
700024789
700024866
700024930
700024998
700032068
700032133
700032222
700032413
700032944
700033201
700033363
700033435
700033502
700033665
700033797
700033922
700033989
700034081
700034166
700034254
700034622
700034794
700034838
700034926
700035157
700035237
700035373
700035533
700035747
700035785
700035861
700037008
700037042
700037090
700037123
700037284
700037303
700037357
700037405
700037649
700037738
700037757
700037852
700037868
700037916
700037967
700038053
700038072
700038167
700038284
700038386
700095213
700095486
700095524
700095647
700095717
700095831
700096047
700096380
700096700
700096865
700097688
700097906
700098429
700098669
700099512
700099886
700100022
700101534
700101638
700102043
700106876
700106325
700102659
700105049
700106412
700103558
700102299
700105940
700038594
700105613
700105312
700105787
700106504
700038493
700105000
700105991
700105685
700038870
700106056
700105153
700106198
700107189
700038414
700108341
700038806
700105882
700106946
700103479
700106170
700110222
700038761
700109987
700106229
700109449
700106465
700106754
700106065
700038956
700107566
700106333
700038918
700109921
700110354
700111223
700111439
700114000
700111296
700111745
700114911
700113177
700111505
700111156
700114218
700113705
700113762
700113810
700113867
700113975
700116028
700116076
700116148
700116296
700116401
700116505
700116668
700116730
700116865
700116917
700117031
700117069
700117172
700117766
700121639
700013588
700013597
700013600
700013603
700013672
700013693
700014386
700014486
700014498
700016000
700095058
700097234
700098932
700161872
700117303
700122042
700122408
700122860
700161219
700161429
700163296
700172069
700164249
700164735
700165407
700171679
700172279
700172621
700172813
700173546
700175181
700175331
700173686
700122765
700124561
700124429
700121919
700164891
700117537
700161967
700161743
700117395
700161533
700165224
700172346
700097973
700167759
700166862
700123135
