764002286
658594300
765013792
612472597
160097436
764325968
646253328
161554003
246515023
289996019
765034022
158337416
764447348
861967750
763961826
788731474
643185023
764285508
159814214
159713063
763395383
103092734
206906765
663835652
160967330
993302508
160259276
159146620
765560005
765620695
765195863
886389417
159490532
158479027
668248235
980939909
160987560
159551223
863126187
765701615
160582958
305070461
764892411
159470302
764467579
970836795
675950834
370027359
764508039
360880230
763921366
158742018
765135172
160421117
536137189
763860675
158114885
516889361
161473083
525622796
160319967
159672603
866653606
159510762
765337473
650853796
764710340
188816475
764669880
932979671
195044680
158013734
158721788
158033964
765276783
268204421
159166850
160380657
158236265
764224817
725019804
764851951
765155402
938202701
901775393
257905678
763557224
765377934
159085930
159288231
763536994
368533040
159571453
367712035
160178356
561079058
366487741
764305738
161007791
763982056
764487809
158256496
550534656
763476303
241812656
158458797
857980665
338793263
517810313
765074482
604812005
763678604
160845950
763840445
840279516
161068481
765256553
159227541
158296956
764245047
159753524
809635352
158276726
722859603
764811490
159207311
686765762
160542498
763577454
764042746
158944319
160603188
991168867
160663879
764588959
370425937
158155345
875002022
763719065
159247771
404239096
355657046
208027353
160502038
147406386
764143897
336497421
765519544
763901136
159632143
159733294
823052294
763698834
132902142
739574095
737052003
764184357
115629832
182518224
159328691
451588811
316129862
764953101
596625983
162469177
160461578
160684109
275382046
159429842
508703490
160481808
158216035
884419868
706846339
465578759
160036745
158357646
765398164
763456073
765317243
553359145
765539774
763496533
682102541
160765029
763516763
178713055
763638144
872848689
535376874
159591683
158822939
872298013
161412393
764062976
160056975
158438567
160158126
638754422
764083206
159308461
160218816
159611913
159268001
868454789
731256356
838529239
256789458
158964549
763820215
441369442
765216093
488228756
764346198
763880905
160704339
159389382
884797910
158984779
765640925
763435843
159005010
797461496
764791260
375450439
763759525
160947100
158398106
234447334
158883629
160441347
158802708
764649650
765094712
765661155
161230322
157953044
486505039
763597684
159450072
953045535
809362576
764366428
158418336
160643649
763721271
158499257
159369152
160400887
