File, numSeqs, alignSeq, unalignSeq, numBases, alignBases, unalignBases
ERR3344259, 146455, 97.7290, 2.2710, 38670253, 99.1964, 0.8036
ERR3344309, 146455, 96.9315, 3.0685, 38771523, 97.7910, 2.2090
ERR3357260, 941336, 89.5837, 10.4163, 141200400, 86.9693, 13.0307
SRR10389217, 522802, 92.2900, 7.7100, 157886204, 90.1796, 9.8204
SRR10811335, 12, 100.0000, 0.0000, 2048858, 86.7866, 13.2134
SRR10811336, 22, 95.4545, 4.5455, 1950031, 91.2415, 8.7585
SRR10811337, 20, 90.0000, 10.0000, 2074267, 86.2059, 13.7941
SRR10811363, 13, 92.3077, 7.6923, 2045975, 87.9081, 12.0919
SRR10821936, 25, 84.0000, 16.0000, 1994900, 88.2350, 11.7650
SRR10821937, 22, 95.4545, 4.5455, 1990449, 89.4149, 10.5851
SRR10821942, 13, 100.0000, 0.0000, 1999579, 92.4249, 7.5751
SRR10821943, 14, 100.0000, 0.0000, 2038367, 88.9895, 11.0105
SRR10821944, 14, 92.8571, 7.1429, 2027361, 88.0108, 11.9892
SRR10827714, 20, 95.0000, 5.0000, 2003613, 89.0488, 10.9512
SRR10827720, 22, 77.2727, 22.7273, 1975357, 89.1207, 10.8793
SRR10827757, 13, 100.0000, 0.0000, 2025450, 89.3283, 10.6717
SRR10827762, 16, 93.7500, 6.2500, 1963999, 91.2100, 8.7900
SRR10827766, 26, 100.0000, 0.0000, 2004101, 92.4715, 7.5285
SRR10872157, 17, 100.0000, 0.0000, 1970605, 90.9720, 9.0280
SRR10872158, 20, 100.0000, 0.0000, 2003205, 89.8405, 10.1595
SRR10872159, 10, 100.0000, 0.0000, 2012617, 90.4954, 9.5046
SRR10872160, 31, 93.5484, 6.4516, 1984580, 89.7946, 10.2054
SRR10872173, 18, 94.4444, 5.5556, 1973686, 90.1564, 9.8436
SRR10872174, 19, 94.7368, 5.2632, 2026594, 88.7178, 11.2822
SRR10872433, 18, 100.0000, 0.0000, 2033378, 90.7578, 9.2422
SRR10872465, 29, 75.8621, 24.1379, 2009965, 87.8893, 12.1107
SRR10872466, 27, 92.5926, 7.4074, 1992184, 89.9915, 10.0085
SRR10872467, 28, 75.0000, 25.0000, 1992902, 88.7472, 11.2528
SRR10872468, 13, 100.0000, 0.0000, 1990048, 90.9297, 9.0703
SRR10872469, 11, 100.0000, 0.0000, 1996268, 90.8848, 9.1152
SRR10872471, 24, 87.5000, 12.5000, 2107839, 84.2588, 15.7412
SRR10872472, 11, 100.0000, 0.0000, 2004839, 91.8404, 8.1596
SRR10872473, 13, 100.0000, 0.0000, 2028011, 89.7892, 10.2108
SRR10872474, 19, 84.2105, 15.7895, 1977598, 90.1483, 9.8517
SRR10873922, 18, 100.0000, 0.0000, 1958069, 91.7403, 8.2597
SRR10873925, 17, 94.1176, 5.8824, 2046337, 86.7875, 13.2125
SRR10873927, 19, 94.7368, 5.2632, 1949967, 91.2371, 8.7629
SRR10873941, 18, 94.4444, 5.5556, 2071985, 86.2583, 13.7417
SRR10873942, 14, 92.8571, 7.1429, 1972613, 91.8587, 8.1413
SRR10873951, 31, 74.1935, 25.8065, 2003103, 88.1124, 11.8876
SRR10873953, 23, 100.0000, 0.0000, 1984197, 89.5192, 10.4808
SRR10873955, 13, 100.0000, 0.0000, 2000207, 92.4395, 7.5605
SRR10873958, 12, 100.0000, 0.0000, 2042886, 88.2427, 11.7573
SRR10873962, 13, 100.0000, 0.0000, 2025957, 88.0620, 11.9380
SRR10873963, 21, 85.7143, 14.2857, 2008853, 89.0670, 10.9330
SRR10873965, 23, 73.9130, 26.0870, 1974237, 89.1496, 10.8504
SRR10873973, 11, 100.0000, 0.0000, 2024785, 89.3437, 10.6563
SRR10873976, 20, 90.0000, 10.0000, 1966844, 91.1599, 8.8401
SRR10873979, 26, 100.0000, 0.0000, 2005474, 92.4763, 7.5237
SRR10873980, 17, 100.0000, 0.0000, 1970194, 90.9932, 9.0068
SRR10873982, 18, 100.0000, 0.0000, 2000585, 89.8305, 10.1695
SRR10873994, 13, 100.0000, 0.0000, 2012973, 90.4948, 9.5052
SRR10873996, 33, 93.9394, 6.0606, 1975840, 89.9040, 10.0960
SRR10873999, 12, 100.0000, 0.0000, 2006260, 90.6976, 9.3024
SRR10883126, 17, 100.0000, 0.0000, 2024541, 88.7303, 11.2697
SRR10901556, 17, 100.0000, 0.0000, 2033278, 90.7708, 9.2292
SRR10901557, 28, 82.1429, 17.8571, 2006656, 88.0144, 11.9856
SRR10901558, 20, 90.0000, 10.0000, 1994202, 89.9269, 10.0731
SRR10901559, 25, 76.0000, 24.0000, 1994985, 88.6639, 11.3361
SRR10901560, 14, 100.0000, 0.0000, 1989227, 90.9476, 9.0524
SRR10901561, 17, 100.0000, 0.0000, 1988935, 90.8754, 9.1246
SRR10901562, 24, 87.5000, 12.5000, 2109700, 84.2809, 15.7191
SRR10901563, 13, 100.0000, 0.0000, 2004783, 91.8554, 8.1446
SRR10901566, 13, 100.0000, 0.0000, 2026531, 89.8183, 10.1817
SRR10901567, 18, 83.3333, 16.6667, 1977477, 90.1455, 9.8545
SRR10901568, 21, 100.0000, 0.0000, 1962303, 91.7441, 8.2559
SRR10901577, 24, 54.1667, 45.8333, 2086804, 85.7302, 14.2698
SRR10901578, 12, 100.0000, 0.0000, 2076677, 86.0719, 13.9281
SRR10901579, 16, 100.0000, 0.0000, 1998388, 91.8179, 8.1821
SRR10901580, 13, 100.0000, 0.0000, 1998911, 91.8143, 8.1857
SRR10901591, 15, 93.3333, 6.6667, 1960054, 92.9612, 7.0388
SRR10901592, 16, 93.7500, 6.2500, 1959605, 92.9599, 7.0401
SRR10901593, 15, 100.0000, 0.0000, 1994376, 91.4220, 8.5780
SRR10901678, 11, 100.0000, 0.0000, 1996925, 91.4146, 8.5854
SRR10901679, 20, 100.0000, 0.0000, 1990674, 90.5647, 9.4353
SRR10901680, 17, 94.1176, 5.8824, 1994429, 90.5023, 9.4977
SRR10901681, 29, 89.6552, 10.3448, 1958626, 90.9209, 9.0791
SRR10901682, 33, 87.8788, 12.1212, 1953708, 91.0364, 8.9636
SRR10901731, 23, 91.3043, 8.6957, 2095611, 84.9904, 15.0096
SRR10901732, 22, 81.8182, 18.1818, 2095649, 85.0345, 14.9655
SRR10901733, 17, 100.0000, 0.0000, 1990636, 91.5427, 8.4573
SRR10901734, 14, 100.0000, 0.0000, 1993814, 91.5098, 8.4902
SRR10901735, 29, 100.0000, 0.0000, 1983749, 89.5058, 10.4942
SRR10901736, 20, 100.0000, 0.0000, 1976882, 89.5354, 10.4646
SRR13617002, 248086, 79.8606, 20.1394, 1576878270, 81.7409, 18.2591
SRR16475117, 569118, 80.0396, 19.9604, 171873636, 75.2941, 24.7059
SRR16475118, 1263532, 64.7503, 35.2497, 463995997, 49.2077, 50.7923
SRR16475119, 562713, 75.7384, 24.2616, 152217524, 74.4036, 25.5964
SRR16475120, 1002800, 73.7950, 26.2050, 302845600, 68.2556, 31.7444
SRR16475122, 391215, 58.3970, 41.6030, 118146930, 56.2306, 43.7694
SRR16475126, 763780, 86.6844, 13.3156, 230661560, 80.2472, 19.7528
SRR16475131, 1518759, 60.6991, 39.3009, 455818973, 50.8288, 49.1712
SRR16475132, 1051503, 77.5610, 22.4390, 374606353, 73.3617, 26.6383
SRR16475133, 772570, 73.8135, 26.1865, 242937109, 66.4389, 33.5611
SRR16475134, 987592, 72.8345, 27.1655, 338837196, 65.8711, 34.1289
SRR16475135, 1120166, 85.1309, 14.8691, 338290132, 81.7135, 18.2865
SRR16475136, 1049049, 76.0549, 23.9451, 316812798, 68.1072, 31.8928
SRR16475137, 679534, 85.8983, 14.1017, 205219268, 79.7032, 20.2968
SRR16475138, 1233299, 79.0467, 20.9533, 372456298, 71.2064, 28.7936
SRR16475139, 670234, 75.8046, 24.1954, 211584941, 68.4716, 31.5284
SRR16475146, 978767, 74.3941, 25.6059, 295587634, 63.9701, 36.0299
SRR16475148, 547625, 69.1296, 30.8704, 185787477, 67.0540, 32.9460
SRR16475152, 547915, 82.5666, 17.4334, 221101304, 81.0861, 18.9139
SRR16475153, 688138, 78.8791, 21.1209, 263631414, 79.3433, 20.6567
SRR16475154, 900963, 62.1733, 37.8267, 272090826, 51.6783, 48.3217
SRR16475155, 829989, 53.6213, 46.3787, 257413892, 43.7453, 56.2547
SRR16475159, 560735, 89.5377, 10.4623, 169341970, 86.3761, 13.6239
SRR16475162, 547778, 80.0768, 19.9232, 179216520, 70.8812, 29.1188
SRR16475165, 593372, 69.3187, 30.6813, 240275099, 71.8063, 28.1937
SRR16475168, 285666, 80.6470, 19.3530, 86271132, 76.8636, 23.1364
SRR16475169, 907067, 86.3032, 13.6968, 273934234, 80.3949, 19.6051
SRR16475170, 654980, 82.2456, 17.7544, 197803960, 67.9872, 32.0128
SRR16475172, 665310, 83.7180, 16.2820, 200923620, 71.7021, 28.2979
SRR16475173, 611142, 82.9928, 17.0072, 184564884, 68.3271, 31.6729
SRR16475174, 719818, 84.7411, 15.2589, 217385036, 77.1021, 22.8979
SRR16475176, 968653, 84.8684, 15.1316, 292533206, 81.6430, 18.3570
SRR16475177, 414767, 85.5796, 14.4204, 168693122, 83.3118, 16.6882
SRR16475179, 707229, 78.6889, 21.3111, 229163234, 73.5317, 26.4683
SRR16475184, 621314, 80.3338, 19.6662, 197449233, 74.8171, 25.1829
SRR16475185, 669130, 83.5439, 16.4561, 224182795, 80.7693, 19.2307
SRR16475186, 428929, 79.5113, 20.4887, 137716159, 73.8709, 26.1291
SRR16475188, 736859, 90.0088, 9.9912, 252142935, 85.1902, 14.8098
SRR16475192, 296106, 87.4558, 12.5442, 134651627, 86.8756, 13.1244
SRR16475193, 588091, 73.3312, 26.6688, 181430871, 67.5509, 32.4491
SRR16475200, 685259, 85.1458, 14.8542, 213198971, 79.7957, 20.2043
SRR16962982, 1065082, 91.8493, 8.1507, 556656071, 90.6476, 9.3524
SRR5309258, 977255, 85.8554, 14.1446, 195451000, 82.1658, 17.8342
SRR8244659, 1238485, 87.6038, 12.3962, 587659626, 85.5633, 14.4367
SRR8443689, 601486, 72.2767, 27.7233, 301945972, 66.4202, 33.5798
SRR8443691, 404647, 97.1002, 2.8998, 203132794, 91.0274, 8.9726
SRR8443692, 485793, 94.7132, 5.2868, 243868086, 77.9173, 22.0827
SRR8443696, 472243, 96.3004, 3.6996, 237065986, 86.7667, 13.2333
SRR8443697, 473553, 96.5239, 3.4761, 237723606, 89.4005, 10.5995
