3344259
3344309
3357260
10389217
10811335
10811336
10811337
10811363
10821936
10821937
10821942
10821943
10821944
10827714
10827720
10827757
10827762
10827766
10872157
10872158
10872159
10872160
10872173
10872174
10872433
10872465
10872466
10872467
10872468
10872469
10872471
10872472
10872473
10872474
10873922
10873925
10873927
10873941
10873942
10873951
10873953
10873955
10873958
10873962
10873963
10873965
10873973
10873976
10873979
10873980
10873982
10873994
10873996
10873999
10883126
10901556
10901557
10901558
10901559
10901560
10901561
10901562
10901563
10901566
10901567
10901568
10901577
10901578
10901579
10901580
10901591
10901592
10901593
10901678
10901679
10901680
10901681
10901682
10901731
10901732
10901733
10901734
10901735
10901736
11780778
11780779
11780780
11905797
11905798
13617002
13846722
13846723
13846724
13846725
14074425
15076387
15076403
15622453
16475116
16475117
16475118
16475119
16475120
16475121
16475122
16475123
16475124
16475125
16475126
16475127
16475128
16475129
16475130
16475131
16475132
16475133
16475134
16475135
16475136
16475137
16475138
16475139
16475140
16475141
16475142
16475143
16475144
16475145
16475146
16475147
16475148
16475149
16475150
16475151
16475152
16475153
16475154
16475155
16475156
16475157
16475158
16475159
16475160
16475161
16475162
16475163
16475164
16475165
16475166
16475167
16475168
16475169
16475170
16475171
16475172
16475173
16475174
16475175
16475176
16475177
16475178
16475179
16475180
16475181
16475182
16475183
16475184
16475185
16475186
16475187
16475188
16475189
16475190
16475191
16475192
16475193
16475194
16475195
16475196
16475197
16475198
16475199
16475200
16475201
16475202
16475203
16475204
16475205
16475206
16475207
16475208
16475209
16475210
16475211
16475212
16475213
16475214
16475215
16475216
16475217
16475218
16475219
16475220
16475221
16475222
16475223
16475224
16475225
16475226
16475227
16475228
16475229
16475230
16475231
16475232
16475233
16475234
16475235
16475236
16475237
16475238
1655196
1655200
1655928
16962977
16962978
16962979
16962980
16962981
16962982
16962983
16962984
16962985
16962986
16962987
16962988
16962989
16962990
16962991
16962992
16962993
16962994
16962995
16962996
16962997
16962998
16962999
16963000
16963001
16963002
16963003
16963004
16963005
16963006
16963007
16963008
16963009
18437146
4381914
5308108
5308109
5308395
5308396
5309250
5309258
5309263
5309264
5309265
5309266
5309267
6029386
6029387
6029389
7140974
7140975
7140976
7140977
7140978
7140979
7140981
7140982
7140983
7140984
7140985
7140986
7140987
7140988
7140989
7140990
7140991
7140992
7140998
7140999
7141000
7141001
7141002
7141003
7141004
7141005
7141006
7141007
7141008
7141009
7141010
7141011
7759804
8244655
8244656
8244657
8244658
8244659
8244660
8244661
8443689
8443690
8443691
8443692
8443693
8443694
8443695
8443696
8443697
8443698
8443699
9163181
9924239
9962030
9962031
9962032
