site, alts, refs, total
411485.10.peg.55.site.1, 2, 166, 168
411485.10.peg.55.site.2, 1, 165, 166
411485.10.peg.55.site.3, 39, 148, 187
411485.10.peg.55.site.4, 1, 159, 160
411485.10.peg.55.site.5, 34, 137, 171
411485.10.peg.55.site.6, 19, 131, 150
411485.10.peg.55.site.7, 1, 148, 149
411485.10.peg.55.site.8, 4, 124, 128
411485.10.peg.55.site.9, 44, 108, 152
411485.10.peg.55.site.10, 1, 112, 113
411485.10.peg.55.site.11, 0, 111, 111
411485.10.peg.55.site.12, 6, 100, 106
411485.10.peg.55.site.13, 84, 97, 181
411485.10.peg.55.site.14, 10, 95, 105
411485.10.peg.55.site.15, 9, 94, 103
411485.10.peg.55.site.16, 5, 97, 102
411485.10.peg.55.site.17, 2, 96, 98
411485.10.peg.55.site.18, 42, 101, 143
411485.10.peg.55.site.19, 0, 129, 129
411485.10.peg.55.site.20, 37, 123, 160
411485.10.peg.55.site.21, 0, 156, 156
411485.10.peg.55.site.22, 1, 151, 152
411485.10.peg.55.site.23, 0, 166, 166
411485.10.peg.55.site.24, 27, 157, 184
411485.10.peg.55.site.25, 9, 166, 175
411485.10.peg.55.site.26, 1, 182, 183
411485.10.peg.55.site.27, 0, 180, 180
411485.10.peg.55.site.28, 4, 180, 184
411485.10.peg.55.site.29, 28, 153, 181
411485.10.peg.55.site.30, 47, 143, 190
411485.10.peg.55.site.31, 93, 147, 240
411485.10.peg.55.site.32, 117, 141, 258
411485.10.peg.55.site.33, 1, 149, 150
411485.10.peg.55.site.34, 22, 137, 159
411485.10.peg.55.site.35, 2, 138, 140
411485.10.peg.55.site.36, 2, 95, 97
411485.10.peg.55.site.37, 86, 90, 176
411485.10.peg.55.site.38, 0, 99, 99
411485.10.peg.55.site.39, 21, 118, 139
411485.10.peg.55.site.40, 1, 148, 149
411485.10.peg.55.site.41, 17, 161, 178
411485.10.peg.55.site.42, 34, 154, 188
411485.10.peg.55.site.43, 7, 165, 172
411485.10.peg.55.site.44, 1, 168, 169
411485.10.peg.55.site.45, 33, 144, 177
411485.10.peg.55.site.46, 49, 152, 201
411485.10.peg.55.site.47, 65, 122, 187
411485.10.peg.55.site.48, 8, 135, 143
411485.10.peg.55.site.49, 19, 129, 148
411485.10.peg.55.site.50, 0, 136, 136
411485.10.peg.55.site.51, 8, 138, 146
411485.10.peg.55.site.52, 0, 121, 121
411485.10.peg.55.site.53, 55, 65, 120
411485.10.peg.55.site.54, 33, 50, 83
411485.10.peg.55.site.55, 13, 50, 63
411485.10.peg.55.site.56, 2, 39, 41
411485.10.peg.55.site.57, 0, 41, 41
411485.10.peg.55.site.58, 11, 24, 35
411485.10.peg.55.site.59, 5, 29, 34
411485.10.peg.55.site.60, 1, 28, 29
411485.10.peg.55.site.61, 4, 24, 28
411485.10.peg.55.site.62, 6, 25, 31
411485.10.peg.55.site.63, 2, 24, 26
411485.10.peg.55.site.64, 6, 24, 30
411485.10.peg.55.site.65, 9, 25, 34
411485.10.peg.55.site.66, 1, 28, 29
411485.10.peg.55.site.67, 1, 33, 34
411485.10.peg.55.site.68, 37, 68, 105
411485.10.peg.54.site.1, 134, 142, 276
411485.10.peg.54.site.2, 1, 137, 138
411485.10.peg.54.site.3, 39, 112, 151
411485.10.peg.54.site.4, 18, 102, 120
411485.10.peg.54.site.5, 15, 114, 129
411485.10.peg.54.site.6, 13, 117, 130
411485.10.peg.54.site.7, 2, 110, 112
411485.10.peg.54.site.8, 2, 125, 127
411485.10.peg.54.site.9, 0, 114, 114
411485.10.peg.54.site.10, 6, 113, 119
411485.10.peg.54.site.11, 23, 117, 140
411485.10.peg.54.site.12, 33, 109, 142
411485.10.peg.54.site.13, 30, 101, 131
411485.10.peg.54.site.14, 38, 112, 150
411485.10.peg.54.site.15, 0, 113, 113
411485.10.peg.54.site.16, 1, 105, 106
411485.10.peg.54.site.17, 61, 84, 145
411485.10.peg.54.site.18, 1, 94, 95
411485.10.peg.54.site.19, 2, 87, 89
411485.10.peg.54.site.20, 82, 92, 174
411485.10.peg.54.site.21, 6, 94, 100
411485.10.peg.54.site.22, 1, 140, 141
411485.10.peg.54.site.23, 1, 160, 161
411485.10.peg.54.site.24, 0, 156, 156
411485.10.peg.54.site.25, 0, 160, 160
411485.10.peg.54.site.26, 21, 143, 164
411485.10.peg.54.site.27, 13, 137, 150
411485.10.peg.54.site.28, 93, 135, 228
411485.10.peg.54.site.29, 1, 141, 142
411485.10.peg.54.site.30, 12, 117, 129
411485.10.peg.54.site.31, 2, 139, 141
411485.10.peg.54.site.32, 2, 140, 142
411485.10.peg.54.site.33, 88, 131, 219
411485.10.peg.54.site.34, 89, 134, 223
411485.10.peg.54.site.35, 34, 161, 195
411485.10.peg.54.site.36, 26, 156, 182
411485.10.peg.54.site.37, 1, 176, 177
411485.10.peg.54.site.38, 36, 158, 194
411485.10.peg.54.site.39, 50, 144, 194
411485.10.peg.54.site.40, 38, 157, 195
411485.10.peg.54.site.41, 4, 168, 172
411485.10.peg.54.site.42, 69, 147, 216
411485.10.peg.54.site.43, 152, 155, 307
411485.10.peg.54.site.44, 140, 148, 288
411485.10.peg.54.site.45, 10, 142, 152
411485.10.peg.54.site.46, 52, 137, 189
411485.10.peg.54.site.47, 103, 152, 255
411485.10.peg.54.site.48, 2, 166, 168
411485.10.peg.54.site.49, 16, 155, 171
411485.10.peg.54.site.50, 83, 150, 233
411485.10.peg.54.site.51, 10, 139, 149
411485.10.peg.54.site.52, 1, 121, 122
411485.10.peg.54.site.53, 3, 96, 99
411485.10.peg.54.site.54, 5, 80, 85
411485.10.peg.54.site.55, 49, 61, 110
411485.10.peg.54.site.56, 45, 49, 94
411485.10.peg.54.site.57, 4, 80, 84
411485.10.peg.54.site.58, 77, 85, 162
411485.10.peg.54.site.59, 56, 85, 141
411485.10.peg.54.site.60, 1, 94, 95
411485.10.peg.54.site.61, 22, 94, 116
411485.10.peg.54.site.62, 101, 109, 210
411485.10.peg.54.site.63, 39, 129, 168
411485.10.peg.54.site.64, 0, 132, 132
411485.10.peg.54.site.65, 0, 158, 158
411485.10.peg.54.site.66, 2, 170, 172
411485.10.peg.54.site.67, 0, 164, 164
411485.10.peg.54.site.68, 1, 129, 130
411485.10.peg.54.site.69, 49, 88, 137
411485.10.peg.54.site.70, 4, 79, 83
411485.10.peg.54.site.71, 31, 67, 98
411485.10.peg.54.site.72, 1, 54, 55
411485.10.peg.54.site.73, 20, 29, 49
411485.10.peg.54.site.74, 1, 27, 28
411485.10.peg.54.site.75, 30, 38, 68
411485.10.peg.54.site.76, 1, 64, 65
411485.10.peg.54.site.77, 2, 87, 89
411485.10.peg.54.site.78, 46, 113, 159
411485.10.peg.54.site.79, 9, 125, 134
411485.10.peg.54.site.80, 2, 175, 177
411485.10.peg.54.site.81, 2, 175, 177
411485.10.peg.54.site.82, 2, 172, 174
411485.10.peg.54.site.83, 0, 171, 171
411485.10.peg.54.site.84, 95, 106, 201
411485.10.peg.54.site.85, 5, 120, 125
411485.10.peg.54.site.86, 1, 121, 122
411485.10.peg.54.site.87, 2, 123, 125
411485.10.peg.54.site.88, 48, 114, 162
411485.10.peg.54.site.89, 2, 136, 138
411485.10.peg.54.site.90, 7, 134, 141
411485.10.peg.54.site.91, 11, 139, 150
411485.10.peg.54.site.92, 1, 169, 170
411485.10.peg.54.site.93, 90, 149, 239
411485.10.peg.54.site.94, 1, 182, 183
411485.10.peg.54.site.95, 111, 169, 280
411485.10.peg.53.site.1, 0, 161, 161
411485.10.peg.53.site.2, 0, 152, 152
411485.10.peg.53.site.3, 95, 123, 218
411485.10.peg.53.site.4, 16, 131, 147
411485.10.peg.53.site.5, 20, 133, 153
411485.10.peg.53.site.6, 0, 154, 154
411485.10.peg.53.site.7, 84, 146, 230
411485.10.peg.53.site.8, 0, 177, 177
411485.10.peg.53.site.9, 1, 176, 177
411485.10.peg.53.site.10, 29, 166, 195
411485.10.peg.53.site.11, 2, 184, 186
411485.10.peg.53.site.12, 10, 171, 181
411485.10.peg.53.site.13, 44, 167, 211
411485.10.peg.53.site.14, 4, 182, 186
411485.10.peg.53.site.15, 0, 183, 183
411485.10.peg.53.site.16, 0, 181, 181
411485.10.peg.53.site.17, 8, 175, 183
411485.10.peg.53.site.18, 0, 179, 179
411485.10.peg.53.site.19, 2, 181, 183
411485.10.peg.53.site.20, 71, 150, 221
411485.10.peg.53.site.21, 4, 180, 184
411485.10.peg.53.site.22, 0, 181, 181
411485.10.peg.53.site.23, 55, 157, 212
411485.10.peg.53.site.24, 176, 180, 356
411485.10.peg.53.site.25, 1, 179, 180
411485.10.peg.53.site.26, 13, 172, 185
411485.10.peg.53.site.27, 4, 181, 185
411485.10.peg.53.site.28, 0, 184, 184
411485.10.peg.53.site.29, 1, 185, 186
411485.10.peg.53.site.30, 7, 177, 184
411485.10.peg.53.site.31, 31, 166, 197
411485.10.peg.53.site.32, 29, 166, 195
411485.10.peg.53.site.33, 26, 166, 192
411485.10.peg.53.site.34, 6, 182, 188
411485.10.peg.53.site.35, 0, 184, 184
411485.10.peg.53.site.36, 0, 183, 183
411485.10.peg.53.site.37, 1, 183, 184
411485.10.peg.53.site.38, 2, 184, 186
411485.10.peg.53.site.39, 40, 160, 200
411485.10.peg.53.site.40, 2, 178, 180
411485.10.peg.53.site.41, 6, 171, 177
411485.10.peg.53.site.42, 28, 154, 182
411485.10.peg.53.site.43, 0, 179, 179
411485.10.peg.53.site.44, 0, 171, 171
411485.10.peg.53.site.45, 0, 170, 170
411485.10.peg.53.site.46, 0, 177, 177
411485.10.peg.53.site.47, 64, 159, 223
411485.10.peg.53.site.48, 5, 175, 180
411485.10.peg.53.site.49, 0, 184, 184
411485.10.peg.53.site.50, 0, 185, 185
411485.10.peg.53.site.51, 21, 174, 195
411485.10.peg.53.site.52, 0, 185, 185
411485.10.peg.53.site.53, 1, 179, 180
411485.10.peg.53.site.54, 2, 185, 187
411485.10.peg.53.site.55, 73, 154, 227
411485.10.peg.53.site.56, 2, 180, 182
411485.10.peg.53.site.57, 3, 175, 178
411485.10.peg.53.site.58, 2, 178, 180
411485.10.peg.53.site.59, 15, 149, 164
411485.10.peg.53.site.60, 3, 151, 154
411485.10.peg.53.site.61, 55, 133, 188
411485.10.peg.53.site.62, 1, 156, 157
411485.10.peg.53.site.63, 6, 153, 159
411485.10.peg.53.site.64, 106, 150, 256
411485.10.peg.53.site.65, 86, 151, 237
411485.10.peg.53.site.66, 0, 176, 176
411485.10.peg.53.site.67, 0, 182, 182
411485.10.peg.53.site.68, 2, 185, 187
411485.10.peg.53.site.69, 14, 182, 196
411485.10.peg.53.site.70, 8, 184, 192
411485.10.peg.53.site.71, 1, 185, 186
411485.10.peg.53.site.72, 78, 161, 239
411485.10.peg.53.site.73, 0, 184, 184
411485.10.peg.53.site.74, 0, 182, 182
411485.10.peg.53.site.75, 14, 177, 191
411485.10.peg.53.site.76, 0, 185, 185
411485.10.peg.53.site.77, 11, 173, 184
411485.10.peg.53.site.78, 1, 184, 185
411485.10.peg.53.site.79, 14, 171, 185
411485.10.peg.53.site.80, 31, 166, 197
411485.10.peg.53.site.81, 4, 179, 183
411485.10.peg.53.site.82, 6, 162, 168
411485.10.peg.53.site.83, 0, 165, 165
411485.10.peg.53.site.84, 2, 164, 166
411485.10.peg.53.site.85, 0, 168, 168
411485.10.peg.53.site.86, 3, 170, 173
411485.10.peg.53.site.87, 171, 175, 346
411485.10.peg.53.site.88, 5, 176, 181
411485.10.peg.53.site.89, 0, 176, 176
411485.10.peg.53.site.90, 43, 163, 206
411485.10.peg.53.site.91, 0, 178, 178
411485.10.peg.53.site.92, 1, 181, 182
411485.10.peg.53.site.93, 0, 181, 181
411485.10.peg.53.site.94, 0, 178, 178
411485.10.peg.53.site.95, 0, 173, 173
411485.10.peg.53.site.96, 0, 177, 177
411485.10.peg.53.site.97, 2, 170, 172
411485.10.peg.53.site.98, 113, 154, 267
411485.10.peg.53.site.99, 76, 150, 226
411485.10.peg.53.site.100, 127, 144, 271
411485.10.peg.53.site.101, 130, 150, 280
411485.10.peg.53.site.102, 5, 164, 169
411485.10.peg.53.site.103, 0, 165, 165
411485.10.peg.53.site.104, 3, 169, 172
411485.10.peg.53.site.105, 2, 167, 169
411485.10.peg.53.site.106, 132, 152, 284
411485.10.peg.53.site.107, 0, 167, 167
411485.10.peg.53.site.108, 2, 168, 170
411485.10.peg.53.site.109, 12, 160, 172
411485.10.peg.53.site.110, 10, 146, 156
411485.10.peg.53.site.111, 88, 136, 224
411485.10.peg.53.site.112, 40, 131, 171
411485.10.peg.53.site.113, 19, 137, 156
411485.10.peg.53.site.114, 1, 144, 145
411485.10.peg.53.site.115, 21, 149, 170
411485.10.peg.53.site.116, 2, 165, 167
411485.10.peg.53.site.117, 68, 145, 213
411485.10.peg.53.site.118, 3, 167, 170
411485.10.peg.53.site.119, 56, 150, 206
411485.10.peg.53.site.120, 21, 157, 178
411485.10.peg.53.site.121, 0, 170, 170
411485.10.peg.53.site.122, 56, 151, 207
411485.10.peg.53.site.123, 1, 160, 161
411485.10.peg.53.site.124, 30, 146, 176
411485.10.peg.53.site.125, 2, 158, 160
411485.10.peg.53.site.126, 1, 162, 163
411485.10.peg.53.site.127, 76, 140, 216
411485.10.peg.53.site.128, 73, 138, 211
411485.10.peg.53.site.129, 105, 143, 248
411485.10.peg.53.site.130, 1, 158, 159
411485.10.peg.53.site.131, 1, 155, 156
411485.10.peg.53.site.132, 2, 155, 157
411485.10.peg.53.site.133, 5, 152, 157
411485.10.peg.53.site.134, 6, 158, 164
411485.10.peg.53.site.135, 55, 143, 198
411485.10.peg.53.site.136, 19, 149, 168
411485.10.peg.53.site.137, 1, 180, 181
411485.10.peg.53.site.138, 1, 185, 186
411485.10.peg.53.site.139, 5, 185, 190
411485.10.peg.53.site.140, 1, 185, 186
411485.10.peg.53.site.141, 41, 162, 203
411485.10.peg.49.site.1, 0, 151, 151
411485.10.peg.49.site.2, 80, 142, 222
411485.10.peg.49.site.3, 0, 151, 151
411485.10.peg.49.site.4, 2, 157, 159
411485.10.peg.49.site.5, 1, 156, 157
411485.10.peg.49.site.6, 1, 157, 158
411485.10.peg.49.site.7, 6, 131, 137
411485.10.peg.49.site.8, 100, 114, 214
411485.10.peg.49.site.9, 5, 105, 110
411485.10.peg.49.site.10, 19, 99, 118
411485.10.peg.49.site.11, 21, 88, 109
411485.10.peg.49.site.12, 4, 103, 107
411485.10.peg.49.site.13, 2, 100, 102
411485.10.peg.49.site.14, 4, 102, 106
411485.10.peg.49.site.15, 0, 96, 96
411485.10.peg.49.site.16, 12, 87, 99
411485.10.peg.49.site.17, 10, 76, 86
411485.10.peg.49.site.18, 0, 97, 97
411485.10.peg.49.site.19, 1, 106, 107
411485.10.peg.49.site.20, 36, 149, 185
411485.10.peg.49.site.21, 3, 154, 157
411485.10.peg.49.site.22, 3, 153, 156
411485.10.peg.49.site.23, 38, 144, 182
411485.10.peg.49.site.24, 76, 134, 210
411485.10.peg.49.site.25, 58, 123, 181
411485.10.peg.52.site.1, 1, 137, 138
411485.10.peg.52.site.2, 13, 123, 136
411485.10.peg.52.site.3, 11, 128, 139
411485.10.peg.52.site.4, 12, 117, 129
411485.10.peg.52.site.5, 2, 125, 127
411485.10.peg.52.site.6, 6, 110, 116
411485.10.peg.52.site.7, 0, 96, 96
411485.10.peg.52.site.8, 0, 112, 112
411485.10.peg.52.site.9, 4, 115, 119
411485.10.peg.52.site.10, 4, 114, 118
411485.10.peg.52.site.11, 5, 107, 112
411485.10.peg.52.site.12, 4, 112, 116
411485.10.peg.52.site.13, 7, 114, 121
411485.10.peg.52.site.14, 9, 113, 122
411485.10.peg.52.site.15, 1, 123, 124
411485.10.peg.52.site.16, 26, 121, 147
411485.10.peg.52.site.17, 2, 125, 127
411485.10.peg.52.site.18, 1, 130, 131
411485.10.peg.52.site.19, 8, 122, 130
411485.10.peg.52.site.20, 4, 126, 130
411485.10.peg.52.site.21, 40, 110, 150
411485.10.peg.52.site.22, 0, 119, 119
411485.10.peg.52.site.23, 3, 113, 116
411485.10.peg.52.site.24, 5, 106, 111
411485.10.peg.52.site.25, 0, 119, 119
411485.10.peg.52.site.26, 0, 98, 98
411485.10.peg.52.site.27, 1, 105, 106
411485.10.peg.52.site.28, 3, 100, 103
411485.10.peg.52.site.29, 1, 111, 112
411485.10.peg.52.site.30, 7, 112, 119
411485.10.peg.52.site.31, 9, 107, 116
411485.10.peg.52.site.32, 98, 110, 208
411485.10.peg.52.site.33, 1, 115, 116
411485.10.peg.52.site.34, 11, 125, 136
411485.10.peg.52.site.35, 5, 134, 139
411485.10.peg.52.site.36, 0, 134, 134
411485.10.peg.52.site.37, 8, 164, 172
411485.10.peg.52.site.38, 57, 159, 216
411485.10.peg.52.site.39, 0, 181, 181
411485.10.peg.52.site.40, 0, 181, 181
411485.10.peg.52.site.41, 17, 164, 181
411485.10.peg.52.site.42, 4, 183, 187
411485.10.peg.52.site.43, 2, 178, 180
411485.10.peg.52.site.44, 33, 164, 197
411485.10.peg.52.site.45, 1, 183, 184
411485.10.peg.52.site.46, 1, 184, 185
411485.10.peg.52.site.47, 2, 184, 186
411485.10.peg.52.site.48, 0, 183, 183
411485.10.peg.52.site.49, 0, 182, 182
411485.10.peg.52.site.50, 21, 173, 194
411485.10.peg.52.site.51, 21, 165, 186
411485.10.peg.52.site.52, 42, 161, 203
411485.10.peg.52.site.53, 2, 181, 183
411485.10.peg.52.site.54, 17, 171, 188
411485.10.peg.52.site.55, 46, 165, 211
411485.10.peg.52.site.56, 0, 184, 184
411485.10.peg.52.site.57, 13, 174, 187
411485.10.peg.52.site.58, 45, 159, 204
411485.10.peg.52.site.59, 0, 185, 185
411485.10.peg.52.site.60, 1, 184, 185
411485.10.peg.52.site.61, 17, 171, 188
411485.10.peg.52.site.62, 0, 186, 186
411485.10.peg.52.site.63, 104, 161, 265
411485.10.peg.52.site.64, 2, 187, 189
411485.10.peg.52.site.65, 6, 184, 190
411485.10.peg.52.site.66, 0, 186, 186
411485.10.peg.52.site.67, 5, 178, 183
411485.10.peg.52.site.68, 34, 165, 199
411485.10.peg.52.site.69, 9, 173, 182
411485.10.peg.52.site.70, 68, 160, 228
411485.10.peg.52.site.71, 6, 176, 182
411485.10.peg.52.site.72, 1, 184, 185
411485.10.peg.52.site.73, 5, 181, 186
411485.10.peg.52.site.74, 158, 174, 332
411485.10.peg.52.site.75, 3, 186, 189
411485.10.peg.52.site.76, 2, 187, 189
411485.10.peg.52.site.77, 2, 180, 182
411485.10.peg.52.site.78, 0, 186, 186
411485.10.peg.52.site.79, 1, 181, 182
411485.10.peg.52.site.80, 2, 185, 187
411485.10.peg.52.site.81, 0, 185, 185
411485.10.peg.52.site.82, 0, 181, 181
411485.10.peg.52.site.83, 2, 184, 186
411485.10.peg.52.site.84, 26, 171, 197
411485.10.peg.52.site.85, 0, 184, 184
411485.10.peg.52.site.86, 5, 173, 178
