7
0, 1, 0.009730005502101477
0, 2, 0.017283610837746266
0, 3, 0.009337327026136214
0, 4, 0.014910282234246787
0, 5, 0.017180671724126708
0, 6, 0.01933409642934955
1, 2, 0.009702189225229089
1, 3, 0.009536943995393008
1, 4, 0.010019765801842596
1, 5, 0.009709518728986918
1, 6, 0.009739601023244907
2, 3, 0.00928738972033984
2, 4, 0.014859659528861157
2, 5, 0.020334166309902053
2, 6, 0.0238246668666452
3, 4, 0.009842335410668965
3, 5, 0.009300461791411748
3, 6, 0.009352098962909217
4, 5, 0.014886173357713669
4, 6, 0.015193351627391119
5, 6, 0.022263218391412508
