7
0, 1, 0.024096736947704353
0, 2, 0.02236722416327054
0, 3, 0.033757378644120664
0, 4, 0.022368809999227777
0, 5, 0.026653199751714526
0, 6, 0.027328428481698256
1, 2, 0.022366442301489826
1, 3, 0.01654011594627871
1, 4, 0.021974072017270255
1, 5, 0.01963212994497002
1, 6, 0.02732759705831132
2, 3, 0.022366762578417743
2, 4, 0.022366332324523314
2, 5, 0.022366769234253174
2, 6, 0.024928546244439354
3, 4, 0.022132430879372614
3, 5, 0.02216055447255496
3, 6, 0.027328027946330956
4, 5, 0.022143263442766972
4, 6, 0.027318712244483127
5, 6, 0.02732773278322695
