10
0, 1, 0.010902174234836743
0, 2, 0.010756798552183646
0, 3, 0.009031769022667948
0, 4, 0.010567498364204907
0, 5, 0.010248253906420072
0, 6, 0.011250408397639647
0, 7, 0.011251595918832789
0, 8, 0.009383737457056653
0, 9, 0.010941281463441303
1, 2, 0.019639901127046736
1, 3, 0.008884027027595057
1, 4, 0.03412304550697407
1, 5, 0.01026653673925357
1, 6, 0.03193378646998826
1, 7, 0.030586498763087503
1, 8, 0.0077242877177048355
1, 9, 0.04491740634358859
2, 3, 0.00887714316696484
2, 4, 0.01536718313653436
2, 5, 0.010253931048686117
2, 6, 0.02034257779517758
2, 7, 0.020032833797828282
2, 8, 0.007752367418655473
2, 9, 0.019943650363083574
3, 4, 0.00883467124191498
3, 5, 0.00963293556664824
3, 6, 0.008945582077222238
3, 7, 0.008947075745806526
3, 8, 0.008701006304825815
3, 9, 0.008890254192601659
4, 5, 0.010231032843589281
4, 6, 0.026685563244144353
4, 7, 0.02563911400183577
4, 8, 0.0068734148674241494
4, 9, 0.034004887940607874
5, 6, 0.010306624310001742
5, 7, 0.01030714634193142
5, 8, 0.010077857789570937
5, 9, 0.010270802214113795
6, 7, 0.027549560763069934
6, 8, 0.008782652492227741
6, 9, 0.031956386046358004
7, 8, 0.008807503149222778
7, 9, 0.030647150452741453
8, 9, 0.007834729863335825
