7
0, 1, 0.009358886777242123
0, 2, 0.008559201373449295
0, 3, 0.00942303497359644
0, 4, 0.04413214408737537
0, 5, 0.009702406711237833
0, 6, 0.015155187379985514
1, 2, 0.008542687375975746
1, 3, 0.006410971644173848
1, 4, 0.044977800058500106
1, 5, 0.009925669178338013
1, 6, 0.032009456114441046
2, 3, 0.008543632467736647
2, 4, 0.022168891973232418
2, 5, 0.008547786827367718
2, 6, 0.008657484916637311
3, 4, 0.044985128202611115
3, 5, 0.011079108247179557
3, 6, 0.0326860177196633
4, 5, 0.04500775454284332
4, 6, 0.044964782759771296
5, 6, 0.035034615889651996
