9
0, 1, 0.026742105842223817
0, 2, 0.02789779239501185
0, 3, 0.026928586184722773
0, 4, 0.030507709676904127
0, 5, 0.026934988781608705
0, 6, 0.026912770651990773
0, 7, 0.026927860058366986
0, 8, 0.02694227155722389
1, 2, 0.02799866238741992
1, 3, 0.024128981718783946
1, 4, 0.03165726490111849
1, 5, 0.023980815443302488
1, 6, 0.023841766494669323
1, 7, 0.02390059510629009
1, 8, 0.024309551424199705
2, 3, 0.0280447679311218
2, 4, 0.02918077285653392
2, 5, 0.02804706518821983
2, 6, 0.02804281629970904
2, 7, 0.02804588659479514
2, 8, 0.028046811370400052
3, 4, 0.031876437772473544
3, 5, 0.022171997864197848
3, 6, 0.0217238583662597
3, 7, 0.021558585567906362
3, 8, 0.0245628892586335
4, 5, 0.03189232411098805
4, 6, 0.03187704433336468
4, 7, 0.031889376090863016
4, 8, 0.03187962496696158
5, 6, 0.01781786579103691
5, 7, 0.014371430492844435
5, 8, 0.0237565178624909
6, 7, 0.01695942223773454
6, 8, 0.02300078153511791
7, 8, 0.02319164605167278
