31
0, 1, 0.009906275065536216
0, 2, 0.009459319873626333
0, 3, 0.010067361609535223
0, 4, 0.009411161008447513
0, 5, 0.009432843467045038
0, 6, 0.009026365356764347
0, 7, 0.00870683271344372
0, 8, 0.009210118033512939
0, 9, 0.009466519203647562
0, 10, 0.0062186473223579015
0, 11, 0.00946867624619469
0, 12, 0.009462254737202499
0, 13, 0.009455490622772577
0, 14, 0.009811793603736203
0, 15, 0.009459940632072112
0, 16, 0.010028959226359433
0, 17, 0.010213189038551016
0, 18, 0.008355760627799204
0, 19, 0.010111469328174487
0, 20, 0.013165024976835362
0, 21, 0.009459804252347145
0, 22, 0.008626779464505876
0, 23, 0.009489619969070696
0, 24, 0.009347975882909705
0, 25, 0.009463735618778094
0, 26, 0.008513799414454178
0, 27, 0.009449463116132506
0, 28, 0.009481538161463205
0, 29, 0.009469773605933256
0, 30, 0.009721687752714354
1, 2, 0.009962700738184714
1, 3, 0.01004159061842052
1, 4, 0.009698783594091542
1, 5, 0.009956681250858133
1, 6, 0.009730781466420944
1, 7, 0.009577352569819706
1, 8, 0.009915854636321771
1, 9, 0.009963640842493545
1, 10, 0.00804239742206924
1, 11, 0.00996380739550192
1, 12, 0.009963032838908537
1, 13, 0.009962114596189299
1, 14, 0.00991076180194671
1, 15, 0.009962678021907055
1, 16, 0.010035175513491602
1, 17, 0.010078189568287078
1, 18, 0.00914332101007254
1, 19, 0.010053255377441858
1, 20, 0.011628850674420661
1, 21, 0.009962756547572013
1, 22, 0.009817039960313243
1, 23, 0.009964944001169694
1, 24, 0.009923727948866957
1, 25, 0.009963295702875036
1, 26, 0.00943309855994831
1, 27, 0.009961198499098791
1, 28, 0.009962564131602087
1, 29, 0.009963989590562789
1, 30, 0.009972978491391414
2, 3, 0.012779536268168723
2, 4, 0.00940320074675267
2, 5, 0.008590699617080307
2, 6, 0.008800598330453858
2, 7, 0.008412753575849538
2, 8, 0.007653297471210819
2, 9, 0.009272857508138667
2, 10, 0.005713043125017679
2, 11, 0.01014905677213305
2, 12, 0.007271335973299505
2, 13, 0.005419689177965236
2, 14, 0.0098568658368122
2, 15, 0.007141633571071478
2, 16, 0.010626000601195316
2, 17, 0.01090851432746172
2, 18, 0.008190009724185222
2, 19, 0.010827070024571075
2, 20, 0.013777868730120211
2, 21, 0.004654355803632841
2, 22, 0.005322844160222777
2, 23, 0.010295133618259242
2, 24, 0.008993453092617787
2, 25, 0.006189497052313415
2, 26, 0.008238308810916528
2, 27, 0.00594060725398271
2, 28, 0.009778762697497865
2, 29, 0.010846020273891711
2, 30, 0.010071789341149497
3, 4, 0.009508046746162834
3, 5, 0.012177657046910356
3, 6, 0.009209547088274862
3, 7, 0.008759764100179493
3, 8, 0.01061533009174165
3, 9, 0.012815561671313506
3, 10, 0.005948929650744319
3, 11, 0.012799111476754154
3, 12, 0.012782273881177557
3, 13, 0.012740802185182334
3, 14, 0.009940056198943307
3, 15, 0.012758682891965615
3, 16, 0.011044226449192378
3, 17, 0.011236045024428973
3, 18, 0.008337650733719268
3, 19, 0.011221006651848012
3, 20, 0.013744633839318534
3, 21, 0.01278022726457379
3, 22, 0.00880806974391034
3, 23, 0.012543291206793636
3, 24, 0.010516145483447896
3, 25, 0.012805935514321487
3, 26, 0.008513223624305172
3, 27, 0.01268269946533416
3, 28, 0.012269811989242204
3, 29, 0.012813728497380012
3, 30, 0.010712786909833516
4, 5, 0.009399588531321773
4, 6, 0.009272407033879855
4, 7, 0.00913637014878843
4, 8, 0.00936385735490835
4, 9, 0.00940423129993327
4, 10, 0.007635186258787741
4, 11, 0.0094045566159507
4, 12, 0.009403627595005185
4, 13, 0.009402662441855404
4, 14, 0.009641006272120733
4, 15, 0.009403302668504468
4, 16, 0.009549485868252194
4, 17, 0.009604768646274776
4, 18, 0.008809438356470963
4, 19, 0.009566910988398443
4, 20, 0.011432205507890295
4, 21, 0.009403271031009417
4, 22, 0.009260822407633837
4, 23, 0.009407863688469763
4, 24, 0.009385440226898016
4, 25, 0.00940383044084905
4, 26, 0.009017910765083086
4, 27, 0.00940181142487701
4, 28, 0.009406905608665118
4, 29, 0.009404708199067637
4, 30, 0.009467316704141627
5, 6, 0.00879963499695613
5, 7, 0.008417775232526048
5, 8, 0.007862958947432776
5, 9, 0.008765833599724814
5, 10, 0.005731330839801442
5, 11, 0.0088468570798308
5, 12, 0.008677425591036774
5, 13, 0.008528673044721248
5, 14, 0.009851276565147171
5, 15, 0.008638564216589402
5, 16, 0.010551628947973738
5, 17, 0.010833077896588711
5, 18, 0.00819324879911022
5, 19, 0.010741154294472633
5, 20, 0.013745673217331266
5, 21, 0.008604875935690325
5, 22, 0.005777842727499115
5, 23, 0.009402929715237466
5, 24, 0.008968261068198799
5, 25, 0.00869240153816084
5, 26, 0.008244014308475154
5, 27, 0.008435634784419761
5, 28, 0.009328194284165571
5, 29, 0.008863845137024548
5, 30, 0.010004827814840814
6, 7, 0.008580961021439027
6, 8, 0.00871423127678532
6, 9, 0.008804216237131256
6, 10, 0.006432563312425115
6, 11, 0.008805915131006675
6, 12, 0.008802342678675941
6, 13, 0.008799118397032485
6, 14, 0.009643188139880757
6, 15, 0.008801453233510066
6, 16, 0.009397467655200132
6, 17, 0.009551390183893674
6, 18, 0.008328325742143483
6, 19, 0.009443478251916356
6, 20, 0.012563517310934913
6, 21, 0.008800880770698566
6, 22, 0.008402304394783056
6, 23, 0.0088253713997202
6, 24, 0.00883174005866823
6, 25, 0.008802720766258584
6, 26, 0.008442172855588376
6, 27, 0.00879673624169232
6, 28, 0.008828236436430034
6, 29, 0.008806259469941324
6, 30, 0.009148784661101337
7, 8, 0.008369378096958806
7, 9, 0.008415450018008988
7, 10, 0.006487838900434746
7, 11, 0.008416994477661536
7, 12, 0.008414175843318026
7, 13, 0.008411852833582183
7, 14, 0.009493170105020602
7, 15, 0.008413637294489663
7, 16, 0.009005825109697718
7, 17, 0.009147202872980969
7, 18, 0.008252611918957346
7, 19, 0.00903889192795706
7, 20, 0.01217060506016728
7, 21, 0.008412981786781994
7, 22, 0.008137969057385492
7, 23, 0.008435537320362205
7, 24, 0.008481485047270707
7, 25, 0.008414291630901537
7, 26, 0.008313873845908345
7, 27, 0.00841037355492328
7, 28, 0.008440881248613684
7, 29, 0.008417157304272336
7, 30, 0.00877947171960504
8, 9, 0.007694563679934742
8, 10, 0.0057619537034580065
8, 11, 0.007726114716324344
8, 12, 0.007678728194116574
8, 13, 0.007645886541546661
8, 14, 0.0098114296049055
8, 15, 0.0076742757445285165
8, 16, 0.01019075681219711
8, 17, 0.010482322584891672
8, 18, 0.008177956817675924
8, 19, 0.010344296231439131
8, 20, 0.013617123045193276
8, 21, 0.0076573333738684
8, 22, 0.006246907372456017
8, 23, 0.008070423142643043
8, 24, 0.008563914937147142
8, 25, 0.007675498164268738
8, 26, 0.008213283901767045
8, 27, 0.007632873948670577
8, 28, 0.008172999769610263
8, 29, 0.007725963229179284
8, 30, 0.009633968823232267
9, 10, 0.005714031148655712
9, 11, 0.012956078413635956
9, 12, 0.010965228288975582
9, 13, 0.007876102592419207
9, 14, 0.009857819226262514
9, 15, 0.009613016395961752
9, 16, 0.010633940712325648
9, 17, 0.01091553949277985
9, 18, 0.00819104156413574
9, 19, 0.010835420299146808
9, 20, 0.013779227441995496
9, 21, 0.009688281518224467
9, 22, 0.005347479583357992
9, 23, 0.010557694462831528
9, 24, 0.009014663860190847
9, 25, 0.015596952991161322
9, 26, 0.00824031150056493
9, 27, 0.007304292471576282
9, 28, 0.009925621615275911
9, 29, 0.014649779938011873
9, 30, 0.010081882781061466
10, 11, 0.005715384574937657
10, 12, 0.005713910513090325
10, 13, 0.0057132873339720905
10, 14, 0.007966563442669695
10, 15, 0.005714066060484025
10, 16, 0.006341575996235192
10, 17, 0.0064573894923747165
10, 18, 0.006978114301717321
10, 19, 0.006342493300354012
10, 20, 0.009619991228299488
10, 21, 0.005713176939008002
10, 22, 0.005698543692961401
10, 23, 0.005733592247839963
10, 24, 0.005876004966385238
10, 25, 0.005713482574528903
10, 26, 0.006597228229725287
10, 27, 0.005713588671602073
10, 28, 0.00574469680198329
10, 29, 0.005715178646232005
10, 30, 0.0061572485866406255
11, 12, 0.01083975226877483
11, 13, 0.009023805398927477
11, 14, 0.009858012756680808
11, 15, 0.010042575580303196
11, 16, 0.010634079163075216
11, 17, 0.010915204893476228
11, 18, 0.008191695476037226
11, 19, 0.0108351762913742
11, 20, 0.013778341825314396
11, 21, 0.010289936887244012
11, 22, 0.0053839809458959935
11, 23, 0.010566495239618829
11, 24, 0.009023430531700963
11, 25, 0.012090947560970285
11, 26, 0.008241553542822046
11, 27, 0.008225666287509559
11, 28, 0.00995219843904345
11, 29, 0.012805121559928384
11, 30, 0.010083378909645013
12, 13, 0.007076196066926694
12, 14, 0.009857213463070159
12, 15, 0.008399266300806351
12, 16, 0.010628251473835759
12, 17, 0.010910304166328025
12, 18, 0.008190581471594589
12, 19, 0.010829265864183668
12, 20, 0.013777853285261455
12, 21, 0.007599507135088455
12, 22, 0.005345779669254948
12, 23, 0.010375977843072108
12, 24, 0.009003188916412132
12, 25, 0.009425872104248273
12, 26, 0.008239406781380593
12, 27, 0.00690294167535068
12, 28, 0.009832544606128644
12, 29, 0.01152166852376633
12, 30, 0.010075233524957613
13, 14, 0.009856289391202424
13, 15, 0.007028819931884823
13, 16, 0.010620143030573384
13, 17, 0.010902995742071165
13, 18, 0.008189710324300237
13, 19, 0.010820626466105512
13, 20, 0.013776199555817993
13, 21, 0.005727716592551389
13, 22, 0.00533118522476925
13, 23, 0.010126090915230106
13, 24, 0.008984038620311061
13, 25, 0.00656293957844725
13, 26, 0.008237708622020789
13, 27, 0.006135484836337773
13, 28, 0.009694837219066438
13, 29, 0.00924631474576528
13, 30, 0.01006531485326898
14, 15, 0.009856864676861851
14, 16, 0.009942048250746831
14, 17, 0.009987129712471496
14, 18, 0.009079236294036975
14, 19, 0.009959968180151546
14, 20, 0.01158597565907712
14, 21, 0.00985692400554987
14, 22, 0.009712120554620535
14, 23, 0.009859521124202802
14, 24, 0.009821658943712485
14, 25, 0.009857465325764418
14, 26, 0.009353804613153702
14, 27, 0.00985538677753026
14, 28, 0.009857392616397556
14, 29, 0.00985818922157349
14, 30, 0.009876485266105187
15, 16, 0.0106246960250958
15, 17, 0.010906952350526085
15, 18, 0.008190403315967827
15, 19, 0.010825352740889341
15, 20, 0.013776835472244665
15, 21, 0.007378160687910111
15, 22, 0.005350961528874467
15, 23, 0.010271632204631767
15, 24, 0.008997501450150911
15, 25, 0.008511996856996957
15, 26, 0.008239049144084317
15, 27, 0.006894682726098235
15, 28, 0.009781003740030198
15, 29, 0.010429838073138287
15, 30, 0.01007130940365165
16, 17, 0.010781059097347601
16, 18, 0.008490891640601513
16, 19, 0.010729262943405546
16, 20, 0.013354232266361427
16, 21, 0.010626391798124553
16, 22, 0.009504900942855395
16, 23, 0.010625567574105205
16, 24, 0.01020423071667582
16, 25, 0.010631224554038704
16, 26, 0.00875070425640527
16, 27, 0.010611103129754022
16, 28, 0.010592453467091407
16, 29, 0.010636044140072048
16, 30, 0.010389504218880116
17, 18, 0.008566108067890692
17, 19, 0.010876069437701353
17, 20, 0.013346292687591181
17, 21, 0.010908831172458524
17, 22, 0.009844991916856023
17, 23, 0.0109011849195006
17, 24, 0.01045927929459275
17, 25, 0.010913208651792884
17, 26, 0.008872203450261207
17, 27, 0.010894501436820298
17, 28, 0.010866706476253984
17, 29, 0.010917097641459384
17, 30, 0.01057527752698687
18, 19, 0.008503286209221396
18, 20, 0.010838130768787367
18, 21, 0.008190101028584773
18, 22, 0.008086034614015726
18, 23, 0.008199745521687306
18, 24, 0.008229071416133677
18, 25, 0.008190588446661437
18, 26, 0.008207014994796228
18, 27, 0.008189210310508607
18, 28, 0.008202576523515815
18, 29, 0.00819173656588583
18, 30, 0.008375225594991386
19, 20, 0.013396376045876754
19, 21, 0.010827456585707449
19, 22, 0.009622344122895558
19, 23, 0.010820753293278314
19, 24, 0.0103370543437743
19, 25, 0.010832625328789609
19, 26, 0.008774749509132629
19, 27, 0.010810706209409849
19, 28, 0.010781820756766917
19, 29, 0.010837373924865116
19, 30, 0.010494875266762838
20, 21, 0.013777877557768364
20, 22, 0.01343810266410743
20, 23, 0.013763724812461074
20, 24, 0.013528275205961726
20, 25, 0.013778906240538213
20, 26, 0.011760622027089307
20, 27, 0.013773667846383321
20, 28, 0.013747297584051403
20, 29, 0.013778984988182644
20, 30, 0.013380672189470089
21, 22, 0.005326377655474426
21, 23, 0.010309216203598322
21, 24, 0.008995039743477698
21, 25, 0.006988774280581146
21, 26, 0.008238484334855597
21, 27, 0.006107245708427673
21, 28, 0.009787842548433076
21, 29, 0.010996109007824856
21, 30, 0.0100723712752171
22, 23, 0.0058316620975278535
22, 24, 0.007417615808208847
22, 25, 0.005333311262538517
22, 26, 0.008040185925405346
22, 27, 0.005341864317627879
22, 28, 0.006062184731546108
22, 29, 0.005377955621048276
22, 30, 0.008849624489184077
23, 24, 0.009114351389996302
23, 25, 0.010465801084335761
23, 26, 0.00825672816189708
23, 27, 0.009891970784752898
23, 28, 0.01007163094826695
23, 29, 0.010628266477445362
23, 30, 0.010091096034070421
24, 25, 0.009006070455604451
24, 26, 0.00830652843764639
24, 27, 0.00896912241775858
24, 28, 0.009113163544990028
24, 29, 0.009025849367992654
24, 30, 0.00973936840601967
25, 26, 0.00823943623345458
25, 27, 0.006590050611036476
25, 28, 0.009871026714138706
25, 29, 0.013658124089278372
25, 30, 0.010078220857185719
26, 27, 0.008236710607663972
26, 28, 0.00826182959527856
26, 29, 0.008241642456159227
26, 30, 0.008558658980316523
27, 28, 0.00957179957116051
27, 29, 0.008277042699190098
27, 30, 0.01005525771034358
28, 29, 0.009980062367949717
28, 30, 0.010063603868591044
29, 30, 0.010085431592215201
