10
0, 1, 0.006281797872551783
0, 2, 0.004551342724878744
0, 3, 0.007893182304861928
0, 4, 0.006277610188560308
0, 5, 0.007646892122208747
0, 6, 0.006712114628189613
0, 7, 0.006281142915295539
0, 8, 0.006778831794866084
0, 9, 0.0063764549086569155
1, 2, 0.003540478259861344
1, 3, 0.008844756237976698
1, 4, 0.005644607591623308
1, 5, 0.008560789783002285
1, 6, 0.008330123020820432
1, 7, 0.024358466322719402
1, 8, 0.007137455696147868
1, 9, 0.024752710338971296
2, 3, 0.006179959304380473
2, 4, 0.00354512139675378
2, 5, 0.005881566691965139
2, 6, 0.004185946728392896
2, 7, 0.00354004437468345
2, 8, 0.005152368166711289
2, 9, 0.0036041723862793407
3, 4, 0.008835584910828267
3, 5, 0.00871129292317004
3, 6, 0.008774172837201819
3, 7, 0.008844417859409214
3, 8, 0.008075159434398052
3, 9, 0.00889295912846974
4, 5, 0.008551238203312033
4, 6, 0.008281086481122815
4, 7, 0.005493775421219739
4, 8, 0.007131713627282644
4, 9, 0.01583182741149312
5, 6, 0.008525195469383627
5, 7, 0.00856040018481795
5, 8, 0.007874724416765413
5, 9, 0.008616381803174521
6, 7, 0.008327911798177533
6, 8, 0.007328779473063108
6, 9, 0.00864120932183001
7, 8, 0.0071370039451045105
7, 9, 0.024739712621585093
8, 9, 0.0072025117538607126
