17
0, 1, 0.010310535191732374
0, 2, 0.013813526080686917
0, 3, 0.010286370797915152
0, 4, 0.010309108749105412
0, 5, 0.010308870384212552
0, 6, 0.01030828383063722
0, 7, 0.010308284240217755
0, 8, 0.01030829095140927
0, 9, 0.010308284699144884
0, 10, 0.010308282851877555
0, 11, 0.0103134735141643
0, 12, 0.010308520286975528
0, 13, 0.012593235515192296
0, 14, 0.010308270145506032
0, 15, 0.010712366972936923
0, 16, 0.010308366696679564
1, 2, 0.014763892385957515
1, 3, 0.00930467227485429
1, 4, 0.012297195061657266
1, 5, 0.013383888911287504
1, 6, 0.015579972537293724
1, 7, 0.015544771618401081
1, 8, 0.015583731950719925
1, 9, 0.015580241481461367
1, 10, 0.015574594166796914
1, 11, 0.017351608848500136
1, 12, 0.015583889918809286
1, 13, 0.013252917944704087
1, 14, 0.015507913596236152
1, 15, 0.011315647932920052
1, 16, 0.015612786245183502
2, 3, 0.014734234692500355
2, 4, 0.014762668750495079
2, 5, 0.014763358035892477
2, 6, 0.014763797838252718
2, 7, 0.014763794385745306
2, 8, 0.014763798506048684
2, 9, 0.014763797901042628
2, 10, 0.014763797270360821
2, 11, 0.014764444786343256
2, 12, 0.014763808186675104
2, 13, 0.014031814734873329
2, 14, 0.014763790155525145
2, 15, 0.014231449523561965
2, 16, 0.014763804626174404
3, 4, 0.009269386272449635
3, 5, 0.00922518627695079
3, 6, 0.009167815842886264
3, 7, 0.009168008469088154
3, 8, 0.009168240154326369
3, 9, 0.009167868497043255
3, 10, 0.0091677804642516
3, 11, 0.00946015645456155
3, 12, 0.00918244394096286
3, 13, 0.013229667495370844
3, 14, 0.00916730883577307
3, 15, 0.011252248450029033
3, 16, 0.009172798070997768
4, 5, 0.01118228546961067
4, 6, 0.01104532195738328
4, 7, 0.011043750906007238
4, 8, 0.01105098456911702
4, 9, 0.01104600301031423
4, 10, 0.011044283838694467
4, 11, 0.013747125028121483
4, 12, 0.011220155133887067
4, 13, 0.013251917579618565
4, 14, 0.011030985959302096
4, 15, 0.01131249524266511
4, 16, 0.01110999652282537
5, 6, 0.011491609202922907
5, 7, 0.011485431707385108
5, 8, 0.01150344974614103
5, 9, 0.01149301914423527
5, 10, 0.01148903897415556
5, 11, 0.015442653497755922
5, 12, 0.011831744479163556
5, 13, 0.01325237906691614
5, 14, 0.0114563962190991
5, 15, 0.011313071725586632
5, 16, 0.011624277046587476
6, 7, 0.010425796155577626
6, 8, 0.017014668119870437
6, 9, 0.01567938782792048
6, 10, 0.0062691837137818385
6, 11, 0.018553189565208034
6, 12, 0.015619241846590514
6, 13, 0.013252631010450648
6, 14, 0.006137631999157177
6, 15, 0.011312940040292542
6, 16, 0.016684601146213365
7, 8, 0.012174076267714242
7, 9, 0.01070050821301107
7, 10, 0.010111512150547886
7, 11, 0.018515397084170115
7, 12, 0.015297751616837447
7, 13, 0.013252628621887913
7, 14, 0.008173031321545959
7, 15, 0.011312936243830628
7, 16, 0.015529906849516063
8, 9, 0.01693926559323756
8, 10, 0.014974368202787431
8, 11, 0.018550815210019087
8, 12, 0.015653682367412686
8, 13, 0.013252632177175962
8, 14, 0.008781978554346306
8, 15, 0.011312949062754415
8, 16, 0.01671705470885352
9, 10, 0.009878208594477477
9, 11, 0.01855269737493662
9, 12, 0.015621690094408077
9, 13, 0.0132526311396277
9, 14, 0.006563516693732498
9, 15, 0.011312941117679162
9, 16, 0.016681329002986918
10, 11, 0.018548358646230324
10, 12, 0.015567658711176036
10, 13, 0.01325263051517048
10, 14, 0.006156214942789947
10, 15, 0.011312938211589291
10, 16, 0.016490003055389398
11, 12, 0.018359701932834753
11, 13, 0.01325359428147052
11, 14, 0.018488744490097554
11, 15, 0.01131971135951372
11, 16, 0.01851562847885387
12, 13, 0.01325266143459251
12, 14, 0.014967538772693684
12, 15, 0.011313225018637206
12, 16, 0.01586163190697185
13, 14, 0.01325262426659284
13, 15, 0.012937245589114365
13, 16, 0.013252643896217409
14, 15, 0.011312914789655853
14, 16, 0.014555216855254403
15, 16, 0.011313043820422761
