72
0, 1, 0.020643515542981453
0, 2, 0.016215197112121216
0, 3, 0.004194684502556146
0, 4, 0.024447578028494114
0, 5, 0.019370469769393356
0, 6, 0.014548510531902198
0, 7, 0.017640208410800877
0, 8, 0.026016304473221695
0, 9, 0.013828854674844656
0, 10, 0.01641162363577143
0, 11, 0.010173972506602248
0, 12, 0.015311671804945628
0, 13, 0.018878479684219563
0, 14, 0.015601603740638783
0, 15, 0.013099677645757656
0, 16, 0.008326156327812414
0, 17, 0.0032479166369959625
0, 18, 0.003239059629432004
0, 19, 0.00496881692669827
0, 20, 0.011596309210192574
0, 21, 0.01781317881259914
0, 22, 0.01678210963270188
0, 23, 0.016274494793472292
0, 24, 0.021759045475463014
0, 25, 0.017505422498528427
0, 26, 0.01229968965656498
0, 27, 0.022014044334956864
0, 28, 0.012318802159479527
0, 29, 0.013087993674103692
0, 30, 0.02149322534510851
0, 31, 0.013007868302501951
0, 32, 0.017272406499069956
0, 33, 0.005602893367306093
0, 34, 0.0206265472883681
0, 35, 0.004275348124936419
0, 36, 0.02238541743185752
0, 37, 0.020495454999383423
0, 38, 0.015284992002747879
0, 39, 0.01901858467241168
0, 40, 0.019544158359057547
0, 41, 0.008775639653254015
0, 42, 0.014312342204412434
0, 43, 0.014008023341713484
0, 44, 0.0018273136278577384
0, 45, 0.02674665103029611
0, 46, 0.010697310049726263
0, 47, 0.012409930849504132
0, 48, 0.014902508666845525
0, 49, 0.028764398978868427
0, 50, 0.028672284442835625
0, 51, 0.008851596628956874
0, 52, 0.003802822526861183
0, 53, 0.010941740684811439
0, 54, 0.009086775742491551
0, 55, 0.01864604829333435
0, 56, 0.013022226930003681
0, 57, 0.022424052839961763
0, 58, 0.009376693359914643
0, 59, 0.019179875459550123
0, 60, 0.021549608410535864
0, 61, 0.011425611645107117
0, 62, 0.020477196434215864
0, 63, 0.020578941686304045
0, 64, 0.015121080184497844
0, 65, 0.01189214123690709
0, 66, 0.01129431746363382
0, 67, 0.007279865979780984
0, 68, 0.01607063960968428
0, 69, 0.00768542608217097
0, 70, 0.01059438544057736
0, 71, 0.0266945157192386
1, 2, 0.01621287117843153
1, 3, 0.004194670055847721
1, 4, 0.024447584098346523
1, 5, 0.01932358306776404
1, 6, 0.013482340951692732
1, 7, 0.01643714302274563
1, 8, 0.026016314090706708
1, 9, 0.013825470841822122
1, 10, 0.016411061125057812
1, 11, 0.01017392663642415
1, 12, 0.015311661303348646
1, 13, 0.018878475295463805
1, 14, 0.01560123897873799
1, 15, 0.013099669091260494
1, 16, 0.008326143245143268
1, 17, 0.0032479013061738446
1, 18, 0.0029227393508017945
1, 19, 0.0049687713355492024
1, 20, 0.011596300082559484
1, 21, 0.01767947407953635
1, 22, 0.016782039680042927
1, 23, 0.016274483849059555
1, 24, 0.02175911931269178
1, 25, 0.017505407803737584
1, 26, 0.012299668347554865
1, 27, 0.022017827811111793
1, 28, 0.012318785747345176
1, 29, 0.013087986401006934
1, 30, 0.021493225599737393
1, 31, 0.013007858364148226
1, 32, 0.017263178454458353
1, 33, 0.00560287965814732
1, 34, 0.02062654662351661
1, 35, 0.0038257732249293475
1, 36, 0.02405051723234327
1, 37, 0.02049545422935766
1, 38, 0.01513678084979363
1, 39, 0.019008190874219014
1, 40, 0.019544156291528537
1, 41, 0.008775625263285947
1, 42, 0.014312321098293225
1, 43, 0.014000541589879267
1, 44, 0.001827296235099638
1, 45, 0.026746668031955797
1, 46, 0.010697281463879585
1, 47, 0.012409912919669513
1, 48, 0.01490249830331196
1, 49, 0.028764424445720162
1, 50, 0.02867231260760747
1, 51, 0.00885158472978309
1, 52, 0.0038028070563531657
1, 53, 0.010938073055636866
1, 54, 0.009086762343318401
1, 55, 0.018624588330542417
1, 56, 0.01302221516562737
1, 57, 0.023347164616087657
1, 58, 0.00926768217053879
1, 59, 0.019179871513011027
1, 60, 0.02154960871730275
1, 61, 0.011425600612774315
1, 62, 0.020277501890412955
1, 63, 0.02057891395901884
1, 64, 0.015115672445858982
1, 65, 0.01189212622470611
1, 66, 0.011294307830490615
1, 67, 0.007279852323122054
1, 68, 0.016070632775941684
1, 69, 0.007685409629633233
1, 70, 0.010594372870966439
1, 71, 0.026694529696305813
2, 3, 0.0042169711966143514
2, 4, 0.024412040549901013
2, 5, 0.016269534370888326
2, 6, 0.016203151631073887
2, 7, 0.01621133172757487
2, 8, 0.02597184124278094
2, 9, 0.015014072240674964
2, 10, 0.01637088202105866
2, 11, 0.010228136582792544
2, 12, 0.01531509987046575
2, 13, 0.0188680743353803
2, 14, 0.015676137417159394
2, 15, 0.013106773699962469
2, 16, 0.00834359109180557
2, 17, 0.003272096701155618
2, 18, 0.01587516382311254
2, 19, 0.005037432803958018
2, 20, 0.011605813507523193
2, 21, 0.016228418587980034
2, 22, 0.016763376904490604
2, 23, 0.016274183301155085
2, 24, 0.02016500001877187
2, 25, 0.017494585572846787
2, 26, 0.012319891908281642
2, 27, 0.016635783267710234
2, 28, 0.012334336872767278
2, 29, 0.013094042991525862
2, 30, 0.02147188824702944
2, 31, 0.013016259516380352
2, 32, 0.016386595913656234
2, 33, 0.0056232310997041965
2, 34, 0.020617659076203314
2, 35, 0.016001585170068874
2, 36, 0.016213212984992825
2, 37, 0.020486990069322156
2, 38, 0.016191459265171678
2, 39, 0.01646937792378434
2, 40, 0.01953577076002228
2, 41, 0.008794363477101805
2, 42, 0.014324806112796148
2, 43, 0.015530695300378072
2, 44, 0.0018555354919944918
2, 45, 0.026673810150130137
2, 46, 0.010729751980676444
2, 47, 0.012426666460731876
2, 48, 0.014907123725964635
2, 49, 0.028669857925459896
2, 50, 0.028567283227072693
2, 51, 0.008867020914601079
2, 52, 0.0038269147593650455
2, 53, 0.013245180825541766
2, 54, 0.009103906198552038
2, 55, 0.016341491673871368
2, 56, 0.013032127560177796
2, 57, 0.016214757608221594
2, 58, 0.015881951057818432
2, 59, 0.019168020180140022
2, 60, 0.02153112810063476
2, 61, 0.011437315049012506
2, 62, 0.016219089842982256
2, 63, 0.02025930434755069
2, 64, 0.015835377678546682
2, 65, 0.011907206076119947
2, 66, 0.01130468356149269
2, 67, 0.007298950354910527
2, 68, 0.01607103260812704
2, 69, 0.007708012767063033
2, 70, 0.010608826036460847
2, 71, 0.026634276957473682
3, 4, 0.010274848468311545
3, 5, 0.004195194598236308
3, 6, 0.004194705542386738
3, 7, 0.004194687448395786
3, 8, 0.010518845035752044
3, 9, 0.004212654813893571
3, 10, 0.004284369525667105
3, 11, 0.00521273930976123
3, 12, 0.00782273552347933
3, 13, 0.008923336897593765
3, 14, 0.0043441318288870824
3, 15, 0.008186360417773571
3, 16, 0.0060788291068762275
3, 17, 0.003722626900690873
3, 18, 0.00419459430478653
3, 19, 0.004374477799588714
3, 20, 0.007700858707124266
3, 21, 0.0041949563197404205
3, 22, 0.004851222158491761
3, 23, 0.007588902612064094
3, 24, 0.004275286694407048
3, 25, 0.006599685283110094
3, 26, 0.006330242869907829
3, 27, 0.004197270667055133
3, 28, 0.006767685460654207
3, 29, 0.00854342348546151
3, 30, 0.009632186970780157
3, 31, 0.007845117564966779
3, 32, 0.004199520896939764
3, 33, 0.004887074050239437
3, 34, 0.012076826988839195
3, 35, 0.00419464382882887
3, 36, 0.00419466597526155
3, 37, 0.012090089781644116
3, 38, 0.004195032874850343
3, 39, 0.004197458039236173
3, 40, 0.010708479431802342
3, 41, 0.006136736866981552
3, 42, 0.006413511545680026
3, 43, 0.004202755369954894
3, 44, 0.0030443236854668662
3, 45, 0.008947184438704691
3, 46, 0.005748089597543567
3, 47, 0.006624531909071683
3, 48, 0.007877060273273019
3, 49, 0.009028895569542426
3, 50, 0.00858780508234634
3, 51, 0.0063805737079507315
3, 52, 0.004003226100217042
3, 53, 0.004210735756278032
3, 54, 0.006324135802348141
3, 55, 0.004196188765899383
3, 56, 0.007492202977564709
3, 57, 0.004194674307179343
3, 58, 0.004195124869469681
3, 59, 0.00894355607699222
3, 60, 0.01024538743079075
3, 61, 0.0073117524924328015
3, 62, 0.004194715115769958
3, 63, 0.004571639994561708
3, 64, 0.004205243782987818
3, 65, 0.006863299206084546
3, 66, 0.007516366607137528
3, 67, 0.005627957282929332
3, 68, 0.008877339897672067
3, 69, 0.005631385005584078
3, 70, 0.0068751497557574875
3, 71, 0.009670369521783661
4, 5, 0.02444716810797956
4, 6, 0.024447456231200693
4, 7, 0.024447545061242203
4, 8, 0.025212347333802586
4, 9, 0.02440143543237326
4, 10, 0.02431135723507064
4, 11, 0.019829226529299103
4, 12, 0.01960235468826668
4, 13, 0.021521378770493805
4, 14, 0.024182009541680708
4, 15, 0.017021244217451114
4, 16, 0.01378309944814286
4, 17, 0.009637708962588915
4, 18, 0.02444517496742658
4, 19, 0.0163913731289394
4, 20, 0.015744514962206153
4, 21, 0.024447241816838553
4, 22, 0.023576088030789727
4, 23, 0.020551560216942485
4, 24, 0.024418999748621377
4, 25, 0.02209060606779167
4, 26, 0.018923765717025448
4, 27, 0.024446762752981813
4, 28, 0.01814874865644777
4, 29, 0.0166043341627413
4, 30, 0.022921425832065665
4, 31, 0.017327748703561567
4, 32, 0.02444136211778193
4, 33, 0.011392691121307386
4, 34, 0.021839988785660482
4, 35, 0.024446056435681693
4, 36, 0.024447593112652447
4, 37, 0.021734557564151758
4, 38, 0.024446845386559272
4, 39, 0.024445195570600636
4, 40, 0.02134794626365043
4, 41, 0.014547032941286156
4, 42, 0.02043715749174198
4, 43, 0.02442750138792347
4, 44, 0.008888990046709995
4, 45, 0.025329576345657103
4, 46, 0.018638001660025078
4, 47, 0.018492631073225258
4, 48, 0.019198671560422983
4, 49, 0.0260165828652739
4, 50, 0.025874255770404656
4, 51, 0.013944965070000072
4, 52, 0.010201473844451496
4, 53, 0.024372743391866875
4, 54, 0.01457918458663483
4, 55, 0.024446151677060234
4, 56, 0.01780283505897834
4, 57, 0.024447591093126976
4, 58, 0.02444432122729391
4, 59, 0.021710740390084547
4, 60, 0.022838936261453797
4, 61, 0.016133187536503835
4, 62, 0.0244475576399503
4, 63, 0.02424626744460234
4, 64, 0.02442653169553274
4, 65, 0.01750487783600143
4, 66, 0.015607633910741622
4, 67, 0.012959831243089439
4, 68, 0.0193982694345557
4, 69, 0.014057831328572004
4, 70, 0.01576360253222293
4, 71, 0.025410384565867757
5, 6, 0.018525322629449458
5, 7, 0.019106229119679553
5, 8, 0.026015743341366544
5, 9, 0.013925228529701487
5, 10, 0.016424581765819245
5, 11, 0.010175471179401083
5, 12, 0.015311947501304766
5, 13, 0.018878506543742932
5, 14, 0.015610899205443335
5, 15, 0.013099934270376753
5, 16, 0.008326597837276668
5, 17, 0.003248461895404951
5, 18, 0.009780813573121187
5, 19, 0.004970415964498577
5, 20, 0.011596597417222557
5, 21, 0.01866987247392443
5, 22, 0.01678363082876389
5, 23, 0.016274753119749564
5, 24, 0.021740793361950103
5, 25, 0.017505691203553678
5, 26, 0.012300348127727819
5, 27, 0.02149907143043203
5, 28, 0.012319308999380971
5, 29, 0.013088211964839587
5, 30, 0.021493059999440817
5, 31, 0.01300816755772946
5, 32, 0.017437358474401712
5, 33, 0.005603371387667902
5, 34, 0.020626496905108177
5, 35, 0.011882841881414152
5, 36, 0.01937627133371205
5, 37, 0.020495410276915527
5, 38, 0.017228530180923206
5, 39, 0.019054370484456407
5, 40, 0.019544145082047232
5, 41, 0.008776121944691835
5, 42, 0.014312938128342901
5, 43, 0.01421434760344763
5, 44, 0.001827938122983929
5, 45, 0.026745700832085512
5, 46, 0.010698233459070694
5, 47, 0.012410482847338773
5, 48, 0.01490278992558497
5, 49, 0.028763084304121837
5, 50, 0.028670826477432482
5, 51, 0.008851994957174928
5, 52, 0.0038033704709143604
5, 53, 0.011057860604423703
5, 54, 0.009087222545774652
5, 55, 0.018792401822361568
5, 56, 0.013022580960496159
5, 57, 0.019416533767496743
5, 58, 0.012006794106962652
5, 59, 0.019179880956561847
5, 60, 0.021549463227442254
5, 61, 0.01142596163255378
5, 62, 0.01939963306222451
5, 63, 0.020577040637600644
5, 64, 0.015260386760239966
5, 65, 0.011892611175541523
5, 66, 0.011294624134862605
5, 67, 0.007280333442343457
5, 68, 0.016070805298809412
5, 69, 0.007685986311889226
5, 70, 0.010594792455259305
5, 71, 0.026693732406527067
6, 7, 0.013728290556355324
6, 8, 0.02601616252034286
6, 9, 0.013821488323596053
6, 10, 0.016408493297865125
6, 11, 0.010173969587981174
6, 12, 0.015311632189923853
6, 13, 0.018878412106194533
6, 14, 0.015600079890499536
6, 15, 0.01309966387596486
6, 16, 0.008326163589459864
6, 17, 0.0032479412429042578
6, 18, 0.00370414234613842
6, 19, 0.00496887720181295
6, 20, 0.01159630282593529
6, 21, 0.01675770836925189
6, 22, 0.016781664227964732
6, 23, 0.016274436767310628
6, 24, 0.021749833871855053
6, 25, 0.017505299475199968
6, 26, 0.012299666479343418
6, 27, 0.021726713678244594
6, 28, 0.01231878412142387
6, 29, 0.01308798202764848
6, 30, 0.021493134685974264
6, 31, 0.013007852951044572
6, 32, 0.0172026582229042
6, 33, 0.005602909849448289
6, 34, 0.020626505608174788
6, 35, 0.004844662073541298
6, 36, 0.013394861491665236
6, 37, 0.02049541459677773
6, 38, 0.014794597840247819
6, 39, 0.018850229947353477
6, 40, 0.019544111549658415
6, 41, 0.008775645715619163
6, 42, 0.014312286758723852
6, 43, 0.013990608810375383
6, 44, 0.0018273449515912614
6, 45, 0.0267464241810932
6, 46, 0.010697302107570358
6, 47, 0.012409910157444073
6, 48, 0.014902474876760101
6, 49, 0.028764121904549935
6, 50, 0.02867197568286861
6, 51, 0.008851601361693908
6, 52, 0.003802846039449012
6, 53, 0.010940330307667912
6, 54, 0.009086780069831536
6, 55, 0.0183637291190997
6, 56, 0.01302220863951232
6, 57, 0.014158917604122278
6, 58, 0.009400272430681568
6, 59, 0.01917980391774394
6, 60, 0.02154953038227424
6, 61, 0.011425604876570508
6, 62, 0.01583427146984967
6, 63, 0.02057731773770348
6, 64, 0.015102102144397377
6, 65, 0.011892128391047866
6, 66, 0.011294312171060254
6, 67, 0.007279877360515875
6, 68, 0.016070605908800873
6, 69, 0.007685438101288806
6, 70, 0.010594382498494082
6, 71, 0.026694327991678944
7, 8, 0.026016266572189906
7, 9, 0.013826088751856433
7, 10, 0.016410628614113097
7, 11, 0.010173962275120269
7, 12, 0.015311658522429055
7, 13, 0.018878459801181132
7, 14, 0.01560110077390305
7, 15, 0.013099672022634274
7, 16, 0.008326155683273538
7, 17, 0.003247920403134117
7, 18, 0.003314254468532771
7, 19, 0.004968824503515778
7, 20, 0.011596305544051734
7, 21, 0.017456892431181807
7, 22, 0.016781970161148237
7, 23, 0.01627447624842131
7, 24, 0.021756471555314565
7, 25, 0.017505384926178678
7, 26, 0.012299678773914718
7, 27, 0.0219325927106002
7, 28, 0.0123187937251643
7, 29, 0.013087988910341177
7, 30, 0.021493199931355088
7, 31, 0.013007861951149911
7, 32, 0.0172507842226521
7, 33, 0.005602895184234893
7, 34, 0.020626535444092438
7, 35, 0.004360821405280666
7, 36, 0.01676508414536358
7, 37, 0.020495443492399727
7, 38, 0.015107678651305889
7, 39, 0.018968493183104104
7, 40, 0.019544144786188142
7, 41, 0.008775638403608123
7, 42, 0.014312322299190407
7, 43, 0.014001583277184945
7, 44, 0.0018273188579464937
7, 45, 0.026746590796865935
7, 46, 0.010697301953522998
7, 47, 0.012409921358278295
7, 48, 0.01490249704887478
7, 49, 0.028764326374041603
7, 50, 0.028672203490953747
7, 51, 0.008851595516883783
7, 52, 0.003802825957228505
7, 53, 0.010940592055246622
7, 54, 0.009086774208773067
7, 55, 0.018560372657040698
7, 56, 0.013022219378415639
7, 57, 0.01775072852479583
7, 58, 0.009361544978759169
7, 59, 0.01917985455382414
7, 60, 0.021549586555490125
7, 61, 0.011425607480214239
7, 62, 0.018472742360293237
7, 63, 0.02057847978216622
7, 64, 0.015114626455069507
7, 65, 0.011892134548311882
7, 66, 0.011294314000422979
7, 67, 0.007279866374511209
7, 68, 0.016070628741025
7, 69, 0.007685426082563728
7, 70, 0.010594382035105845
7, 71, 0.026694465854569232
8, 9, 0.02596064876706759
8, 10, 0.025845297590411875
8, 11, 0.02071548981237215
8, 12, 0.020206006955982448
8, 13, 0.022176971120447937
8, 14, 0.025688120170670247
8, 15, 0.017418429202648814
8, 16, 0.014117635950993253
8, 17, 0.009873184731533436
8, 18, 0.02601359967019958
8, 19, 0.017054973395310973
8, 20, 0.01609466122414223
8, 21, 0.026015872055458657
8, 22, 0.024919036252601594
8, 23, 0.021250855126556847
8, 24, 0.025968753372419346
8, 25, 0.023030539900783513
8, 26, 0.019608750772977298
8, 27, 0.026014890243626465
8, 28, 0.01873200589684563
8, 29, 0.016953083296932903
8, 30, 0.023623357733227497
8, 31, 0.01776820818017936
8, 32, 0.02600834652658196
8, 33, 0.011659495301430171
8, 34, 0.022280296914044873
8, 35, 0.0260145886973906
8, 36, 0.02601632507573123
8, 37, 0.02216753874253082
8, 38, 0.026015408493154726
8, 39, 0.026013079620858134
8, 40, 0.021850271504529315
8, 41, 0.014925508719061608
8, 42, 0.021244504135280694
8, 43, 0.025992035846986394
8, 44, 0.009121433067326611
8, 45, 0.02630518908437362
8, 46, 0.019356336617104612
8, 47, 0.01911522834545967
8, 48, 0.01976755903125189
8, 49, 0.027047152645297473
8, 50, 0.026943180006475373
8, 51, 0.014270162327881841
8, 52, 0.010452372486779014
8, 53, 0.025928527368705302
8, 54, 0.014947035893917684
8, 55, 0.026014403384255237
8, 56, 0.018301774670374978
8, 57, 0.02601632120670533
8, 58, 0.026012531970723708
8, 59, 0.022379201072476387
8, 60, 0.023481873368923458
8, 61, 0.01653307319883698
8, 62, 0.02601627556841325
8, 63, 0.025719646989202254
8, 64, 0.025990466641405568
8, 65, 0.01803205845529341
8, 66, 0.01596122334801822
8, 67, 0.013273188527229373
8, 68, 0.019902974203024493
8, 69, 0.014439528160887305
8, 70, 0.016169742006689625
8, 71, 0.026315264052005377
9, 10, 0.01588843209358749
9, 11, 0.01020690061589953
9, 12, 0.015305930521627485
9, 13, 0.018858632754924755
9, 14, 0.015381503334251272
9, 15, 0.013101330304466278
9, 16, 0.00833838490157218
9, 17, 0.0032677672478605498
9, 18, 0.01354871883759881
9, 19, 0.005023195948928707
9, 20, 0.01160091931030468
9, 21, 0.013867878285064372
9, 22, 0.01668470124882149
9, 23, 0.016262797028894008
9, 24, 0.019468118924324065
9, 25, 0.01747441595040204
9, 26, 0.01230759306841468
9, 27, 0.01441834462686918
9, 28, 0.012324832645886283
9, 29, 0.013089420074401666
9, 30, 0.021462038439482183
9, 31, 0.013010008796062176
9, 32, 0.014393526689220473
9, 33, 0.005618751543845372
9, 34, 0.020612762250039697
9, 35, 0.013654497826843106
9, 36, 0.013825309962973438
9, 37, 0.020482185508993573
9, 38, 0.013846237476501736
9, 39, 0.01429862173562198
9, 40, 0.019529667944958067
9, 41, 0.008788426849513779
9, 42, 0.014309079106468324
9, 43, 0.013877023461375943
9, 44, 0.0018509997023554796
9, 45, 0.0266567137697789
9, 46, 0.01071580519745607
9, 47, 0.012416179265590455
9, 48, 0.014898655699332542
9, 49, 0.028651136464326245
9, 50, 0.028546342470503024
9, 51, 0.008862078947563917
9, 52, 0.0038224010338217653
9, 53, 0.012204720527800056
9, 54, 0.009098232613402703
9, 55, 0.014080467485431597
9, 56, 0.013024718924959744
9, 57, 0.013827423768255125
9, 58, 0.013607931123026815
9, 59, 0.01915834636857155
9, 60, 0.021522685759294974
9, 61, 0.01143150621670105
9, 62, 0.013835195410097083
9, 63, 0.020081540050815316
9, 64, 0.014264063266323115
9, 65, 0.01189891004556689
9, 66, 0.011299677758509992
9, 67, 0.007293933961729958
9, 68, 0.01606418798507295
9, 69, 0.007701786214186412
9, 70, 0.010602733735118396
9, 71, 0.02662006947800431
10, 11, 0.010390919607530502
10, 12, 0.015328188994429403
10, 13, 0.01884063250174916
10, 14, 0.015890813684510716
10, 15, 0.013129543742945044
10, 16, 0.008396847928422317
10, 17, 0.0033451006458767234
10, 18, 0.01632327860716314
10, 19, 0.005241813367793799
10, 20, 0.011635543827999499
10, 21, 0.016414432861682902
10, 22, 0.016738029986186082
10, 23, 0.016277012863137034
10, 24, 0.018464618895592613
10, 25, 0.017469877303195706
10, 26, 0.012382947949502222
10, 27, 0.016519692213335005
10, 28, 0.012383061302609796
10, 29, 0.013113474372608345
10, 30, 0.02141251698641752
10, 31, 0.013043088533785774
10, 32, 0.016451486148741812
10, 33, 0.005684899416745661
10, 34, 0.02059298842270546
10, 35, 0.016356442365326584
10, 36, 0.016411157573417108
10, 37, 0.020463537462404865
10, 38, 0.016404709533864505
10, 39, 0.016475407163860832
10, 40, 0.019513026798260905
10, 41, 0.008851603208182764
10, 42, 0.014366157995461816
10, 43, 0.016168350564492926
10, 44, 0.0019405384707036411
10, 45, 0.026468044176165113
10, 46, 0.010828829399640907
10, 47, 0.012479155261583151
10, 48, 0.014923485853402781
10, 49, 0.028402312320980623
10, 50, 0.028271230356172336
10, 51, 0.008914269128526641
10, 52, 0.0038996978675028193
10, 53, 0.015074137113577918
10, 54, 0.00915637840559335
10, 55, 0.01644197238274058
10, 56, 0.013063734098216801
10, 57, 0.016411533831919498
10, 58, 0.01632239731184814
10, 59, 0.019136409492933132
10, 60, 0.021479557614027023
10, 61, 0.011473797136102767
10, 62, 0.01641255199167437
10, 63, 0.019582625691071318
10, 64, 0.016260433781724495
10, 65, 0.011954245679122745
10, 66, 0.011336993510497126
10, 67, 0.0073570372801696335
10, 68, 0.016074452726471882
10, 69, 0.007776716934335159
10, 70, 0.010653463035191041
10, 71, 0.026463344725198377
11, 12, 0.013782934344253192
11, 13, 0.016252447273978666
11, 14, 0.010503729343799841
11, 15, 0.01250967650037772
11, 16, 0.008689468175707279
11, 17, 0.004432759952620587
11, 18, 0.010172179680934096
11, 19, 0.00707227014629863
11, 20, 0.011332212124762025
11, 21, 0.010174698462969659
11, 22, 0.011571277760104061
11, 23, 0.014173994535307693
11, 24, 0.010428525656168457
11, 25, 0.013971581590322467
11, 26, 0.011524787078914944
11, 27, 0.01018234655574091
11, 28, 0.011660589632130418
11, 29, 0.01257341147281292
11, 30, 0.017993163766296026
11, 31, 0.012370386947365643
11, 32, 0.010186725966594107
11, 33, 0.006402864278097832
11, 34, 0.01872351532719726
11, 35, 0.010172893708187815
11, 36, 0.01017391818573331
11, 37, 0.018644875584573176
11, 38, 0.010174716643285854
11, 39, 0.010182021332137305
11, 40, 0.017503839946332075
11, 41, 0.00908050081336599
11, 42, 0.012565338253862005
11, 43, 0.010189237038338189
11, 44, 0.0033161512641903686
11, 45, 0.019544822421337267
11, 46, 0.01049036743867134
11, 47, 0.011675997014287297
11, 48, 0.01357208687451874
11, 49, 0.02029001805290858
11, 50, 0.01971839416446719
11, 51, 0.009100565630731569
11, 52, 0.004929531291233565
11, 53, 0.010182681743666263
11, 54, 0.009315329130025165
11, 55, 0.010178256571469573
11, 56, 0.012292962283756903
11, 57, 0.010173945554995723
11, 58, 0.010173474617806648
11, 59, 0.016417961000277217
11, 60, 0.018397064400231044
11, 61, 0.011158844678724909
11, 62, 0.010174065060941179
11, 63, 0.01124510008046286
11, 64, 0.01019714359140988
11, 65, 0.011412972431094128
11, 66, 0.011082290604695197
11, 67, 0.007833391963267959
11, 68, 0.014657319670201339
11, 69, 0.008249872143155484
11, 70, 0.010501181062538995
11, 71, 0.020259903132569597
12, 13, 0.017077485174462746
12, 14, 0.01531937801555847
12, 15, 0.013925969443684348
12, 16, 0.010884367054214413
12, 17, 0.00720007254595173
12, 18, 0.015310419665712003
12, 19, 0.011335301393575376
12, 20, 0.012896329857512111
12, 21, 0.015311761469079227
12, 22, 0.015461642428079545
12, 23, 0.015741548695961994
12, 24, 0.015372451458400823
12, 25, 0.015997891502869493
12, 26, 0.014032226229308256
12, 27, 0.015313683236772948
12, 28, 0.013848278074232119
12, 29, 0.013835382045067601
12, 30, 0.018317153459097596
12, 31, 0.013944543673421793
12, 32, 0.015313151592970073
12, 33, 0.008842683444730156
12, 34, 0.018795711613595684
12, 35, 0.015310894272320456
12, 36, 0.01531166188556613
12, 37, 0.018731613021804126
12, 38, 0.015311640039195726
12, 39, 0.015313095708255044
12, 40, 0.017865748130089575
12, 41, 0.011370207226528152
12, 42, 0.014944871461097273
12, 43, 0.015309418969980601
12, 44, 0.0063966463255306786
12, 45, 0.019374729568656254
12, 46, 0.013497452662406052
12, 47, 0.01396417915086075
12, 48, 0.015099024211289714
12, 49, 0.019829484359896753
12, 50, 0.019467695609586735
12, 51, 0.011137524342363895
12, 52, 0.0076757843673132976
12, 53, 0.015290179699007969
12, 54, 0.01148918918460031
12, 55, 0.015312378980161538
12, 56, 0.014048474856207638
12, 57, 0.015311668662213819
12, 58, 0.0153104986302621
12, 59, 0.017203895393039428
12, 60, 0.01858603528638484
12, 61, 0.012941206679453782
12, 62, 0.015311690399649422
12, 63, 0.015555843369817812
12, 64, 0.015311260679536857
12, 65, 0.013524060010690163
12, 66, 0.012721488827958061
12, 67, 0.010157595048557514
12, 68, 0.015746797524275116
12, 69, 0.010806041698714798
12, 70, 0.012490643099769647
12, 71, 0.01985361755405224
13, 14, 0.018789350333145997
13, 15, 0.015231781305053723
13, 16, 0.012142436867346814
13, 17, 0.008300919062860632
13, 18, 0.01887685381918209
13, 19, 0.013465809042765588
13, 20, 0.014111822344733634
13, 21, 0.018878416874761026
13, 22, 0.018660806050657647
13, 23, 0.017703112458304564
13, 24, 0.01890617317615815
13, 25, 0.018443117314157435
13, 26, 0.016052199726144505
13, 27, 0.01887944274300031
13, 28, 0.015638764144734675
13, 29, 0.015008831131096115
13, 30, 0.020162655872577286
13, 31, 0.015366879844950781
13, 32, 0.018877207647358868
13, 33, 0.009974910098745907
13, 34, 0.02003214152833425
13, 35, 0.0188774597231213
13, 36, 0.018878478836077964
13, 37, 0.019952393582006345
13, 38, 0.018878201587649503
13, 39, 0.018878524814084852
13, 40, 0.019283312415109534
13, 41, 0.012738525712485849
13, 42, 0.017181606275866956
13, 43, 0.018869998321008413
13, 44, 0.007530214844128822
13, 45, 0.021709832403112743
13, 46, 0.01562336963186316
13, 47, 0.015842941806579056
13, 48, 0.016792688756632
13, 49, 0.022242086286128174
13, 50, 0.021966544784813434
13, 51, 0.012354593627873263
13, 52, 0.008809932829756766
13, 53, 0.018838716364129576
13, 54, 0.01282011153149735
13, 55, 0.01887841637776077
13, 56, 0.015618805265885802
13, 57, 0.01887848233716814
13, 58, 0.018876601853190917
13, 59, 0.019027395412917834
13, 60, 0.02029371271668922
13, 61, 0.014297425500829693
13, 62, 0.01887848405558943
13, 63, 0.018958801581920568
13, 64, 0.01887080108461724
13, 65, 0.015191939963172774
13, 66, 0.013954464915079137
13, 67, 0.01138312681527921
13, 68, 0.01725513583568802
13, 69, 0.012212313067837923
13, 70, 0.013885258329714259
13, 71, 0.02203424547843464
14, 15, 0.01313989049074616
14, 16, 0.008439555308427408
14, 17, 0.0034106813597615054
14, 18, 0.01555506713606071
14, 19, 0.005415707245682482
14, 20, 0.01165451636361652
14, 21, 0.015604422118974063
14, 22, 0.016552463537061975
14, 23, 0.016252351295976714
14, 24, 0.017188510208295753
14, 25, 0.01739725610151781
14, 26, 0.012417806420592108
14, 27, 0.015671082873304452
14, 28, 0.012410186074052185
14, 29, 0.013122377599241742
14, 30, 0.021327374040176914
14, 31, 0.013055654188084808
14, 32, 0.015646290428234223
14, 33, 0.005738254683256059
14, 34, 0.02055519482242901
14, 35, 0.015572641894323126
14, 36, 0.015601268779643662
14, 37, 0.020427233695639698
14, 38, 0.015599734941275867
14, 39, 0.01564881156285819
14, 40, 0.019474393789527443
14, 41, 0.008896582100724157
14, 42, 0.014370480256965863
14, 43, 0.015507133060766376
14, 44, 0.0020180969222703994
14, 45, 0.026218692259547722
14, 46, 0.010896297415649528
14, 47, 0.012507699991154302
14, 48, 0.014919753756699435
14, 49, 0.028087625599811813
14, 50, 0.027924305639774875
14, 51, 0.008951389847686174
14, 52, 0.0039645638731209305
14, 53, 0.01488957922377891
14, 54, 0.00919707131046537
14, 55, 0.015624943232351519
14, 56, 0.01307838412604709
14, 57, 0.015601506114848975
14, 58, 0.01555711843146505
14, 59, 0.019080292804675734
14, 60, 0.021405620649502733
14, 61, 0.011497506785360576
14, 62, 0.015602239593050356
14, 63, 0.01878425601086181
14, 64, 0.015567884557970901
14, 65, 0.011982657573520447
14, 66, 0.011358376066229955
14, 67, 0.007405266894218122
14, 68, 0.01606124416602374
14, 69, 0.0078328657684945
14, 70, 0.010684939828274783
14, 71, 0.026254754473738432
15, 16, 0.0106753343416058
15, 17, 0.007677870812854634
15, 18, 0.013099057427665844
15, 19, 0.010893176474216433
15, 20, 0.01230950714743527
15, 21, 0.013099787048337806
15, 22, 0.01333327342917797
15, 23, 0.014130811729356204
15, 24, 0.013148540862554552
15, 25, 0.014040268276063922
15, 26, 0.012855082414520365
15, 27, 0.013101271928785121
15, 28, 0.012815989118896655
15, 29, 0.013093347167444423
15, 30, 0.016127481061764343
15, 31, 0.01305694220729858
15, 32, 0.013101569122372462
15, 33, 0.009025029090580668
15, 34, 0.017100705437241934
15, 35, 0.013099296273967878
15, 36, 0.01309966836996153
15, 37, 0.01706545430644871
15, 38, 0.013099747793600323
15, 39, 0.013101037159058889
15, 40, 0.016165531642089875
15, 41, 0.011044433609095473
15, 42, 0.01341123067034733
15, 43, 0.013100577121283548
15, 44, 0.00703771775639861
15, 45, 0.016475399317825913
15, 46, 0.012430168992138496
15, 47, 0.012864599719017301
15, 48, 0.013806663604952411
15, 49, 0.016728631843318447
15, 50, 0.016403070646092276
15, 51, 0.010885259427565611
15, 52, 0.008075903542134851
15, 53, 0.01309332029185016
15, 54, 0.0111459436651745
15, 55, 0.01310038387950845
15, 56, 0.01306687909949106
15, 57, 0.013099673647560723
15, 58, 0.013099225068962009
15, 59, 0.015309698582315302
15, 60, 0.01645575394101111
15, 61, 0.012291800829133632
15, 62, 0.013099694025522655
15, 63, 0.013310369156784834
15, 64, 0.013102066676877362
15, 65, 0.012622552864868391
15, 66, 0.012161333669470874
15, 67, 0.010094074495578892
15, 68, 0.014421266223260046
15, 69, 0.01059478984790777
15, 70, 0.011921950674714306
15, 71, 0.016955487471092903
16, 17, 0.005571015460336163
16, 18, 0.008325819823477751
16, 19, 0.007435787692509449
16, 20, 0.010019215699272305
16, 21, 0.008326379303337773
16, 22, 0.00884697354426989
16, 23, 0.010853101331225846
16, 24, 0.008399616862765677
16, 25, 0.010237770686636938
16, 26, 0.009514556447834674
16, 27, 0.008328526549182369
16, 28, 0.009747612774621857
16, 29, 0.010864219529730742
16, 30, 0.012980732893594239
16, 31, 0.010468074774621743
16, 32, 0.008330098720726414
16, 33, 0.006867294597326754
16, 34, 0.014768115638738458
16, 35, 0.008325958866930971
16, 36, 0.00832614031186353
16, 37, 0.014756225014151936
16, 38, 0.00832641060162852
16, 39, 0.008328540785037497
16, 40, 0.013574924583895186
16, 41, 0.008536250726720391
16, 42, 0.009828459871572614
16, 43, 0.008331720165204731
16, 44, 0.004882164973681869
16, 45, 0.012775513687988507
16, 46, 0.00897201957903119
16, 47, 0.009689119407095756
16, 48, 0.010855943057753841
16, 49, 0.01294735199476929
16, 50, 0.012536014817878435
16, 51, 0.008595904402576023
16, 52, 0.00591726553500011
16, 53, 0.008333555922072569
16, 54, 0.008690471900566257
16, 55, 0.008327435594278091
16, 56, 0.010277938385683761
16, 57, 0.00832614801171318
16, 58, 0.008326234411818208
16, 59, 0.012192534156502233
16, 60, 0.013478788207762509
16, 61, 0.00979750928409013
16, 62, 0.008326183264882598
16, 63, 0.008660910315373648
16, 64, 0.008333980434181801
16, 65, 0.009708348360458726
16, 66, 0.009845495771409751
16, 67, 0.007794019162829863
16, 68, 0.011711086394324026
16, 69, 0.008034713064383919
16, 70, 0.009374638238419
16, 71, 0.013419118737288705
17, 18, 0.0032478701589156527
17, 19, 0.0036493879876168273
17, 20, 0.00721444048155148
17, 21, 0.003248209567173138
17, 22, 0.003957657143775207
17, 23, 0.006923171957500183
17, 24, 0.003333346184418387
17, 25, 0.005836024830793298
17, 26, 0.005642958208542343
17, 27, 0.0032506555985581617
17, 28, 0.006131966855383173
17, 29, 0.008073627855853133
17, 30, 0.009005443642939707
17, 31, 0.007304002906736992
17, 32, 0.0032531334543124575
17, 33, 0.004409181344486177
17, 34, 0.011608928238479083
17, 35, 0.0032479045121392596
17, 36, 0.0032478968286180697
17, 37, 0.011626443260855506
17, 38, 0.003248298155350348
17, 39, 0.0032508844692082416
17, 40, 0.010186178214122923
17, 41, 0.005599041043998131
17, 42, 0.005685181860068253
17, 43, 0.003256818396225649
17, 44, 0.0025555799933541074
17, 45, 0.008222228197811553
17, 46, 0.0050352249730164274
17, 47, 0.005968679015412555
17, 48, 0.007270877632891955
17, 49, 0.008291411428452047
17, 50, 0.007832316161990783
17, 51, 0.005886162513764803
17, 52, 0.0035197713037574043
17, 53, 0.0032663281938188032
17, 54, 0.005797665472997215
17, 55, 0.0032495289841277387
17, 56, 0.006912141595446459
17, 57, 0.003247905640558097
17, 58, 0.0032484459222013183
17, 59, 0.008316490831263987
17, 60, 0.009652402095123493
17, 61, 0.006784545606814184
17, 62, 0.0032479492754989665
17, 63, 0.003648878872189059
17, 64, 0.0032594576470723804
17, 65, 0.006255930657113239
17, 66, 0.007023978283949405
17, 67, 0.005126747811491657
17, 68, 0.008321338756408309
17, 69, 0.005080414580400802
17, 70, 0.006335124114175422
17, 71, 0.008978636396893629
18, 19, 0.00496840002150887
18, 20, 0.01159582697826724
18, 21, 0.007426680556820752
18, 22, 0.016769854916118154
18, 23, 0.016272828129032392
18, 24, 0.021564554099988635
18, 25, 0.017502210124094662
18, 26, 0.01229838517678101
18, 27, 0.017283027427094044
18, 28, 0.012317793382262326
18, 29, 0.013087467667968818
18, 30, 0.021491275834396688
18, 31, 0.013007161715463378
18, 32, 0.015610017757846427
18, 33, 0.005602732492783612
18, 34, 0.020625621474825037
18, 35, 0.0030903709726128603
18, 36, 0.0028269733892913275
18, 37, 0.020494552827776295
18, 38, 0.007881560824304404
18, 39, 0.01572546875159878
18, 40, 0.0195430688082517
18, 41, 0.008775227928289105
18, 42, 0.014310348151821027
18, 43, 0.013383182838894593
18, 44, 0.0018273345574362028
18, 45, 0.026742390388194606
18, 46, 0.010696060372651526
18, 47, 0.012408807491733984
18, 48, 0.014901387602474574
18, 49, 0.028759372371420885
18, 50, 0.028666675032172566
18, 51, 0.008851250109668713
18, 52, 0.0038027471530244633
18, 53, 0.01077614206009856
18, 54, 0.009086363890706835
18, 55, 0.013686554550858075
18, 56, 0.013021387968786107
18, 57, 0.003012428199379087
18, 58, 0.007009488468224346
18, 59, 0.01917818062006597
18, 60, 0.02154793379274776
18, 61, 0.011425049275141104
18, 62, 0.003875740424848839
18, 63, 0.02054286537696696
18, 64, 0.014533701796606081
18, 65, 0.011891297449108327
18, 66, 0.011293839758138918
18, 67, 0.007279596841880325
18, 68, 0.016069653583773862
18, 69, 0.0076850652941474204
18, 70, 0.010593847783323554
18, 71, 0.026690986268335833
19, 20, 0.009928853306449279
19, 21, 0.004969662657139231
19, 22, 0.0067866292594833755
19, 23, 0.011340791391900662
19, 24, 0.005220794247811069
19, 25, 0.01025389353192677
19, 26, 0.008940470991853267
19, 27, 0.0049769903345877565
19, 28, 0.00941578928646673
19, 29, 0.01113742924402528
19, 30, 0.014923167361038613
19, 31, 0.010598652344852244
19, 32, 0.004983839912911612
19, 33, 0.005451780099640642
19, 34, 0.01675747411460212
19, 35, 0.004968605186262197
19, 36, 0.004968758853554087
19, 37, 0.01671256267505241
19, 38, 0.004969884466373759
19, 39, 0.004977499930555853
19, 40, 0.015302769220412885
19, 41, 0.007666465568628819
19, 42, 0.009467033442260187
19, 43, 0.0049933349484385945
19, 44, 0.002589077991162331
19, 45, 0.015177751885279497
19, 46, 0.007885492143161978
19, 47, 0.009293937425799675
19, 48, 0.011266804024665112
19, 49, 0.015614529541541737
19, 50, 0.014914520811096833
19, 51, 0.00786196971788661
19, 52, 0.004083300631228187
19, 53, 0.005015511942625711
19, 54, 0.007925928618359139
19, 55, 0.0049735199010093835
19, 56, 0.010311265612656644
19, 57, 0.004968785227884795
19, 58, 0.0049700398797430725
19, 59, 0.013570044592412508
19, 60, 0.015561639930918142
19, 61, 0.009582970726724743
19, 62, 0.004968913127829275
19, 63, 0.006095985931421248
19, 64, 0.005001166162442827
19, 65, 0.009378017265673102
19, 66, 0.009674775818149942
19, 67, 0.006682287211881581
19, 68, 0.012547835003300931
19, 69, 0.006865076902998912
19, 70, 0.008930913387608486
19, 71, 0.016163567694193335
20, 21, 0.011596442272152957
20, 22, 0.011895086524531943
20, 23, 0.013012550516103446
20, 24, 0.011648099010269633
20, 25, 0.01275918350424224
20, 26, 0.011796347459710095
20, 27, 0.011597990393807081
20, 28, 0.011841884339975534
20, 29, 0.012364967899662798
20, 30, 0.014936076986275292
20, 31, 0.012217319676241328
20, 32, 0.011598635440922343
20, 33, 0.008491667151608555
20, 34, 0.016165554341941092
20, 35, 0.011596015460449445
20, 36, 0.011596298776031124
20, 37, 0.01614083472463884
20, 38, 0.01159642718082844
20, 39, 0.01159784940449716
20, 40, 0.015174950509305323
20, 41, 0.010327447342637849
20, 42, 0.012242330557173926
20, 43, 0.011598497785947133
20, 44, 0.006592358883910082
20, 45, 0.015062439710883665
20, 46, 0.011363845785222466
20, 47, 0.011855157607750444
20, 48, 0.012813062617579233
20, 49, 0.015269072437062436
20, 50, 0.014934814132322243
20, 51, 0.010235820648736179
20, 52, 0.007583882199686579
20, 53, 0.011594548204338272
20, 54, 0.010438595526467845
20, 55, 0.011597121206957751
20, 56, 0.012164516794544871
20, 57, 0.011596304298278407
20, 58, 0.011596052263469632
20, 59, 0.01417564137201754
20, 60, 0.015308073300038735
20, 61, 0.011518275464670841
20, 62, 0.011596327240942266
20, 63, 0.011825336969954055
20, 64, 0.011600082118078928
20, 65, 0.011706017852723113
20, 66, 0.011447068098487672
20, 67, 0.00947763690875914
20, 68, 0.013474177974987574
20, 69, 0.009886092470066056
20, 70, 0.011150770555280255
20, 71, 0.015571277289547597
21, 22, 0.01678234998001496
21, 23, 0.016274555334712833
21, 24, 0.021739833657957938
21, 25, 0.01750541511779926
21, 26, 0.012299984026884373
21, 27, 0.021453463539779824
21, 28, 0.012319028518194074
21, 29, 0.013088086808727471
21, 30, 0.02149304309868014
21, 31, 0.01300799667198302
21, 32, 0.017280428542914103
21, 33, 0.005603144460394226
21, 34, 0.020626475973348313
21, 35, 0.00933766931107015
21, 36, 0.017734765174384805
21, 37, 0.020495387873212534
21, 38, 0.016072414492403986
21, 39, 0.018863250341445387
21, 40, 0.01954409933941777
21, 41, 0.008775881125639425
21, 42, 0.014312569913231571
21, 43, 0.014090824957644082
21, 44, 0.0018276526548095327
21, 45, 0.026745933978627946
21, 46, 0.010697750440252722
21, 47, 0.012410176201547364
21, 48, 0.014902607577470901
21, 49, 0.028763448186995336
21, 50, 0.028671228350384884
21, 51, 0.008851795754390688
21, 52, 0.003803115536263386
21, 53, 0.010996979022267931
21, 54, 0.00908699799931237
21, 55, 0.01844971845018203
21, 56, 0.013022378651766307
21, 57, 0.017832365939498773
21, 58, 0.010828667380865502
21, 59, 0.019179797805202823
21, 60, 0.021549450156683494
21, 61, 0.011425774336065345
21, 62, 0.01797848959096122
21, 63, 0.020576194030128076
21, 64, 0.01516882500080597
21, 65, 0.011892355469664382
21, 66, 0.011294460735413769
21, 67, 0.007280106208085086
21, 68, 0.016070682387487364
21, 69, 0.007685712165192639
21, 70, 0.010594580175566297
21, 71, 0.026693923797099995
22, 23, 0.016337128312278782
22, 24, 0.017166844461883473
22, 25, 0.017360937455168108
22, 26, 0.0128972336555606
22, 27, 0.01679591141900976
22, 28, 0.012792443351547101
22, 29, 0.013288871327876086
22, 30, 0.020988303042516594
22, 31, 0.013280383929250805
22, 32, 0.01678522113091565
22, 33, 0.006204617294157156
22, 34, 0.02040998525371884
22, 35, 0.01677446107626864
22, 36, 0.016782055290860604
22, 37, 0.02028993976377907
22, 38, 0.01678095633294824
22, 39, 0.01678961483533417
22, 40, 0.01935229147482281
22, 41, 0.009332653312530274
22, 42, 0.014716879301002683
22, 43, 0.016740820916475614
22, 44, 0.0026500627493485024
22, 45, 0.025043912750921805
22, 46, 0.0116049536912049
22, 47, 0.012916401847750003
22, 48, 0.015081077224048963
22, 49, 0.026566378095368038
22, 50, 0.026282279017469153
22, 51, 0.00931602781531899
22, 52, 0.0045098581783792665
22, 53, 0.016538723389049752
22, 54, 0.009599537954068925
22, 55, 0.016785537520841144
22, 56, 0.013339878511590565
22, 57, 0.01678210281211798
22, 58, 0.016769376334206235
22, 59, 0.01892559804846294
22, 60, 0.021105144503738963
22, 61, 0.01178828438107922
22, 62, 0.016782221392746172
22, 63, 0.017919940784357342
22, 64, 0.016753110216314804
22, 65, 0.012351565715861004
22, 66, 0.011617547154326465
22, 67, 0.007846567160901418
22, 68, 0.016126080303631024
22, 69, 0.008348882749524462
22, 70, 0.011033319418561621
22, 71, 0.025246387598467326
23, 24, 0.016338446811294954
23, 25, 0.01671852733546745
23, 26, 0.014374787181380343
23, 27, 0.016276631066574315
23, 28, 0.014128261922424681
23, 29, 0.01401196704581568
23, 30, 0.01909171247141212
23, 31, 0.014170626711147162
23, 32, 0.016275416528970084
23, 33, 0.008673570983146854
23, 34, 0.019330943688999114
23, 35, 0.016273456449148602
23, 36, 0.01627448553769406
23, 37, 0.01925532529287166
23, 38, 0.01627437480025416
23, 39, 0.016275798177644962
23, 40, 0.018411397522689704
23, 41, 0.011376487459894438
23, 42, 0.015453887853137203
23, 43, 0.016269674945378624
23, 44, 0.006053233814387664
23, 45, 0.020525293177114348
23, 46, 0.013790259811092383
23, 47, 0.01427257888695985
23, 48, 0.015488497663626297
23, 49, 0.02108696020171806
23, 50, 0.02072366383418605
23, 51, 0.011125983839489938
23, 52, 0.007423931639525023
23, 53, 0.01624203370851014
23, 54, 0.011504875248436724
23, 55, 0.016275114015875485
23, 56, 0.01430979264569883
23, 57, 0.016274492819608324
23, 58, 0.016272816959343114
23, 59, 0.01785148013833103
23, 60, 0.019323532796170446
23, 61, 0.013075494262796703
23, 62, 0.01627451305678947
23, 63, 0.016519141455776452
23, 64, 0.016271604582033368
23, 65, 0.01375068269175831
23, 66, 0.012826721551236993
23, 67, 0.01007296165330107
23, 68, 0.016147098654455072
23, 69, 0.010764062236667014
23, 70, 0.012591430572079693
23, 71, 0.020978900109749173
24, 25, 0.017592532398051114
24, 26, 0.012420040483602332
24, 27, 0.02176743899741633
24, 28, 0.012411774322592627
24, 29, 0.01312957022481662
24, 30, 0.021495876822186264
24, 31, 0.013064559229395614
24, 32, 0.021423442882615905
24, 33, 0.005679526345482768
24, 34, 0.02063218476910835
24, 35, 0.021635939827928833
24, 36, 0.021759729142630597
24, 37, 0.02050162874597629
24, 38, 0.021710317563633334
24, 39, 0.021651017805724832
24, 40, 0.019557926040472885
24, 41, 0.008856466301682157
24, 42, 0.014432587034084845
24, 43, 0.020579879722214027
24, 44, 0.0019240556601207446
24, 45, 0.026662007289093397
24, 46, 0.010857435592096457
24, 47, 0.012511441348352392
24, 48, 0.014962293039755202
24, 49, 0.028635004896391005
24, 50, 0.028529602648089552
24, 51, 0.008918515486277218
24, 52, 0.0038890737607837757
24, 53, 0.018065001820768513
24, 54, 0.009162117976708432
24, 55, 0.021688854055236875
24, 56, 0.013089258631881913
24, 57, 0.021759805984752335
24, 58, 0.02151379315038907
24, 59, 0.019205257828408706
24, 60, 0.021551401105933957
24, 61, 0.011488105902041346
24, 62, 0.02175828227974231
24, 63, 0.020772204506603806
24, 64, 0.020604290900623035
24, 65, 0.011977124431171406
24, 66, 0.011348903533539732
24, 67, 0.007356391785697324
24, 68, 0.016110644261761554
24, 69, 0.007777578115348582
24, 70, 0.01066535024650666
24, 71, 0.026624784170483258
25, 26, 0.014284887320636664
25, 27, 0.01750839823475136
25, 28, 0.013990900704826184
25, 29, 0.013915349241504968
25, 30, 0.02019797662153433
25, 31, 0.014077108274011887
25, 32, 0.017504989144610284
25, 33, 0.007812616002601589
25, 34, 0.020024062114531404
25, 35, 0.01750341393128284
25, 36, 0.017505412986503502
25, 37, 0.019926938926110385
25, 38, 0.017505027260267945
25, 39, 0.017506685838208573
25, 40, 0.01907471355942324
25, 41, 0.010788406247058404
25, 42, 0.015716613901298356
25, 43, 0.01749230803287297
25, 44, 0.004793215069897106
25, 45, 0.022566568592141435
25, 46, 0.013506747641128343
25, 47, 0.014164247440024069
25, 48, 0.015673320315204704
25, 49, 0.02343038151076728
25, 50, 0.023066141956205787
25, 51, 0.01057842526423824
25, 52, 0.00637308172344909
25, 53, 0.017434979721229076
25, 54, 0.01095953033402899
25, 55, 0.017505936530686078
25, 56, 0.014232599392955047
25, 57, 0.017505423355323246
25, 58, 0.017501943516913906
25, 59, 0.018640362347375997
25, 60, 0.020369568927653396
25, 61, 0.012796208294845221
25, 62, 0.01750544401417359
25, 63, 0.017801961213349884
25, 64, 0.017494927310912144
25, 65, 0.01354002085151994
25, 66, 0.01253978393925806
25, 67, 0.009352113390198128
25, 68, 0.016433691824350706
25, 69, 0.010039323662489712
25, 70, 0.012213604642830672
25, 71, 0.02295690327818708
26, 27, 0.01230363337160205
26, 28, 0.012310449465839944
26, 29, 0.012873460168610927
26, 30, 0.01746351271873903
26, 31, 0.012769919584682347
26, 32, 0.012304810543132268
26, 33, 0.007410915632334638
26, 34, 0.018298633861108495
26, 35, 0.012298891225645871
26, 36, 0.01229966583200354
26, 37, 0.018234945957470713
26, 38, 0.012299922112633643
26, 39, 0.012303195037046853
26, 40, 0.01717720852399909
26, 41, 0.009928348727780008
26, 42, 0.013184905539234671
26, 43, 0.012303570080782172
26, 44, 0.0047027008944223936
26, 45, 0.018474012673538605
26, 46, 0.011550806264452486
26, 47, 0.01235919342751664
26, 48, 0.013846629262261689
26, 49, 0.018991414727915417
26, 50, 0.01851199148570697
26, 51, 0.009844486129857997
26, 52, 0.006118119325245136
26, 53, 0.012290611944694095
26, 54, 0.010105239407699144
26, 55, 0.01230152679609531
26, 56, 0.012751265187132505
26, 57, 0.012299678832520226
26, 58, 0.012298864924458607
26, 59, 0.016184287295179116
26, 60, 0.0178439844738242
26, 61, 0.01170592783591203
26, 62, 0.012299731199019871
26, 63, 0.012811018479298213
26, 64, 0.012307267031580601
26, 65, 0.012056229076574158
26, 66, 0.01158506559450684
26, 67, 0.008745346255180173
26, 68, 0.01473323007010152
26, 69, 0.009246822304078398
26, 70, 0.011160054958677154
26, 71, 0.01911465435353502
27, 28, 0.012321840327918769
27, 29, 0.013089349036266325
27, 30, 0.021493396471407265
27, 31, 0.0130097188920621
27, 32, 0.018604656306381043
27, 33, 0.005605355850104533
27, 34, 0.020626768680974163
27, 35, 0.0187562361820504
27, 36, 0.022037736588122938
27, 37, 0.02049569252100128
27, 38, 0.020712367205468606
27, 39, 0.020323690684113115
27, 40, 0.01954464804457506
27, 41, 0.008778251278756442
27, 42, 0.014316325896605408
27, 43, 0.0152046630018034
27, 44, 0.0018304127635700473
27, 45, 0.02674409363647136
27, 46, 0.010702544652992661
27, 47, 0.012413252228574697
27, 48, 0.01490448096886284
27, 49, 0.028760417935055377
27, 50, 0.028667887565844746
27, 51, 0.008853756946615476
27, 52, 0.003805589590350017
27, 53, 0.01157591955524358
27, 54, 0.009089210733886962
27, 55, 0.020594898561569205
27, 56, 0.013024417737896069
27, 57, 0.022039290473004354
27, 58, 0.017076969260406895
27, 59, 0.019180767329383043
27, 60, 0.02154973971318234
27, 61, 0.011427641310755972
27, 62, 0.021987177460456617
27, 63, 0.02058784736235567
27, 64, 0.016019029575656967
27, 65, 0.011894911594858391
27, 66, 0.011296088279128497
27, 67, 0.007282331084031551
27, 68, 0.016071967632115103
27, 69, 0.00768839979865926
27, 70, 0.010596686454265522
27, 71, 0.026692416052345472
28, 29, 0.012836975135398604
28, 30, 0.016880749948518098
28, 31, 0.012735002490551518
28, 32, 0.012322740256719438
28, 33, 0.007778467729466795
28, 34, 0.017847075427314563
28, 35, 0.012318184651234625
28, 36, 0.012318783821963325
28, 37, 0.017793793411178507
28, 38, 0.012318980229785547
28, 39, 0.01232150030160816
28, 40, 0.016754966833810003
28, 41, 0.010144827750431492
28, 42, 0.01307104125325636
28, 43, 0.01232176479159858
28, 44, 0.005279353651216904
28, 45, 0.01759223801846608
28, 46, 0.011664086008372213
28, 47, 0.012362097403090062
28, 48, 0.013689948061047732
28, 49, 0.018004951399878486
28, 50, 0.017561940335944493
28, 51, 0.010043670111598967
28, 52, 0.006585206916173566
28, 53, 0.012311687140590562
28, 54, 0.010300446059167303
28, 55, 0.01232021589873791
28, 56, 0.012714559961546818
28, 57, 0.012318793837368357
28, 58, 0.01231816183136716
28, 59, 0.015750853103968
28, 60, 0.01726575907331956
28, 61, 0.011764604061308704
28, 62, 0.012318834142949552
28, 63, 0.012718176149860901
28, 64, 0.012324614323417183
28, 65, 0.012091039497058455
28, 66, 0.011647950944959552
28, 67, 0.009034393730040882
28, 68, 0.014510242650671225
28, 69, 0.009532069624922724
28, 70, 0.011269315722880886
28, 71, 0.018207947515349644
29, 30, 0.01581048238205542
29, 31, 0.013053933905591715
29, 32, 0.013089604183670016
29, 33, 0.009325179829304671
29, 34, 0.01678706123667239
29, 35, 0.013087670254451494
29, 36, 0.013087985783828901
29, 37, 0.01675737599465244
29, 38, 0.013088053629928396
29, 39, 0.013089150237549333
29, 40, 0.015897451989124716
29, 41, 0.011213248123343436
29, 42, 0.013365831336975591
29, 43, 0.013088767515004098
29, 44, 0.007492323668464272
29, 45, 0.016067744767819282
29, 46, 0.012497493907890303
29, 47, 0.01288114792937731
29, 48, 0.013730143131156027
29, 49, 0.016283052862818406
29, 50, 0.01598756723289034
29, 51, 0.011052933527277988
29, 52, 0.008449689997743618
29, 53, 0.013082622944506902
29, 54, 0.011302861781543713
29, 55, 0.01308859455820915
29, 56, 0.013062731856182124
29, 57, 0.013087990270085767
29, 58, 0.013087610535226198
29, 59, 0.01507708740414394
29, 60, 0.016123289206319807
29, 61, 0.012353358723122938
29, 62, 0.013088007604354938
29, 63, 0.013267916739862487
29, 64, 0.013090034156469796
29, 65, 0.012661379967435302
29, 66, 0.012229083827277071
29, 67, 0.010325960809285844
29, 68, 0.014295551963803343
29, 69, 0.010806545217866236
29, 70, 0.012016720089079762
29, 71, 0.01651099949943718
30, 31, 0.016345460033191817
30, 32, 0.02148979492552323
30, 33, 0.010712223515911477
30, 34, 0.020914386081260578
30, 35, 0.021491996168888812
30, 36, 0.021493231506500614
30, 37, 0.020822703974380737
30, 38, 0.021492750583247136
30, 39, 0.021492203332506767
30, 40, 0.020291470631161542
30, 41, 0.013657005843347638
30, 42, 0.018764898905131038
30, 43, 0.021479741581517615
30, 44, 0.008250298929946592
30, 45, 0.023426828385613812
30, 46, 0.017105671488881334
30, 47, 0.017150299936526038
30, 48, 0.017977478558601503
30, 49, 0.02402544245873004
30, 50, 0.023812209059935453
30, 51, 0.01316666067661898
30, 52, 0.009539947139753853
30, 53, 0.021438481137004688
30, 54, 0.013713635848302534
30, 55, 0.021492563837894458
30, 56, 0.016704120755252988
30, 57, 0.021493232543568042
30, 58, 0.02149076222108726
30, 59, 0.020329666042223693
30, 60, 0.02152359813023317
30, 61, 0.015220701277041396
30, 62, 0.021493218789666927
30, 63, 0.02144855255757532
30, 64, 0.021479756535392993
30, 65, 0.01634212358086474
30, 66, 0.014789612540073568
30, 67, 0.012193441356688916
30, 68, 0.01831138650265918
30, 69, 0.013152200415738089
30, 70, 0.01483171193884765
30, 71, 0.023637863520021934
31, 32, 0.013010089548541201
31, 33, 0.008729894298558943
31, 34, 0.01731960441167528
31, 35, 0.013007434036829042
31, 36, 0.013007857484426419
31, 37, 0.017279782772380133
31, 38, 0.013007953149866398
31, 39, 0.013009454651120286
31, 40, 0.016344211305264724
31, 41, 0.010849403455130056
31, 42, 0.01337874557711994
31, 43, 0.013009008623820054
31, 44, 0.006611918202444966
31, 45, 0.01677384563166911
31, 46, 0.012297500867256431
31, 47, 0.012785030003599122
31, 48, 0.013814430821503793
31, 49, 0.017062013925226827
31, 50, 0.01670884763204458
31, 51, 0.010697911616942805
31, 52, 0.007718451624760741
31, 53, 0.013000876039176426
31, 54, 0.010962751140464152
31, 55, 0.01300869331011546
31, 56, 0.013014421765211566
31, 57, 0.013007863607312055
31, 58, 0.013007360086417745
31, 59, 0.015453084288748496
31, 60, 0.016688090167480785
31, 61, 0.012189379754686822
31, 62, 0.01300788737503629
31, 63, 0.013251898263775966
31, 64, 0.013010738399302583
31, 65, 0.012529496102337756
31, 66, 0.012058094790755394
31, 67, 0.0098517803543902
31, 68, 0.014475984503480345
31, 69, 0.010361024096162134
31, 70, 0.011789586724671517
31, 71, 0.01728724676581502
32, 33, 0.005607353670439406
32, 34, 0.020625189080306465
32, 35, 0.016191936047325
32, 36, 0.0172659950765836
32, 37, 0.020494173667198103
32, 38, 0.017076468062131457
32, 39, 0.017847585575327705
32, 40, 0.01954300399856892
32, 41, 0.008779904386471053
32, 42, 0.014316209765137375
32, 43, 0.015010079779544716
32, 44, 0.0018333583076870605
32, 45, 0.026733481932344802
32, 46, 0.010705036070604993
32, 47, 0.012414196234706163
32, 48, 0.014904165625312351
32, 49, 0.028746997710370818
32, 50, 0.028652956821818853
32, 51, 0.00885511307966907
32, 52, 0.00380803796168548
32, 53, 0.011788032846489487
32, 54, 0.009090698092060357
32, 55, 0.017560751158678466
32, 56, 0.013024851650331702
32, 57, 0.0172724257214177
32, 58, 0.015663877219764984
32, 59, 0.01917833246723303
32, 60, 0.02154663099374324
32, 61, 0.01142845821444512
32, 62, 0.017286259171089863
32, 63, 0.020527317098280068
32, 64, 0.01570833802155832
32, 65, 0.011895879166464679
32, 66, 0.011296826070413348
32, 67, 0.007284122265539885
32, 68, 0.0160713091641569
32, 69, 0.007690490525038094
32, 70, 0.010597805344591144
32, 71, 0.026683641131431807
33, 34, 0.012934174751451283
33, 35, 0.005602807316507411
33, 36, 0.005602876011008324
33, 37, 0.01293983549739734
33, 38, 0.005603205872584646
33, 39, 0.005605487735603381
33, 40, 0.011632500745016533
33, 41, 0.006973745340556442
33, 42, 0.007562893610796194
33, 43, 0.0056100367410476994
33, 44, 0.0037369234370959866
33, 45, 0.010176599842126143
33, 46, 0.006850925719841071
33, 47, 0.007663646504377309
33, 48, 0.00887105336028343
33, 49, 0.010282881051565525
33, 50, 0.009857357436597283
33, 51, 0.007154687379180271
33, 52, 0.004708538859706699
33, 53, 0.005616016915506987
33, 54, 0.007147874983147528
33, 55, 0.005604296325686501
33, 56, 0.008432289207270287
33, 57, 0.005602883963234262
33, 58, 0.005603216507627289
33, 59, 0.010003726283071999
33, 60, 0.011283535776971533
33, 61, 0.008160458045698576
33, 62, 0.005602922185510671
33, 63, 0.005958813294332421
33, 64, 0.005612400182409557
33, 65, 0.007830855357327466
33, 66, 0.008312835585357364
33, 67, 0.006395822177535116
33, 68, 0.009813629782863306
33, 69, 0.006476804377587571
33, 70, 0.007734004488666859
33, 71, 0.010866002152575216
34, 35, 0.02062596444885777
34, 36, 0.02062654919184749
34, 37, 0.020560387565859525
34, 38, 0.020626341956043747
34, 39, 0.020626215163917015
34, 40, 0.02014559906549655
34, 41, 0.015365794211834916
34, 42, 0.01915191408260963
34, 43, 0.02062061097606576
34, 44, 0.011109740158075044
34, 45, 0.02200101613726667
34, 46, 0.018104653452197365
34, 47, 0.018054861209182684
34, 48, 0.018551769910871974
34, 49, 0.02233491750522639
34, 50, 0.022169469078124483
34, 51, 0.01486061708716587
34, 52, 0.012065783097133439
34, 53, 0.020601493086769944
34, 54, 0.015371716407938878
34, 55, 0.020626316535718933
34, 56, 0.01763985238894629
34, 57, 0.020626550134524465
34, 58, 0.02062540763129385
34, 59, 0.0201422546708411
34, 60, 0.020965614984178125
34, 61, 0.01647585291320411
34, 62, 0.020626545855572366
34, 63, 0.020625360717962785
34, 64, 0.020620752264804386
34, 65, 0.017435638325326634
34, 66, 0.016071004749765156
34, 67, 0.014155502530304434
34, 68, 0.018740979889520087
34, 69, 0.015043736246986936
34, 70, 0.0162248896537955
34, 71, 0.02219604629409549
35, 36, 0.0036920203350348196
35, 37, 0.020494887180501777
35, 38, 0.009550119487941943
35, 39, 0.01679988276474476
35, 40, 0.019543473876300357
35, 41, 0.008775396240703141
35, 42, 0.01431110884754488
35, 43, 0.013614788448963664
35, 44, 0.0018273463028007535
35, 45, 0.02674394618702975
35, 46, 0.01069655430964893
35, 47, 0.012409242811686157
35, 48, 0.014901813605447463
35, 49, 0.02876120179215121
35, 50, 0.02866871682041436
35, 51, 0.008851391529754688
35, 52, 0.003802792344072538
35, 53, 0.010840713772522846
35, 54, 0.009086531140484869
35, 55, 0.015169042316302067
35, 56, 0.013021711265141601
35, 57, 0.003959151932655099
35, 58, 0.007779983904418769
35, 59, 0.019178811523664737
35, 60, 0.021548552462418994
35, 61, 0.011425269512745813
35, 62, 0.0051513354398285615
35, 63, 0.02055621684524947
35, 64, 0.014750703998294137
35, 65, 0.01189162616558944
35, 66, 0.011294027133211326
35, 67, 0.007279711626302173
35, 68, 0.01607002572071469
35, 69, 0.007685217087744768
35, 70, 0.01059406060739663
35, 71, 0.026692275210676672
36, 37, 0.020495456695316595
36, 38, 0.015143042445163011
36, 39, 0.019017366996602718
36, 40, 0.019544158927152586
36, 41, 0.00877562216128968
36, 42, 0.01431232070630196
36, 43, 0.014000260256275819
36, 44, 0.0018272909350623137
36, 45, 0.026746685894223098
36, 46, 0.010697276593230621
36, 47, 0.012409910879955403
36, 48, 0.014902498535097891
36, 49, 0.028764447148172747
36, 50, 0.02867233786593589
36, 51, 0.008851582182833261
36, 52, 0.0038028026231431817
36, 53, 0.010937472906661534
36, 54, 0.00908675954005463
36, 55, 0.01863953294829212
36, 56, 0.013022214131923815
36, 57, 0.02923990730854087
36, 58, 0.00924499502734966
36, 59, 0.019179875393071373
36, 60, 0.0215496138176135
36, 61, 0.011425598972346357
36, 62, 0.020952153108854933
36, 63, 0.020579013703772794
36, 64, 0.015115883921214136
36, 65, 0.011892124227447027
36, 66, 0.011294306358204784
36, 67, 0.007279849015544074
36, 68, 0.016070633666765307
36, 69, 0.007685405754218887
36, 70, 0.010594370693723952
36, 71, 0.026694544460635634
37, 38, 0.020495258039358387
37, 39, 0.02049515518681582
37, 40, 0.02007714569448077
37, 41, 0.015346964592976181
37, 42, 0.019072040688391002
37, 43, 0.020489743647032033
37, 44, 0.011132323951755587
37, 45, 0.02187910225320971
37, 46, 0.01804143054774842
37, 47, 0.017997212147421365
37, 48, 0.018492311964305015
37, 49, 0.022205824612296702
37, 50, 0.02203994097607762
37, 51, 0.014848144736163959
37, 52, 0.012079461424393688
37, 53, 0.02047119648808271
37, 54, 0.01535321044790725
37, 55, 0.02049524310636077
37, 56, 0.017593527099965273
37, 57, 0.02049545768390715
37, 58, 0.020494349127320524
37, 59, 0.02006051128281082
37, 60, 0.020878104625248764
37, 61, 0.016445875895957186
37, 62, 0.020495453864375904
37, 63, 0.02049749608779775
37, 64, 0.02048990233007259
37, 65, 0.01738966345239652
37, 66, 0.016046907074341185
37, 67, 0.014149707275057625
37, 68, 0.01868419221763808
37, 69, 0.015027909169661267
37, 70, 0.016196876749846236
37, 71, 0.022076722289123395
38, 39, 0.01840502951791166
38, 40, 0.019543949626776618
38, 41, 0.008775909343042678
38, 42, 0.014312403819743667
38, 43, 0.014039721386185372
38, 44, 0.0018277641495002518
38, 45, 0.026745192234883943
38, 46, 0.010697742034028013
38, 47, 0.012410120267850296
38, 48, 0.014902504848809872
38, 49, 0.0287625394028949
38, 50, 0.0286702157893611
38, 51, 0.008851818184401726
38, 52, 0.003803200682382132
38, 53, 0.010994386826123751
38, 54, 0.009087020024836698
38, 55, 0.01775565216002504
38, 56, 0.013022326751073704
38, 57, 0.01524030927399407
38, 58, 0.010795089231820246
38, 59, 0.019179569469574838
38, 60, 0.021549198339632418
38, 61, 0.011425759152359787
38, 62, 0.015528132220597377
38, 63, 0.02057098118713205
38, 64, 0.01511196337165892
38, 65, 0.011892323082898545
38, 66, 0.011294449469183976
38, 67, 0.007280151136182272
38, 68, 0.016070577820102256
38, 69, 0.007685760834674242
38, 70, 0.010594578257692581
38, 71, 0.026693310011680935
39, 40, 0.019544018211856067
39, 41, 0.00877824154778743
39, 42, 0.014315463624978396
39, 43, 0.014928688968868987
39, 44, 0.0018307173329576618
39, 45, 0.026741211157873992
39, 46, 0.010702261606262633
39, 47, 0.012412867749870743
39, 48, 0.01490397106325758
39, 49, 0.028756926895201464
39, 50, 0.028663996399044694
39, 51, 0.008853745226270733
39, 52, 0.0038058031737822793
39, 53, 0.011527059143434373
39, 54, 0.009089184312657603
39, 55, 0.018866771693914475
39, 56, 0.013024103376519873
39, 57, 0.019025819721396012
39, 58, 0.015796258376509713
39, 59, 0.019179799927905524
39, 60, 0.021548713294482463
39, 61, 0.011427483383417193
39, 62, 0.019027980931006303
39, 63, 0.020566417151117924
39, 64, 0.01574744803978863
39, 65, 0.011894648738960607
39, 66, 0.011295958529686043
39, 67, 0.007282396041564178
39, 68, 0.016071480889196004
39, 69, 0.0076884557212856235
39, 70, 0.01059656938013179
39, 71, 0.02669002976301312
40, 41, 0.01416454706429585
40, 42, 0.018100646647957554
40, 43, 0.019537946258503434
40, 44, 0.00959064297530081
40, 45, 0.021459213918096454
40, 46, 0.016902324948621733
40, 47, 0.016954851055603053
40, 48, 0.01761535069972732
40, 49, 0.021843741369725462
40, 50, 0.021632855487301553
40, 51, 0.01371196095434256
40, 52, 0.010659961722166976
40, 53, 0.01951634282330291
40, 54, 0.014198971930309242
40, 55, 0.019544023215913753
40, 56, 0.01662778786928435
40, 57, 0.0195441607728473
40, 58, 0.01954286642907033
40, 59, 0.0194034550533756
40, 60, 0.020387743807521667
40, 61, 0.015429245813613499
40, 62, 0.019544159420723586
40, 63, 0.019576189247362888
40, 64, 0.01953833377029195
40, 65, 0.016341434722837944
40, 66, 0.015056825795711583
40, 67, 0.012913560510883496
40, 68, 0.0179152871444777
40, 69, 0.013770584217311473
40, 70, 0.015119930145173323
40, 71, 0.021716222020919603
41, 42, 0.010305153446239525
41, 43, 0.008781473994847364
41, 44, 0.004869024204936153
41, 45, 0.013559905068029727
41, 46, 0.0093501540607598
41, 47, 0.010096102142559066
41, 48, 0.011324167694242762
41, 49, 0.013767330732887995
41, 50, 0.0133343627743588
41, 51, 0.008817083119314404
41, 52, 0.005966919953845591
41, 53, 0.008782612064467484
41, 54, 0.008934787370505782
41, 55, 0.008777033188135741
41, 56, 0.010676351442251115
41, 57, 0.008775630655796408
41, 58, 0.008775673187644622
41, 59, 0.01279840191020679
41, 60, 0.014154335498024343
41, 61, 0.01011991147968306
41, 62, 0.00877566915376903
41, 63, 0.00914161916287719
41, 64, 0.008783960797689217
41, 65, 0.010081327863838564
41, 66, 0.010146683920931937
41, 67, 0.00796629914209299
41, 68, 0.012199671910103994
41, 69, 0.008244362106017903
41, 70, 0.009675482879698818
41, 71, 0.014225341554836051
42, 43, 0.014311387839941564
42, 44, 0.004687685704079722
42, 45, 0.02037179712463369
42, 46, 0.01240461169954215
42, 47, 0.013172348217990165
42, 48, 0.014696561786654948
42, 49, 0.02104439184920379
42, 50, 0.02059896457050421
42, 51, 0.010167695671623128
42, 52, 0.0061912219760477775
42, 53, 0.014283833534722117
42, 54, 0.010482475455530056
42, 55, 0.014313933240512186
42, 56, 0.01343534192816529
42, 57, 0.014312334009065357
42, 58, 0.014310641953478543
42, 59, 0.01734410962391005
42, 60, 0.019058692337400814
42, 61, 0.012206354689431537
42, 62, 0.014312381186489672
42, 63, 0.014797051819983212
42, 64, 0.014315068519469013
42, 65, 0.012729817427916559
42, 66, 0.01202506551542706
42, 67, 0.008999789820525043
42, 68, 0.015540599008853255
42, 69, 0.009584227021314985
42, 70, 0.011637086114274267
42, 71, 0.020922043797981734
43, 44, 0.001837916322578656
43, 45, 0.026707350413009954
43, 46, 0.01070593189853262
43, 47, 0.012413021182785002
43, 48, 0.014901069118146726
43, 49, 0.028714800812297197
43, 50, 0.0286171098617532
43, 51, 0.008856380546788533
43, 52, 0.003811610222064369
43, 53, 0.011722719757990361
43, 54, 0.009092013805344879
43, 55, 0.014521850778612053
43, 56, 0.013023558964470312
43, 57, 0.01400495161342376
43, 58, 0.013517809608140578
43, 59, 0.019170657069087615
43, 60, 0.021537970209345024
43, 61, 0.011428396637949022
43, 62, 0.01402193807364633
43, 63, 0.020355847403719103
43, 64, 0.014599973347507093
43, 65, 0.01189539178323151
43, 66, 0.011296840942475222
43, 67, 0.007286236179613294
43, 68, 0.01606800174528183
43, 69, 0.0076928485680594644
43, 70, 0.010598263574578791
43, 71, 0.026662007500880346
44, 45, 0.0073160832524802565
44, 46, 0.004038491182486772
44, 47, 0.005083014192226554
44, 48, 0.006491523122862891
44, 49, 0.007371328945053687
44, 50, 0.006872133549774041
44, 51, 0.0052231696829221335
44, 52, 0.0028202143162163913
44, 53, 0.0018502603335661426
44, 54, 0.005088168766185808
44, 55, 0.0018291667935563462
44, 56, 0.006157833146501199
44, 57, 0.0018273008874809702
44, 58, 0.0018280067973661556
44, 59, 0.007540273231528261
44, 60, 0.008957912284211196
44, 61, 0.006098054050058631
44, 62, 0.0018273508832092255
44, 63, 0.0022831371538401886
44, 64, 0.0018409081765447938
44, 65, 0.005446237832074753
44, 66, 0.006389662653045356
44, 67, 0.004436977725124104
44, 68, 0.007636237025979875
44, 69, 0.0043187173086294195
44, 70, 0.00562013587697797
44, 71, 0.008140904638426252
45, 46, 0.018074575383328254
45, 47, 0.017981963126858302
45, 48, 0.018899805587582204
45, 49, 0.027712107233362114
45, 50, 0.027613829233087975
45, 51, 0.013000584378126775
45, 52, 0.008815354222965064
45, 53, 0.026606434026850565
45, 54, 0.013630243831906485
45, 55, 0.02674346017943898
45, 56, 0.01726700838572236
45, 57, 0.026746678738682705
45, 58, 0.02674063791990838
45, 59, 0.02194401793754797
45, 60, 0.023279284584743137
45, 61, 0.015417794230675972
45, 62, 0.026746601538177792
45, 63, 0.026246766959110965
45, 64, 0.02670457134954286
45, 65, 0.016864449066539482
45, 66, 0.014893811280218714
45, 67, 0.011860683802849842
45, 68, 0.01917591863769069
45, 69, 0.01295144245973202
45, 70, 0.01496079406456574
45, 71, 0.02671818955247902
46, 47, 0.01167741930469803
46, 48, 0.013327467590590635
46, 49, 0.018616841646930993
46, 50, 0.018079480944844704
46, 51, 0.009334948224195705
46, 52, 0.0055080550663930685
46, 53, 0.01069907447935847
46, 54, 0.009552788039873047
46, 55, 0.010699937250724377
46, 56, 0.012220449033966515
46, 57, 0.010697293729756117
46, 58, 0.010696833216011689
46, 59, 0.0157568043683208
46, 60, 0.017538180469323497
46, 61, 0.01121226194164292
46, 62, 0.01069736732096393
46, 63, 0.011386961985165207
46, 64, 0.010710873623877583
46, 65, 0.01144805145093645
46, 66, 0.011137239243883235
46, 67, 0.008187679452877511
46, 68, 0.014322630185793392
46, 69, 0.00861830474324892
46, 70, 0.010625585298865002
46, 71, 0.018793793899189348
47, 48, 0.013793679431184805
47, 49, 0.018434609956142975
47, 50, 0.017979054522196242
47, 51, 0.009997123390772002
47, 52, 0.006431609696246785
47, 53, 0.01240156754594804
47, 54, 0.010258833792580276
47, 55, 0.01241146835275217
47, 56, 0.01276916523087253
47, 57, 0.012409921834458344
47, 58, 0.012409204509196482
47, 59, 0.015963106243847117
47, 60, 0.0175311686168003
47, 61, 0.011776626531830934
47, 62, 0.012409965724906023
47, 63, 0.012843646593384281
47, 64, 0.012416134091828384
47, 65, 0.01212087475811875
47, 66, 0.011654941897509161
47, 67, 0.008953127713145617
47, 68, 0.014635018794274335
47, 69, 0.00945793822807641
47, 70, 0.01126283463645096
47, 71, 0.018605085113744802
48, 49, 0.019317472700596573
48, 50, 0.01895694467855972
48, 51, 0.01110289979008255
48, 52, 0.007735699526385908
48, 53, 0.014884492780273905
48, 54, 0.011440742326521633
48, 55, 0.014903243861480321
48, 56, 0.013901816048845692
48, 57, 0.014902505153101528
48, 58, 0.014901495147370058
48, 59, 0.01691082948081082
48, 60, 0.01826091855962059
48, 61, 0.012847301730210136
48, 62, 0.014902527370507814
48, 63, 0.015146577285573882
48, 64, 0.014902883419167722
48, 65, 0.013388010026849204
48, 66, 0.01264193030025868
48, 67, 0.010150495682631126
48, 68, 0.015549597363393985
48, 69, 0.010776931020128023
48, 70, 0.012408314073671083
48, 71, 0.019386900492967814
49, 50, 0.028720989796368515
49, 51, 0.013169786712243458
49, 52, 0.008897696635195181
49, 53, 0.02859219996103184
49, 54, 0.013832075779369431
49, 55, 0.02876006061004331
49, 56, 0.01760605225466244
49, 57, 0.028764435607377726
49, 58, 0.028757097658997016
49, 59, 0.02249187017537786
49, 60, 0.023814785004141775
49, 61, 0.015661584041688454
49, 62, 0.028764329023755787
49, 63, 0.028046500570915824
49, 64, 0.028710598983385037
49, 65, 0.017220736373719927
49, 66, 0.015100966417857261
49, 67, 0.012009868536804353
49, 68, 0.019541257774301823
49, 69, 0.013152670444297436
49, 70, 0.01520348650277196
49, 71, 0.02758940923852242
50, 51, 0.012780964051033707
50, 52, 0.008436821093581253
50, 53, 0.028480663510928508
50, 54, 0.013416080865953833
50, 55, 0.02866747031351269
50, 56, 0.017222384443925338
50, 57, 0.028672325133113186
50, 58, 0.028664146548698605
50, 59, 0.022221452898871154
50, 60, 0.023615953074644237
50, 61, 0.015289127603734066
50, 62, 0.028672206921409205
50, 63, 0.02788565525783839
50, 64, 0.028612470551536547
50, 65, 0.01678998647067823
50, 66, 0.014756349521801423
50, 67, 0.011586986302738196
50, 68, 0.01924005036329901
50, 69, 0.0126849511479504
50, 70, 0.014803578067470008
50, 71, 0.027495115332915366
51, 52, 0.006230425214126225
51, 53, 0.008857195815927841
51, 54, 0.00896108351157195
51, 55, 0.008852747009798849
51, 56, 0.010530901191416501
51, 57, 0.008851589210679186
51, 58, 0.008851616736447118
51, 59, 0.01240471605641594
51, 60, 0.013638445062586997
51, 61, 0.010039129837236644
51, 62, 0.008851621004496928
51, 63, 0.009155691750781896
51, 64, 0.008858437692102207
51, 65, 0.009991640632464672
51, 66, 0.010069211438060393
51, 67, 0.008073315773769272
51, 68, 0.011911911316885536
51, 69, 0.00833664374799151
51, 70, 0.009634000339913275
51, 71, 0.01360933648769607
52, 53, 0.0038206031429797913
52, 54, 0.0061626199560649835
52, 55, 0.0038044402906192956
52, 56, 0.007346289226893488
52, 57, 0.003802811532649094
52, 58, 0.0038033207997383565
52, 59, 0.008829906242388528
52, 60, 0.010176357611102771
52, 61, 0.00717486335067372
52, 62, 0.0038028553749591566
52, 63, 0.004206482474407879
52, 64, 0.0038142741870858966
52, 65, 0.00669195439271623
52, 66, 0.007393549880379583
52, 67, 0.005457892399020481
52, 68, 0.008775077081176
52, 69, 0.005444124983162205
52, 70, 0.006723552969079838
52, 71, 0.009569587922440921
53, 54, 0.009092472574175385
53, 55, 0.011262041664277066
53, 56, 0.01301388358025379
53, 57, 0.010939677476406598
53, 58, 0.01087248122730963
53, 59, 0.01913762429310871
53, 60, 0.021502436170167914
53, 61, 0.011424057193066169
53, 62, 0.010949054006304137
53, 63, 0.019690606461525345
53, 64, 0.012142293490955873
53, 65, 0.011887834302129283
53, 66, 0.011293332992943834
53, 67, 0.007289889035722635
53, 68, 0.01605185050487985
53, 69, 0.00769647099225129
53, 70, 0.010595497132242171
53, 71, 0.02657832650567815
54, 55, 0.009088064068881935
54, 56, 0.0108032977165886
54, 57, 0.009086767466964617
54, 58, 0.009086771133242265
54, 59, 0.012879028352943012
54, 60, 0.014194356083473152
54, 61, 0.010246146797140518
54, 62, 0.009086803124015354
54, 63, 0.009427466259467098
54, 64, 0.009094330402890637
54, 65, 0.010230618166969609
54, 66, 0.0102630559728402
54, 67, 0.00812989605505886
54, 68, 0.012284375428827186
54, 69, 0.008420079719285553
54, 70, 0.009815239573422237
54, 71, 0.014270921484479159
55, 56, 0.01302320266014933
55, 57, 0.018656194973683222
55, 58, 0.01424348199386252
55, 59, 0.019179742765262152
55, 60, 0.021549030823759346
55, 61, 0.011426599730357341
55, 62, 0.01866923246726146
55, 63, 0.020570158414619375
55, 64, 0.015458116555405315
55, 65, 0.011893460119743062
55, 66, 0.011295184593908714
55, 67, 0.007281228110109589
55, 68, 0.01607104409900477
55, 69, 0.007687055131177734
55, 70, 0.01059554474779603
55, 71, 0.026691883664717912
56, 57, 0.013022221381352016
56, 58, 0.01302162212982307
56, 59, 0.01571664770624427
56, 60, 0.01705594284768368
56, 61, 0.012128738919823549
56, 62, 0.013022249498919287
56, 63, 0.013309323573067855
56, 64, 0.01302560606435175
56, 65, 0.012490071018259222
56, 66, 0.011992592143646914
56, 67, 0.009618809355789414
56, 68, 0.014613240378781416
56, 69, 0.010141347977229659
56, 70, 0.011693614753779464
56, 71, 0.01781301208254617
57, 58, 0.009310226235999648
57, 59, 0.01917987868265059
57, 60, 0.021549614657990285
57, 61, 0.011425605634514146
57, 62, 0.021143916574579896
57, 63, 0.02057905152130226
57, 64, 0.01511935822639831
57, 65, 0.011892133340640971
57, 66, 0.01129431216733627
57, 67, 0.0072798570033826395
57, 68, 0.016070638180435002
57, 69, 0.007685415399561941
57, 70, 0.010594378221676382
57, 71, 0.026694538594257276
58, 59, 0.019177893878620504
58, 60, 0.02154748919735384
58, 61, 0.011425326867153343
58, 62, 0.009592271295465811
58, 63, 0.020534681147456577
58, 64, 0.014602121334839445
58, 65, 0.011891654874259229
58, 66, 0.011294085594182254
58, 67, 0.0072800508523446945
58, 68, 0.016069660700144893
58, 69, 0.007685602793522701
58, 70, 0.010594190699610184
58, 71, 0.02668953848955133
59, 60, 0.020449334043802406
59, 61, 0.0143703642824512
59, 62, 0.019179878672651054
59, 63, 0.019247461536729897
59, 64, 0.019171385967914508
59, 65, 0.015291486827454476
59, 66, 0.014017976965497976
59, 67, 0.011425809425904692
59, 68, 0.017364430035512683
59, 69, 0.012269058452458329
59, 70, 0.013956622562795083
59, 71, 0.02225671466642156
60, 61, 0.015616746685591522
60, 62, 0.021549602591263435
60, 63, 0.021508701123681303
60, 64, 0.02153796740832959
60, 65, 0.016741699104568013
60, 66, 0.015175044624901515
60, 67, 0.01272422266180416
60, 68, 0.018542897357518254
60, 69, 0.013695632661155501
60, 70, 0.015263217258697911
60, 71, 0.023480807531463335
61, 62, 0.011425633501553715
61, 63, 0.011701520691329263
61, 64, 0.011430310512809108
61, 65, 0.011617751849302527
61, 66, 0.011355075704529177
61, 67, 0.009212483654039077
61, 68, 0.013572150584148715
61, 69, 0.00963023996855716
61, 70, 0.011020381207647796
61, 71, 0.015975760851273408
62, 63, 0.02057888953423765
62, 64, 0.01513071673363136
62, 65, 0.011892170735689045
62, 66, 0.01129433658926491
62, 67, 0.0072798943519174755
62, 68, 0.01607065118206286
62, 69, 0.007685460150100518
62, 70, 0.010594410660357692
62, 71, 0.026694474949449303
63, 64, 0.02036271745360896
63, 65, 0.012261254378969896
63, 66, 0.011536509539507906
63, 67, 0.007631275387420294
63, 68, 0.01622803576939742
63, 69, 0.00810537720891202
63, 70, 0.01091030962592439
63, 71, 0.026277312171391867
64, 65, 0.01189799669379191
64, 66, 0.011298512058136173
64, 67, 0.00728859334917703
64, 68, 0.01606920575804479
64, 69, 0.007695688319814475
64, 70, 0.010600440935522102
64, 71, 0.026659719314968435
65, 66, 0.011519312965532743
65, 67, 0.009030201681562959
65, 68, 0.014194095141753156
65, 69, 0.009500136694212428
65, 70, 0.011144700326953362
65, 71, 0.01747830544785194
66, 67, 0.009300365815073135
66, 68, 0.013326233043943628
66, 69, 0.00969532622059224
66, 70, 0.010979010285368206
66, 71, 0.015419151948344555
67, 68, 0.011048076609272863
67, 69, 0.007460859528141093
67, 70, 0.00878377660315306
67, 71, 0.012530484049329462
68, 69, 0.011727476790289543
68, 70, 0.013193300998371613
68, 71, 0.01958398646522059
69, 70, 0.009161640827894925
69, 71, 0.01367321002919405
70, 71, 0.015562520255359733
