12
0, 1, 0.01896440768810805
0, 2, 0.019920186097180857
0, 3, 0.01953514649998663
0, 4, 0.0216204127534538
0, 5, 0.02104671571935259
0, 6, 0.023746422414299948
0, 7, 0.018767801882815932
0, 8, 0.025222904025129177
0, 9, 0.01885271510183818
0, 10, 0.020015419822148273
0, 11, 0.021440963678739978
1, 2, 0.020101590352252615
1, 3, 0.019862295420327677
1, 4, 0.02118774050495204
1, 5, 0.02086329409806675
1, 6, 0.022631493304277363
1, 7, 0.019165070316090774
1, 8, 0.0237711789038373
1, 9, 0.019424644318045855
1, 10, 0.020119249994335033
1, 11, 0.0211084392851512
2, 3, 0.026741409728117314
2, 4, 0.029651121869089452
2, 5, 0.024609611593611528
2, 6, 0.032938496749859186
2, 7, 0.020149598249959974
2, 8, 0.03336076474464766
2, 9, 0.02376637145356073
2, 10, 0.022787917944664376
2, 11, 0.026854988599063392
3, 4, 0.028496475986366374
3, 5, 0.024114021723574724
3, 6, 0.0318950821671033
3, 7, 0.019835772055364468
3, 8, 0.032575469662324566
3, 9, 0.022561388653364045
3, 10, 0.022326521193423245
3, 11, 0.02610954929116282
4, 5, 0.025701232687051954
4, 6, 0.03267543347351221
4, 7, 0.021529649328839513
4, 8, 0.03307877908968282
4, 9, 0.02630160659979402
4, 10, 0.024151782223762935
4, 11, 0.027845981531149137
5, 6, 0.02759419566134357
5, 7, 0.021052787887395324
5, 8, 0.028590915111121447
5, 9, 0.023162656953528198
5, 10, 0.0228005253486688
5, 11, 0.024882071015847964
6, 7, 0.02332075577501273
6, 8, 0.034529947911070294
6, 9, 0.029801112003529737
6, 10, 0.026172039573960654
6, 11, 0.030041248627713235
7, 8, 0.024638025371025284
7, 9, 0.019268967140370057
7, 10, 0.020154596116812015
7, 11, 0.021388580283748532
8, 9, 0.03094697397322094
8, 10, 0.027369041619592416
8, 11, 0.030839423327414506
9, 10, 0.02146547014280902
9, 11, 0.024677087102037563
10, 11, 0.023573741740874097
