7
0, 1, 0.010839954471582269
0, 2, 0.01065663266062591
0, 3, 0.010825609482127652
0, 4, 0.010857909204402785
0, 5, 0.010697357560826177
0, 6, 0.010819408704316994
1, 2, 0.010519585827221725
1, 3, 0.011167272479376602
1, 4, 0.010923510038860003
1, 5, 0.010578327029956026
1, 6, 0.010945457346858126
2, 3, 0.010491967898201816
2, 4, 0.010653720143975564
2, 5, 0.010517722435951244
2, 6, 0.010494708152487268
3, 4, 0.010907181245217595
3, 5, 0.010548391440805096
3, 6, 0.010595121344174015
4, 5, 0.01070339867078366
4, 6, 0.01089452862070057
5, 6, 0.010549879005267134
