7
0, 1, 0.011059731742495135
0, 2, 0.002666439226413133
0, 3, 0.012333703207798214
0, 4, 0.005403367720690126
0, 5, 0.012617829575935977
0, 6, 0.01893708955699201
1, 2, 0.0026842158444674255
1, 3, 0.012369204776678877
1, 4, 0.005403469260250608
1, 5, 0.012618131697501955
1, 6, 0.01893696122306412
2, 3, 0.0029752865440770323
2, 4, 0.005382088185258074
2, 5, 0.010342559150486354
2, 6, 0.018724295600501255
3, 4, 0.005405158700608758
3, 5, 0.012619720783912386
3, 6, 0.01893453786303972
4, 5, 0.005585715207249057
4, 6, 0.010361832201922085
5, 6, 0.0186662936978288
