20
0, 1, 0.032269313312610945
0, 2, 0.03197569397330547
0, 3, 0.03239117817609758
0, 4, 0.03237348674952165
0, 5, 0.03239103886321548
0, 6, 0.032157205432590465
0, 7, 0.03210342106493713
0, 8, 0.032179997235638455
0, 9, 0.03235725926644649
0, 10, 0.031362847794840824
0, 11, 0.030441954588984934
0, 12, 0.03235232470204216
0, 13, 0.03238932584185372
0, 14, 0.032247118712617324
0, 15, 0.032298826972701214
0, 16, 0.03221249535384505
0, 17, 0.0319055481493272
0, 18, 0.03239135806154865
0, 19, 0.031961870548890665
1, 2, 0.02612711328669559
1, 3, 0.026463327727832747
1, 4, 0.026522742366979404
1, 5, 0.026447580417262324
1, 6, 0.026601094030218896
1, 7, 0.026442202762171668
1, 8, 0.026014038248469686
1, 9, 0.026201472607741267
1, 10, 0.028563127851341467
1, 11, 0.027401117909993042
1, 12, 0.02641764266269691
1, 13, 0.026463965018461707
1, 14, 0.026347313684095836
1, 15, 0.026973347140680146
1, 16, 0.026598642758023594
1, 17, 0.027727222296179008
1, 18, 0.026455372414186298
1, 19, 0.029298149915488528
2, 3, 0.02604599901188547
2, 4, 0.026084038379638665
2, 5, 0.026041107949186
2, 6, 0.02628170843423497
2, 7, 0.026208883650669444
2, 8, 0.025944339897177947
2, 9, 0.025982229722271107
2, 10, 0.02827116146142566
2, 11, 0.027296263935559298
2, 12, 0.02606456492119508
2, 13, 0.026048060572746883
2, 14, 0.026097146108490923
2, 15, 0.02636621027576226
2, 16, 0.02624829261020199
2, 17, 0.02725338919284866
2, 18, 0.026043278447146354
2, 19, 0.028633923166019343
3, 4, 0.027272982408253748
3, 5, 0.03492794168819099
3, 6, 0.026698467761009356
3, 7, 0.026459216375066593
3, 8, 0.02576992332512533
3, 9, 0.025334666517910442
3, 10, 0.02868033835640013
3, 11, 0.02743320155038268
3, 12, 0.02647213200727914
3, 13, 0.029315808675878366
3, 14, 0.026301590542178677
3, 15, 0.02758362244262179
3, 16, 0.02672531744705744
3, 17, 0.027951749454072486
3, 18, 0.039269403345880964
3, 19, 0.02962592147044771
4, 5, 0.027182596186873964
4, 6, 0.026713111709344005
4, 7, 0.02648596553205058
4, 8, 0.025871801110378224
4, 9, 0.025970263133958484
4, 10, 0.028665482343291054
4, 11, 0.027430583569217095
4, 12, 0.026616079870897178
4, 13, 0.02720770834719734
4, 14, 0.02637308284502231
4, 15, 0.027487233208678772
4, 16, 0.026741750229779333
4, 17, 0.02792489426518856
4, 18, 0.027237292679147897
4, 19, 0.029578814599650106
5, 6, 0.026690951295846102
5, 7, 0.026452749739982902
5, 8, 0.025759236350330204
5, 9, 0.025257618677468858
5, 10, 0.02867966506663546
5, 11, 0.027432741680096982
5, 12, 0.026421598816614048
5, 13, 0.028763385770365073
5, 14, 0.02628774512025688
5, 15, 0.02756856579043077
5, 16, 0.026715442319927358
5, 17, 0.027949456856198835
5, 18, 0.040684125922767836
5, 19, 0.02962468082216504
6, 7, 0.026554686431331947
6, 8, 0.026277367935265108
6, 9, 0.02653448502963658
6, 10, 0.028478918513152405
6, 11, 0.027385984199942207
6, 12, 0.02664255762141409
6, 13, 0.026697063572752644
6, 14, 0.02653591075541492
6, 15, 0.02695575472666915
6, 16, 0.026693169894254347
6, 17, 0.027620912359965853
6, 18, 0.02669490529939942
6, 19, 0.029068602136538658
7, 8, 0.026172645312409627
7, 9, 0.02633913471623929
7, 10, 0.02841752215914339
7, 11, 0.027360550828113336
7, 12, 0.026437904306312963
7, 13, 0.02645950579476096
7, 14, 0.026390963691888213
7, 15, 0.026752640684129334
7, 16, 0.026547377311685782
7, 17, 0.027507509200289767
7, 18, 0.026455948544636
7, 19, 0.028934478649053026
8, 9, 0.02567705555015054
8, 10, 0.02844791950941577
8, 11, 0.02735112623347899
8, 12, 0.025850946656052098
8, 13, 0.025776909414614954
8, 14, 0.02597096260552593
8, 15, 0.026419992271499836
8, 16, 0.02622424793710539
8, 17, 0.027483299043878303
8, 18, 0.025763635152695103
8, 19, 0.029036003310958635
9, 10, 0.02863667700067945
9, 11, 0.027416080014354926
9, 12, 0.025869054188233705
9, 13, 0.0254072464783005
9, 14, 0.026095206983644866
9, 15, 0.027091657341820896
9, 16, 0.026512481355228445
9, 17, 0.027845220712188
9, 18, 0.025285460705041625
9, 19, 0.02951274549585925
10, 11, 0.027895704312276774
10, 12, 0.028640789926090277
10, 13, 0.028678553158077442
10, 14, 0.028536813835434497
10, 15, 0.028624794944744923
10, 16, 0.028525142776012594
10, 17, 0.028501618205587904
10, 18, 0.028680242865586934
10, 19, 0.028984993964594745
11, 12, 0.027421824409167635
11, 13, 0.027432751116436734
11, 14, 0.027390774907934776
11, 15, 0.02743585554322015
11, 16, 0.027397677902377612
11, 17, 0.02751430575112491
11, 18, 0.02743303272163953
11, 19, 0.02791616262877181
12, 13, 0.02647370263153555
12, 14, 0.02629457423290764
12, 15, 0.02725896755367816
12, 16, 0.026650184033634967
12, 17, 0.02786845533752468
12, 18, 0.026446589173521468
12, 19, 0.02951303756249924
13, 14, 0.026304224630481602
13, 15, 0.027566496062428142
13, 16, 0.026723214616416795
13, 17, 0.027948049718499842
13, 18, 0.029317016030319838
13, 19, 0.029620579841104656
14, 15, 0.026845528052262535
14, 16, 0.026521718506038603
14, 17, 0.027672666324359507
14, 18, 0.026294313952600536
14, 19, 0.029235060022518834
15, 16, 0.02702370005513183
15, 17, 0.02789359261921574
15, 18, 0.027578448198796058
15, 19, 0.02942560999688393
16, 17, 0.027687801747394707
16, 18, 0.02672067193649683
16, 19, 0.02918567300731294
17, 18, 0.027951104655279408
17, 19, 0.028952145337775927
18, 19, 0.02962602269782109
