40
0, 1, 0.02913941828055304
0, 2, 0.02671129387033122
0, 3, 0.015380884324229191
0, 4, 0.021276381552760314
0, 5, 0.01694110598173628
0, 6, 0.013534084866740615
0, 7, 0.017802992313131587
0, 8, 0.022129650855314372
0, 9, 0.019290254650278553
0, 10, 0.0168078537266614
0, 11, 0.018248654333239193
0, 12, 0.010930133506240374
0, 13, 0.01648040460540315
0, 14, 0.03181767181389266
0, 15, 0.01603039666104077
0, 16, 0.019550131587424753
0, 17, 0.017148360513270344
0, 18, 0.02126889356165742
0, 19, 0.016175471061448222
0, 20, 0.022939794222970086
0, 21, 0.01902247252328502
0, 22, 0.01956204251722901
0, 23, 0.016895229260566785
0, 24, 0.015560061648013436
0, 25, 0.01755408941747762
0, 26, 0.01520850296613452
0, 27, 0.023684173712047698
0, 28, 0.01610325559611392
0, 29, 0.02017767592435511
0, 30, 0.013896093392869497
0, 31, 0.012969856489475417
0, 32, 0.01179265223496825
0, 33, 0.018073337481106427
0, 34, 0.016885124800267756
0, 35, 0.01677240797595803
0, 36, 0.02506835228483474
0, 37, 0.016668193283923355
0, 38, 0.012970502810248079
0, 39, 0.020993165534061272
1, 2, 0.028852336347411828
1, 3, 0.02140516329318156
1, 4, 0.022600912388027177
1, 5, 0.0169539624239303
1, 6, 0.014739539559633403
1, 7, 0.017811930753794423
1, 8, 0.024212374265243447
1, 9, 0.02492524066916183
1, 10, 0.020805601646319265
1, 11, 0.018257614138166196
1, 12, 0.01680285847584024
1, 13, 0.022442128058237497
1, 14, 0.03160390803116914
1, 15, 0.0160982756462099
1, 16, 0.021837305026675965
1, 17, 0.017357240691271855
1, 18, 0.02366270270674164
1, 19, 0.018120806775613407
1, 20, 0.027703382290531767
1, 21, 0.022081677241147193
1, 22, 0.02069569524488738
1, 23, 0.01704831628048915
1, 24, 0.015587595111338323
1, 25, 0.01755920487907555
1, 26, 0.017471760095106106
1, 27, 0.027408091212812635
1, 28, 0.019666204293490707
1, 29, 0.020181808783303907
1, 30, 0.021463431164049446
1, 31, 0.0176655457249997
1, 32, 0.023550429845373234
1, 33, 0.026636270352136632
1, 34, 0.025182629778125794
1, 35, 0.02596686622515893
1, 36, 0.025739165521526972
1, 37, 0.02038766021716116
1, 38, 0.021821699037697123
1, 39, 0.022417245434465386
2, 3, 0.017631596539555903
2, 4, 0.021629846059767834
2, 5, 0.016944418571141047
2, 6, 0.013872504383060265
2, 7, 0.017805269061339668
2, 8, 0.022726315447449276
2, 9, 0.021572686080078653
2, 10, 0.01813098944220175
2, 11, 0.018250921589227725
2, 12, 0.01296960090990944
2, 13, 0.018753410212608908
2, 14, 0.031699889009181775
2, 15, 0.01604811693842445
2, 16, 0.02022395404302798
2, 17, 0.017202647638053396
2, 18, 0.021980722013133933
2, 19, 0.0167383617877605
2, 20, 0.02508413415422735
2, 21, 0.019982681577898145
2, 22, 0.019866509876961463
2, 23, 0.01693500590719939
2, 24, 0.015567268113080941
2, 25, 0.017555396591795575
2, 26, 0.015876176874786294
2, 27, 0.02511296856574438
2, 28, 0.01724167559196152
2, 29, 0.02017868397371687
2, 30, 0.016937004794483186
2, 31, 0.014535205926014344
2, 32, 0.0177124487357716
2, 33, 0.02264652417881095
2, 34, 0.020852286067250328
2, 35, 0.021578673123647907
2, 36, 0.025207650634689483
2, 37, 0.017874010562413105
2, 38, 0.016754617179250007
2, 39, 0.021378329488960023
3, 4, 0.020097302587351
3, 5, 0.01693907998342548
3, 6, 0.013720523829216826
3, 7, 0.01780060902813186
3, 8, 0.01984531407198204
3, 9, 0.016911704519087405
3, 10, 0.016292719604360777
3, 11, 0.018245701728114426
3, 12, 0.012644296647457497
3, 13, 0.015934492729824175
3, 14, 0.02984209319292821
3, 15, 0.016026498413394853
3, 16, 0.01838936474622369
3, 17, 0.017110453470019667
3, 18, 0.019224697271200897
3, 19, 0.016040738887621985
3, 20, 0.017129809776856183
3, 21, 0.017761127371103077
3, 22, 0.018963321410816962
3, 23, 0.01687201364964443
3, 24, 0.015559760950026352
3, 25, 0.017552894648295604
3, 26, 0.015255638198069533
3, 27, 0.017925325444284726
3, 28, 0.015890044468348675
3, 29, 0.020174902772945563
3, 30, 0.014754720668695627
3, 31, 0.013821888851957535
3, 32, 0.014432285000613195
3, 33, 0.015979405264363363
3, 34, 0.01585305700742595
3, 35, 0.015745426163082027
3, 36, 0.023240804357210213
3, 37, 0.016239515814767527
3, 38, 0.014464028298549985
3, 39, 0.019829312617554527
4, 5, 0.016964300747722774
4, 6, 0.015854722351252095
4, 7, 0.017816909599680755
4, 8, 0.02158527257853147
4, 9, 0.021043201545770447
4, 10, 0.01998673280478652
4, 11, 0.0182613155384925
4, 12, 0.018267071925173347
4, 13, 0.020419302977474497
4, 14, 0.028140076902750326
4, 15, 0.016166083274082706
4, 16, 0.020624599647046677
4, 17, 0.017490624182559714
4, 18, 0.021302522467697732
4, 19, 0.018595022830792163
4, 20, 0.021429809285703615
4, 21, 0.020587056464148067
4, 22, 0.020265748139472888
4, 23, 0.01716093819516792
4, 24, 0.015618717774997447
4, 25, 0.017562452821413353
4, 26, 0.018229522521374424
4, 27, 0.021552094635724633
4, 28, 0.019508810066330866
4, 29, 0.020180297262610055
4, 30, 0.020057558467387996
4, 31, 0.018592158323927955
4, 32, 0.02047089165917058
4, 33, 0.02112039291183921
4, 34, 0.02091295970709458
4, 35, 0.02100328148281195
4, 36, 0.023270479382303876
4, 37, 0.019827723368867543
4, 38, 0.020122645746688362
4, 39, 0.02115917072534563
5, 6, 0.016899024741539072
5, 7, 0.017434763300963156
5, 8, 0.01695474646300892
5, 9, 0.016943191650283112
5, 10, 0.016940932080142444
5, 11, 0.017676795133303842
5, 12, 0.01692794080744748
5, 13, 0.016940669396293285
5, 14, 0.01708679238808241
5, 15, 0.016787979942023877
5, 16, 0.01695017206558808
5, 17, 0.016952875680300076
5, 18, 0.01695205259209567
5, 19, 0.01693666482281904
5, 20, 0.01694358696328591
5, 21, 0.016946398493924215
5, 22, 0.01696194809423104
5, 23, 0.01693768982069862
5, 24, 0.01647012918978818
5, 25, 0.01737343367646434
5, 26, 0.01693184223511814
5, 27, 0.016945164920010653
5, 28, 0.016938863728582453
5, 29, 0.019200738296376134
5, 30, 0.016937913150423967
5, 31, 0.016930996814629992
5, 32, 0.016938551992735897
5, 33, 0.016941620740512153
5, 34, 0.016941198990127387
5, 35, 0.01694116210789461
5, 36, 0.01698796871927007
5, 37, 0.01694054453930939
5, 38, 0.01693769575453793
5, 39, 0.016961822128006877
6, 7, 0.01776351960296827
6, 8, 0.015020841537345097
6, 9, 0.013897783211256884
6, 10, 0.01403234835220876
6, 11, 0.018203244085310256
6, 12, 0.013145544625702459
6, 13, 0.01379812757135769
6, 14, 0.021601505276754106
6, 15, 0.015885113382476015
6, 16, 0.014833505293013813
6, 17, 0.016521378789628883
6, 18, 0.014827626644662662
6, 19, 0.01439187223461634
6, 20, 0.013823937392539308
6, 21, 0.014447536380199421
6, 22, 0.015880766941325324
6, 23, 0.01645678608333355
6, 24, 0.015512304566275215
6, 25, 0.017533181181172596
6, 26, 0.01404418177273451
6, 27, 0.01398985971527639
6, 28, 0.014010737103110921
6, 29, 0.020141927631617106
6, 30, 0.013566321373491029
6, 31, 0.0134404966022501
6, 32, 0.01346798816685675
6, 33, 0.013659624846733399
6, 34, 0.013675087664999662
6, 35, 0.013636965098227257
6, 36, 0.01718159115643583
6, 37, 0.014061022582640796
6, 38, 0.013499941597444791
6, 39, 0.015698144537665194
7, 8, 0.017811514862585302
7, 9, 0.017804026305702807
7, 10, 0.017801444691542708
7, 11, 0.018021296768127096
7, 12, 0.01779175652637709
7, 13, 0.017801900129791774
7, 14, 0.01790566957220227
7, 15, 0.017570631350578913
7, 16, 0.017807571169018883
7, 17, 0.017775233060642333
7, 18, 0.017809570518266357
7, 19, 0.01779584973021848
7, 20, 0.017804605709554305
7, 21, 0.017805360252354345
7, 22, 0.01781349505123738
7, 23, 0.017749943012854846
7, 24, 0.017178144695516685
7, 25, 0.01764349940852599
7, 26, 0.017792597240576077
7, 27, 0.017805660703165978
7, 28, 0.01779951652340221
7, 29, 0.019306482731353165
7, 30, 0.017799923875664685
7, 31, 0.017793801666968385
7, 32, 0.017800766970824587
7, 33, 0.017803168815195246
7, 34, 0.017802731957179272
7, 35, 0.017802794055132496
7, 36, 0.017834319779149812
7, 37, 0.017800974783263344
7, 38, 0.017799889846660262
7, 39, 0.017815211375759185
8, 9, 0.02150750721520266
8, 10, 0.019716490836079466
8, 11, 0.018256638894923776
8, 12, 0.017015765743564164
8, 13, 0.020388247111748557
8, 14, 0.02982595792444376
8, 15, 0.016108657989940992
8, 16, 0.020698251111295807
8, 17, 0.01735971922049313
8, 18, 0.021753920121404594
8, 19, 0.01799936879973016
8, 20, 0.02231808266065223
8, 21, 0.020654237512596884
8, 22, 0.02021472714984003
8, 23, 0.01705574240540222
8, 24, 0.015593222121682135
8, 25, 0.0175591370594627
8, 26, 0.01746860071190777
8, 27, 0.02249248668950156
8, 28, 0.019026958191233862
8, 29, 0.020179963566986966
8, 30, 0.01975618585869533
8, 31, 0.01760191865153283
8, 32, 0.020478323107990245
8, 33, 0.021734248160570842
8, 34, 0.021307715120379208
8, 35, 0.021499317062841073
8, 36, 0.024188803642320057
8, 37, 0.019487065612151553
8, 38, 0.019855219141827217
8, 39, 0.021407036898135643
9, 10, 0.017529049329834234
9, 11, 0.01824945021357678
9, 12, 0.013233016628197562
9, 13, 0.01769381808987616
9, 14, 0.03088196526553493
9, 15, 0.016044319985896935
9, 16, 0.01954219589898163
9, 17, 0.017180135250079477
9, 18, 0.020837872701791094
9, 19, 0.016573446661218138
9, 20, 0.020627181616123605
9, 21, 0.01914213395706721
9, 22, 0.0195570967509185
9, 23, 0.016920473402824
9, 24, 0.015566253384573257
9, 25, 0.017554753394421876
9, 26, 0.015766984177917668
9, 27, 0.021254230917163233
9, 28, 0.016863090769148752
9, 29, 0.02017744082186148
9, 30, 0.016293758700005684
9, 31, 0.014535168336130154
9, 32, 0.01649783911180151
9, 33, 0.01908006024945544
9, 34, 0.01846602095733414
9, 35, 0.01861130552439036
9, 36, 0.024383218428415187
9, 37, 0.017362431947698126
9, 38, 0.01609061452801758
9, 39, 0.02078933261618241
10, 11, 0.018246277980021094
10, 12, 0.01389138210842225
10, 13, 0.01672661879114005
10, 14, 0.029085939216796315
10, 15, 0.01603937938121332
10, 16, 0.01849914250085449
10, 17, 0.017138131892125655
10, 18, 0.019205189985975465
10, 19, 0.01636031239018491
10, 20, 0.017780806767661375
10, 21, 0.018007068408249255
10, 22, 0.018976174163928126
10, 23, 0.01689437636468642
10, 24, 0.015565593137807513
10, 25, 0.017553451321223417
10, 26, 0.015685558507936903
10, 27, 0.01828901169498947
10, 28, 0.016435861019973023
10, 29, 0.020174513180245917
10, 30, 0.01588193727310989
10, 31, 0.014763807166977233
10, 32, 0.015895644022941725
10, 33, 0.017026278410713476
10, 34, 0.016866666384010093
10, 35, 0.016848513233764652
10, 36, 0.022801000256386355
10, 37, 0.01675892456581528
10, 38, 0.01574375471283971
10, 39, 0.01974630271749143
11, 12, 0.01823618918632057
11, 13, 0.01824710344100151
11, 14, 0.018352221458665035
11, 15, 0.017947303825365454
11, 16, 0.018252244385066643
11, 17, 0.01820005959594948
11, 18, 0.018254649254745008
11, 19, 0.018239153243956696
11, 20, 0.018250207293016348
11, 21, 0.018250268470731013
11, 22, 0.018256859467834025
11, 23, 0.018166397363454795
11, 24, 0.017477211937694713
11, 25, 0.01779698599652398
11, 26, 0.018235953241284013
11, 27, 0.018251240502323962
11, 28, 0.01824406228127434
11, 29, 0.01948832314460843
11, 30, 0.018245087780977134
11, 31, 0.0182381932688978
11, 32, 0.01824616342107686
11, 33, 0.01824872639198791
11, 34, 0.018248205377283395
11, 35, 0.018248318367508093
11, 36, 0.018279304432418292
11, 37, 0.018245691117166486
11, 38, 0.018245121313969825
11, 39, 0.018259629636444022
12, 13, 0.012905482749053928
12, 14, 0.028023818307368133
12, 15, 0.015975634222589668
12, 16, 0.016191787376882497
12, 17, 0.016927402012140748
12, 18, 0.016442474580592153
12, 19, 0.014769125685883042
12, 20, 0.012750338472161643
12, 21, 0.015230047305769254
12, 22, 0.017698007405860736
12, 23, 0.01674216777714942
12, 24, 0.015540504609233818
12, 25, 0.017548018211509125
12, 26, 0.013978544049722822
12, 27, 0.013607201444641304
12, 28, 0.01384215266181953
12, 29, 0.02016891156122588
12, 30, 0.011910173278951667
12, 31, 0.012030049027306372
12, 32, 0.011089550768100965
12, 33, 0.01189763870608478
12, 34, 0.012094373704183793
12, 35, 0.011819048729757756
12, 36, 0.02118056251990383
12, 37, 0.013991424300644298
12, 38, 0.011514289059734886
12, 39, 0.017969051836646467
13, 14, 0.030175982788132612
13, 15, 0.016033586902110732
13, 16, 0.01878399646729447
13, 17, 0.017137099815084805
13, 18, 0.019755629934144318
13, 19, 0.016241699203650782
13, 20, 0.018152813833796095
13, 21, 0.018229672818018374
13, 22, 0.019173094922410795
13, 23, 0.016890706339280862
13, 24, 0.01556239403243881
13, 25, 0.01755360134232666
13, 26, 0.015453919171702923
13, 27, 0.018911563188179704
13, 28, 0.016242998189266184
13, 29, 0.020175818745414263
13, 30, 0.015295590851682948
13, 31, 0.014108559712050365
13, 32, 0.015122360556343062
13, 33, 0.016911698867163802
13, 34, 0.016670923034392406
13, 35, 0.016623996251782448
13, 36, 0.023616330350228254
13, 37, 0.016638082434713035
13, 38, 0.015033905645370747
13, 39, 0.02015674890948573
14, 15, 0.01676623194008531
14, 16, 0.028679819663001295
14, 17, 0.019237808371290164
14, 18, 0.029716679534218374
14, 19, 0.025931458685724607
14, 20, 0.03152278676976973
14, 21, 0.029275539372151882
14, 22, 0.026365785620388743
14, 23, 0.01847849465975059
14, 24, 0.01586477501981168
14, 25, 0.01761281834982868
14, 26, 0.02593746135843299
14, 27, 0.03140758914490588
14, 28, 0.02834910371083337
14, 29, 0.0202272819157759
14, 30, 0.03007611148082018
14, 31, 0.027942191175421485
14, 32, 0.03085906269347114
14, 33, 0.03139739267361102
14, 34, 0.031092465519217117
14, 35, 0.031281303092559595
14, 36, 0.029351861517551436
14, 37, 0.028777935240240467
14, 38, 0.030299676347352426
14, 39, 0.02815450465840287
15, 16, 0.016089747615572116
15, 17, 0.016285161837422738
15, 18, 0.016095036372309673
15, 19, 0.016035063184665906
15, 20, 0.01604430667891732
15, 21, 0.016067281204772077
15, 22, 0.01616474388747475
15, 23, 0.0162831432746013
15, 24, 0.015692345759591313
15, 25, 0.017435352208993664
15, 26, 0.016009334677115565
15, 27, 0.016052936136069215
15, 28, 0.01603189938653752
15, 29, 0.01984419550640613
15, 30, 0.016019456824830677
15, 31, 0.0159923004034737
15, 32, 0.016020027726314934
15, 33, 0.016034389647373033
15, 34, 0.016033159231995203
15, 35, 0.016032352305117736
15, 36, 0.016282167720226955
15, 37, 0.01603872266088497
15, 38, 0.016017483939268395
15, 39, 0.01615313728090882
16, 17, 0.017281533545811908
16, 18, 0.02030859820911558
16, 19, 0.017419867287827323
16, 20, 0.019948189341179288
16, 21, 0.019358763431720057
16, 22, 0.019574591008413876
16, 23, 0.01700187913471186
16, 24, 0.015586575490962836
16, 25, 0.017557012411592278
16, 26, 0.016902744543730988
16, 27, 0.02019955035424703
16, 28, 0.018017691814483316
16, 29, 0.02017682954350949
16, 30, 0.018223202679675383
16, 31, 0.01674757954272672
16, 32, 0.018571621982960917
16, 33, 0.019463075639181444
16, 34, 0.019235063152941108
16, 35, 0.019309280222595097
16, 36, 0.02303926509101338
16, 37, 0.018359581321290383
16, 38, 0.018232210115782722
16, 39, 0.020436368084935132
17, 18, 0.017316888410204543
17, 19, 0.01706131831336334
17, 20, 0.017188482877921192
17, 21, 0.01722563399304056
17, 22, 0.017435097298493178
17, 23, 0.017001612773562456
17, 24, 0.015724159889234056
17, 25, 0.017544287000807818
17, 26, 0.016987775985568842
17, 27, 0.017213959702544048
17, 28, 0.017102990071717998
17, 29, 0.020101684319298558
17, 30, 0.017092009091707806
17, 31, 0.016976713126233875
17, 32, 0.017104110426059308
17, 33, 0.017155839703295903
17, 34, 0.017148139805166506
17, 35, 0.01714800574906181
17, 36, 0.01785145738792925
17, 37, 0.017130977187824994
17, 38, 0.017088917866494698
17, 39, 0.017454068792196593
18, 19, 0.01769381995182676
18, 20, 0.021574891766664658
18, 21, 0.020189263615565622
18, 22, 0.019989052619334573
18, 23, 0.017024403691378195
18, 24, 0.015587755613865823
18, 25, 0.017558035858152108
18, 26, 0.017134875334277468
18, 27, 0.02180147414107589
18, 28, 0.018559690868563888
18, 29, 0.02017894317408888
18, 30, 0.019082755695096522
18, 31, 0.01708234717406891
18, 32, 0.019702350694411785
18, 33, 0.020957054058333244
18, 34, 0.020564629049140203
18, 35, 0.020727230597853027
18, 36, 0.02395389942242126
18, 37, 0.018999781154968465
18, 38, 0.019145059251472113
18, 39, 0.021112804527671825
19, 20, 0.016609839786977963
19, 21, 0.017025571300261052
19, 22, 0.018118690636593437
19, 23, 0.0168482804686619
19, 24, 0.015567282718165206
19, 25, 0.01755070001700538
19, 26, 0.0157234829917777
19, 27, 0.016860344355996884
19, 28, 0.01616421509264036
19, 29, 0.02016741222864254
19, 30, 0.01583858660233014
19, 31, 0.0152199817481332
19, 32, 0.01584054191478504
19, 33, 0.01629608562472683
19, 34, 0.0162501085192235
19, 35, 0.016229184990587262
19, 36, 0.02055955139887216
19, 37, 0.016333809567735683
19, 38, 0.01577493492234927
19, 39, 0.018405849677632567
20, 21, 0.019620974859090746
20, 22, 0.01974337729415815
20, 23, 0.016925076710763667
20, 24, 0.01556583938491644
20, 25, 0.017555031883579143
20, 26, 0.015745401338713282
20, 27, 0.023670212872269114
20, 28, 0.016975561661796063
20, 29, 0.020178231111090923
20, 30, 0.016367583268580756
20, 31, 0.014307892040609988
20, 32, 0.016720460928216965
20, 33, 0.0209539975299726
20, 34, 0.019646762961490847
20, 35, 0.0200907310836481
20, 36, 0.024982960410748593
20, 37, 0.01756399061765443
20, 38, 0.01610474185091879
20, 39, 0.02117250838868091
21, 22, 0.019450911374330214
21, 23, 0.016958371202946364
21, 24, 0.015576812521410391
21, 25, 0.017555673445524254
21, 26, 0.01641902517858137
21, 27, 0.019971043873743266
21, 28, 0.017494956608099226
21, 29, 0.0201765191234661
21, 30, 0.017499539190850313
21, 31, 0.01596037388245024
21, 32, 0.017820669040117594
21, 33, 0.018966599326507964
21, 34, 0.018697905793634336
21, 35, 0.018770575702781286
21, 36, 0.023281611317290726
21, 37, 0.017868735417072127
21, 38, 0.017468099200783835
21, 39, 0.020374026198601344
22, 23, 0.01712932532805661
22, 24, 0.015620908568734786
22, 25, 0.017560812477750844
22, 26, 0.017805106713250012
22, 27, 0.01986585411944955
22, 28, 0.018670545236489422
22, 29, 0.020175647473087532
22, 30, 0.018898810074527077
22, 31, 0.017962126803221658
22, 32, 0.019106312739528678
22, 33, 0.019522073590318573
22, 34, 0.01941449063985534
22, 35, 0.019451415127708857
22, 36, 0.02189525164557208
22, 37, 0.01888419462651536
22, 38, 0.018918452879473413
22, 39, 0.020136163392096923
23, 24, 0.01574539418316142
23, 25, 0.017531962399505566
23, 26, 0.01679311534904327
23, 27, 0.016943934159943774
23, 28, 0.016870626445212634
23, 29, 0.02006357552321768
23, 30, 0.016857947215223806
23, 31, 0.016778625407431177
23, 32, 0.01686502652843204
23, 33, 0.016901560212331163
23, 34, 0.01689661948072573
23, 35, 0.016896104546252774
23, 36, 0.017427107732704138
23, 37, 0.016890003336609234
23, 38, 0.016855174259810462
23, 39, 0.017133307144259584
24, 25, 0.01719942959120781
24, 26, 0.015556574896638758
24, 27, 0.015569393431373861
24, 28, 0.015563190906667287
24, 29, 0.019333251923048498
24, 30, 0.015556740311861944
24, 31, 0.01554737483737992
24, 32, 0.015556454833457214
24, 33, 0.015561916742384807
24, 34, 0.015561608503269155
24, 35, 0.015561165873068394
24, 36, 0.015665312842424384
24, 37, 0.015565591252203139
24, 38, 0.015555789335902528
24, 39, 0.015613328423423542
25, 26, 0.017548818502262663
25, 27, 0.017555642924961173
25, 28, 0.017552432147739088
25, 29, 0.018843733732925368
25, 30, 0.017552480754482454
25, 31, 0.01754920232545953
25, 32, 0.017552894224940933
25, 33, 0.017554221899525827
25, 34, 0.017553996895025643
25, 35, 0.017554017190941195
25, 36, 0.017572270841391718
25, 37, 0.01755321703012404
25, 38, 0.017552441061194825
25, 39, 0.017561474142469863
26, 27, 0.016046263435672153
26, 28, 0.015525384172823866
26, 29, 0.020166086125667147
26, 30, 0.015001594739750069
26, 31, 0.01449662881091569
26, 32, 0.014923484076068859
26, 33, 0.0153947173362443
26, 34, 0.015373250853162037
26, 35, 0.015329342856060673
26, 36, 0.02030447682251339
26, 37, 0.01568117604477514
26, 38, 0.014905964681624048
26, 39, 0.018022076702300955
27, 28, 0.017439300228557553
27, 29, 0.020178646811367665
27, 30, 0.017390496053102854
27, 31, 0.01497003513006026
27, 32, 0.01822030445786807
27, 33, 0.021851129749880974
27, 34, 0.020615821510730336
27, 35, 0.02111245509981419
27, 36, 0.024990035562451902
27, 37, 0.01803907212929118
27, 38, 0.017302785677226946
27, 39, 0.021308679126461887
28, 29, 0.020172780899209573
28, 30, 0.015512533491615655
28, 31, 0.014620979310794216
28, 32, 0.015460511821998226
28, 33, 0.016352334656549315
28, 34, 0.016259632792031742
28, 35, 0.01621845309018937
28, 36, 0.022150985231076375
28, 37, 0.016389590291670805
28, 38, 0.0153768103400512
28, 39, 0.019271950655517425
29, 30, 0.020174802242336226
29, 31, 0.020169720210642814
29, 32, 0.02017587592148193
29, 33, 0.02017744671554195
29, 34, 0.020176998429912135
29, 35, 0.020177177559936078
29, 36, 0.020189962424032714
29, 37, 0.020173951858737653
29, 38, 0.020174987267193727
29, 39, 0.020179558564415882
30, 31, 0.013254974622892105
30, 32, 0.013239699648413997
30, 33, 0.01495638471757358
30, 34, 0.014928552261441677
30, 35, 0.01471157275062513
30, 36, 0.02333622374427259
30, 37, 0.015856766568863784
30, 38, 0.013501785642731962
30, 39, 0.01977546288692443
31, 32, 0.012781098716332097
31, 33, 0.01358832189880441
31, 34, 0.013657900602458795
31, 35, 0.013490556675091267
31, 36, 0.02136037643173981
31, 37, 0.01480814516227359
31, 38, 0.012979009508538206
31, 39, 0.018318696165751915
32, 33, 0.014375170100625544
32, 34, 0.014438912502941915
32, 35, 0.01400718371228974
32, 36, 0.024018456030998395
32, 37, 0.015864425514078746
32, 38, 0.01255128941966043
32, 39, 0.02017797897032469
33, 34, 0.017505562081710065
33, 35, 0.017563659984110174
33, 36, 0.024722952589572945
33, 37, 0.0168808188496669
33, 38, 0.014451369632225021
33, 39, 0.020847058354917163
34, 35, 0.016969831925242044
34, 36, 0.024421073432608954
34, 37, 0.01674520389191461
34, 38, 0.014487972129349427
34, 39, 0.020639928803110053
35, 36, 0.02458447930647806
35, 37, 0.01672295496270118
35, 38, 0.01418815120520265
35, 39, 0.02072729583800094
36, 37, 0.022554494837521283
36, 38, 0.023495387099228226
36, 39, 0.023181819104092116
37, 38, 0.015728615711303406
37, 39, 0.019591139914908882
38, 39, 0.01983377187991893
