27
0, 1, 0.03074938474907051
0, 2, 0.02788190443006325
0, 3, 0.025930661357705904
0, 4, 0.03052462212535889
0, 5, 0.029383126467973912
0, 6, 0.02957674555509371
0, 7, 0.04329253648978504
0, 8, 0.028198205278529336
0, 9, 0.03281000817583708
0, 10, 0.03284785204910875
0, 11, 0.03686665628904202
0, 12, 0.02824222044386316
0, 13, 0.03530356951353603
0, 14, 0.03510190581844125
0, 15, 0.02799446080650958
0, 16, 0.030614929988456017
0, 17, 0.030065192287037155
0, 18, 0.02893048728028915
0, 19, 0.02935665909643792
0, 20, 0.030991395060308145
0, 21, 0.03104154214511257
0, 22, 0.03174170229944444
0, 23, 0.026936974273618627
0, 24, 0.038810880145638146
0, 25, 0.02843230180795418
0, 26, 0.03543116656133894
1, 2, 0.027879636742883507
1, 3, 0.026007730103368498
1, 4, 0.030147403255611934
1, 5, 0.02912276216777671
1, 6, 0.028542304401292382
1, 7, 0.03558675437859541
1, 8, 0.028121997115694203
1, 9, 0.03176077185103923
1, 10, 0.032820849939772696
1, 11, 0.030128579424959046
1, 12, 0.028170800230893012
1, 13, 0.03213401561780847
1, 14, 0.03025393835300266
1, 15, 0.027940369281018958
1, 16, 0.03049202597514081
1, 17, 0.029842234357950956
1, 18, 0.0289081681873405
1, 19, 0.02889721060937548
1, 20, 0.030819336743500726
1, 21, 0.029984650320997445
1, 22, 0.031725611056539364
1, 23, 0.027146223688584208
1, 24, 0.038773786335437856
1, 25, 0.02836502140469423
1, 26, 0.03531102815324761
2, 3, 0.026638494257780195
2, 4, 0.028415463308506222
2, 5, 0.028039935683371306
2, 6, 0.02771994895312016
2, 7, 0.02853145328468096
2, 8, 0.02774469103099599
2, 9, 0.028587492218323237
2, 10, 0.03241506190330851
2, 11, 0.02782810368062067
2, 12, 0.027773980794075184
2, 13, 0.028218258253157255
2, 14, 0.02786012671955374
2, 15, 0.027679347655149587
2, 16, 0.029317423007170745
2, 17, 0.02848983789568018
2, 18, 0.02859720700910992
2, 19, 0.02785152051024637
2, 20, 0.029346483479069728
2, 21, 0.028011963443916172
2, 22, 0.03147615226113553
2, 23, 0.02752753556769104
2, 24, 0.0382110248882163
2, 25, 0.027894914340859625
2, 26, 0.033780136124705325
3, 4, 0.02672305479922416
3, 5, 0.026364958644434083
3, 6, 0.025838596790335237
3, 7, 0.02645320420654254
3, 8, 0.026066234975435854
3, 9, 0.026704472443807758
3, 10, 0.032045999696317204
3, 11, 0.02588950794292832
3, 12, 0.026144258724141545
3, 13, 0.026253826036326863
3, 14, 0.025925408291906905
3, 15, 0.025895274831880623
3, 16, 0.02807248984342664
3, 17, 0.026931609465264437
3, 18, 0.027878585080828935
3, 19, 0.02605457399088529
3, 20, 0.02796655534739223
3, 21, 0.026153749089967718
3, 22, 0.03121020337398464
3, 23, 0.02588016674414689
3, 24, 0.03784816900579333
3, 25, 0.026404893799090428
3, 26, 0.03277737725467559
4, 5, 0.029717387781092834
4, 6, 0.02995877026136589
4, 7, 0.031982776318809164
4, 8, 0.029297759993235355
4, 9, 0.031109646302043423
4, 10, 0.03276194074750795
4, 11, 0.030386826634824473
4, 12, 0.02921864916356548
4, 13, 0.031015011249039985
4, 14, 0.03041035764930606
4, 15, 0.02951645074399882
4, 16, 0.0304864166722815
4, 17, 0.030041259393611904
4, 18, 0.029045604718521793
4, 19, 0.029818874886498654
4, 20, 0.03074533129912511
4, 21, 0.03027464327679607
4, 22, 0.03170131016832813
4, 23, 0.028880687526183717
4, 24, 0.03864250154099686
4, 25, 0.02909930631972148
4, 26, 0.03497214474030488
5, 6, 0.02875571032974071
5, 7, 0.031284182943791296
5, 8, 0.028438652503094936
5, 9, 0.0305157309066861
5, 10, 0.03274630288165536
5, 11, 0.029204719122235847
5, 12, 0.028436425493522155
5, 13, 0.030162621317734593
5, 14, 0.029270826705707065
5, 15, 0.028449576509291207
5, 16, 0.030269546524811265
5, 17, 0.029583327295406088
5, 18, 0.028904661256609076
5, 19, 0.028876090526204157
5, 20, 0.030500309913049715
5, 21, 0.029375548414689607
5, 22, 0.03168415950035439
5, 23, 0.027918164378430307
5, 24, 0.03865603076883519
5, 25, 0.028506502044582178
5, 26, 0.03496730916109488
6, 7, 0.03752897138249217
6, 8, 0.027468427837777476
6, 9, 0.031737143624620635
6, 10, 0.03282430200821339
6, 11, 0.028238168758775162
6, 12, 0.027647504543400345
6, 13, 0.032231819850185216
6, 14, 0.028842217898396715
6, 15, 0.02666560696803131
6, 16, 0.03044754638741724
6, 17, 0.029689008948967307
6, 18, 0.028865184105059512
6, 19, 0.028100895901133502
6, 20, 0.03077695249905299
6, 21, 0.029417967912166904
6, 22, 0.03172511512937393
6, 23, 0.02624003963491909
6, 24, 0.038789904459049285
6, 25, 0.028063198049583786
6, 26, 0.03534879964654224
7, 8, 0.030815979405866067
7, 9, 0.03472945744933173
7, 10, 0.03289306027686512
7, 11, 0.04282952547563397
7, 12, 0.030391083307627995
7, 13, 0.03872404436172409
7, 14, 0.04122166911258592
7, 15, 0.03262056071035755
7, 16, 0.031055572153703463
7, 17, 0.031119554440045598
7, 18, 0.0291545091755984
7, 19, 0.03296356620097993
7, 20, 0.03152331250929131
7, 21, 0.03461324920025685
7, 22, 0.03177916978140052
7, 23, 0.03000192998761525
7, 24, 0.038826378958355216
7, 25, 0.02975814844343248
7, 26, 0.035538230302821036
8, 9, 0.030094303613347802
8, 10, 0.032745131595310804
8, 11, 0.027949794661374934
8, 12, 0.027738623590759712
8, 13, 0.029433203120106548
8, 14, 0.028089301009100478
8, 15, 0.027378901972606128
8, 16, 0.030137882475765657
8, 17, 0.029247910487590532
8, 18, 0.028807634482669056
8, 19, 0.027986670007399007
8, 20, 0.030355264278729126
8, 21, 0.028556376501667233
8, 22, 0.031677903877267134
8, 23, 0.026987347759596516
8, 24, 0.038679768005003175
8, 25, 0.028015649557134082
8, 26, 0.03500580869055254
9, 10, 0.0328357439817417
9, 11, 0.03260245371283497
9, 12, 0.02989880357357897
9, 13, 0.03307079351162032
9, 14, 0.03254973828389815
9, 15, 0.030695890647434117
9, 16, 0.030825157273828896
9, 17, 0.03063986503825491
9, 18, 0.02914367757876871
9, 19, 0.031029643574067945
9, 20, 0.03118364951246508
9, 21, 0.03174715388839363
9, 22, 0.031747624245811484
9, 23, 0.029572869267661468
9, 24, 0.03873591813177899
9, 25, 0.029560704187287446
9, 26, 0.0352638075173904
10, 11, 0.03284368728226554
10, 12, 0.032723782109405665
10, 13, 0.03285429065761822
10, 14, 0.03284237681063041
10, 15, 0.032788349586287624
10, 16, 0.03260324376002562
10, 17, 0.03270740696624075
10, 18, 0.0320307777948703
10, 19, 0.03279333707260967
10, 20, 0.0326776713887063
10, 21, 0.03281670349685812
10, 22, 0.03221520297066736
10, 23, 0.03273175425677715
10, 24, 0.036514092250065994
10, 25, 0.032657427589005875
10, 26, 0.03349152038396357
11, 12, 0.02804447242021564
11, 13, 0.03477981652297482
11, 14, 0.03360512545973882
11, 15, 0.027488743313274333
11, 16, 0.03057613593047031
11, 17, 0.029969921052036205
11, 18, 0.028911933283271542
11, 19, 0.028971540593585556
11, 20, 0.03094369733232788
11, 21, 0.03062978684309179
11, 22, 0.03173838192763375
11, 23, 0.026649038367292825
11, 24, 0.038808887495030454
11, 25, 0.02831609766079092
11, 26, 0.035420069340018276
12, 13, 0.029264408575815432
12, 14, 0.028153477502393724
12, 15, 0.02753750002747128
12, 16, 0.03007584766699703
12, 17, 0.029189424803930282
12, 18, 0.028800647452289115
12, 19, 0.028047777785424506
12, 20, 0.030271589097846587
12, 21, 0.028535672325933147
12, 22, 0.031665549891054676
12, 23, 0.02716307882934431
12, 24, 0.038647822668830226
12, 25, 0.028046647153919118
12, 26, 0.03491349893630481
13, 14, 0.03441000822747006
13, 15, 0.030109152359420386
13, 16, 0.030765334622634685
13, 17, 0.03046010553600759
13, 18, 0.029033981834399935
13, 19, 0.030767035229485037
13, 20, 0.03115656072991015
13, 21, 0.032028053138939215
13, 22, 0.03175112040802062
13, 23, 0.028566515100471597
13, 24, 0.03879506175429096
13, 25, 0.0290637944908963
13, 26, 0.035409795282103224
14, 15, 0.027796444975901242
14, 16, 0.030581525065715907
14, 17, 0.02999330096615198
14, 18, 0.028919863987021472
14, 19, 0.029124329189160063
14, 20, 0.030947067939632162
14, 21, 0.030680080654065807
14, 22, 0.03173810469904608
14, 23, 0.02686319678942992
14, 24, 0.03880486618702822
14, 25, 0.028376024741572102
14, 26, 0.03540964489431462
15, 16, 0.0302773028941444
15, 17, 0.029397864052989896
15, 18, 0.02882289569691474
15, 19, 0.027783425830329327
15, 20, 0.03054771659249637
15, 21, 0.02863857585967209
15, 22, 0.03170285541273169
15, 23, 0.026441538843457603
15, 24, 0.038743945079728254
15, 25, 0.027938716406082604
15, 26, 0.035197720399457275
16, 17, 0.030353380535574064
16, 18, 0.02940503242131273
16, 19, 0.030365945139921607
16, 20, 0.030707334338669373
16, 21, 0.030524833246980663
16, 22, 0.03163947446131149
16, 23, 0.029996367192668415
16, 24, 0.038251518731206295
16, 25, 0.02992637371575695
16, 26, 0.034171060270798095
17, 18, 0.029047531044065215
17, 19, 0.029625922807480283
17, 20, 0.030561837425834078
17, 21, 0.029954131832039637
17, 22, 0.03167134698704276
17, 23, 0.028929375770766354
17, 24, 0.03855231827914784
17, 25, 0.029096562603284706
17, 26, 0.0347340709557062
18, 19, 0.028878198856976237
18, 20, 0.029426071776052456
18, 21, 0.028944651913988463
18, 22, 0.03126752638874106
18, 23, 0.02872960435208725
18, 24, 0.037430303927253994
18, 25, 0.028795399785552407
18, 26, 0.03258483331904985
19, 20, 0.03064952889917433
19, 21, 0.029355147792585353
19, 22, 0.03170872425112308
19, 23, 0.027174136161144044
19, 24, 0.038737854738899784
19, 25, 0.028263562636790262
19, 26, 0.03519495167917616
20, 21, 0.030848148471359263
20, 22, 0.03168159258754094
20, 23, 0.030187957392836518
20, 24, 0.038376809683151124
20, 25, 0.030071270387246083
20, 26, 0.034444905208810536
21, 22, 0.03172540410075934
21, 23, 0.0277419313582679
21, 24, 0.03875795582449545
21, 25, 0.0285939140463122
21, 26, 0.03527325170139795
22, 23, 0.03166603252226284
22, 24, 0.035625692865283956
22, 25, 0.03162787729387547
22, 26, 0.03248986947336837
23, 24, 0.03867871455298498
23, 25, 0.027619556354262963
23, 26, 0.03498014813386532
24, 25, 0.03854352170348614
24, 26, 0.03822167854347248
25, 26, 0.0346308319047563
