34
0, 1, 0.035379258718304565
0, 2, 0.03972410637341541
0, 3, 0.04004100139375352
0, 4, 0.03384965316213047
0, 5, 0.0403368348069442
0, 6, 0.04767278558370774
0, 7, 0.0391277735027564
0, 8, 0.039245418672240025
0, 9, 0.03436194001363942
0, 10, 0.05143328349425866
0, 11, 0.03717016501680603
0, 12, 0.031559487609043334
0, 13, 0.03571568802025907
0, 14, 0.04044312881827189
0, 15, 0.02890047539894922
0, 16, 0.037482716123094034
0, 17, 0.0432945844848436
0, 18, 0.033731866902612505
0, 19, 0.03203179703694664
0, 20, 0.030417906987503983
0, 21, 0.039437647864490014
0, 22, 0.044147198236380275
0, 23, 0.03695050758229625
0, 24, 0.031158172692111182
0, 25, 0.039266600409743516
0, 26, 0.03376201269139175
0, 27, 0.02876692626580918
0, 28, 0.0394334409340273
0, 29, 0.03632253793671235
0, 30, 0.03839403223198275
0, 31, 0.04235840833627513
0, 32, 0.03414992736302583
0, 33, 0.040204306844816504
1, 2, 0.03983947448632665
1, 3, 0.04029605293270165
1, 4, 0.03590315644053031
1, 5, 0.04058266233911591
1, 6, 0.047576537979633765
1, 7, 0.03977960484348746
1, 8, 0.039828540121318284
1, 9, 0.03453029069297365
1, 10, 0.051123135083976846
1, 11, 0.037693010199513585
1, 12, 0.03157260228289652
1, 13, 0.03706763498891975
1, 14, 0.04059651238425191
1, 15, 0.028903604231299007
1, 16, 0.037583962070861246
1, 17, 0.04328381114509279
1, 18, 0.03404003815115305
1, 19, 0.03207640978521685
1, 20, 0.030439713104517083
1, 21, 0.039502502780176016
1, 22, 0.04405813423965539
1, 23, 0.0370317138175419
1, 24, 0.031160713342858602
1, 25, 0.039790159834107226
1, 26, 0.03477314468159431
1, 27, 0.028792443994435063
1, 28, 0.03961501635688847
1, 29, 0.03759969443571655
1, 30, 0.038541735166646315
1, 31, 0.04238568503088166
1, 32, 0.03430584973714013
1, 33, 0.0403875879788041
2, 3, 0.0407389512605333
2, 4, 0.04011716916912557
2, 5, 0.040846149139713024
2, 6, 0.04548637384162129
2, 7, 0.040720041675151
2, 8, 0.040714346267905537
2, 9, 0.036448496823875076
2, 10, 0.04655516615129876
2, 11, 0.03986116312281155
2, 12, 0.03180179803949113
2, 13, 0.040201794082037806
2, 14, 0.04081140212215587
2, 15, 0.02896180454579111
2, 16, 0.03854702609888039
2, 17, 0.041987394139139725
2, 18, 0.03695180229864894
2, 19, 0.032800842419711436
2, 20, 0.030823490317516657
2, 21, 0.03991612646697749
2, 22, 0.04204607871768787
2, 23, 0.037919378226646185
2, 24, 0.031206406856871618
2, 25, 0.04068318939657627
2, 26, 0.039143821444392886
2, 27, 0.029251359635494467
2, 28, 0.04032630956179067
2, 29, 0.04032312703041597
2, 30, 0.03953664490652844
2, 31, 0.04176268957321934
2, 32, 0.03615335335724693
2, 33, 0.040732577920892056
3, 4, 0.041239433783234934
3, 5, 0.04228321291691684
3, 6, 0.04747008309853654
3, 7, 0.04264405138546761
3, 8, 0.0425413948924689
3, 9, 0.03550862266196554
3, 10, 0.05042123881291818
3, 11, 0.04022731105719541
3, 12, 0.03165078924635777
3, 13, 0.04136233470275887
3, 14, 0.04182338037784956
3, 15, 0.028921574875198332
3, 16, 0.03826675628023166
3, 17, 0.04395147281985537
3, 18, 0.03568371803922137
3, 19, 0.03234073987357811
3, 20, 0.03056672580773366
3, 21, 0.040027414526733064
3, 22, 0.04472619508846627
3, 23, 0.03757467434137613
3, 24, 0.031175823308577662
3, 25, 0.042356801939400814
3, 26, 0.03867299303805403
3, 27, 0.02893750971917432
3, 28, 0.04088507386121425
3, 29, 0.041712064230438696
3, 30, 0.039543487532054625
3, 31, 0.042965781018930324
3, 32, 0.035214435950730816
3, 33, 0.04175367340698034
4, 5, 0.041707191257678175
4, 6, 0.04823738534886564
4, 7, 0.04198684250390137
4, 8, 0.041769751331081136
4, 9, 0.03437165021693696
4, 10, 0.05277272651218668
4, 11, 0.03783804112443111
4, 12, 0.031554113557639256
4, 13, 0.03685715892306849
4, 14, 0.041251317492012766
4, 15, 0.028898349929932975
4, 16, 0.037601460878251676
4, 17, 0.04449320263275238
4, 18, 0.03370681029219975
4, 19, 0.03201614404480333
4, 20, 0.030406107970201365
4, 21, 0.03962145885095574
4, 22, 0.046266500064649115
4, 23, 0.03702276706210178
4, 24, 0.031157010978904973
4, 25, 0.04139834030046401
4, 26, 0.033662642302011686
4, 27, 0.028749233578644638
4, 28, 0.040001184696573176
4, 29, 0.037992835605185765
4, 30, 0.038667455648446834
4, 31, 0.04297714297026831
4, 32, 0.034151463482891324
4, 33, 0.04107378746550437
5, 6, 0.04763819523971847
5, 7, 0.04314244342847362
5, 8, 0.043007986546543704
5, 9, 0.03550208844999436
5, 10, 0.050773904084678564
5, 11, 0.040435550678328464
5, 12, 0.03164709807541228
5, 13, 0.04179210877953728
5, 14, 0.04202900601337384
5, 15, 0.028920405063716098
5, 16, 0.03829546558131608
5, 17, 0.04423652552190943
5, 18, 0.035676919939770464
5, 19, 0.03232985059864274
5, 20, 0.030559762205710377
5, 21, 0.04007748588805596
5, 22, 0.0451481448703896
5, 23, 0.03758956683651631
5, 24, 0.03117505390349992
5, 25, 0.04278150733835493
5, 26, 0.0388259503806855
5, 27, 0.028928136465876057
5, 28, 0.041037184558249014
5, 29, 0.042177512061023145
5, 30, 0.039617908410791526
5, 31, 0.04313215945973664
5, 32, 0.035204884542853136
5, 33, 0.0419725974499103
6, 7, 0.048322859125406965
6, 8, 0.048234931504860766
6, 9, 0.04109963595121042
6, 10, 0.05022721827427348
6, 11, 0.046988714242325244
6, 12, 0.03235755028796344
6, 13, 0.04811713807524545
6, 14, 0.046891990419391516
6, 15, 0.029084680278411174
6, 16, 0.04262607812089119
6, 17, 0.04773105132759261
6, 18, 0.04289536032875435
6, 19, 0.03451297443768494
6, 20, 0.03167446579846249
6, 21, 0.0436954078477684
6, 22, 0.04837263483375393
6, 23, 0.041382669653941946
6, 24, 0.031316530685131606
6, 25, 0.04810236218892293
6, 26, 0.04684012001786018
6, 27, 0.030177656766346136
6, 28, 0.046263593723749365
6, 29, 0.04821721442991527
6, 30, 0.04470822562702744
6, 31, 0.046673109075144756
6, 32, 0.04059665674890454
6, 33, 0.04700549260852382
7, 8, 0.044429295463703604
7, 9, 0.03488704641750988
7, 10, 0.052643126928067455
7, 11, 0.0398748456021271
7, 12, 0.03158895889716761
7, 13, 0.04211227422173714
7, 14, 0.04218860190844373
7, 15, 0.028906036009769036
7, 16, 0.03798737611539872
7, 17, 0.04512164250233615
7, 18, 0.03463900607150416
7, 19, 0.03213718939599457
7, 20, 0.030462037412085103
7, 21, 0.03994169261247167
7, 22, 0.04695012074302738
7, 23, 0.03731623911976471
7, 24, 0.031163662359312286
7, 25, 0.043843825641077604
7, 26, 0.03707489766792497
7, 27, 0.028811882212193936
7, 28, 0.0409026762025341
7, 29, 0.04300074467595177
7, 30, 0.03929528801873534
7, 31, 0.04344675999203402
7, 32, 0.034622686195282956
7, 33, 0.04212897423924736
8, 9, 0.034942868962441344
8, 10, 0.05240013420314084
8, 11, 0.039900724396021686
8, 12, 0.031594150834350944
8, 13, 0.04192547107589752
8, 14, 0.04213312470724141
8, 15, 0.028907348417794625
8, 16, 0.038010222657515504
8, 17, 0.044971983145446294
8, 18, 0.03473963209359728
8, 19, 0.032154495722394066
8, 20, 0.030470901757647703
8, 21, 0.03994599263543203
8, 22, 0.046639032492616035
8, 23, 0.037337550652726766
8, 24, 0.031164680599512443
8, 25, 0.04357414907501162
8, 26, 0.03727770820674556
8, 27, 0.02882258521372903
8, 28, 0.04088947494698546
8, 29, 0.04270709857517594
8, 30, 0.03931373009852078
8, 31, 0.04338805133323034
8, 32, 0.0346755100508183
8, 33, 0.04206991315449758
9, 10, 0.04056723460236846
9, 11, 0.034922528815664884
9, 12, 0.03170005411231712
9, 13, 0.03452821722024638
9, 14, 0.03600651289581307
9, 15, 0.02895527829115685
9, 16, 0.03608494871383889
9, 17, 0.03672591407678613
9, 18, 0.03414510939809984
9, 19, 0.032402315381874554
9, 20, 0.030708550579005803
9, 21, 0.03717374022768947
9, 22, 0.03625315328869759
9, 23, 0.035989434564644554
9, 24, 0.031189416513349534
9, 25, 0.03500456421934857
9, 26, 0.0343123224883265
9, 27, 0.029191233640049025
9, 28, 0.035902466818608286
9, 29, 0.03457699128869831
9, 30, 0.036021291069342064
9, 31, 0.037338048538965156
9, 32, 0.03426693716977006
9, 33, 0.03583526345368146
10, 11, 0.049683305667541304
10, 12, 0.032115597635127474
10, 13, 0.05237874940719788
10, 14, 0.04909183995437875
10, 15, 0.02902216856695357
10, 16, 0.04253760970070657
10, 17, 0.050422785323013086
10, 18, 0.04287327379421271
10, 19, 0.0338651386921718
10, 20, 0.03128901106585218
10, 21, 0.04389712047339249
10, 22, 0.05195821594821676
10, 23, 0.041044765041065925
10, 24, 0.03126588970475939
10, 25, 0.05205503285741415
10, 26, 0.04962689339076992
10, 27, 0.02972603879730618
10, 28, 0.047979701286354454
10, 29, 0.0525884742316081
10, 30, 0.04541208267121621
10, 31, 0.048300890241634455
10, 32, 0.03996787922637816
10, 33, 0.04936693296063603
11, 12, 0.03161077915114169
11, 13, 0.038314576081178296
11, 14, 0.040488818341964515
11, 15, 0.028913382772217815
11, 16, 0.037747456452002656
11, 17, 0.04266434555006911
11, 18, 0.03473451013186336
11, 19, 0.03220229009449116
11, 20, 0.030505077201400266
11, 21, 0.03953665462170178
11, 22, 0.04302558827704677
11, 23, 0.03718135707589832
11, 24, 0.031168236995824296
11, 25, 0.039871333648319
11, 26, 0.03635730556365508
11, 27, 0.02887174823106401
11, 28, 0.03968185498993334
11, 29, 0.03863894254974828
11, 30, 0.03870627731445839
11, 31, 0.042086202876311964
11, 32, 0.034677578655021926
11, 33, 0.04031364539162417
12, 13, 0.03156611151883913
12, 14, 0.031708634735010094
12, 15, 0.029327494320978365
12, 16, 0.031893801291458884
12, 17, 0.03175688216440393
12, 18, 0.03161611785552595
12, 19, 0.03165225498721615
12, 20, 0.03109497361858716
12, 21, 0.0320170409800589
12, 22, 0.031696363096747456
12, 23, 0.03197118121698889
12, 24, 0.031218797723821964
12, 25, 0.03160050287121759
12, 26, 0.03156561145681423
12, 27, 0.03045907290451308
12, 28, 0.03171484062128186
12, 29, 0.03156836033303879
12, 30, 0.03177891825551053
12, 31, 0.03186391575583512
12, 32, 0.03170292591268238
12, 33, 0.031689577943117865
13, 14, 0.041331008945508715
13, 15, 0.028901234324303516
13, 16, 0.03768972291452785
13, 17, 0.044369468960469435
13, 18, 0.034003871880154704
13, 19, 0.03205713284531005
13, 20, 0.03042618283674898
13, 21, 0.03967260485197088
13, 22, 0.045899110382328474
13, 23, 0.037094350760002774
13, 24, 0.031159334396299265
13, 25, 0.04159910711678195
13, 26, 0.034821573285467824
13, 27, 0.028772863297392454
13, 28, 0.04013383507224773
13, 29, 0.03926814299248262
13, 30, 0.03879114781629198
13, 31, 0.04296072163202183
13, 32, 0.03429633411691805
13, 33, 0.04117443857087344
14, 15, 0.02893610721848744
14, 16, 0.03851203925107675
14, 17, 0.043421732534913694
14, 18, 0.03642340700400816
14, 19, 0.03252588325472831
14, 20, 0.030663560073193485
14, 21, 0.04012738406676691
14, 22, 0.04387220548137523
14, 23, 0.0378052235756718
14, 24, 0.031187292809608316
14, 25, 0.04202222170181801
14, 26, 0.039395142836291495
14, 27, 0.02905297490997645
14, 28, 0.04095345857211553
14, 29, 0.04155833986981752
14, 30, 0.03976407449137076
14, 31, 0.04272452408012719
14, 32, 0.0356950854783935
14, 33, 0.04165394783550457
15, 16, 0.028996657898176403
15, 17, 0.028945348214289394
15, 18, 0.028925709947900245
15, 19, 0.02905676342507306
15, 20, 0.029067531382678535
15, 21, 0.029022285355632928
15, 22, 0.028930208352528207
15, 23, 0.029025330384632918
15, 24, 0.0300469531369556
15, 25, 0.028909002452543
15, 26, 0.028903351813846366
15, 27, 0.028880470431865198
15, 28, 0.028939066205957275
15, 29, 0.028901578730330797
15, 30, 0.028958872115459038
15, 31, 0.028972968560109405
15, 32, 0.028959149366740104
15, 33, 0.028931448123461715
16, 17, 0.03920405890157529
16, 18, 0.03632087321353415
16, 19, 0.03300068112535734
16, 20, 0.030999813250684394
16, 21, 0.038701271246514325
16, 22, 0.03898462019518987
16, 23, 0.03731486800077827
16, 24, 0.031227676873297517
16, 25, 0.03802850409181719
16, 26, 0.03727971430919498
16, 27, 0.029501023910619924
16, 28, 0.038308830716438216
16, 29, 0.037744341941668924
16, 30, 0.03807160347947985
16, 31, 0.03944320299775833
16, 32, 0.03588198342946325
16, 33, 0.038410440874625765
17, 18, 0.03753216861496688
17, 19, 0.03269341856326364
17, 20, 0.030735585464391677
17, 21, 0.04081640687337085
17, 22, 0.046071289182916454
17, 23, 0.03833059555622685
17, 24, 0.031196370391945696
17, 25, 0.04474010218091392
17, 26, 0.0417948540494211
17, 27, 0.02912659649478319
17, 28, 0.04248836522992615
17, 29, 0.044633054733699745
17, 30, 0.04085903677710016
17, 31, 0.043973181394014224
17, 32, 0.03635404983067427
17, 33, 0.04346166761091056
18, 19, 0.0321785032158766
18, 20, 0.030547899148091303
18, 21, 0.03770071673267352
18, 22, 0.0368921939540994
18, 23, 0.036156225786339716
18, 24, 0.031171042998391504
18, 25, 0.034849780010249395
18, 26, 0.03370538137733273
18, 27, 0.028969264866171855
18, 28, 0.03624011738908429
18, 29, 0.034086786770267524
18, 30, 0.0363337511820922
18, 31, 0.03823716435777595
18, 32, 0.034011271625569064
18, 33, 0.036173855374096155
19, 20, 0.030879963156609642
19, 21, 0.033381924212586934
19, 22, 0.03250150488326483
19, 23, 0.03316170420095572
19, 24, 0.031198850107962375
19, 25, 0.03217541586279622
19, 26, 0.03204795909924996
19, 27, 0.029737921782880247
19, 28, 0.03253816503765296
19, 29, 0.03206546519430499
19, 30, 0.03271549859552642
19, 31, 0.033015850353190386
19, 32, 0.03239832631273582
19, 33, 0.03246477957745423
20, 21, 0.031182845445522793
20, 22, 0.03063477996638768
20, 23, 0.031140579194743005
20, 24, 0.031073869103890168
20, 25, 0.030481890881571244
20, 26, 0.030432797835508153
20, 27, 0.02958641452723555
20, 28, 0.030677906357668254
20, 29, 0.030429285472121186
20, 30, 0.030793503379556133
20, 31, 0.030913533964651994
20, 32, 0.030721408625886435
20, 33, 0.03063214977894782
21, 22, 0.04074444374778194
21, 23, 0.03818547262264369
21, 24, 0.03125193494817531
21, 25, 0.039939534560708305
21, 26, 0.0391419962626033
21, 27, 0.02969260156819595
21, 28, 0.03986077859352985
21, 29, 0.03973179940062946
21, 30, 0.0394033633394734
21, 31, 0.040831683326351856
21, 32, 0.036916646252023504
21, 33, 0.04006546602211814
22, 23, 0.03810749686523432
22, 24, 0.03118434911207074
22, 25, 0.04619637781936325
22, 26, 0.041863517356715806
22, 27, 0.02900681607513053
22, 28, 0.042679713662024034
22, 29, 0.04633660985515035
22, 30, 0.04074436974151843
22, 31, 0.04437353555162292
22, 32, 0.0358907222276543
22, 33, 0.043957233698716056
23, 24, 0.031245895722571155
23, 25, 0.03735727541547335
23, 26, 0.03682017045262201
23, 27, 0.02969442797588058
23, 28, 0.037671212694848896
23, 29, 0.03713272027194449
23, 30, 0.03755603464971923
23, 31, 0.038614880164772956
23, 32, 0.03582330424433916
23, 33, 0.0377151873611358
24, 25, 0.031165934961733956
24, 26, 0.031159566964869167
24, 27, 0.03090021826436479
24, 28, 0.031188784593992346
24, 29, 0.03115974123206043
24, 30, 0.0312023513385037
24, 31, 0.03121802906637903
24, 32, 0.031190569679660305
24, 33, 0.03118352737399347
25, 26, 0.037444502469663965
25, 27, 0.028836057448871442
25, 28, 0.04083812157654641
25, 29, 0.042265823078036564
25, 30, 0.03931641215618403
25, 31, 0.04328565611289383
25, 32, 0.034734617844141634
25, 33, 0.041951116264856265
26, 27, 0.02879078147688934
26, 28, 0.03865235900423723
26, 29, 0.03516617279584229
26, 30, 0.03797136085894229
26, 31, 0.04148549923214598
26, 32, 0.03411520497247232
26, 33, 0.03910450150639662
27, 28, 0.029075831816795388
27, 29, 0.02877561943451197
27, 30, 0.02922726294412639
27, 31, 0.029339700430084967
27, 32, 0.029218147345140968
27, 33, 0.029016135788165465
28, 29, 0.04031526294750979
28, 30, 0.03937372685375166
28, 31, 0.04208295109392959
28, 32, 0.035611837115509366
28, 33, 0.04085725441308115
29, 30, 0.03889470334548493
29, 31, 0.043107212530481484
29, 32, 0.034339618273149505
29, 33, 0.041425266654326394
30, 31, 0.040872953549282644
30, 32, 0.03576407524714542
30, 33, 0.0396505388305061
31, 32, 0.03697316543317354
31, 33, 0.04272317267585536
32, 33, 0.035530877590281104
