12
0, 1, 0.029207049641274744
0, 2, 0.028008096014813546
0, 3, 0.03210383019573792
0, 4, 0.026613602799882105
0, 5, 0.026430797190243018
0, 6, 0.026467265612823795
0, 7, 0.03116930203563238
0, 8, 0.019092975154728756
0, 9, 0.03242322664907827
0, 10, 0.030813896365218935
0, 11, 0.0319218982928365
1, 2, 0.028242372464297314
1, 3, 0.031966787166767985
1, 4, 0.026675101034557242
1, 5, 0.028538465811377103
1, 6, 0.027905418098996614
1, 7, 0.03085985181916517
1, 8, 0.019617459609458057
1, 9, 0.0320915493583462
1, 10, 0.030462640769120385
1, 11, 0.031120211506272054
2, 3, 0.03062763754933366
2, 4, 0.02677747751997896
2, 5, 0.027872327682874128
2, 6, 0.027751299160135925
2, 7, 0.028753053556006256
2, 8, 0.02151146725770077
2, 9, 0.029949972398605813
2, 10, 0.028310131993445772
2, 11, 0.028560231059854165
3, 4, 0.027647881038405132
3, 5, 0.03200274019371618
3, 6, 0.03169001727534639
3, 7, 0.032165558033385284
3, 8, 0.0241679089112632
3, 9, 0.03237081418750234
3, 10, 0.03224716290456307
3, 11, 0.032309129985930496
4, 5, 0.026595205991669667
4, 6, 0.02659391791663354
4, 7, 0.026775229285706945
4, 8, 0.024613893091017698
4, 9, 0.02714686418783846
4, 10, 0.026661522660350736
4, 11, 0.026709128407780766
5, 6, 0.025828541300275475
5, 7, 0.03061326420858755
5, 8, 0.019061276255035876
5, 9, 0.03219261065947402
5, 10, 0.029429477468573165
5, 11, 0.030860671379974218
6, 7, 0.029559907832216476
6, 8, 0.01934477413920695
6, 9, 0.03151235817594185
6, 10, 0.028067107505387903
6, 11, 0.029163943320084457
7, 8, 0.020065297642567103
7, 9, 0.032479542198742314
7, 10, 0.032019368495164464
7, 11, 0.03235565785070934
8, 9, 0.02192393165847663
8, 10, 0.019282266376110427
8, 11, 0.01953465396144338
9, 10, 0.032735348892393566
9, 11, 0.032843689142764976
10, 11, 0.03336187873009593
