26
0, 1, 0.03088310444996562
0, 2, 0.030801679372653
0, 3, 0.03087267784467656
0, 4, 0.03086006914026963
0, 5, 0.030193055966913636
0, 6, 0.030928092662122063
0, 7, 0.028501206620788717
0, 8, 0.030901483045851164
0, 9, 0.02942401049213717
0, 10, 0.029505488204095754
0, 11, 0.0262147076889097
0, 12, 0.03088810464818225
0, 13, 0.03089063499646398
0, 14, 0.03088230897372044
0, 15, 0.030704308185986663
0, 16, 0.031013627657352237
0, 17, 0.0298081165831641
0, 18, 0.03074863033929341
0, 19, 0.03088832121597939
0, 20, 0.03055850105572233
0, 21, 0.03088401519660183
0, 22, 0.0309267682917136
0, 23, 0.027724529122422185
0, 24, 0.030901903751612978
0, 25, 0.03099699980103507
1, 2, 0.02630960696264176
1, 3, 0.030228225584825158
1, 4, 0.027445304205932768
1, 5, 0.0297517455908434
1, 6, 0.03446445192246102
1, 7, 0.026041044334416272
1, 8, 0.03195796419183128
1, 9, 0.026850487833625862
1, 10, 0.026309448869483817
1, 11, 0.024955122721540594
1, 12, 0.030901969436767627
1, 13, 0.03143256122940153
1, 14, 0.029462804672394437
1, 15, 0.027034762837653777
1, 16, 0.03134947343287063
1, 17, 0.028674372908677727
1, 18, 0.03073120408930021
1, 19, 0.031006891129623747
1, 20, 0.024237254209553548
1, 21, 0.029827994553659348
1, 22, 0.036042071878564855
1, 23, 0.026421994900130016
1, 24, 0.03171150626556664
1, 25, 0.03934252186506328
2, 3, 0.028300761658797365
2, 4, 0.025993648125566114
2, 5, 0.02970988274909965
2, 6, 0.029254421496271978
2, 7, 0.026028347124169914
2, 8, 0.02836538625420191
2, 9, 0.0268088579200677
2, 10, 0.026272744825169097
2, 11, 0.024956010035992626
2, 12, 0.028337097042717054
2, 13, 0.026810250468722714
2, 14, 0.026088137842177225
2, 15, 0.02661714799997196
2, 16, 0.031118715402597866
2, 17, 0.028621798553583724
2, 18, 0.03072111213698005
2, 19, 0.026417986386274465
2, 20, 0.024443596440248735
2, 21, 0.026110961025035608
2, 22, 0.02890945165175968
2, 23, 0.026414607689225603
2, 24, 0.028732718404330778
2, 25, 0.03188351524616656
3, 4, 0.02945504258200033
3, 5, 0.029758485505792718
3, 6, 0.03187561410832168
3, 7, 0.026122905287200876
3, 8, 0.030983393622720755
3, 9, 0.026962179853847305
3, 10, 0.026477539196337444
3, 11, 0.02498234596155397
3, 12, 0.030602513336762577
3, 13, 0.030556527063640503
3, 14, 0.03017261351869943
3, 15, 0.027936328698275965
3, 16, 0.031299912043887476
3, 17, 0.028706421223280165
3, 18, 0.030730230426590125
3, 19, 0.030437197780195987
3, 20, 0.025857748937506253
3, 21, 0.030239999841811104
3, 22, 0.03195998766948655
3, 23, 0.026452129362850428
3, 24, 0.030985137895998358
3, 25, 0.03400658530736549
4, 5, 0.029739544743565154
4, 6, 0.032060279076642016
4, 7, 0.026034647847098743
4, 8, 0.030312708020701736
4, 9, 0.02683464206863237
4, 10, 0.026293005557073344
4, 11, 0.0249544720422979
4, 12, 0.02981448815296996
4, 13, 0.02852056362664598
4, 14, 0.02700417896127391
4, 15, 0.026853261547211807
4, 16, 0.03128370739116995
4, 17, 0.028658188336221357
4, 18, 0.03072836538752492
4, 19, 0.02782292599049952
4, 20, 0.02423911160977761
4, 21, 0.027096956530088572
4, 22, 0.03232429188037699
4, 23, 0.02641888446405062
4, 24, 0.030458900841015924
4, 25, 0.03615266072097112
5, 6, 0.029785352119735594
5, 7, 0.028334244210068655
5, 8, 0.02976941990480491
5, 9, 0.02897985764480404
5, 10, 0.02900791908635855
5, 11, 0.02638113895614133
5, 12, 0.02976441317043166
5, 13, 0.029756910700918453
5, 14, 0.029750720835348927
5, 15, 0.0296675465064469
5, 16, 0.03005924012297099
5, 17, 0.029344735485693673
5, 18, 0.030570310903177356
5, 19, 0.02975456510011341
5, 20, 0.029574293979888495
5, 21, 0.029751614594679187
5, 22, 0.029781774263668653
5, 23, 0.0277291476731808
5, 24, 0.029772865652209313
5, 25, 0.029830682212961344
6, 7, 0.026121080570226603
6, 8, 0.033904391851735015
6, 9, 0.02697683612341879
6, 10, 0.026483310334128995
6, 11, 0.024978130330343566
6, 12, 0.03274219950375504
6, 13, 0.03495102496799605
6, 14, 0.03463130048329063
6, 15, 0.028293839314873996
6, 16, 0.03146056298161895
6, 17, 0.028737357499117377
6, 18, 0.03073702253893559
6, 19, 0.03519262853126237
6, 20, 0.02577260892631279
6, 21, 0.03489379958258649
6, 22, 0.03678559556987905
6, 23, 0.026453043304488093
6, 24, 0.03336735519671227
6, 25, 0.038757288030117965
7, 8, 0.02610100222169983
7, 9, 0.026329621937292918
7, 10, 0.026111456263688073
7, 11, 0.02517558722757119
7, 12, 0.026111598829076155
7, 13, 0.026051335583373497
7, 14, 0.02603662653179516
7, 15, 0.026072605203114503
7, 16, 0.027511438396671355
7, 17, 0.027339492730743375
7, 18, 0.030223556244469683
7, 19, 0.0260429141098669
7, 20, 0.025931336577664207
7, 21, 0.02603704062712435
7, 22, 0.02610108123098863
7, 23, 0.026308426871815546
7, 24, 0.026123186289659546
7, 25, 0.026200767754720383
8, 9, 0.026940540474785196
8, 10, 0.026437495128092712
8, 11, 0.024973314543547422
8, 12, 0.031607172927233515
8, 13, 0.03248282191970911
8, 14, 0.031955896505165365
8, 15, 0.027900154396188752
8, 16, 0.03138803131846516
8, 17, 0.02871276738570648
8, 18, 0.030733688793509746
8, 19, 0.03244992283286923
8, 20, 0.02545600324245792
8, 21, 0.03212409459327186
8, 22, 0.03452721780986614
8, 23, 0.026444774818640875
8, 24, 0.0321706602908813
8, 25, 0.036937283852646115
9, 10, 0.026601746732333925
9, 11, 0.025202049126735956
9, 12, 0.026951220374056326
9, 13, 0.026867322919726766
9, 14, 0.02684397444706667
9, 15, 0.02684284901473659
9, 16, 0.028630573633955353
9, 17, 0.027986684301838448
9, 18, 0.030473612837840235
9, 19, 0.026854686154807007
9, 20, 0.026606985971968918
9, 21, 0.02684506591993185
9, 22, 0.026948443961561267
9, 23, 0.026498124699732003
9, 24, 0.026971605195092525
9, 25, 0.0271094016874507
10, 11, 0.025091204600732914
10, 12, 0.026457090444398892
10, 13, 0.02633220676709991
10, 14, 0.026299978212131443
10, 15, 0.026351018799283192
10, 16, 0.028641273321983175
10, 17, 0.02792932785147702
10, 18, 0.030504473362996325
10, 19, 0.026314086042219787
10, 20, 0.026050323268425452
10, 21, 0.02630107329706548
10, 22, 0.026441759989740597
10, 23, 0.026399389869680562
10, 24, 0.026483099079466575
10, 25, 0.02665874790158
11, 12, 0.024977629920163565
11, 13, 0.02495796097802464
11, 14, 0.02495375752884214
11, 15, 0.024976782546717428
11, 16, 0.025536490896022675
11, 17, 0.025710717205034702
11, 18, 0.028899159675944086
11, 19, 0.024955404317025955
11, 20, 0.02493913267634189
11, 21, 0.024953786731073412
11, 22, 0.02497172822836181
11, 23, 0.025532191452302563
11, 24, 0.024980520100083628
11, 25, 0.02499962334586492
12, 13, 0.031312703129923423
12, 14, 0.030856292471036134
12, 15, 0.027922451265289704
12, 16, 0.03134662950598626
12, 17, 0.02871001496357117
12, 18, 0.030732092122861373
12, 19, 0.031207262528371194
12, 20, 0.025664787127947838
12, 21, 0.03095711021791463
12, 22, 0.033005853543101774
12, 23, 0.026448337341262725
12, 24, 0.03151855524113435
12, 25, 0.035273838489649295
13, 14, 0.03134107908791772
13, 15, 0.02722265797441786
13, 16, 0.03136903681641623
13, 17, 0.028683474862670078
13, 18, 0.030732160925727267
13, 19, 0.03270536555603862
13, 20, 0.02444428154701339
13, 21, 0.03178499597230526
13, 22, 0.03665771899706375
13, 23, 0.0264260287180973
13, 24, 0.03211234030857101
13, 25, 0.03958861137691371
14, 15, 0.02696239747513022
14, 16, 0.03134823467000503
14, 17, 0.02867186373322636
14, 18, 0.03073109044373294
14, 19, 0.030785218273607407
14, 20, 0.02412864994003831
14, 21, 0.029294122753830004
14, 22, 0.03646508547142771
14, 23, 0.026420343861674005
14, 24, 0.03169932943934286
14, 25, 0.03977041948544763
15, 16, 0.03085193277575775
15, 17, 0.028586695028885896
15, 18, 0.030708696535489115
15, 19, 0.027085772831684552
15, 20, 0.025405803919598867
15, 21, 0.026975691622555118
15, 22, 0.028081229447972325
15, 23, 0.02642796031230046
15, 24, 0.028119976796205762
15, 25, 0.029564353806078747
16, 17, 0.029427896728209404
16, 18, 0.030759386494887592
16, 19, 0.03136436722809347
16, 20, 0.03048765793597457
16, 21, 0.03135315699985286
16, 22, 0.03146234714185139
16, 23, 0.027075713111308772
16, 24, 0.031383541588329296
16, 25, 0.031640494128675166
17, 18, 0.030512476578226568
17, 19, 0.028678234647320146
17, 20, 0.02843767904705612
17, 21, 0.028673035027406365
17, 22, 0.028727313428855098
17, 23, 0.027052619592275364
17, 24, 0.02872330927740946
17, 25, 0.02881388856849638
18, 19, 0.030731846216359077
18, 20, 0.03068960798209739
18, 21, 0.030731299684927667
18, 22, 0.030736765425639224
18, 23, 0.029726609953141414
18, 24, 0.03073383564833717
18, 25, 0.030745791485309513
19, 20, 0.024247698732562124
19, 21, 0.031360667476367524
19, 22, 0.037329924078096745
19, 23, 0.026422852444480706
19, 24, 0.032061375395275614
19, 25, 0.040249480464979726
20, 21, 0.024126401172848574
20, 22, 0.02539543932563137
20, 23, 0.026369603804713926
20, 24, 0.025836642492529652
20, 25, 0.02707018031523396
21, 22, 0.036952163076840835
21, 23, 0.026420551942126377
21, 24, 0.03181750751546701
21, 25, 0.04011101894336952
22, 23, 0.026445554515458648
22, 24, 0.03375415866394096
22, 25, 0.040512741239635816
23, 24, 0.026453078829765136
23, 25, 0.026484809342122936
24, 25, 0.03591222753846294
