44
0, 1, 0.0224099676215113
0, 2, 0.029546477806884335
0, 3, 0.02049061635320882
0, 4, 0.02916975039877637
0, 5, 0.024642216695189612
0, 6, 0.01893335237975684
0, 7, 0.024562382203505696
0, 8, 0.02538331344929646
0, 9, 0.028316651590070442
0, 10, 0.021906382303436833
0, 11, 0.024329564819480922
0, 12, 0.01834122841836996
0, 13, 0.030104241009828652
0, 14, 0.018766801262429092
0, 15, 0.023565220839024955
0, 16, 0.02510965834250317
0, 17, 0.014266190691351408
0, 18, 0.026533527927305
0, 19, 0.02779075401295511
0, 20, 0.025076990014026166
0, 21, 0.030787567441111635
0, 22, 0.01573326351776303
0, 23, 0.031144116617565477
0, 24, 0.033188902172292964
0, 25, 0.03055512591159158
0, 26, 0.02132230432733601
0, 27, 0.02043805963974048
0, 28, 0.027674767758073336
0, 29, 0.030634889144635878
0, 30, 0.016807642013851615
0, 31, 0.02495278185663149
0, 32, 0.021589180021794233
0, 33, 0.02643593969374397
0, 34, 0.029179914738298313
0, 35, 0.020161881039860715
0, 36, 0.019252308667397765
0, 37, 0.02435773141457684
0, 38, 0.023405672182045256
0, 39, 0.014959274070555053
0, 40, 0.014329723453823051
0, 41, 0.026059650906314888
0, 42, 0.016367029090215354
0, 43, 0.021691807035632393
1, 2, 0.0219670159652642
1, 3, 0.018326013587330756
1, 4, 0.022479450720102198
1, 5, 0.022970272341710247
1, 6, 0.017404606661281775
1, 7, 0.018427186035492513
1, 8, 0.024223501052615167
1, 9, 0.020087537629345422
1, 10, 0.01849371901201414
1, 11, 0.017919436956444306
1, 12, 0.016231662797361168
1, 13, 0.02114150025880004
1, 14, 0.017245063177823827
1, 15, 0.02048493805604204
1, 16, 0.01972250705153124
1, 17, 0.013800407000811971
1, 18, 0.019371801531969365
1, 19, 0.019618654136892618
1, 20, 0.0192432346392477
1, 21, 0.02275673682718871
1, 22, 0.014428715507218809
1, 23, 0.026713765495945608
1, 24, 0.024671931560422106
1, 25, 0.025683329955020387
1, 26, 0.019321788673441472
1, 27, 0.017456856815691296
1, 28, 0.02022378154938225
1, 29, 0.02188495371161768
1, 30, 0.016795461435669512
1, 31, 0.018351847101023812
1, 32, 0.019472152170820784
1, 33, 0.019252922329820097
1, 34, 0.020039812022121947
1, 35, 0.017864001838693723
1, 36, 0.01744776347821847
1, 37, 0.022045165847992328
1, 38, 0.017962669464272853
1, 39, 0.01494333629048028
1, 40, 0.014302670182352817
1, 41, 0.02061158839152478
1, 42, 0.015491282393301433
1, 43, 0.021370110671455327
2, 3, 0.020136284273181895
2, 4, 0.029082119918398697
2, 5, 0.02453817285670292
2, 6, 0.01861480004166503
2, 7, 0.02394296301407672
2, 8, 0.025326146716921225
2, 9, 0.02807244101302568
2, 10, 0.021427513389806144
2, 11, 0.023610531065179664
2, 12, 0.017797039537343597
2, 13, 0.03008694424162067
2, 14, 0.018438870962290473
2, 15, 0.023281801993067792
2, 16, 0.02468656677070025
2, 17, 0.01403448596692237
2, 18, 0.026100400508119393
2, 19, 0.02746717516003461
2, 20, 0.0245895440511698
2, 21, 0.03084093500335862
2, 22, 0.015197443875505768
2, 23, 0.031180055064961354
2, 24, 0.033455745721702596
2, 25, 0.030569802855037242
2, 26, 0.02105255420158605
2, 27, 0.01988820665618562
2, 28, 0.027387236846057664
2, 29, 0.030680287375817454
2, 30, 0.016804486806713
2, 31, 0.02432148358491168
2, 32, 0.021315782739648743
2, 33, 0.02598429201056409
2, 34, 0.029027481801862463
2, 35, 0.019751636772606704
2, 36, 0.018886907528239776
2, 37, 0.024194540392459576
2, 38, 0.022716001977662697
2, 39, 0.014953173750956035
2, 40, 0.014317695406540367
2, 41, 0.025738810800155776
2, 42, 0.01608178129010264
2, 43, 0.021657859595934224
3, 4, 0.02060113507161256
3, 5, 0.02212280751521518
3, 6, 0.01730056770209729
3, 7, 0.017839172635781015
3, 8, 0.02351373037465299
3, 9, 0.01882016312167038
3, 10, 0.018026479814574226
3, 11, 0.01750549564136185
3, 12, 0.01638618713790393
3, 13, 0.019464015565543336
3, 14, 0.017170044737665473
3, 15, 0.019608311250682534
3, 16, 0.018760340513533164
3, 17, 0.014147980277714196
3, 18, 0.01841029026783475
3, 19, 0.01852121564934363
3, 20, 0.018397275336261804
3, 21, 0.020643784120574785
3, 22, 0.014965006406591413
3, 23, 0.024424555242414377
3, 24, 0.02195394688284966
3, 25, 0.02343547903125432
3, 26, 0.01883804577345867
3, 27, 0.01728581658052344
3, 28, 0.018955803785178478
3, 29, 0.01997502288200157
3, 30, 0.016795578918494022
3, 31, 0.01777459687868724
3, 32, 0.018944160276353525
3, 33, 0.01833186489523967
3, 34, 0.0187437739873028
3, 35, 0.01762479134364317
3, 36, 0.01732284072555305
3, 37, 0.021086133920595985
3, 38, 0.017558808083632374
3, 39, 0.014950759740388746
3, 40, 0.014321345903513957
3, 41, 0.01938955767232748
3, 42, 0.015693554729977487
3, 43, 0.021204736717903034
4, 5, 0.024627222189101048
4, 6, 0.01906134847293979
4, 7, 0.024494438704914703
4, 8, 0.025365281244403327
4, 9, 0.02786432094094886
4, 10, 0.022002479248232117
4, 11, 0.024277832213671774
4, 12, 0.0185668606514561
4, 13, 0.029475058086258128
4, 14, 0.018900998763784586
4, 15, 0.02357407988994494
4, 16, 0.025017699259257682
4, 17, 0.014398772563293253
4, 18, 0.02627721200152075
4, 19, 0.027378163218867105
4, 20, 0.024976379685051047
4, 21, 0.030223097963256833
4, 22, 0.016007025039058664
4, 23, 0.03087659329935215
4, 24, 0.03247754247109934
4, 25, 0.03026979226528688
4, 26, 0.021391918365574535
4, 27, 0.02060523816758917
4, 28, 0.02732381498738609
4, 29, 0.030001670067737123
4, 30, 0.01680926094303042
4, 31, 0.024842474729069246
4, 32, 0.02165389579807788
4, 33, 0.02618555243614915
4, 34, 0.028585932704341052
4, 35, 0.0202968911252256
4, 36, 0.019392140452908203
4, 37, 0.02434311720075398
4, 38, 0.023437924867021887
4, 39, 0.014962752319830085
4, 40, 0.014336774547056848
4, 41, 0.02591080357022465
4, 42, 0.016511832850986854
4, 43, 0.02169998306654082
5, 6, 0.021239315012992997
5, 7, 0.02347564470388388
5, 8, 0.024665559210591777
5, 9, 0.024096377193431207
5, 10, 0.022820800428191203
5, 11, 0.02341434013474478
5, 12, 0.02151269620916549
5, 13, 0.02440827053090561
5, 14, 0.02117790783136404
5, 15, 0.023343805988060042
5, 16, 0.023662391670837234
5, 17, 0.01765264896166773
5, 18, 0.023824428954713532
5, 19, 0.023982850487318918
5, 20, 0.023614408211993333
5, 21, 0.024797560739811424
5, 22, 0.020242515209396246
5, 23, 0.02623116910125155
5, 24, 0.025415660992570498
5, 25, 0.025746095263872646
5, 26, 0.02237436673813729
5, 27, 0.02236425302971311
5, 28, 0.02405904185831851
5, 29, 0.02458981572984921
5, 30, 0.016871076328728737
5, 31, 0.02352956489704101
5, 32, 0.02251001321862531
5, 33, 0.023799710620697172
5, 34, 0.024155655358618414
5, 35, 0.02207009775830382
5, 36, 0.02154371780199776
5, 37, 0.02374733081979146
5, 38, 0.02325477679771617
5, 39, 0.015097203021795048
5, 40, 0.014606603701479292
5, 41, 0.023921015226932303
5, 42, 0.019529248657319632
5, 43, 0.02191148597323632
6, 7, 0.016802795961827013
6, 8, 0.022779320439991892
6, 9, 0.01750730788924274
6, 10, 0.017155167215102345
6, 11, 0.01651935110535494
6, 12, 0.015875105294951522
6, 13, 0.01799747987215444
6, 14, 0.016666468208557016
6, 15, 0.018588197977407142
6, 16, 0.017609433081714067
6, 17, 0.014081889491842478
6, 18, 0.01722053361983288
6, 19, 0.01726871676291933
6, 20, 0.017277920937936328
6, 21, 0.01900829629576125
6, 22, 0.014721472845901508
6, 23, 0.022673564154432224
6, 24, 0.020066841737080465
6, 25, 0.021713666812122556
6, 26, 0.018089626802017623
6, 27, 0.01656022961432827
6, 28, 0.017651427331086683
6, 29, 0.018421341597789177
6, 30, 0.016789192390186378
6, 31, 0.016729169559904028
6, 32, 0.018162222530412525
6, 33, 0.01715592030777226
6, 34, 0.017412401470250662
6, 35, 0.016943073520593984
6, 36, 0.016752482502436487
6, 37, 0.02008162404305614
6, 38, 0.016607945237281856
6, 39, 0.014945767609703894
6, 40, 0.014315701402523149
6, 41, 0.018134712731802012
6, 42, 0.0154424140722206
6, 43, 0.020979063462281296
7, 8, 0.02466830497086306
7, 9, 0.02039853192054451
7, 10, 0.017792858895419955
7, 11, 0.015634981158791455
7, 12, 0.014755371770804823
7, 13, 0.022762633732033802
7, 14, 0.01659421749168692
7, 15, 0.02072956503338438
7, 16, 0.019633045433809563
7, 17, 0.013043176961094697
7, 18, 0.018841143615791468
7, 19, 0.019330556153800277
7, 20, 0.018711021393545173
7, 21, 0.02546538219852457
7, 22, 0.01265800630067316
7, 23, 0.02914621922095531
7, 24, 0.028795583787841653
7, 25, 0.028130635319259273
7, 26, 0.019184256341647624
7, 27, 0.016247072965319968
7, 28, 0.02064103185318451
7, 29, 0.024175405845040698
7, 30, 0.01678937577008797
7, 31, 0.01661970180318359
7, 32, 0.01937010341948495
7, 33, 0.01857494574658758
7, 34, 0.020330350495597036
7, 35, 0.017148710580465017
7, 36, 0.01674606913257397
7, 37, 0.022582030350600777
7, 38, 0.016156447513510887
7, 39, 0.014926695606500222
7, 40, 0.014267020063916839
7, 41, 0.021161508360385356
7, 42, 0.0147133636395277
7, 43, 0.021422089024772526
8, 9, 0.025073487350527904
8, 10, 0.02412831411708534
8, 11, 0.024643633838521115
8, 12, 0.023181795355100777
8, 13, 0.025267418103264105
8, 14, 0.02274247269172569
8, 15, 0.024403695753534887
8, 16, 0.024747407331187406
8, 17, 0.0196120879287731
8, 18, 0.024895305587397835
8, 19, 0.025006594185863196
8, 20, 0.024736455486986497
8, 21, 0.0254903959076334
8, 22, 0.022215011442628215
8, 23, 0.026373358806518123
8, 24, 0.02587744214736161
8, 25, 0.026051042629794893
8, 26, 0.02362101874609379
8, 27, 0.0238194872624027
8, 28, 0.0250378521915056
8, 29, 0.02537326840863297
8, 30, 0.0169416834623693
8, 31, 0.02471335758218357
8, 32, 0.023733537299295913
8, 33, 0.024881587417308972
8, 34, 0.025121142402314504
8, 35, 0.023518868035761826
8, 36, 0.023072911631199376
8, 37, 0.024574158918081082
8, 38, 0.024518275618777386
8, 39, 0.01523720131824807
8, 40, 0.014875966801452952
8, 41, 0.024903026143924735
8, 42, 0.02133717100760942
8, 43, 0.02236716653895679
9, 10, 0.01942920310397095
9, 11, 0.019360338911026783
9, 12, 0.015816942229321923
9, 13, 0.028349601236768697
9, 14, 0.01730144943113558
9, 15, 0.02206956584434062
9, 16, 0.022395676087485054
9, 17, 0.013321090427989278
9, 18, 0.02302896318215146
9, 19, 0.024432277867039234
9, 20, 0.02184411820660892
9, 21, 0.029842661043119334
9, 22, 0.013386598343514662
9, 23, 0.030869612839348536
9, 24, 0.03325989875669855
9, 25, 0.030122957247499096
9, 26, 0.020044494137139376
9, 27, 0.017709950560488456
9, 28, 0.024948800853326767
9, 29, 0.029374615447746288
9, 30, 0.016794858434918014
9, 31, 0.020459586768135363
9, 32, 0.020280138656554234
9, 33, 0.02279940581864959
9, 34, 0.02638906629048838
9, 35, 0.018219922600514717
9, 36, 0.01758582342674064
9, 37, 0.023495813441685377
9, 38, 0.019137319322144075
9, 39, 0.014935058930716736
9, 40, 0.014282227663127778
9, 41, 0.02387447461754666
9, 42, 0.01515969074268511
9, 43, 0.021539513925795315
10, 11, 0.017237048220306514
10, 12, 0.01585403811466889
10, 13, 0.020503679551493886
10, 14, 0.016991583866594877
10, 15, 0.02016604842256381
10, 16, 0.019203930511500187
10, 17, 0.013647589672251657
10, 18, 0.01872943738283622
10, 19, 0.01893785160143213
10, 20, 0.018672458008136578
10, 21, 0.02222973635971851
10, 22, 0.01409408395944468
10, 23, 0.026463338097063024
10, 24, 0.02419712890060913
10, 25, 0.025390302449195205
10, 26, 0.019070334576105068
10, 27, 0.017031667230136164
10, 28, 0.01961052903723448
10, 29, 0.02129077121854513
10, 30, 0.016792926834518464
10, 31, 0.017683912830593757
10, 32, 0.019212579596530915
10, 33, 0.018602906881689946
10, 34, 0.019337739811538076
10, 35, 0.01753263844088174
10, 36, 0.017162311035811804
10, 37, 0.02182839400668498
10, 38, 0.01734848989024917
10, 39, 0.014938831311937278
10, 40, 0.014294028631768768
10, 41, 0.02012830664162823
10, 42, 0.015291173215251749
10, 43, 0.021333223990800933
11, 12, 0.014179703330568227
11, 13, 0.02210939127333043
11, 14, 0.01630042633492977
11, 15, 0.02046148212314063
11, 16, 0.018959403597201375
11, 17, 0.012848226815478698
11, 18, 0.017685586987148172
11, 19, 0.018052979246829335
11, 20, 0.017815167390730195
11, 21, 0.02530821653385267
11, 22, 0.01212279493140578
11, 23, 0.029241017249231196
11, 24, 0.02900145910095064
11, 25, 0.02819408838681161
11, 26, 0.01895117591775393
11, 27, 0.015613638860826673
11, 28, 0.019793122101001533
11, 29, 0.02379792949705789
11, 30, 0.01678714275236152
11, 31, 0.015100383468476163
11, 32, 0.01913181001166628
11, 33, 0.017355749164529373
11, 34, 0.01908620600802281
11, 35, 0.016742427602934377
11, 36, 0.016405913973538456
11, 37, 0.02246388894802845
11, 38, 0.014876883965903323
11, 39, 0.014922194975218987
11, 40, 0.014258018469419568
11, 41, 0.020674466085043922
11, 42, 0.014467403176935009
11, 43, 0.02140159991224277
12, 13, 0.01665167578296244
12, 14, 0.01571325133054922
12, 15, 0.018069644488511838
12, 16, 0.01627993447364032
12, 17, 0.013093148763580895
12, 18, 0.015393483133002811
12, 19, 0.015381911861770587
12, 20, 0.01565331350970399
12, 21, 0.01843585104224016
12, 22, 0.012888412090379176
12, 23, 0.0236921689318192
12, 24, 0.020151053129799975
12, 25, 0.02245114444825223
12, 26, 0.017529344435165226
12, 27, 0.015002527725066234
12, 28, 0.01614258569496083
12, 29, 0.017410721971023616
12, 30, 0.016779175088084
12, 31, 0.014550639717584938
12, 32, 0.017606456561269256
12, 33, 0.015272661261691856
12, 34, 0.015568914062113717
12, 35, 0.015819584813059628
12, 36, 0.015714992337049292
12, 37, 0.020125897407695676
12, 38, 0.014507885331822071
12, 39, 0.014918791036679362
12, 40, 0.014258390562026662
12, 41, 0.017144277695793277
12, 42, 0.01442823342168754
12, 43, 0.021033503387751718
13, 14, 0.01779942578230148
13, 15, 0.02282895797273586
13, 16, 0.02403940881887168
13, 17, 0.013567067325222821
13, 18, 0.025610765114867137
13, 19, 0.02749196266571709
13, 20, 0.023794955626881137
13, 21, 0.03184987567934548
13, 22, 0.014048634344913307
13, 23, 0.0315648222089738
13, 24, 0.03506937925587352
13, 25, 0.030955334397560794
13, 26, 0.0205709694505517
13, 27, 0.018758452469027506
13, 28, 0.0273787381895872
13, 29, 0.03187916690173528
13, 30, 0.016798684459088473
13, 31, 0.02313248521735187
13, 32, 0.020831818107696565
13, 33, 0.025439493841569055
13, 34, 0.02983935553297
13, 35, 0.01894997002186686
13, 36, 0.018171734319593656
13, 37, 0.023972507111432395
13, 38, 0.021274751798023114
13, 39, 0.014941586633367759
13, 40, 0.01429461448250452
13, 41, 0.025375130217632078
13, 42, 0.015512314402351892
13, 43, 0.021604183828909343
14, 15, 0.018460487699902824
14, 16, 0.017428692792125028
14, 17, 0.013991649979620512
14, 18, 0.017014509768917656
14, 19, 0.017057155404249496
14, 20, 0.01708457802094071
14, 21, 0.01883807971125756
14, 22, 0.014564594225951537
14, 23, 0.022591427343229678
14, 24, 0.019915459624624737
14, 25, 0.02161434065087274
14, 26, 0.01797854577789498
14, 27, 0.01639118585013605
14, 28, 0.01745412848042439
14, 29, 0.01823424607140203
14, 30, 0.01678753863856399
14, 31, 0.01651448409082895
14, 32, 0.01804900310520742
14, 33, 0.016948070666140843
14, 34, 0.01719906122831355
14, 35, 0.01680106927690551
14, 36, 0.016622971932173363
14, 37, 0.019992621537461737
14, 38, 0.01640098857471277
14, 39, 0.014942598631939656
14, 40, 0.014309515168355864
14, 41, 0.0179653499102744
14, 42, 0.015336610270017701
14, 43, 0.020961143770588553
15, 16, 0.0214579009824219
15, 17, 0.014760176531519755
15, 18, 0.021484461469666462
15, 19, 0.02176174873460984
15, 20, 0.021207746177089513
15, 21, 0.023874459161641663
15, 22, 0.01629193745956978
15, 23, 0.026793889804624414
15, 24, 0.025290777392098864
15, 25, 0.02594646737308186
15, 26, 0.020324627729529837
15, 27, 0.019302047086771395
15, 28, 0.022076681522927435
15, 29, 0.023315160063250687
15, 30, 0.01680982737958755
15, 31, 0.020758573454050088
15, 32, 0.020486952025946355
15, 33, 0.02141081955329752
15, 34, 0.022125468304221612
15, 35, 0.019317766886289816
15, 36, 0.018773468461390736
15, 37, 0.022663179549746313
15, 38, 0.020308861538860412
15, 39, 0.014972020052356174
15, 40, 0.014359550187223746
15, 41, 0.02208917425935584
15, 42, 0.016605270786755114
15, 43, 0.02150013505532341
16, 17, 0.013626065498661475
16, 18, 0.02114958496574686
16, 19, 0.02172676084010008
16, 20, 0.02067416948764276
16, 21, 0.025837301256589465
16, 22, 0.014122785913723271
16, 23, 0.028909846064770435
16, 24, 0.028382181244533983
16, 25, 0.027985519048009472
16, 26, 0.019845353238242634
16, 27, 0.017859925071976195
16, 28, 0.022378794999897856
16, 29, 0.024963939211620646
16, 30, 0.016796465451371922
16, 31, 0.01960986705003935
16, 32, 0.020042730962230117
16, 33, 0.020989986742424225
16, 34, 0.022557591495853714
16, 35, 0.018249808837681264
16, 36, 0.01769484305247402
16, 37, 0.022925922556680002
16, 38, 0.018874072975392245
16, 39, 0.014940941007304592
16, 40, 0.014295452651587439
16, 41, 0.022317697575379006
16, 42, 0.01543263975334529
16, 43, 0.021487048726473498
17, 18, 0.013219222125421917
17, 19, 0.01318347671323186
17, 20, 0.013366368975605213
17, 21, 0.014237195849513771
17, 22, 0.012558245075533166
17, 23, 0.01728737436781114
17, 24, 0.014843318520000884
17, 25, 0.016477497891401464
17, 26, 0.014839950789499155
17, 27, 0.013332059710898785
17, 28, 0.013458628947510569
17, 29, 0.01383075622472556
17, 30, 0.016730176904504995
17, 31, 0.012961933305792333
17, 32, 0.014834699705645972
17, 33, 0.01317875913731128
17, 34, 0.013215955617491176
17, 35, 0.013822426303268397
17, 36, 0.013897121555486424
17, 37, 0.016231325670999816
17, 38, 0.012984036276975836
17, 39, 0.014870461014747493
17, 40, 0.014191206987924818
17, 41, 0.013956652626130463
17, 42, 0.013489083441475218
17, 43, 0.019707561332799654
18, 19, 0.02198811704244409
18, 20, 0.020425658655006916
18, 21, 0.027730470023907793
18, 22, 0.013115044725352448
18, 23, 0.030068645796334333
18, 24, 0.03108166561975324
18, 25, 0.0291962309221524
18, 26, 0.01968051878715544
18, 27, 0.017100907478832392
18, 28, 0.02291243505832588
18, 29, 0.026835267470738382
18, 30, 0.016792693401017043
18, 31, 0.018712114261780873
18, 32, 0.019893604622017932
18, 33, 0.020828618347199523
18, 34, 0.023410376911391292
18, 35, 0.01777507126538161
18, 36, 0.017242389168521968
18, 37, 0.023095227983289997
18, 38, 0.017824702573170176
18, 39, 0.014931883377952797
18, 40, 0.01427654647527957
18, 41, 0.02263909035998139
18, 42, 0.014987154396221542
18, 43, 0.021489787217056987
19, 20, 0.02102436319404551
19, 21, 0.02930942852828278
19, 22, 0.013013774453178749
19, 23, 0.03070386635353625
19, 24, 0.03290342727264686
19, 25, 0.029911946669922158
19, 26, 0.019812470933215448
19, 27, 0.017197446638097115
19, 28, 0.0240630513838234
19, 29, 0.028678496251551836
19, 30, 0.0167929659036349
19, 31, 0.019246996207308475
19, 32, 0.020039269974314492
19, 33, 0.021721912545534048
19, 34, 0.025201501776943445
19, 35, 0.017872294899095535
19, 36, 0.017300895349917904
19, 37, 0.02331635978344427
19, 38, 0.01812537616166688
19, 39, 0.01493161244038541
19, 40, 0.014275542739962704
19, 41, 0.023307788593446968
19, 42, 0.014973593866437655
19, 43, 0.021513054251140817
20, 21, 0.025906913247710044
20, 22, 0.0134945025806594
20, 23, 0.02912377289288295
20, 24, 0.02878928246378688
20, 25, 0.028170934349227714
20, 26, 0.01959234265303709
20, 27, 0.017227436912320922
20, 28, 0.02188655865323182
20, 29, 0.02489723923570398
20, 30, 0.01679338103765916
20, 31, 0.018600263826961144
20, 32, 0.019787978331638253
20, 33, 0.020227050771915476
20, 34, 0.021970730897516125
20, 35, 0.017812360832358112
20, 36, 0.01730854473618905
20, 37, 0.022823496820717708
20, 38, 0.017905394136013473
20, 39, 0.014934562894576016
20, 40, 0.014282627546182557
20, 41, 0.021969472159247053
20, 42, 0.01512188105038655
20, 43, 0.02146350874729442
21, 22, 0.015713527293082674
21, 23, 0.031735075418860365
21, 24, 0.034717714234762116
21, 25, 0.031221607927175248
21, 26, 0.021474895857162418
21, 27, 0.020671520952042572
21, 28, 0.02895033912714398
21, 29, 0.0322878668312148
21, 30, 0.016807768427917827
21, 31, 0.02598753869213792
21, 32, 0.021757023392361262
21, 33, 0.027640487667793808
21, 34, 0.03103101806120865
21, 35, 0.020320075951429904
21, 36, 0.01935135677151191
21, 37, 0.024581723416535965
21, 38, 0.0241244674672821
21, 39, 0.014958752277003206
21, 40, 0.014328260206443944
21, 41, 0.02680956707073575
21, 42, 0.016369050515493668
21, 43, 0.021713305923508577
22, 23, 0.02128320973007238
22, 24, 0.01718707279452464
22, 25, 0.019976252907009356
22, 26, 0.016146770780822536
22, 27, 0.013392016197195706
22, 28, 0.01374499948413223
22, 29, 0.014730651901443629
22, 30, 0.016763948433888745
22, 31, 0.01242977759952932
22, 32, 0.016175184814300355
22, 33, 0.01300696517670864
22, 34, 0.01309903381655148
22, 35, 0.014368458105846983
22, 36, 0.014445749615041567
22, 37, 0.018565744443267748
22, 38, 0.012517001340888352
22, 39, 0.014896825658607225
22, 40, 0.01421960908921287
22, 41, 0.014901712152664788
22, 42, 0.013621235200880467
22, 43, 0.02070879283506708
23, 24, 0.032820993406788464
23, 25, 0.031300260469037784
23, 26, 0.024560418735612162
23, 27, 0.02555937126270515
23, 28, 0.030490048329428747
23, 29, 0.03173533822958998
23, 30, 0.016858661360489594
23, 31, 0.029459385308908417
23, 32, 0.024846256858891812
23, 33, 0.03004965544855564
23, 34, 0.031291489061166404
23, 35, 0.02450556256138115
23, 36, 0.023345199133685886
23, 37, 0.026578240782455846
23, 38, 0.028499926452736416
23, 39, 0.01505596106872426
23, 40, 0.014518393656462939
23, 41, 0.029264199428741772
23, 42, 0.01989462059983047
23, 43, 0.02225470923755204
24, 25, 0.032508570161381686
24, 26, 0.022550772471069017
24, 27, 0.022661655803699436
24, 28, 0.032074624541387306
24, 29, 0.03521073538822483
24, 30, 0.016817210019492452
24, 31, 0.0295586312873643
24, 32, 0.022872869388041787
24, 33, 0.031048520426356526
24, 34, 0.03472889218705924
24, 35, 0.021792784471705108
24, 36, 0.020586867284107527
24, 37, 0.025502371144723143
24, 38, 0.027324655310869597
24, 39, 0.014975391825742406
24, 40, 0.014360145511736613
24, 41, 0.02913149767388825
24, 42, 0.01718931945556147
24, 43, 0.021856782938670036
25, 26, 0.023706828415477162
25, 27, 0.0243856962370805
25, 28, 0.02971176051409101
25, 29, 0.031181392490257438
25, 30, 0.016843089382360003
25, 31, 0.028462474752677085
25, 32, 0.02398931161451827
25, 33, 0.029167612828466936
25, 34, 0.030593812903349313
25, 35, 0.023443300061534177
25, 36, 0.022319781795436644
25, 37, 0.025938102579048893
25, 38, 0.02740576615196296
25, 39, 0.015026871837591233
25, 40, 0.014462022043859896
25, 41, 0.028429058646190795
25, 42, 0.018972341576040306
25, 43, 0.022078483367510744
26, 27, 0.018419826576945117
26, 28, 0.020116141466231287
26, 29, 0.020965170684758543
26, 30, 0.016806984554920426
26, 31, 0.01916525322328194
26, 32, 0.019621686589839725
26, 33, 0.019621494526694074
26, 34, 0.020020089770882033
26, 35, 0.01855786169750567
26, 36, 0.018190472907502215
26, 37, 0.021511217222275086
26, 38, 0.01892083903086502
26, 39, 0.014974119242152438
26, 40, 0.014367821339457297
26, 41, 0.02034990056978226
26, 42, 0.016462214878804806
26, 43, 0.02129346290165962
27, 28, 0.017995428823806406
27, 29, 0.019607024084290176
27, 30, 0.016786952528686252
27, 31, 0.016064446991087306
27, 32, 0.01853704011580079
27, 33, 0.01696400219913512
27, 34, 0.017512601710255697
27, 35, 0.016730557154876164
27, 36, 0.01648161445415414
27, 37, 0.021195676384628423
27, 38, 0.015879114769511593
27, 39, 0.014929002672369412
27, 40, 0.014275671525857602
27, 41, 0.018824254369465648
27, 42, 0.014849316217365108
27, 43, 0.021227594049737012
28, 29, 0.028358984168101765
28, 30, 0.01679619090066797
28, 31, 0.02072020521205569
28, 32, 0.02034701394806472
28, 33, 0.022714402390244706
28, 34, 0.02561781090097347
28, 35, 0.018399740253687003
28, 36, 0.017754269798883737
28, 37, 0.023457458714098378
28, 38, 0.019512163598782932
28, 39, 0.01493810039979224
28, 40, 0.014288506298751051
28, 41, 0.023727016321543542
28, 42, 0.015315638237280518
28, 43, 0.021542356985786434
29, 30, 0.01680227915299686
29, 31, 0.02466779109983448
29, 32, 0.02123796628069747
29, 33, 0.026707148563460667
29, 34, 0.0308279686573459
29, 35, 0.019543555489101177
29, 36, 0.018671568445048
29, 37, 0.024257196962110778
29, 38, 0.02269788613577409
29, 39, 0.014948264305995398
29, 40, 0.014307641086865509
29, 41, 0.026137784144358335
29, 42, 0.015858181484902208
29, 43, 0.021650643757682997
30, 31, 0.016788791345392805
30, 32, 0.016807525176896914
30, 33, 0.016792168419491136
30, 34, 0.01679398578315634
30, 35, 0.01679106038836056
30, 36, 0.016788790499824343
30, 37, 0.016836392643425926
30, 38, 0.016787768376435468
30, 39, 0.016098449951694096
30, 40, 0.01619060831726539
30, 41, 0.016801359227450588
30, 42, 0.01676609808753123
30, 43, 0.017047313995603625
31, 32, 0.019355131236871458
31, 33, 0.0184111866268764
31, 34, 0.020391830190477942
31, 35, 0.017051698693521276
31, 36, 0.016656696930864634
31, 37, 0.022643288353269116
31, 38, 0.015785297669461847
31, 39, 0.014925113484509965
31, 40, 0.014263627033031143
31, 41, 0.02124842074495102
31, 42, 0.014625092214219705
31, 43, 0.02142679754732056
32, 33, 0.019832740189234917
32, 34, 0.020262146506941574
32, 35, 0.01866214620492811
32, 36, 0.018273493501142393
32, 37, 0.021667503076953788
32, 38, 0.019090355052761247
32, 39, 0.014974006713959494
32, 40, 0.014366970630954348
32, 41, 0.02056285751662075
32, 42, 0.016488264399512384
32, 43, 0.021325198080401248
33, 34, 0.0231498497904318
33, 35, 0.017682715484842768
33, 36, 0.017165478744817574
33, 37, 0.0230548136246767
33, 38, 0.017566005041072186
33, 39, 0.014930890567403099
33, 40, 0.014274598238704712
33, 41, 0.022510270521523684
33, 42, 0.014934238727522907
33, 43, 0.02148338639974118
34, 35, 0.018107052926950966
34, 36, 0.017474398263561564
34, 37, 0.023570379721583486
34, 38, 0.018902120587107142
34, 39, 0.014932892018307319
34, 40, 0.014277664847703245
34, 41, 0.024160642584053982
34, 42, 0.01504473077158442
34, 43, 0.021542115323564044
35, 36, 0.016923157072592874
35, 37, 0.02095416160923321
35, 38, 0.016855412055285415
35, 39, 0.014940938675692106
35, 40, 0.014301453678451266
35, 41, 0.018963712539798887
35, 42, 0.015335403406484583
35, 43, 0.021181070174950967
36, 37, 0.02037040757155497
36, 38, 0.016517106255222427
36, 39, 0.014941126668713011
36, 40, 0.014304428821992905
36, 41, 0.018304457917960152
36, 42, 0.015310625545379684
36, 43, 0.021056387321937174
37, 38, 0.02226995099826603
37, 39, 0.015026054865856203
37, 40, 0.01446662684519747
37, 41, 0.023319934730656824
37, 42, 0.018167948800093484
37, 43, 0.02169884408880729
38, 39, 0.014924516411599285
38, 40, 0.014263263654534036
38, 41, 0.020367129519006624
38, 42, 0.014603665098009377
38, 43, 0.02138118932262377
39, 40, 0.014694022029665443
39, 41, 0.014949923572241472
39, 42, 0.014916285320807363
39, 43, 0.015513778658893196
40, 41, 0.014312886304674314
40, 42, 0.014266696638954957
40, 43, 0.015400078814148597
41, 42, 0.015861982357805893
41, 43, 0.02155226887197506
42, 43, 0.02044753954274946
