8
0, 1, 0.0422241737409947
0, 2, 0.02834937557899035
0, 3, 0.0250026133335971
0, 4, 0.03137392478079455
0, 5, 0.024335119948465482
0, 6, 0.029811440412086367
0, 7, 0.029428354722994075
1, 2, 0.04225841491858365
1, 3, 0.04215623564107459
1, 4, 0.04222405106692853
1, 5, 0.042117250615083625
1, 6, 0.03316684489587575
1, 7, 0.0422402280000814
2, 3, 0.023721785429335892
2, 4, 0.03280132801254346
2, 5, 0.023145871406743023
2, 6, 0.02981279742018296
2, 7, 0.0303952608769473
3, 4, 0.027771874676852503
3, 5, 0.022983670055037878
3, 6, 0.029799086667425912
3, 7, 0.025411644164578466
4, 5, 0.026777918467455968
4, 6, 0.029819167980857715
4, 7, 0.032522773038275644
5, 6, 0.029793156196102205
5, 7, 0.024617588149164454
6, 7, 0.02981397409473429
