18
0, 1, 0.018165556922587537
0, 2, 0.01936031480676863
0, 3, 0.018177891902811667
0, 4, 0.018170785928703685
0, 5, 0.018167076358471798
0, 6, 0.018167065530168947
0, 7, 0.018177141359790424
0, 8, 0.01898437172095372
0, 9, 0.018167306417029596
0, 10, 0.018463234820569694
0, 11, 0.018174362152564533
0, 12, 0.018194455368982426
0, 13, 0.020379375422424312
0, 14, 0.01816966541884693
0, 15, 0.018189513232782853
0, 16, 0.018186221950560934
0, 17, 0.018214041713185792
1, 2, 0.020775327821630562
1, 3, 0.020681768226167973
1, 4, 0.025345853270514522
1, 5, 0.018671333832145743
1, 6, 0.021265817485826184
1, 7, 0.032983712906508846
1, 8, 0.020946757026873677
1, 9, 0.01884650544361304
1, 10, 0.019702144410706928
1, 11, 0.0298075963111967
1, 12, 0.024688939380284863
1, 13, 0.023315026738946962
1, 14, 0.02025950268560935
1, 15, 0.023710007618052066
1, 16, 0.03459139253660928
1, 17, 0.01949182552202711
2, 3, 0.02077647828013217
2, 4, 0.02078094530762377
2, 5, 0.0207697130628134
2, 6, 0.020777304788592497
2, 7, 0.02078830273877152
2, 8, 0.020833187786901197
2, 9, 0.02077127435332406
2, 10, 0.020538810589720423
2, 11, 0.02078509022819805
2, 12, 0.0207975256239508
2, 13, 0.021974807267207967
2, 14, 0.02077583711722471
2, 15, 0.02079201426995507
2, 16, 0.0207975865997042
2, 17, 0.020721761009404174
3, 4, 0.021615523274625095
3, 5, 0.02006283992693124
3, 6, 0.021024667316108164
3, 7, 0.022811708672053572
3, 8, 0.02094729375163318
3, 9, 0.020211436059296307
3, 10, 0.01972533197408434
3, 11, 0.022293086038082843
3, 12, 0.02285806684248829
3, 13, 0.023301662886438288
3, 14, 0.020770767570884575
3, 15, 0.022347622374289385
3, 16, 0.024032915926342956
3, 17, 0.019647704456544214
4, 5, 0.02031321954478371
4, 6, 0.028287097670882576
4, 7, 0.03552387876019985
4, 8, 0.02095804505136881
4, 9, 0.020730157183367525
4, 10, 0.01972271152804037
4, 11, 0.033050542740855386
4, 12, 0.025554956732176188
4, 13, 0.023320685448528986
4, 14, 0.022525627465467473
4, 15, 0.024637883962112483
4, 16, 0.036083561724682287
4, 17, 0.019622636934624016
5, 6, 0.019205993909652264
5, 7, 0.02227209910932405
5, 8, 0.020934445251109143
5, 9, 0.01882333807928636
5, 10, 0.019693191187683517
5, 11, 0.021425639339595817
5, 12, 0.022620449888136246
5, 13, 0.023300666530088165
5, 14, 0.019452662063012577
5, 15, 0.02195686328860788
5, 16, 0.024220408250016312
5, 17, 0.019450494113016532
6, 7, 0.03634515736499461
6, 8, 0.020950783059346847
6, 9, 0.019476536221403898
6, 10, 0.01970882004542659
6, 11, 0.033015401008190844
6, 12, 0.025124396621215902
6, 13, 0.02331744638721677
6, 14, 0.021127019023720148
6, 15, 0.02414276995128208
6, 16, 0.03669327709315886
6, 17, 0.019533841108850186
7, 8, 0.020972905305379177
7, 9, 0.02297730584393134
7, 10, 0.01974879691804485
7, 11, 0.03858928695265473
7, 12, 0.026823303769693684
7, 13, 0.023328733673605398
7, 14, 0.025315364754691944
7, 15, 0.02594829621946041
7, 16, 0.03965011081934298
7, 17, 0.019787178052572824
8, 9, 0.02093776177204097
8, 10, 0.020493927555563635
8, 11, 0.020966417747252927
8, 12, 0.02098987494543114
8, 13, 0.02247344171801145
8, 14, 0.020947207565581456
8, 15, 0.02097882383253975
8, 16, 0.02099146480487186
8, 17, 0.020828772363906813
9, 10, 0.019696783574050955
9, 11, 0.02200812554164263
9, 12, 0.022946528483702235
9, 13, 0.02330381691147933
9, 14, 0.019648172031937763
9, 15, 0.022244672437555967
9, 16, 0.025073498003249716
9, 17, 0.01946975292916244
10, 11, 0.019737401205160227
10, 12, 0.019796439517472165
10, 13, 0.022444460933658542
10, 14, 0.019710198718746293
10, 15, 0.019776830082534922
10, 16, 0.019783414148784942
10, 17, 0.01967651879963976
11, 12, 0.026275128355332095
11, 13, 0.02332522496075571
11, 14, 0.024117475814852064
11, 15, 0.02538170323827454
11, 16, 0.03814506936288521
11, 17, 0.019715345546306717
12, 13, 0.02332677376230534
12, 14, 0.02381871483837273
12, 15, 0.024603237431640015
12, 16, 0.027784247426450408
12, 17, 0.020061934842374247
13, 14, 0.02331084934109579
13, 15, 0.023320977273679478
13, 16, 0.023337520071864647
13, 17, 0.02313541044920534
14, 15, 0.02306358479747071
14, 16, 0.02744421596810592
14, 17, 0.019548868308470337
15, 16, 0.02701304804068767
15, 17, 0.019947917030248445
16, 17, 0.02000259818523932
