11
0, 1, 0.013300923306344912
0, 2, 0.011546661867530502
0, 3, 0.015892590212255312
0, 4, 0.02939786672226048
0, 5, 0.009350709721924552
0, 6, 0.012839595815340908
0, 7, 0.012613956552144586
0, 8, 0.0101447676980267
0, 9, 0.012047562336506099
0, 10, 0.009845901269433136
1, 2, 0.011521431853830338
1, 3, 0.015887346663360533
1, 4, 0.029379674777276567
1, 5, 0.009350657272253173
1, 6, 0.012736085748799642
1, 7, 0.011311801735651432
1, 8, 0.010095800375941436
1, 9, 0.012047533334400016
1, 10, 0.009845454887262269
2, 3, 0.015582842853815037
2, 4, 0.027940058923233712
2, 5, 0.009377635467105482
2, 6, 0.01182844978843517
2, 7, 0.011476713046070727
2, 8, 0.011205676687056739
2, 9, 0.012047012923928211
2, 10, 0.009921739502988414
3, 4, 0.022100189032910663
3, 5, 0.010312334832622965
3, 6, 0.015812146191972517
3, 7, 0.015890004345113756
3, 8, 0.015794282493651467
3, 9, 0.012094527550786476
3, 10, 0.012244793052127915
4, 5, 0.011911192148222371
4, 6, 0.028907388766121325
4, 7, 0.029404939890146795
4, 8, 0.02903709130121161
4, 9, 0.01222794320913643
4, 10, 0.0168575189698971
5, 6, 0.009365361155329736
5, 7, 0.00934954592294878
5, 8, 0.009351198909588772
5, 9, 0.011866957898501534
5, 10, 0.009452036903502221
6, 7, 0.012672125402353516
6, 8, 0.011641737195274567
6, 9, 0.012047761613392879
6, 10, 0.009892893633599981
7, 8, 0.009779382715270188
7, 9, 0.012047500072168725
7, 10, 0.00984166679296331
8, 9, 0.01204707334254069
8, 10, 0.009842686436082802
9, 10, 0.012006855502044398
