33
0, 1, 0.030590888690223916
0, 2, 0.030623922291034618
0, 3, 0.030711012339042183
0, 4, 0.03069044721155965
0, 5, 0.030925474778237098
0, 6, 0.03125532772592418
0, 7, 0.030629647585221645
0, 8, 0.030632097443391747
0, 9, 0.030627538983927113
0, 10, 0.030636900051849818
0, 11, 0.030726319996057797
0, 12, 0.03039296922193626
0, 13, 0.030633161747105023
0, 14, 0.030615015079381858
0, 15, 0.03172888034148987
0, 16, 0.03100972174162805
0, 17, 0.03296613665925601
0, 18, 0.030651483881502885
0, 19, 0.03067136427155252
0, 20, 0.03097048696959713
0, 21, 0.03092279786423299
0, 22, 0.03064207928670884
0, 23, 0.030623099023734068
0, 24, 0.030851332076777472
0, 25, 0.030666369512959285
0, 26, 0.029967280214027895
0, 27, 0.03149132932115054
0, 28, 0.030709731669298655
0, 29, 0.030620662323777227
0, 30, 0.03020631100883562
0, 31, 0.03046752408845525
0, 32, 0.03062226974161846
1, 2, 0.025716158603507042
1, 3, 0.03143314241880651
1, 4, 0.03297339470099703
1, 5, 0.031170003914634023
1, 6, 0.03977529963330978
1, 7, 0.026966061141991047
1, 8, 0.02741712971313766
1, 9, 0.026875487130175874
1, 10, 0.030567910764117637
1, 11, 0.03439337919216415
1, 12, 0.028166505668030438
1, 13, 0.02781698253081889
1, 14, 0.028157745321479043
1, 15, 0.03214558945768399
1, 16, 0.04592766534917444
1, 17, 0.034813855840981484
1, 18, 0.030528941409429747
1, 19, 0.032294864549700396
1, 20, 0.034315232535844606
1, 21, 0.03561830703788725
1, 22, 0.030549151525349396
1, 23, 0.027776398467976346
1, 24, 0.03777504421946247
1, 25, 0.031064121870817307
1, 26, 0.029539750570815572
1, 27, 0.03183802389395267
1, 28, 0.031344245904700044
1, 29, 0.028367579595257656
1, 30, 0.027733480014200042
1, 31, 0.028022235915430495
1, 32, 0.0256208155786821
2, 3, 0.03198985703432313
2, 4, 0.03856475020599824
2, 5, 0.031203718247847255
2, 6, 0.041189376048223474
2, 7, 0.03658871051791381
2, 8, 0.03724785730873808
2, 9, 0.0336158245751069
2, 10, 0.03068672246989697
2, 11, 0.03885000640365805
2, 12, 0.028328131673337677
2, 13, 0.035529043313038
2, 14, 0.02985208541119334
2, 15, 0.032162322051688876
2, 16, 0.05332255883856566
2, 17, 0.03486177834166592
2, 18, 0.031463926472877574
2, 19, 0.04752309681152467
2, 20, 0.03495997207405935
2, 21, 0.03689890025854531
2, 22, 0.030769770977402522
2, 23, 0.030622579323907117
2, 24, 0.04134142432080642
2, 25, 0.03302835917700873
2, 26, 0.02955637247844738
2, 27, 0.0318551105721344
2, 28, 0.03183355873240154
2, 29, 0.03036736888261754
2, 30, 0.027821198748900648
2, 31, 0.028264632783327203
2, 32, 0.029262295647187072
3, 4, 0.032717781682689566
3, 5, 0.031249998771463616
3, 6, 0.0364241010730695
3, 7, 0.032058808583771824
3, 8, 0.03208865018362241
3, 9, 0.03202065381843702
3, 10, 0.03094386116218117
3, 11, 0.0330621601112946
3, 12, 0.02971843099591658
3, 13, 0.03208941900530143
3, 14, 0.03169944257560161
3, 15, 0.03215772213808895
3, 16, 0.03630194775755855
3, 17, 0.03471111578624839
3, 18, 0.031809386338225346
3, 19, 0.03261097208482877
3, 20, 0.0336522950861286
3, 21, 0.0340654180699092
3, 22, 0.031152849109968024
3, 23, 0.03188478706044913
3, 24, 0.03424530685341455
3, 25, 0.03220634701074584
3, 26, 0.029656126679617586
3, 27, 0.03185875365375115
3, 28, 0.031905189719584955
3, 29, 0.03178604085665534
3, 30, 0.028991998830387274
3, 31, 0.03009465477443074
3, 32, 0.03196182099281831
4, 5, 0.03126068538667126
4, 6, 0.04092520342490776
4, 7, 0.03859106815614116
4, 8, 0.03863032026866265
4, 9, 0.03805235307951522
4, 10, 0.030920269106368595
4, 11, 0.03885433975798594
4, 12, 0.029045476466102428
4, 13, 0.03818987032047684
4, 14, 0.033766802809712185
4, 15, 0.032183641681292195
4, 16, 0.04869850578922938
4, 17, 0.03488796131514366
4, 18, 0.03286255374048201
4, 19, 0.041114484675653915
4, 20, 0.035293680145013356
4, 21, 0.037173072090907505
4, 22, 0.031190185467866047
4, 23, 0.035547931994980096
4, 24, 0.040665791350259925
4, 25, 0.03482363441056796
4, 26, 0.02960361736103411
4, 27, 0.03187893937638337
4, 28, 0.03250516910563202
4, 29, 0.03425922950922776
4, 30, 0.028312866539417673
4, 31, 0.02936036737282093
4, 32, 0.038190431318002496
5, 6, 0.031755849963919926
5, 7, 0.03120862058950888
5, 8, 0.031210736963645996
5, 9, 0.03120647364262413
5, 10, 0.03109826165084993
5, 11, 0.031291585909467096
5, 12, 0.03093565484392542
5, 13, 0.0312113473350051
5, 14, 0.03119012454377126
5, 15, 0.03187587903015423
5, 16, 0.03155045749523438
5, 17, 0.03315039671089096
5, 18, 0.031211304343442794
5, 19, 0.031246093011494436
5, 20, 0.03148196569125193
5, 21, 0.03145451763458635
5, 22, 0.0311510213585287
5, 23, 0.031200266645037424
5, 24, 0.0314022431658545
5, 25, 0.03123344767682094
5, 26, 0.03022330737461518
5, 27, 0.03165119380832761
5, 28, 0.031244948130417553
5, 29, 0.031195835177557137
5, 30, 0.030734534668503975
5, 31, 0.031023799116643824
5, 32, 0.03120208780372088
6, 7, 0.041164960623907815
6, 8, 0.04116032560261453
6, 9, 0.04106943685820997
6, 10, 0.03264926066851569
6, 11, 0.04084383496407389
6, 12, 0.03300370624423432
6, 13, 0.04106458363515211
6, 14, 0.03960901145730792
6, 15, 0.03238199463531635
6, 16, 0.043842293985609744
6, 17, 0.03517242932014258
6, 18, 0.03776402756961972
6, 19, 0.041516500466278985
6, 20, 0.037603850637406344
6, 21, 0.039322452754169034
6, 22, 0.03389631241222808
6, 23, 0.040397500887428536
6, 24, 0.04126927640205477
6, 25, 0.03939900204954265
6, 26, 0.030001806289416563
6, 27, 0.03209746102222648
6, 28, 0.03607460646151017
6, 29, 0.039806778082893984
6, 30, 0.03138794374205437
6, 31, 0.03439632531114742
6, 32, 0.041129626915591196
7, 8, 0.03781027684649029
7, 9, 0.03529954200580822
7, 10, 0.030707210198604805
7, 11, 0.03885344896874076
7, 12, 0.028393389312548967
7, 13, 0.036381734238805724
7, 14, 0.030406964758551862
7, 15, 0.03216415144373335
7, 16, 0.052770028895404955
7, 17, 0.03486404453575612
7, 18, 0.031608515314440096
7, 19, 0.0458499743461285
7, 20, 0.0349911313413018
7, 21, 0.036926331962790486
7, 22, 0.030807482953611343
7, 23, 0.03155162562056625
7, 24, 0.04126677080377534
7, 25, 0.033242451210943734
7, 26, 0.029560424155163467
7, 27, 0.03185715494271777
7, 28, 0.03189650319240544
7, 29, 0.030939800685561823
7, 30, 0.02786491004851013
7, 31, 0.028367866406976947
7, 32, 0.03438324005288792
8, 9, 0.03580547267065274
8, 10, 0.030715964887326284
8, 11, 0.03887574589225213
8, 12, 0.028420411468455992
8, 13, 0.03669775499346625
8, 14, 0.030624360557775267
8, 15, 0.032164955591278944
8, 16, 0.0525877923302812
8, 17, 0.034865133387313924
8, 18, 0.03166974832025412
8, 19, 0.0454507902582822
8, 20, 0.03500605464299147
8, 21, 0.036942144487635394
8, 22, 0.030823573772507263
8, 23, 0.03189560090935421
8, 24, 0.041252415467580184
8, 25, 0.03333432867122964
8, 26, 0.029562135218055615
8, 27, 0.031858048081444726
8, 28, 0.031923697982712405
8, 29, 0.03116393343023958
8, 30, 0.027882983603376037
8, 31, 0.02841039569342424
8, 32, 0.03532455637742109
9, 10, 0.030699506920371267
9, 11, 0.03846970791554712
9, 12, 0.028382302146838217
9, 13, 0.03499800149605348
9, 14, 0.030233490764524664
9, 15, 0.03216309172332598
9, 16, 0.05219056171086151
9, 17, 0.03486101495002674
9, 18, 0.03153937219970025
9, 19, 0.04382223762359775
9, 20, 0.03494805879021481
9, 21, 0.036837614909672925
9, 22, 0.030792917174774267
9, 23, 0.031175220565099818
9, 24, 0.04099430254222707
9, 25, 0.033081524967947036
9, 26, 0.02955936061619935
9, 27, 0.031856071901052
9, 28, 0.03186322317729583
9, 29, 0.03073141456755367
9, 30, 0.027858975478651828
9, 31, 0.0283506034832524
9, 32, 0.03227475263294457
10, 11, 0.03104256685055751
10, 12, 0.030007155544241125
10, 13, 0.030719583760300248
10, 14, 0.030653144003898597
10, 15, 0.032017732015270736
10, 16, 0.03201869898880314
10, 17, 0.0340979277469999
10, 18, 0.03077133990146189
10, 19, 0.030856453893017013
10, 20, 0.03170785539814965
10, 21, 0.03163790370240485
10, 22, 0.030713883481428315
10, 23, 0.030682657875967915
10, 24, 0.03146117675308614
10, 25, 0.030829502858820065
10, 26, 0.02972287723769942
10, 27, 0.03173349033109411
10, 28, 0.03093446718670701
10, 29, 0.030673196881059687
10, 30, 0.02957537537881014
10, 31, 0.030191702096290136
10, 32, 0.030680709852420367
11, 12, 0.02939424360286389
11, 13, 0.03855086083694885
11, 14, 0.034795349573265626
11, 15, 0.03219539418151185
11, 16, 0.047400215143687974
11, 17, 0.03490309801072275
11, 18, 0.03344069977553551
11, 19, 0.040655104421634974
11, 20, 0.0354668665542148
11, 21, 0.03732366997642704
11, 22, 0.03140304666679963
11, 23, 0.03645661096087573
11, 24, 0.040515982427048826
11, 25, 0.03544951363713135
11, 26, 0.029629011632005126
11, 27, 0.03189202519404888
11, 28, 0.03282728433254124
11, 29, 0.03523993157806476
11, 30, 0.02855988198078394
11, 31, 0.029865086753855512
11, 32, 0.03859158665202416
12, 13, 0.028443432676203997
12, 14, 0.028446491032904055
12, 15, 0.032001731088144574
12, 16, 0.0316881109716047
12, 17, 0.0343218703174536
12, 18, 0.02906652588114181
12, 19, 0.028795319321773517
12, 20, 0.031233999112212193
12, 21, 0.030983679001262966
12, 22, 0.029718841495345285
12, 23, 0.02842095453206862
12, 24, 0.03044684817200096
12, 25, 0.028980124856795103
12, 26, 0.02947544667790972
12, 27, 0.03169760234080496
12, 28, 0.029755114392973327
12, 29, 0.028476337144834406
12, 30, 0.02801202693711888
12, 31, 0.028293783405092084
12, 32, 0.028317528730751374
13, 14, 0.03071188068336308
13, 15, 0.03216495601478069
13, 16, 0.05183984556686016
13, 17, 0.034863617888729985
13, 18, 0.031679186769118725
13, 19, 0.04340423657370727
13, 20, 0.034983809902803115
13, 21, 0.03687806170760359
13, 22, 0.030829785440375276
13, 23, 0.031922022288336405
13, 24, 0.040982593357244614
13, 25, 0.033293674667131394
13, 26, 0.029563268214371025
13, 27, 0.031858137850141126
13, 28, 0.03192584153908383
13, 29, 0.03122571675594177
13, 30, 0.02789986196686229
13, 31, 0.028446518684965116
13, 32, 0.03435303599794124
14, 15, 0.032152685912957946
14, 16, 0.0445891484852497
14, 17, 0.034819894984881174
14, 18, 0.031074726488577238
14, 19, 0.033641412194611246
14, 20, 0.03441306863494405
14, 21, 0.03568981645575859
14, 22, 0.030703729323879624
14, 23, 0.030049059486554
14, 24, 0.03764064991991554
14, 25, 0.03185306260265486
14, 26, 0.02955754244285975
14, 27, 0.0318461195317943
14, 28, 0.031589156840595836
14, 29, 0.030045191290959155
14, 30, 0.02792698872458048
14, 31, 0.02845079584046045
14, 32, 0.02971365228365258
15, 16, 0.03230501928836164
15, 17, 0.0330433817604201
15, 18, 0.03215281134002991
15, 19, 0.03217947376233754
15, 20, 0.03225459967600767
15, 21, 0.03225357571722148
15, 22, 0.03208558066661185
15, 23, 0.03215894584713185
15, 24, 0.03223987839769617
15, 25, 0.03216842173597376
15, 26, 0.031159286347978862
15, 27, 0.03201378155313888
15, 28, 0.032152604382400765
15, 29, 0.03215549433140574
15, 30, 0.03188391770813269
15, 31, 0.032057237789772895
15, 32, 0.03216155059201843
16, 17, 0.03511780815943846
16, 18, 0.03875908559550751
16, 19, 0.05290883022020176
16, 20, 0.038028660793806145
16, 21, 0.04116797112979525
16, 22, 0.033125840975954064
16, 23, 0.04814636700440539
16, 24, 0.04680080994370265
16, 25, 0.04301223311239917
16, 26, 0.029810902117911896
16, 27, 0.03200973525429833
16, 28, 0.03579109406993802
16, 29, 0.04531350819346949
16, 30, 0.030116347520730932
16, 31, 0.033203949709769594
16, 32, 0.05296344492672944
17, 18, 0.03476906539419431
17, 19, 0.034891789299520484
17, 20, 0.03486892740007412
17, 21, 0.03494193828577563
17, 22, 0.034423089221930714
17, 23, 0.034843792744432306
17, 24, 0.03497462029185038
17, 25, 0.03483571652919776
17, 26, 0.03187174257513997
17, 27, 0.03288097182214469
17, 28, 0.03468464314128597
17, 29, 0.03482774358772031
17, 30, 0.03399007413245165
17, 31, 0.03450578282019478
17, 32, 0.03485973946180252
18, 19, 0.03268119481937784
18, 20, 0.03396339706733891
18, 21, 0.03467713241456891
18, 22, 0.03089802245722961
18, 23, 0.03133674126057505
18, 24, 0.03527365915003416
18, 25, 0.03199717241501446
18, 26, 0.029596471361853293
18, 27, 0.031849334657252155
18, 28, 0.031714928200676826
18, 29, 0.03121392590768392
18, 30, 0.028419905113792002
18, 31, 0.029310585760905096
18, 32, 0.031411978066389394
19, 20, 0.0353724101706444
19, 21, 0.03751029909489805
19, 22, 0.031082327229020035
19, 23, 0.03661843718362874
19, 24, 0.042218996196921536
19, 25, 0.03503422063273907
19, 26, 0.02958777725767302
19, 27, 0.031873758990521306
19, 28, 0.03239435618202313
19, 29, 0.03435553830594811
19, 30, 0.028128542410372714
19, 31, 0.028994963538023888
19, 32, 0.045857731348103704
20, 21, 0.03567758247760003
20, 22, 0.032317251197090315
20, 23, 0.034712328749631025
20, 24, 0.03624922145249476
20, 25, 0.034631946326219944
20, 26, 0.029835247905917173
20, 27, 0.03196428982087907
20, 28, 0.033494025032870384
20, 29, 0.03451046724182147
20, 30, 0.030191560775083098
20, 31, 0.031959774244684505
20, 32, 0.034930863639403155
21, 22, 0.032315488096416226
21, 23, 0.03630757718948879
21, 24, 0.03827502456763793
21, 25, 0.035882649593408075
21, 26, 0.02977934668729198
21, 27, 0.03195879680837807
21, 28, 0.03383389201128101
21, 29, 0.03586861283127726
21, 30, 0.02984034583788992
21, 31, 0.03184720040966415
21, 32, 0.03684056882745564
22, 23, 0.03075957190144794
22, 24, 0.03211851796144575
22, 25, 0.03101364587121171
22, 26, 0.029659040994896
22, 27, 0.03179135186593287
22, 28, 0.03113036569941481
22, 29, 0.030740395752984945
22, 30, 0.029171996639400264
22, 31, 0.029957816996560728
22, 32, 0.030758459618492225
23, 24, 0.03928449848082405
23, 25, 0.03247159645372342
23, 26, 0.029559237195002665
23, 27, 0.0318521536460912
23, 28, 0.03174880699339003
23, 29, 0.030399568032178154
23, 30, 0.027895647499021497
23, 31, 0.028411776743968695
23, 32, 0.03033170004286545
24, 25, 0.0375919011896365
24, 26, 0.029714126397520732
24, 27, 0.03194068818931124
24, 28, 0.033931752627181566
24, 29, 0.03804427806561834
24, 30, 0.029311245465816992
24, 31, 0.0313386326760363
24, 32, 0.04116630301159208
25, 26, 0.029595001873334813
25, 27, 0.03186391582336034
25, 28, 0.032060505879347605
25, 29, 0.03210360397820692
25, 30, 0.02830612114764944
25, 31, 0.029230144207223398
25, 32, 0.03291253283223538
26, 27, 0.030933738951452173
26, 28, 0.02966056321798158
26, 29, 0.029560456392928522
26, 30, 0.0293843907221618
26, 31, 0.02950086841535522
26, 32, 0.029555473383125957
27, 28, 0.03185430667799775
27, 29, 0.03184899685108973
27, 30, 0.03157973855369591
27, 31, 0.03175177108782693
27, 32, 0.031854312279879754
28, 29, 0.031666147240541294
28, 30, 0.029043551373957047
28, 31, 0.030120198279661045
28, 32, 0.031808962571510786
29, 30, 0.027943832051911855
29, 31, 0.028495955343798923
29, 32, 0.030204589722754784
30, 31, 0.02794103387371686
30, 32, 0.027815024497184163
31, 32, 0.02824810126158069
