9
0, 1, 0.0026010398016296107
0, 2, 0.008305168882172712
0, 3, 0.00843878765370165
0, 4, 0.0030703080367455735
0, 5, 0.0024271923319808364
0, 6, 0.003728021974518049
0, 7, 0.0024904110244609178
0, 8, 0.0027331930923891095
1, 2, 0.0025966208663262456
1, 3, 0.0025967054342939493
1, 4, 0.002711127538729841
1, 5, 0.0025055190789726968
1, 6, 0.0026128293284178503
1, 7, 0.0025434648536214774
1, 8, 0.002593710253285116
2, 3, 0.006393972324371092
2, 4, 0.0030579860327619142
2, 5, 0.002423074200129318
2, 6, 0.00352670183825344
2, 7, 0.00248549876492987
2, 8, 0.0023163330686309046
3, 4, 0.0030582468637236587
3, 5, 0.002423150232765479
3, 6, 0.0035316377530041636
3, 7, 0.002485590640183466
3, 8, 0.0023244038304918234
4, 5, 0.002569177826862544
4, 6, 0.0030818730405165213
4, 7, 0.002637121131197502
4, 8, 0.003035357286601317
5, 6, 0.002440516191059323
5, 7, 0.002451360190544878
5, 8, 0.0024220443723654652
6, 7, 0.0025052686454534326
6, 8, 0.0030802281323828377
7, 8, 0.0024835640527017177
