7
0, 1, 0.030411552830562617
0, 2, 0.032457528281517524
0, 3, 0.029579522453437816
0, 4, 0.028118303265539407
0, 5, 0.020659212934269415
0, 6, 0.03190789648536048
1, 2, 0.03397307129296143
1, 3, 0.031438758424825845
1, 4, 0.03171086610569441
1, 5, 0.020868205647515688
1, 6, 0.03349501393113938
2, 3, 0.03293113121624537
2, 4, 0.03376479495028381
2, 5, 0.02232263509509479
2, 6, 0.03410645448350408
3, 4, 0.030022865060566842
3, 5, 0.021073047177254577
3, 6, 0.03245830907000467
4, 5, 0.020046822163360303
4, 6, 0.03312219952945414
5, 6, 0.02203809667069277
