16
0, 1, 0.024218783440709324
0, 2, 0.005752561671284366
0, 3, 0.025707233657453657
0, 4, 0.024738873109429932
0, 5, 0.026096582056512257
0, 6, 0.03152258550572183
0, 7, 0.025474002351202785
0, 8, 0.025483926969621387
0, 9, 0.025471788607397478
0, 10, 0.024821203687449424
0, 11, 0.023431026180031653
0, 12, 0.024926487923915507
0, 13, 0.03300660059907058
0, 14, 0.02952836289766074
0, 15, 0.025506371020250843
1, 2, 0.006101099708473444
1, 3, 0.024215363794543105
1, 4, 0.02421206087377951
1, 5, 0.024217731946981107
1, 6, 0.030979431598062275
1, 7, 0.02421446851507994
1, 8, 0.02421449785255657
1, 9, 0.024214454951180603
1, 10, 0.024212312484021562
1, 11, 0.024205813207357905
1, 12, 0.024563851896487264
1, 13, 0.03267258036837847
1, 14, 0.029330531471760735
1, 15, 0.02421458571938305
2, 3, 0.0057512823964719195
2, 4, 0.005751295269142938
2, 5, 0.005751516958785083
2, 6, 0.01073650362857814
2, 7, 0.005751244580690137
2, 8, 0.005751243713027816
2, 9, 0.00575124265064792
2, 10, 0.005751267051248423
2, 11, 0.005751797512545807
2, 12, 0.006103393200913031
2, 13, 0.014685057308287414
2, 14, 0.013657379222174307
2, 15, 0.005751248188808838
3, 4, 0.019905263698265716
3, 5, 0.030620788681417297
3, 6, 0.03152431097154584
3, 7, 0.03779758102662194
3, 8, 0.03909058788737442
3, 9, 0.03857497298203962
3, 10, 0.01931077458849303
3, 11, 0.020511544160985575
3, 12, 0.02492544268718203
3, 13, 0.03300764924401134
3, 14, 0.02952893059419426
3, 15, 0.038704868009073856
4, 5, 0.02524596936221908
4, 6, 0.03152391833029125
4, 7, 0.015879040389253064
4, 8, 0.015864083990675865
4, 9, 0.015690879378195095
4, 10, 0.014460894980291124
4, 11, 0.01942335238520058
4, 12, 0.02492187553330862
4, 13, 0.03300744348631353
4, 14, 0.029528758190560757
4, 15, 0.016395573603024263
5, 6, 0.0315241901811113
5, 7, 0.0297406831590116
5, 8, 0.029827439443411857
5, 9, 0.029761376387321656
5, 10, 0.025692631653169363
5, 11, 0.022165224706926955
5, 12, 0.024927499471772436
5, 13, 0.03300755872370033
5, 14, 0.029528913398662482
5, 15, 0.029900728920145628
6, 7, 0.031524272746178555
6, 8, 0.031524277476709946
6, 9, 0.03152427440754593
6, 10, 0.03152399322718514
6, 11, 0.03152238519873925
6, 12, 0.0310466386103084
6, 13, 0.03251857972861828
6, 14, 0.030177369460308898
6, 15, 0.031524279965974136
7, 8, 0.03378851117945831
7, 9, 0.02834051636413121
7, 10, 0.013152201028876548
7, 11, 0.01996596158324084
7, 12, 0.024924560672689743
7, 13, 0.033007633824706374
7, 14, 0.029528907737538253
7, 15, 0.034662796583625595
8, 9, 0.04534786007377878
8, 10, 0.013071241569156717
8, 11, 0.01997200325315657
8, 12, 0.02492459390607304
8, 13, 0.033007636387761156
8, 14, 0.029528909703873646
8, 15, 0.04106293670635522
9, 10, 0.012802084533804001
9, 11, 0.019949466041586737
9, 12, 0.024924550099392793
9, 13, 0.0330076349167174
9, 14, 0.029528908175491787
9, 15, 0.03802767502509107
10, 11, 0.019336267388049656
10, 12, 0.024922203233075813
10, 13, 0.033007485776633025
10, 14, 0.02952878707305297
10, 15, 0.013967211305670333
11, 12, 0.024914148517233087
11, 13, 0.03300658664881186
11, 14, 0.02952815519943564
11, 15, 0.02003141297317965
12, 13, 0.032708919707283964
12, 14, 0.02936222142946516
12, 15, 0.02492467889957746
13, 14, 0.031249666843684243
13, 15, 0.03300763715422478
14, 15, 0.029528911505227275
