7
0, 1, 0.02558759453529496
0, 2, 0.02560175823632074
0, 3, 0.02499510555299242
0, 4, 0.025587343218338904
0, 5, 0.025515427340076804
0, 6, 0.025881723841809222
1, 2, 0.026823013452426412
1, 3, 0.02421666927440453
1, 4, 0.017710417986506657
1, 5, 0.023707265833002172
1, 6, 0.026202832185729934
2, 3, 0.02425563481837169
2, 4, 0.026797538351016014
2, 5, 0.02440614919347272
2, 6, 0.026210644221991392
3, 4, 0.024216401946364645
3, 5, 0.024191360927735266
3, 6, 0.025301268651649732
4, 5, 0.023702621973250716
4, 6, 0.026202534295779657
5, 6, 0.026098575796331888
