9
0, 1, 0.02561405833602813
0, 2, 0.0232243016765903
0, 3, 0.025611695373178932
0, 4, 0.025418349665423567
0, 5, 0.025614257852742742
0, 6, 0.025597096320595224
0, 7, 0.03058488613030429
0, 8, 0.02560491655144412
1, 2, 0.003914317040370303
1, 3, 0.018474261471678074
1, 4, 0.013752260425958939
1, 5, 0.021115709106184506
1, 6, 0.025564540701748534
1, 7, 0.03441855688460588
1, 8, 0.016088827153703047
2, 3, 0.003912737069643594
2, 4, 0.005032263112930375
2, 5, 0.0039058775113189202
2, 6, 0.02187254922472374
2, 7, 0.031761345911303925
2, 8, 0.003951743700663649
3, 4, 0.013683316158989716
3, 5, 0.018149003784791166
3, 6, 0.025560625105816775
3, 7, 0.0344160535893156
3, 8, 0.015034172105042622
4, 5, 0.013723885618625604
4, 6, 0.025244274129674952
4, 7, 0.0341568694928749
4, 8, 0.013661448676311938
5, 6, 0.02556486732770753
5, 7, 0.03441910068863777
5, 8, 0.015795468612376073
6, 7, 0.03161177759778671
6, 8, 0.02554941798597796
7, 8, 0.03440717498978512
