20
0, 1, 0.03570902004769234
0, 2, 0.028788425284168386
0, 3, 0.03516636602402358
0, 4, 0.03040846682060495
0, 5, 0.026223292550026985
0, 6, 0.036081700308864345
0, 7, 0.033032560648535936
0, 8, 0.031999252539513155
0, 9, 0.03538605982181923
0, 10, 0.029553579840139867
0, 11, 0.03377376012150958
0, 12, 0.03594439244584211
0, 13, 0.02955920608111834
0, 14, 0.0336574360221504
0, 15, 0.03587572050661385
0, 16, 0.03049806622517608
0, 17, 0.0350915764853527
0, 18, 0.0362447688188509
0, 19, 0.027200669748384927
1, 2, 0.025364948847083235
1, 3, 0.0307685097707473
1, 4, 0.02596967771593531
1, 5, 0.026165485358929003
1, 6, 0.034849045982400725
1, 7, 0.03116241315671434
1, 8, 0.028557015334821436
1, 9, 0.031693949214831055
1, 10, 0.02612367885278919
1, 11, 0.03062781675453724
1, 12, 0.03385514174741366
1, 13, 0.029491285202716225
1, 14, 0.033466426348106926
1, 15, 0.03310816812876699
1, 16, 0.030203155329110144
1, 17, 0.033934384160311915
1, 18, 0.03624444460966968
1, 19, 0.02713673531882747
2, 3, 0.024912566091741913
2, 4, 0.024852882943731225
2, 5, 0.026142890440202883
2, 6, 0.025280144402106887
2, 7, 0.02749745746383485
2, 8, 0.025861191544916704
2, 9, 0.025008734499148155
2, 10, 0.0251159609897127
2, 11, 0.026050310399085848
2, 12, 0.025030448787329785
2, 13, 0.029389912001198875
2, 14, 0.0323545366760369
2, 15, 0.024854431305756746
2, 16, 0.02966624624102474
2, 17, 0.027698606983773008
2, 18, 0.036189079412407656
2, 19, 0.027096382461046873
3, 4, 0.025230828621094308
3, 5, 0.02615998000929798
3, 6, 0.031492052750715815
3, 7, 0.030694984569089333
3, 8, 0.027834891011492842
3, 9, 0.028335069370524775
3, 10, 0.02563002415840371
3, 11, 0.029579181919394695
3, 12, 0.029711002708487033
3, 13, 0.029482605557478947
3, 14, 0.033413217974391174
3, 15, 0.028113224854554343
3, 16, 0.03016043175998373
3, 17, 0.03324913435740835
3, 18, 0.03624282776098497
3, 19, 0.027130192646177716
4, 5, 0.026151332762118642
4, 6, 0.02585664735322187
4, 7, 0.028441948106712273
4, 8, 0.026399996815680275
4, 9, 0.02539266753967657
4, 10, 0.025312743802121368
4, 11, 0.026805406089029662
4, 12, 0.025448164127066644
4, 13, 0.029432528019305185
4, 14, 0.032806264986836114
4, 15, 0.025155610618587346
4, 16, 0.029883774992630934
4, 17, 0.029021046772163137
4, 18, 0.0362135052626513
4, 19, 0.02711245069912929
5, 6, 0.026164729327624026
5, 7, 0.026203340299284048
5, 8, 0.02617004716489862
5, 9, 0.026161222387572063
5, 10, 0.026152400231427772
5, 11, 0.026173767523073405
5, 12, 0.026161882398644847
5, 13, 0.027368291046747
5, 14, 0.02670248468965852
5, 15, 0.026159951829566198
5, 16, 0.0265663048034415
5, 17, 0.026201830626550852
5, 18, 0.033265394791939955
5, 19, 0.026595649781201526
6, 7, 0.03126611713641584
6, 8, 0.02857066155055268
6, 9, 0.03272025027568194
6, 10, 0.026053448709039476
6, 11, 0.030818113432722775
6, 12, 0.036228533187948275
6, 13, 0.02949203092057551
6, 14, 0.03348918418580857
6, 15, 0.035614152807371124
6, 16, 0.030209154584038278
6, 17, 0.03426938976355496
6, 18, 0.036245630274603
6, 19, 0.027136232562383775
7, 8, 0.029701019484928745
7, 9, 0.03083676070812393
7, 10, 0.02807136391958123
7, 11, 0.030662159798894216
7, 12, 0.031072415489526002
7, 13, 0.029508629204163025
7, 14, 0.03320362993579506
7, 15, 0.030946748834991624
7, 16, 0.030236294798583353
7, 17, 0.03207538745528248
7, 18, 0.03622478281760097
7, 19, 0.027173028728514896
8, 9, 0.02802039693249253
8, 10, 0.026409791065147188
8, 11, 0.028672239086115832
8, 12, 0.028214640222961204
8, 13, 0.02946748581325397
8, 14, 0.03305518464358834
8, 15, 0.027966986391497528
8, 16, 0.030054824861994834
8, 17, 0.03070937825970425
8, 18, 0.03622312292475607
8, 19, 0.027135807230891075
9, 10, 0.025739841519666212
9, 11, 0.029883386102490132
9, 12, 0.031108760988130518
9, 13, 0.029485002256614636
9, 14, 0.0334319981713644
9, 15, 0.02968851161948884
9, 16, 0.030172745431464955
9, 17, 0.0334957743371945
9, 18, 0.03624351102428386
9, 19, 0.027131758567802935
10, 11, 0.02671292605878124
10, 12, 0.025787547878410366
10, 13, 0.02941365748080464
10, 14, 0.03254889367325079
10, 15, 0.02560079797637501
10, 16, 0.029781240931174454
10, 17, 0.02842750110357384
10, 18, 0.03619852055658691
10, 19, 0.02710948683092742
11, 12, 0.030349531357125304
11, 13, 0.029488488687299724
11, 14, 0.03330646181490407
11, 15, 0.030025763726197162
11, 16, 0.030171149864138623
11, 17, 0.03234098283527907
11, 18, 0.036235336039359904
11, 19, 0.02714333383562639
12, 13, 0.029488164841127932
12, 14, 0.033471297223307356
12, 15, 0.03350842039318979
12, 16, 0.030190830133200352
12, 17, 0.034046343730168405
12, 18, 0.036245247047407274
12, 19, 0.027132976230826448
13, 14, 0.029976039430186997
13, 15, 0.02948565926242036
13, 16, 0.02959934792257275
13, 17, 0.029528078988260764
13, 18, 0.03493903733123843
13, 19, 0.028099064695495123
14, 15, 0.03346094139893398
14, 16, 0.03154586867325524
14, 17, 0.03350021713484051
14, 18, 0.03615485180471764
14, 19, 0.027697230084705992
15, 16, 0.03017908619850484
15, 17, 0.03391399213597262
15, 18, 0.0362450720353787
15, 19, 0.027130791704241524
16, 17, 0.030354877028818634
16, 18, 0.03597149414901159
16, 19, 0.027499567972252965
17, 18, 0.036240301612873525
17, 19, 0.027175725426363987
18, 19, 0.03391931595616982
