9
0, 1, 0.013998743173949606
0, 2, 0.014085031209240791
0, 3, 0.01400497296994347
0, 4, 0.013995636658640329
0, 5, 0.013999517307787835
0, 6, 0.014145504534005706
0, 7, 0.014004735190005687
0, 8, 0.013998774362503658
1, 2, 0.014189855732535069
1, 3, 0.014236545575054585
1, 4, 0.013070804410550715
1, 5, 0.018308299619518287
1, 6, 0.017675245558587068
1, 7, 0.01872791117774998
1, 8, 0.015338027562426049
2, 3, 0.014191333746292254
2, 4, 0.014185325708264205
2, 5, 0.014190767651590297
2, 6, 0.01435743825833455
2, 7, 0.014196851640717519
2, 8, 0.014189899867957292
3, 4, 0.014107674399301665
3, 5, 0.014264059189025501
3, 6, 0.0163244927695079
3, 7, 0.014439282167318008
3, 8, 0.014237941263823412
4, 5, 0.013326920020994936
4, 6, 0.017336706201518313
4, 7, 0.014634626601552379
4, 8, 0.013072674771038758
5, 6, 0.017683025298995278
5, 7, 0.018868276389822667
5, 8, 0.019252413587585695
6, 7, 0.017711401069658596
6, 8, 0.017678378263107516
7, 8, 0.018855276927438654
