26
0, 1, 0.03332175084203834
0, 2, 0.03218271064237647
0, 3, 0.03215054135516188
0, 4, 0.040552358123323695
0, 5, 0.03220079878092116
0, 6, 0.03211878289945547
0, 7, 0.03441512583442872
0, 8, 0.032249906501389536
0, 9, 0.03354434159263917
0, 10, 0.03917246676840659
0, 11, 0.03835302266257262
0, 12, 0.03197611646285025
0, 13, 0.040018610716735105
0, 14, 0.03567545446062198
0, 15, 0.032084188713562146
0, 16, 0.03392689659639596
0, 17, 0.03127947459961593
0, 18, 0.03221443300719348
0, 19, 0.058823543800458844
0, 20, 0.03216646500547223
0, 21, 0.0321547577013611
0, 22, 0.03256546593744864
0, 23, 0.039785922284022196
0, 24, 0.03254852972420518
0, 25, 0.03641303700184188
1, 2, 0.03731062497278466
1, 3, 0.04063124174303603
1, 4, 0.04135576246806922
1, 5, 0.0404998079050401
1, 6, 0.04058780499333196
1, 7, 0.03482104235633239
1, 8, 0.04094616453570067
1, 9, 0.043621033966127924
1, 10, 0.0491595129564541
1, 11, 0.03906572973784293
1, 12, 0.03895233645703927
1, 13, 0.04797381470510583
1, 14, 0.0361467933652855
1, 15, 0.03787171529288484
1, 16, 0.034305434488141204
1, 17, 0.031914860807205896
1, 18, 0.04038772084122598
1, 19, 0.06930163370477052
1, 20, 0.0400183482633753
1, 21, 0.04059780478042108
1, 22, 0.03681739013641211
1, 23, 0.0406652145558348
1, 24, 0.040128352793706176
1, 25, 0.03689407239248711
2, 3, 0.032976427575927725
2, 4, 0.04126814699736342
2, 5, 0.033305232025771056
2, 6, 0.03273380792996344
2, 7, 0.03467256405709658
2, 8, 0.03371705197012691
2, 9, 0.03978573153072146
2, 10, 0.048328610768909465
2, 11, 0.03895530556169516
2, 12, 0.031610528439378345
2, 13, 0.04732604008961343
2, 14, 0.03602235569673547
2, 15, 0.032312659966677836
2, 16, 0.0341445345506058
2, 17, 0.03065325778793449
2, 18, 0.03337323541104485
2, 19, 0.06944899040631984
2, 20, 0.03300284836470794
2, 21, 0.03300255882999034
2, 22, 0.03381812891237032
2, 23, 0.04055789946411212
2, 24, 0.03495672145324221
2, 25, 0.03678603155373882
3, 4, 0.041366328184516174
3, 5, 0.03891375895850352
3, 6, 0.038230047405914486
3, 7, 0.034704372892435095
3, 8, 0.04408813349851157
3, 9, 0.04846237825276452
3, 10, 0.05153940354464671
3, 11, 0.03903754401321885
3, 12, 0.027524140610844048
3, 13, 0.049354656248299655
3, 14, 0.03606742300705236
3, 15, 0.03208945197904783
3, 16, 0.034170303739921006
3, 17, 0.030432171207500365
3, 18, 0.0382709830402651
3, 19, 0.07147942066421334
3, 20, 0.03562508576118634
3, 21, 0.039385747799457714
3, 22, 0.03442536042519606
3, 23, 0.04066509320659578
3, 24, 0.03892912451154049
3, 25, 0.03683490528441471
4, 5, 0.04136345885175804
4, 6, 0.04136583897371092
4, 7, 0.03845753469324378
4, 8, 0.04137123453813667
4, 9, 0.041433765917935225
4, 10, 0.041899132490693526
4, 11, 0.040276241541483675
4, 12, 0.04133543765197439
4, 13, 0.04197122923790841
4, 14, 0.03888444372345299
4, 15, 0.041298615847622316
4, 16, 0.03833437287474234
4, 17, 0.04045256236061431
4, 18, 0.04136115403138793
4, 19, 0.046453212569596045
4, 20, 0.04135439051391622
4, 21, 0.04136569717993931
4, 22, 0.041198815423082756
4, 23, 0.04104630295882456
4, 24, 0.04135059981578032
4, 25, 0.039115850888762356
5, 6, 0.03807106519064657
5, 7, 0.034707927834024696
5, 8, 0.041730799402040206
5, 9, 0.047597760582870415
5, 10, 0.051334417918021784
5, 11, 0.03903651792842155
5, 12, 0.03030822929810196
5, 13, 0.04923808903678481
5, 14, 0.036069244037251195
5, 15, 0.032685950003847074
5, 16, 0.034174706746909346
5, 17, 0.030501310677151092
5, 18, 0.03818311298721555
5, 19, 0.071340584015925
5, 20, 0.036254816061684646
5, 21, 0.03871569410991686
5, 22, 0.034541639747924735
5, 23, 0.0406623891014619
5, 24, 0.03882556598663713
5, 25, 0.03683587461261348
6, 7, 0.03470133218289123
6, 8, 0.04434375305372813
6, 9, 0.04862646902961276
6, 10, 0.05158245757929774
6, 11, 0.039036247126881946
6, 12, 0.025388733140191674
6, 13, 0.04937612924590749
6, 14, 0.03606518202894989
6, 15, 0.03166074486551745
6, 16, 0.03416686145269368
6, 17, 0.030393129173475354
6, 18, 0.037514910401215566
6, 19, 0.07151859288283324
6, 20, 0.0345858746876943
6, 21, 0.037812456752484624
6, 22, 0.034326512070558125
6, 23, 0.04066427889232217
6, 24, 0.03875479876020804
6, 25, 0.03683312232450496
7, 8, 0.03471515852934983
7, 9, 0.03486417804030926
7, 10, 0.03581803589617932
7, 11, 0.037007739074179175
7, 12, 0.03467733669536845
7, 13, 0.03609815873082668
7, 14, 0.035427315893191993
7, 15, 0.03467383868618502
7, 16, 0.03444266890926126
7, 17, 0.03424884148549318
7, 18, 0.034708367292327666
7, 19, 0.042343118830635094
7, 20, 0.034701564087441926
7, 21, 0.03470452899827044
7, 22, 0.03469029966055
7, 23, 0.037807800306415715
7, 24, 0.034736748874825175
7, 25, 0.03589579006351781
8, 9, 0.04858638572611436
8, 10, 0.05153286804406807
8, 11, 0.039044487348281566
8, 12, 0.03177449686992562
8, 13, 0.04936400829064422
8, 14, 0.03607610944419773
8, 15, 0.03330411206561288
8, 16, 0.03418216381762748
8, 17, 0.030547422144229654
8, 18, 0.04078399144885187
8, 19, 0.07142687627692294
8, 20, 0.038424750143219666
8, 21, 0.04344621338778056
8, 22, 0.03476009053711011
8, 23, 0.04067135064923972
8, 24, 0.039749941088955805
8, 25, 0.03684225899997311
9, 10, 0.0512367746973255
9, 11, 0.03913654227193678
9, 12, 0.04465332202061075
9, 13, 0.04934884681354226
9, 14, 0.03619502590034083
9, 15, 0.04128016380207636
9, 16, 0.03434650772906957
9, 17, 0.03205336831194965
9, 18, 0.04714827348448794
9, 19, 0.0705800517155804
9, 20, 0.04640623069461923
9, 21, 0.048312007210597134
9, 22, 0.038236466884524
9, 23, 0.040752126414835325
9, 24, 0.044636542511255865
9, 25, 0.03694234339771009
10, 11, 0.03977380655429007
10, 12, 0.05072422223827782
10, 13, 0.050297910427438856
10, 14, 0.0369756984033371
10, 15, 0.04933983136900911
10, 16, 0.03538779684358193
10, 17, 0.03837041758903894
10, 18, 0.05122302577391796
10, 19, 0.06731229814805062
10, 20, 0.051064156193081876
10, 21, 0.05150717273308972
10, 22, 0.046279902820802375
10, 23, 0.04133424299357995
10, 24, 0.050256519750277666
10, 25, 0.03761097103428419
11, 12, 0.03900640472856607
11, 13, 0.039913694491253066
11, 14, 0.037551011700072294
11, 15, 0.038978154075149624
11, 16, 0.036833103897986434
11, 17, 0.03822798469932046
11, 18, 0.039034950617728985
11, 19, 0.04512191764357218
11, 20, 0.03902786089281018
11, 21, 0.03903712580480077
11, 22, 0.0389098201807877
11, 23, 0.03983322706807486
11, 24, 0.039035901793273535
11, 25, 0.03787275197902842
12, 13, 0.048839333251505225
12, 14, 0.036041328183813025
12, 15, 0.0301864306281576
12, 16, 0.03414262299396061
12, 17, 0.03027469043612387
12, 18, 0.030894652110189078
12, 19, 0.07110839753456136
12, 20, 0.029727747809584003
12, 21, 0.027906318330429412
12, 22, 0.033645850319871155
12, 23, 0.040629660134191566
12, 24, 0.0357158192775234
12, 25, 0.03681044011056027
13, 14, 0.03719291455475134
13, 15, 0.047981754302314765
13, 16, 0.03569831424970131
13, 17, 0.03936858770316383
13, 18, 0.049172478314809885
13, 19, 0.06520620435873417
13, 20, 0.049069951630534986
13, 21, 0.04933591898553541
13, 22, 0.045914999185586065
13, 23, 0.04143495824579467
13, 24, 0.04861353995572238
13, 25, 0.037790856786160225
14, 15, 0.03603032187823002
14, 16, 0.035206630240573106
14, 17, 0.03553473339695069
14, 18, 0.036069016411107456
14, 19, 0.0427037808523236
14, 20, 0.03606268471822578
14, 21, 0.03606738564211967
14, 22, 0.0360187496755174
14, 23, 0.03831387632926824
14, 24, 0.03608644547799397
14, 25, 0.03647135841256493
15, 16, 0.03414265586164497
15, 17, 0.030478692609888284
15, 18, 0.03281727603096967
15, 19, 0.07019972879224992
15, 20, 0.03227459905964809
15, 21, 0.032144250551987455
15, 22, 0.03372782709791625
15, 23, 0.040590273615027116
15, 24, 0.03512333098677437
15, 25, 0.03679661057671727
16, 17, 0.03374767566090659
16, 18, 0.03417546553971692
16, 19, 0.04231034493152274
16, 20, 0.03416838886231319
16, 21, 0.03417055272401022
16, 22, 0.03417244466346969
16, 23, 0.037652820504584315
16, 24, 0.03420923800710494
16, 25, 0.035701531727182316
17, 18, 0.030523099603093785
17, 19, 0.05880824701759236
17, 20, 0.030476272644668925
17, 21, 0.030438774398877943
17, 22, 0.03122624516931526
17, 23, 0.03966452893558812
17, 24, 0.030962330339947403
17, 25, 0.036290030502214396
18, 19, 0.07127091000086815
18, 20, 0.036177258796882106
18, 21, 0.03814215737987632
18, 22, 0.03455721891894164
18, 23, 0.040659983426188546
18, 24, 0.038668154584149114
18, 25, 0.036835362408049896
19, 20, 0.07120499740391463
19, 21, 0.07145958774919615
19, 22, 0.06753445127923052
19, 23, 0.04665720785257313
19, 24, 0.07051587803152921
19, 25, 0.042750930962344606
20, 21, 0.03563214575459607
20, 22, 0.03435818634615824
20, 23, 0.040652139937007725
20, 24, 0.0379396612332935
20, 25, 0.036829533644580616
21, 22, 0.034431456997860016
21, 23, 0.040664437847397726
21, 24, 0.03887908827220192
21, 25, 0.036834784095694406
22, 23, 0.04048651281366569
22, 24, 0.035294657890558544
22, 25, 0.0367730431321153
23, 24, 0.04065153716379357
23, 25, 0.03859825964709314
24, 25, 0.036847132059474014
