34
0, 1, 0.036996174842535035
0, 2, 0.019183005412712104
0, 3, 0.026215899141815317
0, 4, 0.035502442214802754
0, 5, 0.012416414289472405
0, 6, 0.017753061959595105
0, 7, 0.01751500950056892
0, 8, 0.013052054305903052
0, 9, 0.017718220915898055
0, 10, 0.03914499132599803
0, 11, 0.012221389498250607
0, 12, 0.013883374129667185
0, 13, 0.032415862613312425
0, 14, 0.03103537411176729
0, 15, 0.012357870459989862
0, 16, 0.03312073145295383
0, 17, 0.013760371961586672
0, 18, 0.02101155330415795
0, 19, 0.0171791344153405
0, 20, 0.01088577159870125
0, 21, 0.03433790903226307
0, 22, 0.025077208364094248
0, 23, 0.029041658710513556
0, 24, 0.02011862529215614
0, 25, 0.012266484573322063
0, 26, 0.022264843031248198
0, 27, 0.025794683462130416
0, 28, 0.013366765280545841
0, 29, 0.016486200888577135
0, 30, 0.012360756744887891
0, 31, 0.020016932943461418
0, 32, 0.026612621004781588
0, 33, 0.02727676360898763
1, 2, 0.0291361992438136
1, 3, 0.029075023523912603
1, 4, 0.04077188558232063
1, 5, 0.012430687712746016
1, 6, 0.018614392966855006
1, 7, 0.01851737953974257
1, 8, 0.013053400722133878
1, 9, 0.01772016855541958
1, 10, 0.047965578412911124
1, 11, 0.012308825392406976
1, 12, 0.02128433184419374
1, 13, 0.04219583632749833
1, 14, 0.03902357701342911
1, 15, 0.012372872292742323
1, 16, 0.04123317732482665
1, 17, 0.01506323105192807
1, 18, 0.02360375279009323
1, 19, 0.017182214411629645
1, 20, 0.013624519770965366
1, 21, 0.038389576054979044
1, 22, 0.026055080651339494
1, 23, 0.030842203508978264
1, 24, 0.022954940261407028
1, 25, 0.012269730909416753
1, 26, 0.023054565408178927
1, 27, 0.02819974197186658
1, 28, 0.014763844115056409
1, 29, 0.019195558729220075
1, 30, 0.012362084579537674
1, 31, 0.020542206136079037
1, 32, 0.02694987778690553
1, 33, 0.03617923114098859
2, 3, 0.025055789129602622
2, 4, 0.03199689132091521
2, 5, 0.012416754678051919
2, 6, 0.017625611399458143
2, 7, 0.01737503341011257
2, 8, 0.013052058627221844
2, 9, 0.01771792752694525
2, 10, 0.03286761155785993
2, 11, 0.012224021337741964
2, 12, 0.013738431559261714
2, 13, 0.027455696360430087
2, 14, 0.027117819820761065
2, 15, 0.012358256673406773
2, 16, 0.028670165584833755
2, 17, 0.01373543168584225
2, 18, 0.020382724684363657
2, 19, 0.017178725848844063
2, 20, 0.011071429396662547
2, 21, 0.031703630621755775
2, 22, 0.024695816434350617
2, 23, 0.028118338829223547
2, 24, 0.019514329199082366
2, 25, 0.01226657779091613
2, 26, 0.022030006181580516
2, 27, 0.024839042569642273
2, 28, 0.013357321723424357
2, 29, 0.01621152891852817
2, 30, 0.012360790818864556
2, 31, 0.019899074495607492
2, 32, 0.026460580953150327
2, 33, 0.023934711554030035
3, 4, 0.03042220093138475
3, 5, 0.012472964302593674
3, 6, 0.01954986028240765
3, 7, 0.019593441373076188
3, 8, 0.013057185108910041
3, 9, 0.01772324908594262
3, 10, 0.03042968253388355
3, 11, 0.012565499658676598
3, 12, 0.022792410715715337
3, 13, 0.028496843745408174
3, 14, 0.028307298021724638
3, 15, 0.012417521428014854
3, 16, 0.028905374139957682
3, 17, 0.01726222765822666
3, 18, 0.02358202814859779
3, 19, 0.01718752561477129
3, 20, 0.017810402005878884
3, 21, 0.030439526149046183
3, 22, 0.025521179738807177
3, 23, 0.02839610843996297
3, 24, 0.02321538523796022
3, 25, 0.012279510066499385
3, 26, 0.023143202706006175
3, 27, 0.026338127221422508
3, 28, 0.01715821898932091
3, 29, 0.021037531370297888
3, 30, 0.01236605484063836
3, 31, 0.020919812858463352
3, 32, 0.02665815251207905
3, 33, 0.027176458554661963
4, 5, 0.012464985367972147
4, 6, 0.020000055548788025
4, 7, 0.020116041546830176
4, 8, 0.013056555153000688
4, 9, 0.017723790139274272
4, 10, 0.04116293710766461
4, 11, 0.012518305065463281
4, 12, 0.027228210906952575
4, 13, 0.03817089296344063
4, 14, 0.03690658710306495
4, 15, 0.01240900551585025
4, 16, 0.03802443926805832
4, 17, 0.01749187950467565
4, 18, 0.026063961791734164
4, 19, 0.017188114393797433
4, 20, 0.018415481474792272
4, 21, 0.03717797526269539
4, 22, 0.02690187695172693
4, 23, 0.03148059515031602
4, 24, 0.025741470459205436
4, 25, 0.012277594296423758
4, 26, 0.023989705678866383
4, 27, 0.02956434834026074
4, 28, 0.017381971707749404
4, 29, 0.022727070639204514
4, 30, 0.01236528911248384
4, 31, 0.021316018091359006
4, 32, 0.02723069664517618
4, 33, 0.035382909848670825
5, 6, 0.012493229429974396
5, 7, 0.0124780641649633
5, 8, 0.012996451485515276
5, 9, 0.01707267589166433
5, 10, 0.012446420802347391
5, 11, 0.01238135163598222
5, 12, 0.012410270239007695
5, 13, 0.012434246706696165
5, 14, 0.012438274764215766
5, 15, 0.012383287948441143
5, 16, 0.01244097036922515
5, 17, 0.012422064118591368
5, 18, 0.01245318930813727
5, 19, 0.016323512967850493
5, 20, 0.012399626581236983
5, 21, 0.012478956800434603
5, 22, 0.012583065621805202
5, 23, 0.012531732931096629
5, 24, 0.012445010005921065
5, 25, 0.012292584789222788
5, 26, 0.012577531500970332
5, 27, 0.012483075998397668
5, 28, 0.012417144429736621
5, 29, 0.012428488369236669
5, 30, 0.012364730864353723
5, 31, 0.01260452309327127
5, 32, 0.012962212967573617
5, 33, 0.012429736212386062
6, 7, 0.017500451970477688
6, 8, 0.013058491341119078
6, 9, 0.017717729813323754
6, 10, 0.019360776106791412
6, 11, 0.012674690176755547
6, 12, 0.017094548626109946
6, 13, 0.018681505603809302
6, 14, 0.01880226323528087
6, 15, 0.012439461725104442
6, 16, 0.018974548856511335
6, 17, 0.01594363275194047
6, 18, 0.018394694151135538
6, 19, 0.01718016723280658
6, 20, 0.015820710517172893
6, 21, 0.020438717058637344
6, 22, 0.02110911119261503
6, 23, 0.021280680634081724
6, 24, 0.018121393253255878
6, 25, 0.012284676755985467
6, 26, 0.020032411273054017
6, 27, 0.01972548981649019
6, 28, 0.01584913970497955
6, 29, 0.01723544413796127
6, 30, 0.012368080413014354
6, 31, 0.01908911188867197
6, 32, 0.024105386909246178
6, 33, 0.018355229266861124
7, 8, 0.013057163365350448
7, 9, 0.017717257978400083
7, 10, 0.019384524093497793
7, 11, 0.012589943791922985
7, 12, 0.01677144676712573
7, 13, 0.01859778084203187
7, 14, 0.018739063072217215
7, 15, 0.012423408089219453
7, 16, 0.01893798189536742
7, 17, 0.01563193187643003
7, 18, 0.018293525422975822
7, 19, 0.017179154841944398
7, 20, 0.015396816197144737
7, 21, 0.02061055676359594
7, 22, 0.021269239190089956
7, 23, 0.021510510797447986
7, 24, 0.017982918785785347
7, 25, 0.012281086223394725
7, 26, 0.020093849936768653
7, 27, 0.019788358033180815
7, 28, 0.015518419350062719
7, 29, 0.01698815593330168
7, 30, 0.012366626556811465
7, 31, 0.019082154067030153
7, 32, 0.024313948256564237
7, 33, 0.01822126422211344
8, 9, 0.014944114276172843
8, 10, 0.013054857959660118
8, 11, 0.013038654335410073
8, 12, 0.013051414492635515
8, 13, 0.013053713957667962
8, 14, 0.01305407635221349
8, 15, 0.01299405530493396
8, 16, 0.013054333350729232
8, 17, 0.01305199461857842
8, 18, 0.013055277262592532
8, 19, 0.01429680554955022
8, 20, 0.013050204154333233
8, 21, 0.013057835005497622
8, 22, 0.013067201043488413
8, 23, 0.013062619488739808
8, 24, 0.013054527163959192
8, 25, 0.012820828677016567
8, 26, 0.013066510494827294
8, 27, 0.013058094348580181
8, 28, 0.01305156895392212
8, 29, 0.01305294355427407
8, 30, 0.012703264284092616
8, 31, 0.013068704383651663
8, 32, 0.01310310092753264
8, 33, 0.013053278199141658
9, 10, 0.017721972622938963
9, 11, 0.017596075230577435
9, 12, 0.017716651433288003
9, 13, 0.017720372789113495
9, 14, 0.01772069972905547
9, 15, 0.01709343957447439
9, 16, 0.017721099869054867
9, 17, 0.017711697996720035
9, 18, 0.017720082088672727
9, 19, 0.017508825129193283
9, 20, 0.017712738135255066
9, 21, 0.017725166325993854
9, 22, 0.017731934710586865
9, 23, 0.017729430845088465
9, 24, 0.017719273387467108
9, 25, 0.01565376096607788
9, 26, 0.017728669092557603
9, 27, 0.017723991749575275
9, 28, 0.01771154155902014
9, 29, 0.01771676910824779
9, 30, 0.014512749008337015
9, 31, 0.0177260772218423
9, 32, 0.017767395634288606
9, 33, 0.017719631309497382
10, 11, 0.012405279679214972
10, 12, 0.025884297173224376
10, 13, 0.04243926756830086
10, 14, 0.03997014635276811
10, 15, 0.012389436312800572
10, 16, 0.04167293410689078
10, 17, 0.016322459915010946
10, 18, 0.025303332110048978
10, 19, 0.017185123268130223
10, 20, 0.01625682068162488
10, 21, 0.03902171287424969
10, 22, 0.026654527525856682
10, 23, 0.03162144599616072
10, 24, 0.024856417228882863
10, 25, 0.012273327929731926
10, 26, 0.023623289721841554
10, 27, 0.02942790040170582
10, 28, 0.016122710437229515
10, 29, 0.021339861750520807
10, 30, 0.012363551933247056
10, 31, 0.020969280197321572
10, 32, 0.027151272024548763
10, 33, 0.03791067255273324
11, 12, 0.012185113220182259
11, 13, 0.012330864727221816
11, 14, 0.012355636074057362
11, 15, 0.012329818844514001
11, 16, 0.012372064730762692
11, 17, 0.012265544976105847
11, 18, 0.012446762972133025
11, 19, 0.01700718209468177
11, 20, 0.012125782600080274
11, 21, 0.012602592202697419
11, 22, 0.013192860741811658
11, 23, 0.01291215704055202
11, 24, 0.012397655437495825
11, 25, 0.012262887105819575
11, 26, 0.01314974053126264
11, 27, 0.01262544774814514
11, 28, 0.012236111621654397
11, 29, 0.012298717100251984
11, 30, 0.01235785052099489
11, 31, 0.013268937223852827
11, 32, 0.015054977813059587
11, 33, 0.012303427831262655
12, 13, 0.021314215594115345
12, 14, 0.021779884821957758
12, 15, 0.012351474313749304
12, 16, 0.022950200601454883
12, 17, 0.013130631032730723
12, 18, 0.01870583009766058
12, 19, 0.01717677165091912
12, 20, 0.010131788903669909
12, 21, 0.02783909144242166
12, 22, 0.02384344614895376
12, 23, 0.02640473554099624
12, 24, 0.017784842587991626
12, 25, 0.012265120065280714
12, 26, 0.02141261395167497
12, 27, 0.022903199376547945
12, 28, 0.012730585826658732
12, 29, 0.014838189799207998
12, 30, 0.01236018983693075
12, 31, 0.019523702433756184
12, 32, 0.02613092202358682
12, 33, 0.018919201144157766
13, 14, 0.035706568597561855
13, 15, 0.012376636171736552
13, 16, 0.03743292410058875
13, 17, 0.0152862757308336
13, 18, 0.023457185634064383
13, 19, 0.0171825832710646
13, 20, 0.014173471408321257
13, 21, 0.036585686666780845
13, 22, 0.025929881868996727
13, 23, 0.03037697543562403
13, 24, 0.022844079974738123
13, 25, 0.012270554699500929
13, 26, 0.023019570198122518
13, 27, 0.027764531459652884
13, 28, 0.015013318232035429
13, 29, 0.019354921894988927
13, 30, 0.012362418250252144
13, 31, 0.020555611990103202
13, 32, 0.02689711954273135
13, 33, 0.03317333121889212
14, 15, 0.012380888059881443
14, 16, 0.035799289977687665
14, 17, 0.015555515193054956
14, 18, 0.02354726432066891
14, 19, 0.01718313662988392
14, 20, 0.014759149268802865
14, 21, 0.03568938785122307
14, 22, 0.025914110691241835
14, 23, 0.030178824866589304
14, 24, 0.022975735266640283
14, 25, 0.012271482712648949
14, 26, 0.02305710288196159
14, 27, 0.02763795949260796
14, 28, 0.015308374399043319
14, 29, 0.01966652707152849
14, 30, 0.012362795268093009
14, 31, 0.020609258591455855
14, 32, 0.026884087791821696
14, 33, 0.03205090684783851
15, 16, 0.01238371847936215
15, 17, 0.012364411787437172
15, 18, 0.012396778618436409
15, 19, 0.016347664446688528
15, 20, 0.012340495526492632
15, 21, 0.01242373117186607
15, 22, 0.012533679856858767
15, 23, 0.0124794181642716
15, 24, 0.012388158467939015
15, 25, 0.012281050202955186
15, 26, 0.012528047469165408
15, 27, 0.012428197803838123
15, 28, 0.012359200785387176
15, 29, 0.012370817160626714
15, 30, 0.012359756414628106
15, 31, 0.012556832636445818
15, 32, 0.012932662670175905
15, 33, 0.012371906029047365
16, 17, 0.01579805595880723
16, 18, 0.024059965089215294
16, 19, 0.01718376414152689
16, 20, 0.015229994556404662
16, 21, 0.03657906460609216
16, 22, 0.026130109822242426
16, 23, 0.030584719852817875
16, 24, 0.023525938687840274
16, 25, 0.012272094484220269
16, 26, 0.023226033738541985
16, 27, 0.02814672262002141
16, 28, 0.015566271779492484
16, 29, 0.020169718736967823
16, 30, 0.012363045895367785
16, 31, 0.020719055539790372
16, 32, 0.02696207251588751
16, 33, 0.03359315394745528
17, 18, 0.015784652832309804
17, 19, 0.017170016056410185
17, 20, 0.012268424246348384
17, 21, 0.018256278833242004
17, 22, 0.020056952944658854
17, 23, 0.01988927520326834
17, 24, 0.015332776380920229
17, 25, 0.012268117974280592
17, 26, 0.018902256566626134
17, 27, 0.01763212271272272
17, 28, 0.013179383196145356
17, 29, 0.014182633666543182
17, 30, 0.012361338560451058
17, 31, 0.01809832547823916
17, 32, 0.02392637397066615
17, 33, 0.014853175250161008
18, 19, 0.01718259401096823
18, 20, 0.015428052246100629
18, 21, 0.026517697296208096
18, 22, 0.024039830636551917
18, 23, 0.02596808148623683
18, 24, 0.02042030625496683
18, 25, 0.012275024358452664
18, 26, 0.021959867409899227
18, 27, 0.023583584497980467
18, 28, 0.015611289224399217
18, 29, 0.018455609321540008
18, 30, 0.01236421388077036
18, 31, 0.020122161532774203
18, 32, 0.026036054514807994
18, 33, 0.022399995658130976
19, 20, 0.01717098555906996
19, 21, 0.017190377469927846
19, 22, 0.017202309805184328
19, 23, 0.017197604089365482
19, 24, 0.01718126464887066
19, 25, 0.014769668964156121
19, 26, 0.01719756387472641
19, 27, 0.017188804693867077
19, 28, 0.01716968353170123
19, 29, 0.01717734520055442
19, 30, 0.013798042959854291
19, 31, 0.017194521547183074
19, 32, 0.01726117535613071
19, 33, 0.0171814312451275
20, 21, 0.01966000352468256
20, 22, 0.021193688519623326
20, 23, 0.021573096027371435
20, 24, 0.014678921420698456
20, 25, 0.01226280158377535
20, 26, 0.01955636302180057
20, 27, 0.01834094901700366
20, 28, 0.011916890178558253
20, 29, 0.012857764027143127
20, 30, 0.012359211439983
20, 31, 0.018413121263085187
20, 32, 0.024880151756033142
20, 33, 0.013345862178833249
21, 22, 0.027075307883213846
21, 23, 0.03141028478811094
21, 24, 0.02625777601707664
21, 25, 0.012280809224802795
21, 26, 0.024245787741754062
21, 27, 0.029662229476554548
21, 28, 0.018197442181669753
21, 29, 0.023533288047464795
21, 30, 0.012366598554053131
21, 31, 0.02156369588844564
21, 32, 0.027290991670434382
21, 33, 0.034421355637333735
22, 23, 0.026642552304992052
22, 24, 0.023873429945417038
22, 25, 0.012305200347234336
22, 26, 0.02355164672244022
22, 27, 0.025427872506188283
22, 28, 0.02008138939918811
22, 29, 0.02278947593884615
22, 30, 0.012376509451947515
22, 31, 0.021755262017643506
22, 32, 0.026284283513346003
22, 33, 0.02547476669598645
23, 24, 0.025782764693176186
23, 25, 0.012293059657216481
23, 26, 0.024373845815346507
23, 27, 0.0280396364231949
23, 28, 0.01991596734218209
23, 29, 0.024052862767233438
23, 30, 0.012371581132277865
23, 31, 0.022000732350407698
23, 32, 0.027082260828312214
23, 33, 0.029468810372567027
24, 25, 0.012273140980163105
24, 26, 0.021777015992639315
24, 27, 0.02325169573231943
24, 28, 0.015130713636900528
24, 29, 0.017853255412785346
24, 30, 0.012363446650970795
24, 31, 0.019966243015308766
24, 32, 0.02598894124443744
24, 33, 0.021717849058801895
25, 26, 0.012304146211845397
25, 27, 0.012281857405051982
25, 28, 0.012266966258288036
25, 29, 0.012269383737100585
25, 30, 0.012332792453847673
25, 31, 0.012310960677984836
25, 32, 0.01239567732431146
25, 33, 0.012269534746650807
26, 27, 0.023161872150391855
26, 28, 0.018892251643552377
26, 29, 0.020894263237098375
26, 30, 0.01237605405085922
26, 31, 0.02088231792417139
26, 32, 0.025348834473123295
26, 33, 0.022677767042420603
27, 28, 0.017552451537566682
27, 29, 0.021272918263324624
27, 30, 0.012367008477982435
27, 31, 0.020997918554953157
27, 32, 0.026596587635856265
27, 33, 0.026655149719287938
28, 29, 0.013926723961726143
28, 30, 0.012360873052187887
28, 31, 0.018074565090918357
28, 32, 0.023994056274895335
28, 33, 0.014555037890001874
29, 30, 0.012361906177374184
29, 31, 0.019358531903398077
29, 32, 0.02553330412377996
29, 33, 0.018380577001445787
30, 31, 0.012378791460454387
30, 32, 0.01241354754534739
30, 33, 0.01236199956332379
31, 32, 0.024027956836690716
31, 33, 0.020341799924097795
32, 33, 0.026731722367764565
