26
0, 1, 0.031405150563132575
0, 2, 0.0313449329491441
0, 3, 0.031607693979921574
0, 4, 0.03144930217723589
0, 5, 0.031451506195823035
0, 6, 0.0314469025109211
0, 7, 0.031450838074095086
0, 8, 0.03144609332434312
0, 9, 0.03144745806685417
0, 10, 0.03138449066789833
0, 11, 0.03144718483680512
0, 12, 0.03144853208452884
0, 13, 0.03144939105545382
0, 14, 0.030322823758039654
0, 15, 0.031451004771805666
0, 16, 0.030892532174335623
0, 17, 0.031241246109932987
0, 18, 0.031224089775247873
0, 19, 0.03144949244920713
0, 20, 0.03144947619703946
0, 21, 0.03142495190203565
0, 22, 0.031442129754182264
0, 23, 0.031448585984473386
0, 24, 0.031436185943133056
0, 25, 0.030945941591657228
1, 2, 0.025313988963113012
1, 3, 0.032318512907253204
1, 4, 0.02583565585846327
1, 5, 0.026271546489694268
1, 6, 0.025738819159409145
1, 7, 0.02623061367650752
1, 8, 0.02599253159878481
1, 9, 0.0257315622971785
1, 10, 0.029950775327411343
1, 11, 0.025689207416733497
1, 12, 0.025806979851408493
1, 13, 0.025878375056806558
1, 14, 0.02919569821553242
1, 15, 0.026528119574048853
1, 16, 0.024948015147515788
1, 17, 0.025764988163584808
1, 18, 0.02492138180307575
1, 19, 0.025925440326054223
1, 20, 0.026566935213252273
1, 21, 0.026638776903280238
1, 22, 0.029899964381974134
1, 23, 0.025774056266723046
1, 24, 0.02558501573280965
1, 25, 0.02996722746903366
2, 3, 0.031904530563925546
2, 4, 0.025063893116003585
2, 5, 0.02528641199114678
2, 6, 0.025029834446699293
2, 7, 0.02527019390735099
2, 8, 0.025178777057392628
2, 9, 0.025021786891757977
2, 10, 0.02937665414009288
2, 11, 0.025000825584587126
2, 12, 0.02505455075568119
2, 13, 0.025086431984460818
2, 14, 0.029155280191551485
2, 15, 0.025444784547537867
2, 16, 0.024901078143845554
2, 17, 0.02554086593683194
2, 18, 0.02482589777387508
2, 19, 0.025111397887965785
2, 20, 0.025487943182194356
2, 21, 0.025779255997226608
2, 22, 0.02875925490206391
2, 23, 0.02503625441007964
2, 24, 0.025009971766169918
2, 25, 0.029880902699407085
3, 4, 0.032660181396781146
3, 5, 0.032672863114981
3, 6, 0.032641959153407625
3, 7, 0.032667911821908556
3, 8, 0.03263240801069194
3, 9, 0.03264650301285839
3, 10, 0.03196632682563145
3, 11, 0.032644785899596976
3, 12, 0.03265429130590599
3, 13, 0.03266041052182503
3, 14, 0.029662518855931925
3, 15, 0.03266527626001068
3, 16, 0.029695038120139107
3, 17, 0.03126985564073197
3, 18, 0.031174426447711456
3, 19, 0.03266068453814631
3, 20, 0.03265211566190937
3, 21, 0.03245437125213784
3, 22, 0.03244242520567289
3, 23, 0.03265509929861842
3, 24, 0.032558796314117795
3, 25, 0.03059435481341196
4, 5, 0.0399431727300194
4, 6, 0.023058342452744355
4, 7, 0.036102463039507614
4, 8, 0.027474319201371486
4, 9, 0.021197168425667764
4, 10, 0.03043040994202766
4, 11, 0.01891089240487955
4, 12, 0.023436508403954136
4, 13, 0.03180621755532212
4, 14, 0.029221725022173527
4, 15, 0.033545257257389306
4, 16, 0.02487166615117328
4, 17, 0.025749644012025064
4, 18, 0.024711136219643798
4, 19, 0.032616398493837066
4, 20, 0.031539190901882536
4, 21, 0.02762634063016352
4, 22, 0.031159066074959607
4, 23, 0.015309898645363508
4, 24, 0.024533345071976374
4, 25, 0.030027003294756303
5, 6, 0.03095482224659331
5, 7, 0.038030280620145344
5, 8, 0.030441296364061645
5, 9, 0.03212557908465112
5, 10, 0.030466335699505825
5, 11, 0.0314903299021791
5, 12, 0.03537660109852021
5, 13, 0.038955037242862436
5, 14, 0.029224407473686886
5, 15, 0.03520417193410455
5, 16, 0.024912652884050094
5, 17, 0.02584370344009236
5, 18, 0.024821365173975946
5, 19, 0.038170383513368315
5, 20, 0.0330928705275659
5, 21, 0.028095844980129122
5, 22, 0.03124715008292052
5, 23, 0.036318290520319554
5, 24, 0.02633684307727121
5, 25, 0.03003165533592277
6, 7, 0.029895360386879243
6, 8, 0.02633614405532861
6, 9, 0.022316285434560296
6, 10, 0.03039952272850652
6, 11, 0.021479282949479452
6, 12, 0.023152029403654708
6, 13, 0.024431393789473097
6, 14, 0.0292200013962977
6, 15, 0.030730118592128947
6, 16, 0.02486604878567691
6, 17, 0.025729427269313022
6, 18, 0.02469750884153794
6, 19, 0.02558831821735545
6, 20, 0.02986366865281599
6, 21, 0.027431512512073014
6, 22, 0.031069487637921375
6, 23, 0.021920779072982684
6, 24, 0.02434004800923546
6, 25, 0.030023365393138116
7, 8, 0.02990787651002842
7, 9, 0.0306832670931831
7, 10, 0.030457472895646993
7, 11, 0.030095611104094123
7, 12, 0.03314247341806475
7, 13, 0.03576871847885778
7, 14, 0.02922389339716482
7, 15, 0.0343682618242315
7, 16, 0.024909950353488534
7, 17, 0.025835583444694277
7, 18, 0.02481434604337374
7, 19, 0.03549257300442137
7, 20, 0.03256647620967517
7, 21, 0.02802843070573938
7, 22, 0.03122184125526104
7, 23, 0.03356187528580784
7, 24, 0.026182688384399157
7, 25, 0.030030601483258958
8, 9, 0.02634152621569273
8, 10, 0.030395837907548157
8, 11, 0.02600272147133097
8, 12, 0.027053327900301793
8, 13, 0.027781626115238357
8, 14, 0.029220365533360236
8, 15, 0.03046129414710316
8, 16, 0.024894828605057664
8, 17, 0.02578694078183081
8, 18, 0.024775875922572955
8, 19, 0.02808986344688437
8, 20, 0.02987933258301257
8, 21, 0.02761406958550125
8, 22, 0.03104640546398515
8, 23, 0.026830591030711528
8, 24, 0.02542715373138298
8, 25, 0.030023267307447934
9, 10, 0.030406018465934066
9, 11, 0.020011150490038782
9, 12, 0.02195914301305562
9, 13, 0.023569392361448546
9, 14, 0.029220310103583367
9, 15, 0.03122973410830305
9, 16, 0.024864398947071917
9, 17, 0.025727853558616808
9, 18, 0.0246925897924425
9, 19, 0.025321307616460974
9, 20, 0.030151071934417562
9, 21, 0.02745018080855253
9, 22, 0.031089478519583106
9, 23, 0.019847971311708283
9, 24, 0.024239719956166226
9, 25, 0.03002409966355184
10, 11, 0.030401822473948393
10, 12, 0.03042053900199667
10, 13, 0.030432388855921418
10, 14, 0.029297103231093278
10, 15, 0.03046660754991503
10, 16, 0.02722727042607533
10, 17, 0.028755762445434686
10, 18, 0.028502562048114632
10, 19, 0.03043461981381677
10, 20, 0.03044992451958701
10, 21, 0.030189015219970472
10, 22, 0.030630276348436587
10, 23, 0.03042048324851386
10, 24, 0.030270138769647393
10, 25, 0.03007164298511545
11, 12, 0.02051966675137547
11, 13, 0.021883784213223945
11, 14, 0.02922001637201608
11, 15, 0.030937868535629354
11, 16, 0.024860578784188823
11, 17, 0.02571883308324545
11, 18, 0.024682345533489844
11, 19, 0.02402666683005533
11, 20, 0.029933331216896602
11, 21, 0.027401312648952653
11, 22, 0.03107869574163949
11, 23, 0.01791126039611818
11, 24, 0.024065542479247536
11, 25, 0.03002356915791979
12, 13, 0.026434110608510787
12, 14, 0.02922118163137277
12, 15, 0.03243580161549282
12, 16, 0.024870178181869058
12, 17, 0.025743796603857092
12, 18, 0.02470760962863451
12, 19, 0.028191841700119086
12, 20, 0.03092029017840988
12, 21, 0.027564636037144024
12, 22, 0.031130162771899176
12, 23, 0.02070575055762082
12, 24, 0.024480897546228782
12, 25, 0.030025847270744973
13, 14, 0.029221909715346335
13, 15, 0.033538841243301566
13, 16, 0.02487582067872047
13, 17, 0.025758735631669277
13, 18, 0.024722443644988094
13, 19, 0.03286228492243836
13, 20, 0.03160947432845523
13, 21, 0.02766660437268278
13, 22, 0.031163042822654405
13, 23, 0.02400396443799446
13, 24, 0.024737737072952112
13, 25, 0.030027282164612142
14, 15, 0.029225066596330233
14, 16, 0.02886113903322656
14, 17, 0.02909774982711751
14, 18, 0.029074262033808244
14, 19, 0.029222116962554286
14, 20, 0.029224403890048982
14, 21, 0.02921181198439337
14, 22, 0.02926903856261245
14, 23, 0.029221112132676204
14, 24, 0.029213036876613318
14, 25, 0.029502583918087383
15, 16, 0.02494431775741336
15, 17, 0.02590734545907999
15, 18, 0.024906237787946383
15, 19, 0.033536105342181634
15, 20, 0.032384722182148044
15, 21, 0.028272399591250903
15, 22, 0.031232206817227538
15, 23, 0.03256915945791616
15, 24, 0.027157548856638646
15, 25, 0.03003210804064736
16, 17, 0.025126983622183928
16, 18, 0.02482806657337431
16, 19, 0.024880443172412402
16, 20, 0.024954557905360844
16, 21, 0.02505084329044447
16, 22, 0.02623430194890934
16, 23, 0.02486677039497764
16, 24, 0.024864953427340002
16, 25, 0.029282472025168708
17, 18, 0.025254313993939365
17, 19, 0.02576884499453649
17, 20, 0.025922464973536258
17, 21, 0.02602232524269219
17, 22, 0.027930333608018935
17, 23, 0.025736778101669303
17, 24, 0.025691777542705442
17, 25, 0.029750339338598476
18, 19, 0.0247350016346833
18, 20, 0.024933471895733805
18, 21, 0.02516839471267781
18, 22, 0.027453220982928947
18, 23, 0.024698241151693508
18, 24, 0.024702138638075667
18, 25, 0.029711392553293255
19, 20, 0.03168382848210106
19, 21, 0.02771095589881111
19, 22, 0.031167545582759942
19, 23, 0.027292498746257988
19, 24, 0.02495461692150329
19, 25, 0.0300275961608961
20, 21, 0.028230943438321058
20, 22, 0.031178103331671068
20, 23, 0.030940464607932507
20, 24, 0.027194161241668718
20, 25, 0.030030309231403287
21, 22, 0.03045156567960145
21, 23, 0.027539270614775724
21, 24, 0.026921466549193706
21, 25, 0.02999926233322175
22, 23, 0.03113156897981535
22, 24, 0.030701044760037884
22, 25, 0.03007761439417141
23, 24, 0.024308020590126656
23, 25, 0.030025799913915754
24, 25, 0.030008018447036676
