18
0, 1, 0.014073760174501617
0, 2, 0.017946059738124354
0, 3, 0.010068149866625232
0, 4, 0.014162619527212084
0, 5, 0.029363961559838222
0, 6, 0.020612247829261722
0, 7, 0.009482441418036398
0, 8, 0.028557440984956085
0, 9, 0.024126896041578295
0, 10, 0.018335233081122098
0, 11, 0.023012003297974017
0, 12, 0.0221092348022597
0, 13, 0.027865093084943452
0, 14, 0.011532631043587037
0, 15, 0.030296738502857513
0, 16, 0.021275967097143002
0, 17, 0.026779261137336842
1, 2, 0.015185728396471438
1, 3, 0.010118288429704308
1, 4, 0.01415760668865994
1, 5, 0.016998665251828866
1, 6, 0.01585117750996177
1, 7, 0.009513845661952769
1, 8, 0.015870932428232235
1, 9, 0.014491249326447244
1, 10, 0.016652929951648358
1, 11, 0.01491034990903555
1, 12, 0.014038415424122992
1, 13, 0.017721782788724934
1, 14, 0.01153962944687721
1, 15, 0.01674042480238797
1, 16, 0.014161485602078047
1, 17, 0.016400484570368162
2, 3, 0.010110897555480025
2, 4, 0.01420639136618564
2, 5, 0.022002121402561227
2, 6, 0.019148354758407444
2, 7, 0.00950740958348283
2, 8, 0.02058091429937138
2, 9, 0.01850086657797223
2, 10, 0.018222687660917187
2, 11, 0.0189054116250146
2, 12, 0.01787525195565082
2, 13, 0.022460964649129844
2, 14, 0.011540317548571445
2, 15, 0.021830782465972722
2, 16, 0.01799912088455048
2, 17, 0.020969141352256405
3, 4, 0.011350957836624936
3, 5, 0.010127449070855119
3, 6, 0.010120008982583336
3, 7, 0.009687626554245269
3, 8, 0.010102199456552718
3, 9, 0.010076170007276068
3, 10, 0.010233534798194202
3, 11, 0.010085759026794107
3, 12, 0.010067623619389501
3, 13, 0.010151309197101848
3, 14, 0.011267448831398985
3, 15, 0.01011982351033252
3, 16, 0.010070201565197173
3, 17, 0.01011693192921387
4, 5, 0.014264733290582945
4, 6, 0.014231242009411114
4, 7, 0.010409954726795881
4, 8, 0.014220706093678821
4, 9, 0.014174982289504154
4, 10, 0.014340332368680464
4, 11, 0.014188770251903009
4, 12, 0.014161611155809078
4, 13, 0.014302165410731083
4, 14, 0.011773327138835983
4, 15, 0.014252822545489114
4, 16, 0.014165131269590887
4, 17, 0.014243063685717715
5, 6, 0.023949807937116298
5, 7, 0.009515571739136374
5, 8, 0.029141935312256957
5, 9, 0.02852385455067581
5, 10, 0.019779568868410174
5, 11, 0.02738402201833823
5, 12, 0.02929516938537939
5, 13, 0.028507005171287465
5, 14, 0.011544769084230362
5, 15, 0.029875273157085706
5, 16, 0.028711864348241
5, 17, 0.028152876423580647
6, 7, 0.009512171088488192
6, 8, 0.022759564822198482
6, 9, 0.020950439341903125
6, 10, 0.018759675118236948
6, 11, 0.021087261380654615
6, 12, 0.020541967559104177
6, 13, 0.024112639498149888
6, 14, 0.011542516003020437
6, 15, 0.023899883906686188
6, 16, 0.020560242806001057
6, 17, 0.02287835056447657
7, 8, 0.009501476578834333
7, 9, 0.009486969903306733
7, 10, 0.009579280139201932
7, 11, 0.009492422200103396
7, 12, 0.00948215131680492
7, 13, 0.009529057269269189
7, 14, 0.01093856151962432
7, 15, 0.009511263018860185
7, 16, 0.009483622787380824
7, 17, 0.009509821128542845
8, 9, 0.027490576918715936
8, 10, 0.01918299682761515
8, 11, 0.026176224222158245
8, 12, 0.028437628627493574
8, 13, 0.028111231546395964
8, 14, 0.011539571121878972
8, 15, 0.029667451865131506
8, 16, 0.027614498587841593
8, 17, 0.027523343030087532
9, 10, 0.01848803770356461
9, 11, 0.023268540017166654
9, 12, 0.02367864834355888
9, 13, 0.027440245726431164
9, 14, 0.011534215767939952
9, 15, 0.029151878763821505
9, 16, 0.0229672801807818
9, 17, 0.026321273663674663
10, 11, 0.01861807767013386
10, 12, 0.01831612021270629
10, 13, 0.020109485253621138
10, 14, 0.011563133485287065
10, 15, 0.019668427485362218
10, 16, 0.018346095047792634
10, 17, 0.01938946031108406
11, 12, 0.022795598443352216
11, 13, 0.026740506274608722
11, 14, 0.011536077664778521
11, 15, 0.02773798484666663
11, 16, 0.022540149615608202
11, 17, 0.0255454216706957
12, 13, 0.0278146099030464
12, 14, 0.011532520015654475
12, 15, 0.030219876332636342
12, 16, 0.020168495486991754
12, 17, 0.026693451179215014
13, 14, 0.011549551248279454
13, 15, 0.028782119267522024
13, 16, 0.027489959115844956
13, 17, 0.027476154729211534
14, 15, 0.011543246139118382
14, 16, 0.011533012789646304
14, 17, 0.011542485562762399
15, 16, 0.029452972270943983
15, 17, 0.028481660518531317
16, 17, 0.026274507614382693
