59
0, 1, 0.02835733124011087
0, 2, 0.02836097766763889
0, 3, 0.02840299714804183
0, 4, 0.028651179516625744
0, 5, 0.028357594416552917
0, 6, 0.028368567211298656
0, 7, 0.028361761911394296
0, 8, 0.0284306782101682
0, 9, 0.0283595022740839
0, 10, 0.02844544642632011
0, 11, 0.02835606930418711
0, 12, 0.02838507356571086
0, 13, 0.028392660735977952
0, 14, 0.028513037421822016
0, 15, 0.028363172435659178
0, 16, 0.028368863843945064
0, 17, 0.028378049859182033
0, 18, 0.028361498146194968
0, 19, 0.02841223969040096
0, 20, 0.028762575974581487
0, 21, 0.02836927894509508
0, 22, 0.03266075680952935
0, 23, 0.028356154435838322
0, 24, 0.028363264466075483
0, 25, 0.028384100620524867
0, 26, 0.028431435893565244
0, 27, 0.03390082931054798
0, 28, 0.02836243565222345
0, 29, 0.028362689536624963
0, 30, 0.02844187472116466
0, 31, 0.02837531040183873
0, 32, 0.02869597527037535
0, 33, 0.028461976212695056
0, 34, 0.028849210505469312
0, 35, 0.028775080622868675
0, 36, 0.02835352792687883
0, 37, 0.02805135852263754
0, 38, 0.028385158809981426
0, 39, 0.02927219751533047
0, 40, 0.028467868502476346
0, 41, 0.028357493604884165
0, 42, 0.03389179336635286
0, 43, 0.028423929510352972
0, 44, 0.03033707331669819
0, 45, 0.02852076891185156
0, 46, 0.0274393291524055
0, 47, 0.02836146726942489
0, 48, 0.02835984956509295
0, 49, 0.028382410350780263
0, 50, 0.029945256282540623
0, 51, 0.03400560182133025
0, 52, 0.03082452048440867
0, 53, 0.02843092404868554
0, 54, 0.02840659591153973
0, 55, 0.028371479665081967
0, 56, 0.02906878222864058
0, 57, 0.028435051084147435
0, 58, 0.0295847125534188
1, 2, 0.030318733692285015
1, 3, 0.033249513458745876
1, 4, 0.03727861677788792
1, 5, 0.031161395020909855
1, 6, 0.03581997613038228
1, 7, 0.033411304168250514
1, 8, 0.035712066471573885
1, 9, 0.029163469215971575
1, 10, 0.04388193690264162
1, 11, 0.029402453568271005
1, 12, 0.03843372205664953
1, 13, 0.034924088806711766
1, 14, 0.03404250132980139
1, 15, 0.033344192042881325
1, 16, 0.03284005220811927
1, 17, 0.03428961508755985
1, 18, 0.034203257167381935
1, 19, 0.03572425261658335
1, 20, 0.03333839682549991
1, 21, 0.03445229187679659
1, 22, 0.03497904599224729
1, 23, 0.03000895941556099
1, 24, 0.033590251832089975
1, 25, 0.037971529586339245
1, 26, 0.034439473113209496
1, 27, 0.03806808291098017
1, 28, 0.03252283171608434
1, 29, 0.030772378521936154
1, 30, 0.03277581156399289
1, 31, 0.03734152035694946
1, 32, 0.040179803358596375
1, 33, 0.02869395823462165
1, 34, 0.05253396383306484
1, 35, 0.02897315567813934
1, 36, 0.027696859933662353
1, 37, 0.027822532120351025
1, 38, 0.0376457085427749
1, 39, 0.02961037557828403
1, 40, 0.03417052175706945
1, 41, 0.03076550556180436
1, 42, 0.038330865539134666
1, 43, 0.03201696621786383
1, 44, 0.0330224518836734
1, 45, 0.03266281788994694
1, 46, 0.026537334049446904
1, 47, 0.03356527442383901
1, 48, 0.03178471394742566
1, 49, 0.03770464793015677
1, 50, 0.030618265585277797
1, 51, 0.038348935120126784
1, 52, 0.03159885542693532
1, 53, 0.035651055148334665
1, 54, 0.03514781660331092
1, 55, 0.0331435412959853
1, 56, 0.02941460121462175
1, 57, 0.040075050272653526
1, 58, 0.030119531572331514
2, 3, 0.03291730401800644
2, 4, 0.03700088185757831
2, 5, 0.03091512320776249
2, 6, 0.03352971977706464
2, 7, 0.03201702208834956
2, 8, 0.03507838960581815
2, 9, 0.029490760390789898
2, 10, 0.04117299550571139
2, 11, 0.030146770310220304
2, 12, 0.03585166231569746
2, 13, 0.03405482424361775
2, 14, 0.033875859983678445
2, 15, 0.03211289478227884
2, 16, 0.03215882270365463
2, 17, 0.03330128910883395
2, 18, 0.03223630390992164
2, 19, 0.034915417444957485
2, 20, 0.0332948338799291
2, 21, 0.03300820835909671
2, 22, 0.034975573812448126
2, 23, 0.030489027348317658
2, 24, 0.032215625480938946
2, 25, 0.035567904415896884
2, 26, 0.03404540191020024
2, 27, 0.038059698028451966
2, 28, 0.03172062854047318
2, 29, 0.03076610390882976
2, 30, 0.03263293609499297
2, 31, 0.03470614930011859
2, 32, 0.039718951924573816
2, 33, 0.028700738791011128
2, 34, 0.05104937118277124
2, 35, 0.028974435408693027
2, 36, 0.029062754509874385
2, 37, 0.027825902992460946
2, 38, 0.03545664717421085
2, 39, 0.029611018219475933
2, 40, 0.03392615213276314
2, 41, 0.030758091872935347
2, 42, 0.038321598510738304
2, 43, 0.03192402576971841
2, 44, 0.0330177656488683
2, 45, 0.032592698869784414
2, 46, 0.026543667413359083
2, 47, 0.032039055538560825
2, 48, 0.03126117812138589
2, 49, 0.0353413003577273
2, 50, 0.030618352337669446
2, 51, 0.03834002893430655
2, 52, 0.031598450422831714
2, 53, 0.03503152320141061
2, 54, 0.03441943753620678
2, 55, 0.03241747983175641
2, 56, 0.0294155901445191
2, 57, 0.038385092135268126
2, 58, 0.030119951690993352
3, 4, 0.03662261954343188
3, 5, 0.03361208695872057
3, 6, 0.034257695020198625
3, 7, 0.033838241219781386
3, 8, 0.034912671466623926
3, 9, 0.03194083778569179
3, 10, 0.03804041465496678
3, 11, 0.03332278971390139
3, 12, 0.035114488810136575
3, 13, 0.03432666386233537
3, 14, 0.034012566669872873
3, 15, 0.03381400037621697
3, 16, 0.03361523777491755
3, 17, 0.03403169867740625
3, 18, 0.03394520679202858
3, 19, 0.034791747210777074
3, 20, 0.033387082647839184
3, 21, 0.03403053303966835
3, 22, 0.03497428358089584
3, 23, 0.03355181946452607
3, 24, 0.03385718993653653
3, 25, 0.035002812607525635
3, 26, 0.03423047679917805
3, 27, 0.03804228680224322
3, 28, 0.03365766128440029
3, 29, 0.03302001109677442
3, 30, 0.033107322806382906
3, 31, 0.03465136795910012
3, 32, 0.038809786582756065
3, 33, 0.028786050008143736
3, 34, 0.04723289598311647
3, 35, 0.02899240414199366
3, 36, 0.03275823037815241
3, 37, 0.027860428243522414
3, 38, 0.03496748265934962
3, 39, 0.029623499210146658
3, 40, 0.03409344481295908
3, 41, 0.033532480630602234
3, 42, 0.03830161495521025
3, 43, 0.032587465336022
3, 44, 0.03303232197990741
3, 45, 0.03287684352987595
3, 46, 0.026597183397574123
3, 47, 0.033863246276799576
3, 48, 0.03358746316696843
3, 49, 0.0349077756650513
3, 50, 0.03062979354925065
3, 51, 0.03832076949159846
3, 52, 0.03160485751135747
3, 53, 0.034883733883940234
3, 54, 0.03450466735434911
3, 55, 0.03368230075820182
3, 56, 0.0294326126160557
3, 57, 0.03670641710239324
3, 58, 0.03013317172553099
4, 5, 0.037454820562531264
4, 6, 0.03755073717356449
4, 7, 0.037476603556012976
4, 8, 0.03718068121600052
4, 9, 0.036354443332698674
4, 10, 0.03859764338542376
4, 11, 0.03734684346400479
4, 12, 0.03771497565751094
4, 13, 0.03723829457447945
4, 14, 0.035965839354609654
4, 15, 0.03743759502369402
4, 16, 0.03722604548877819
4, 17, 0.037287768126325616
4, 18, 0.03753150948197341
4, 19, 0.0372759004437819
4, 20, 0.03449571753114807
4, 21, 0.03743147337034888
4, 22, 0.03502525090762058
4, 23, 0.03745779322143777
4, 24, 0.03745660753157368
4, 25, 0.037676322125425814
4, 26, 0.03674813478203207
4, 27, 0.03805802203472895
4, 28, 0.037375349063817315
4, 29, 0.03702084590728929
4, 30, 0.035794216358344205
4, 31, 0.03762860675994339
4, 32, 0.03885343216839356
4, 33, 0.029285920489583724
4, 34, 0.043447651879345905
4, 35, 0.02910486759969516
4, 36, 0.037105320751007066
4, 37, 0.028059118046182285
4, 38, 0.037648438978969835
4, 39, 0.029706149674616506
4, 40, 0.03633590058413112
4, 41, 0.03741856540404486
4, 42, 0.03831343249983411
4, 43, 0.035562488050780064
4, 44, 0.03321876553209879
4, 45, 0.034903554546412786
4, 46, 0.02688429157563449
4, 47, 0.03749411180079258
4, 48, 0.03739431494740641
4, 49, 0.03765336161724187
4, 50, 0.030714253977918927
4, 51, 0.03833176075026817
4, 52, 0.03166027480951095
4, 53, 0.037161646960481236
4, 54, 0.037172801529454694
4, 55, 0.037213076188704494
4, 56, 0.029543025272783942
4, 57, 0.0380712076553989
4, 58, 0.030225128208789098
5, 6, 0.03994496749025318
5, 7, 0.03806118437241712
5, 8, 0.03621720130664276
5, 9, 0.029311343374779447
5, 10, 0.04581861302415111
5, 11, 0.03093353641301432
5, 12, 0.041239837121234094
5, 13, 0.035784312933876065
5, 14, 0.034181211158270206
5, 15, 0.036615879093966616
5, 16, 0.03407879662956959
5, 17, 0.03551297519464744
5, 18, 0.041932275335110326
5, 19, 0.036409857519121465
5, 20, 0.03337720346171418
5, 21, 0.03682108274835032
5, 22, 0.034981457769623865
5, 23, 0.036518194387618524
5, 24, 0.037224718457835815
5, 25, 0.04060575168815284
5, 26, 0.03478049388413711
5, 27, 0.03807292732733385
5, 28, 0.03493894308306604
5, 29, 0.03145169121952012
5, 30, 0.03293384972169339
5, 31, 0.04095677457530605
5, 32, 0.04044765973970135
5, 33, 0.028694993340916707
5, 34, 0.05330714823176153
5, 35, 0.02897346463747385
5, 36, 0.02757159353475069
5, 37, 0.02782247405473399
5, 38, 0.039980205720946696
5, 39, 0.029610766769185653
5, 40, 0.034376990997792255
5, 41, 0.034393192979005754
5, 42, 0.03833616868430527
5, 43, 0.03215627156767269
5, 44, 0.03302683498592677
5, 45, 0.03273897944994593
5, 46, 0.026536451665105185
5, 47, 0.039063632423431166
5, 48, 0.03467109810418122
5, 49, 0.040372586732609766
5, 50, 0.030618986190896876
5, 51, 0.038354028126585796
5, 52, 0.031599585040727705
5, 53, 0.03614602879360691
5, 54, 0.035798087695473844
5, 55, 0.03429865010350016
5, 56, 0.029415054875858663
5, 57, 0.041308363476417025
5, 58, 0.030120134012031768
6, 7, 0.03982170591234095
6, 8, 0.03662724262920226
6, 9, 0.030982820601384343
6, 10, 0.04520308038009055
6, 11, 0.037013572350530446
6, 12, 0.04127730745662825
6, 13, 0.03657066310186244
6, 14, 0.03439203734031954
6, 15, 0.03873938938837572
6, 16, 0.03591353339322245
6, 17, 0.03670797913297348
6, 18, 0.041591242994406565
6, 19, 0.03693013301653441
6, 20, 0.03345284183667682
6, 21, 0.03830597491101387
6, 22, 0.03498436625756439
6, 23, 0.04044357644257888
6, 24, 0.039139457280024596
6, 25, 0.040806531919896694
6, 26, 0.035210188115331456
6, 27, 0.0380750261217014
6, 28, 0.03759148948041693
6, 29, 0.03385021098688277
6, 30, 0.033285021865786656
6, 31, 0.04110073064485343
6, 32, 0.04047404269982277
6, 33, 0.028718154337210255
6, 34, 0.05282985892282431
6, 35, 0.028978399799546115
6, 36, 0.03313067082119783
6, 37, 0.02783110410587233
6, 38, 0.04031950675057792
6, 39, 0.02961442886677254
6, 40, 0.034672043138586725
6, 41, 0.03879850557384207
6, 42, 0.03833822991208152
6, 43, 0.032556516467931486
6, 44, 0.03303638611057667
6, 45, 0.03292007715618206
6, 46, 0.026548795152136467
6, 47, 0.04037318174842626
6, 48, 0.038020942335419
6, 49, 0.04064135994155166
6, 50, 0.0306228299789781
6, 51, 0.03835599271155711
6, 52, 0.031602173680108564
6, 53, 0.03655698500532689
6, 54, 0.03639507164475522
6, 55, 0.03591054366039019
6, 56, 0.02941994645709952
6, 57, 0.04131722312959236
6, 58, 0.03012426699088553
7, 8, 0.03633617401997813
7, 9, 0.029988903240563497
7, 10, 0.04538919481100284
7, 11, 0.034188739475878915
7, 12, 0.0409914844821204
7, 13, 0.03603199641554097
7, 14, 0.03425092142986336
7, 15, 0.03735766499950358
7, 16, 0.03477558093715586
7, 17, 0.03591391753447164
7, 18, 0.04087278654397019
7, 19, 0.03655942776459822
7, 20, 0.03340286563141516
7, 21, 0.037282853920238605
7, 22, 0.034982359942948356
7, 23, 0.03841078540217283
7, 24, 0.03783197862705588
7, 25, 0.04044666047844083
7, 26, 0.034920576795563166
7, 27, 0.038073310357614465
7, 28, 0.03600715386597403
7, 29, 0.032444690483549754
7, 30, 0.03305722154545894
7, 31, 0.04067235921903133
7, 32, 0.040434559080174265
7, 33, 0.028703753312372692
7, 34, 0.05305324697511163
7, 35, 0.028975322104143324
7, 36, 0.030313768560249612
7, 37, 0.027825774284473737
7, 38, 0.0399108634987279
7, 39, 0.02961213103851754
7, 40, 0.034474234551718476
7, 41, 0.03656837748489076
7, 42, 0.03833649776834432
7, 43, 0.03230060747674415
7, 44, 0.03303010434441812
7, 45, 0.03280229553006394
7, 46, 0.02654124149669315
7, 47, 0.039196005214587944
7, 48, 0.03613536124882722
7, 49, 0.040240447278016386
7, 50, 0.030620391414534435
7, 51, 0.03835433844814289
7, 52, 0.03160051025793276
7, 53, 0.036266193666205294
7, 54, 0.035982169877673865
7, 55, 0.034894782521592324
7, 56, 0.02941688322031275
7, 57, 0.04120133743952521
7, 58, 0.030121659852518353
8, 9, 0.0337332908173727
8, 10, 0.03963721264305348
8, 11, 0.03588046625350113
8, 12, 0.03721579397627129
8, 13, 0.03605216831855858
8, 14, 0.03468926129328023
8, 15, 0.036240911130173456
8, 16, 0.03575204610249322
8, 17, 0.03602097027375518
8, 18, 0.03649662087656064
8, 19, 0.03629057168367104
8, 20, 0.03364864112758579
8, 21, 0.0362964976974608
8, 22, 0.03498760230760167
8, 23, 0.0362057766086111
8, 24, 0.03629654266662609
8, 25, 0.03710085152244486
8, 26, 0.03540065434856098
8, 27, 0.03805975459708995
8, 28, 0.036055982070277895
8, 29, 0.035156360637599464
8, 30, 0.033998613450750136
8, 31, 0.036910061323015275
8, 32, 0.03940824735270858
8, 33, 0.028845058371469924
8, 34, 0.047874969452395874
8, 35, 0.029005399630195383
8, 36, 0.0351860616656306
8, 37, 0.027881576300993176
8, 38, 0.03702825241295267
8, 39, 0.02963356345822546
8, 40, 0.034976675818004926
8, 41, 0.036108869917770854
8, 42, 0.03832014642875351
8, 43, 0.03351457725415965
8, 44, 0.03306682907150539
8, 45, 0.03340591561702251
8, 46, 0.026625341796896414
8, 47, 0.03638423534862498
8, 48, 0.03607298165567456
8, 49, 0.03702649110049856
8, 50, 0.03064114009834641
8, 51, 0.03833853431400546
8, 52, 0.03161312823773905
8, 53, 0.03617187479958471
8, 54, 0.03602738201781267
8, 55, 0.035755736909805116
8, 56, 0.02944586649418028
8, 57, 0.03823937643200068
8, 58, 0.030144932380523626
9, 10, 0.03758669339705372
9, 11, 0.028992142725612985
9, 12, 0.03284431698557607
9, 13, 0.03236736987903055
9, 14, 0.033374910767559676
9, 15, 0.030144219092766666
9, 16, 0.030563312288560976
9, 17, 0.0314797179076558
9, 18, 0.030010217764206485
9, 19, 0.0333217947929796
9, 20, 0.03313539514061169
9, 21, 0.030880016404683113
9, 22, 0.0349651251839202
9, 23, 0.029059544523407248
9, 24, 0.030178676281202178
9, 25, 0.0326840573667774
9, 26, 0.03305007132752209
9, 27, 0.038038854099634006
9, 28, 0.029977380978389305
9, 29, 0.02970148540552935
9, 30, 0.03209525926438023
9, 31, 0.0318414078971648
9, 32, 0.03876666169056832
9, 33, 0.028695577786977778
9, 34, 0.04853710374282435
9, 35, 0.028972953698062798
9, 36, 0.02850994032906007
9, 37, 0.027825879970003593
9, 38, 0.032698136381970166
9, 39, 0.029609222319633154
9, 40, 0.03323663892531982
9, 41, 0.02927060262262674
9, 42, 0.038298795107002515
9, 43, 0.03144886344618392
9, 44, 0.032998728729578854
9, 45, 0.032299856146867395
9, 46, 0.02654705493776585
9, 47, 0.029964297722739095
9, 48, 0.029626477169223425
9, 49, 0.03250512218229794
9, 50, 0.030615135463689217
9, 51, 0.038318125277689186
9, 52, 0.03159523220217466
9, 53, 0.03370617103773037
9, 54, 0.03291579495326932
9, 55, 0.030803230629783955
9, 56, 0.029413488211195143
9, 57, 0.035807793520508356
9, 58, 0.030117233750229837
10, 11, 0.04478937793590425
10, 12, 0.04478358375213266
10, 13, 0.04099065003915034
10, 14, 0.03600842475688647
10, 15, 0.044758294135271784
10, 16, 0.042277600794221167
10, 17, 0.04206857308261761
10, 18, 0.046077136847025205
10, 19, 0.0404780061199188
10, 20, 0.03406215423311221
10, 21, 0.04395317410294741
10, 22, 0.03501161145328438
10, 23, 0.04611778967501335
10, 24, 0.04494702765845399
10, 25, 0.04455163042501019
10, 26, 0.0381418869676465
10, 27, 0.03810370439452765
10, 28, 0.044216452409589865
10, 29, 0.041204440593276194
10, 30, 0.03565079416983288
10, 31, 0.04510564344758663
10, 32, 0.04131775873922739
10, 33, 0.028880954704211266
10, 34, 0.05199086038150397
10, 35, 0.029013616399693992
10, 36, 0.04263768235509607
10, 37, 0.027890865279761676
10, 38, 0.044214603849528133
10, 39, 0.029641045538191416
10, 40, 0.036832076798613625
10, 41, 0.04539668827061586
10, 42, 0.03836797620138506
10, 43, 0.035132752829672716
10, 44, 0.033115258304888005
10, 45, 0.034252236588432336
10, 46, 0.026631855748357035
10, 47, 0.04563715653405825
10, 48, 0.04476017362619072
10, 49, 0.04452787641759652
10, 50, 0.030651663988359786
10, 51, 0.03838446052635895
10, 52, 0.03162231454297225
10, 53, 0.03956112904700473
10, 54, 0.04017465343765853
10, 55, 0.04198858334451492
10, 56, 0.029455279669596702
10, 57, 0.04358604029317559
10, 58, 0.03015476618323429
11, 12, 0.039497089215944976
11, 13, 0.035178115764137194
11, 14, 0.03407857348704934
11, 15, 0.03391795148470712
11, 16, 0.03303468306966413
11, 17, 0.03460547481653224
11, 18, 0.03564534834822769
11, 19, 0.03595122879335651
11, 20, 0.033346686283515815
11, 21, 0.035048267502813764
11, 22, 0.034979796591884015
11, 23, 0.02863486500920334
11, 24, 0.03427364224672081
11, 25, 0.038947679574129174
11, 26, 0.03453472936722382
11, 27, 0.038070062304337876
11, 28, 0.032805967288683145
11, 29, 0.03067038928347017
11, 30, 0.032801687073530233
11, 31, 0.038580808746938346
11, 32, 0.04029856159746388
11, 33, 0.0286915143870521
11, 34, 0.05294606089788922
11, 35, 0.028972676616714713
11, 36, 0.026669650530115406
11, 37, 0.027821417008232287
11, 38, 0.03850114285523845
11, 39, 0.02961009515151133
11, 40, 0.03422555525345684
11, 41, 0.03035872767233444
11, 42, 0.038333062097513255
11, 43, 0.03202785084647239
11, 44, 0.03302327686613158
11, 45, 0.032674521126701384
11, 46, 0.026535368670416424
11, 47, 0.03449816569741994
11, 48, 0.03188814833271988
11, 49, 0.038674923391050796
11, 50, 0.030618114848346666
11, 51, 0.03835104656774031
11, 52, 0.03159886713976403
11, 53, 0.03581500873820188
11, 54, 0.03534839529823429
11, 55, 0.03335552069349444
11, 56, 0.029414194679336068
11, 57, 0.040604442442306564
11, 58, 0.03011928962626437
12, 13, 0.03754776971458762
12, 14, 0.03471025823027372
12, 15, 0.04020547817847505
12, 16, 0.037631878918717436
12, 17, 0.037997859126516535
12, 18, 0.04205276230033962
12, 19, 0.03764404585385573
12, 20, 0.033570397740315665
12, 21, 0.03963388208299929
12, 22, 0.03498913037064043
12, 23, 0.04157506457288084
12, 24, 0.04048037891688641
12, 25, 0.04127552125414924
12, 26, 0.035818189847512776
12, 27, 0.038078972668561716
12, 28, 0.0394022656169284
12, 29, 0.03603445456526422
12, 30, 0.03378960341147882
12, 31, 0.041574611323832784
12, 32, 0.04055334870399319
12, 33, 0.02875299558396576
12, 34, 0.0522942236041616
12, 35, 0.028985862665358898
12, 36, 0.03650803335188156
12, 37, 0.027844048855407
12, 38, 0.04088792803810869
12, 39, 0.029619994350389152
12, 40, 0.035106806629442315
12, 41, 0.040562482619956694
12, 42, 0.03834219509128401
12, 43, 0.03312302332442522
12, 44, 0.03305142602482797
12, 45, 0.03319169766437085
12, 46, 0.026567170311958
12, 47, 0.04134449322494647
12, 48, 0.039884514558142264
12, 49, 0.04116488063039862
12, 50, 0.030628721939279447
12, 51, 0.03835977853333665
12, 52, 0.031606182693522576
12, 53, 0.0371463490559421
12, 54, 0.03719126329116384
12, 55, 0.037506406746662536
12, 56, 0.029427367470236693
12, 57, 0.041496648881111535
12, 58, 0.030130573755187216
13, 14, 0.03440553413813878
13, 15, 0.03587709785727165
13, 16, 0.03515193348811533
13, 17, 0.03563270395356727
13, 18, 0.03631882675533236
13, 19, 0.036132742183644075
13, 20, 0.033497352949727915
13, 21, 0.0360107936828663
13, 22, 0.034983347159623424
13, 23, 0.035747636528371755
13, 24, 0.03597332437777769
13, 25, 0.037357178709772725
13, 26, 0.03504533260652742
13, 27, 0.03806446126731921
13, 28, 0.035559101593790304
13, 29, 0.034197118517455466
13, 30, 0.03348352331700762
13, 31, 0.037060129064517
13, 32, 0.039777855445666914
13, 33, 0.028767163164298833
13, 34, 0.049938724419908424
13, 35, 0.028988664722884243
13, 36, 0.03402778760681393
13, 37, 0.02785091926901939
13, 38, 0.03723179694337216
13, 39, 0.02962153687641069
13, 40, 0.034644385270809555
13, 41, 0.03559140612148967
13, 42, 0.0383261292628098
13, 43, 0.0328851617572424
13, 44, 0.03304419499712986
13, 45, 0.03306151203340099
13, 46, 0.026579628143105744
13, 47, 0.03611541647899999
13, 48, 0.03555838416005753
13, 49, 0.037237938546179405
13, 50, 0.03062930529831668
13, 51, 0.038344336146191725
13, 52, 0.03160576252681725
13, 53, 0.03600557227884912
13, 54, 0.035764531948430316
13, 55, 0.03518522881221254
13, 56, 0.029429652625418898
13, 57, 0.03888291916866556
13, 58, 0.030131775520461535
14, 15, 0.03423811906660997
14, 16, 0.03414190127187554
14, 17, 0.034293461495156045
14, 18, 0.034290306036146044
14, 19, 0.03461669559373295
14, 20, 0.03356045728596643
14, 21, 0.03430688002257536
14, 22, 0.03496923850966821
14, 23, 0.03416486272578166
14, 24, 0.03425403204751872
14, 25, 0.03466858697675209
14, 26, 0.034340728887308845
14, 27, 0.037993097308402696
14, 28, 0.034180771795487154
14, 29, 0.03391154300437581
14, 30, 0.03364585421441609
14, 31, 0.03453256201096018
14, 32, 0.03737883189032209
14, 33, 0.029002844798014946
14, 34, 0.04225131123891422
14, 35, 0.029039954924402797
14, 36, 0.0338622484255223
14, 37, 0.02795157967836934
14, 38, 0.03465751179443424
14, 39, 0.02965649436847292
14, 40, 0.03424169844614861
14, 41, 0.03415197574263705
14, 42, 0.03824540146137877
14, 43, 0.03334587610394763
14, 44, 0.033067285723891685
14, 45, 0.03331910416179156
14, 46, 0.026738184709766907
14, 47, 0.03426083483876317
14, 48, 0.03416322898186402
14, 49, 0.0346317588614334
14, 50, 0.03065975398779495
14, 51, 0.038266559643008985
14, 52, 0.03162146137512754
14, 53, 0.03467545127799309
14, 54, 0.03448337163016888
14, 55, 0.03416184566417473
14, 56, 0.029477536020103324
14, 57, 0.03547105927725677
14, 58, 0.030167935274177708
15, 16, 0.0346111027025636
15, 17, 0.03569548650416015
15, 18, 0.03889065701863327
15, 19, 0.03642470287721209
15, 20, 0.03340162434848058
15, 21, 0.03675435168432013
15, 22, 0.0349820433486812
15, 23, 0.03656780491853775
15, 24, 0.03696321976745275
15, 25, 0.03972477524728313
15, 26, 0.03487610672452581
15, 27, 0.03807216659947917
15, 28, 0.0355310579961733
15, 29, 0.03249841883446292
15, 30, 0.03305691301001166
15, 31, 0.0396835746749489
15, 32, 0.040359417299365194
15, 33, 0.0287065867169235
15, 34, 0.05276409166324863
15, 35, 0.028975900545331237
15, 36, 0.030739680311843105
15, 37, 0.02782696200380133
15, 38, 0.039285945644020236
15, 39, 0.02961251255050791
15, 40, 0.03445237467870804
15, 41, 0.03565954760133012
15, 42, 0.03833521365270931
15, 43, 0.032312138968228966
15, 44, 0.03303010702833914
15, 45, 0.03280406105970952
15, 46, 0.026543175702324118
15, 47, 0.03779647118652897
15, 48, 0.03552180516992363
15, 49, 0.03951665301161922
15, 50, 0.030620700422541527
15, 51, 0.038353103185537786
15, 52, 0.031600646343324816
15, 53, 0.03617402973101203
15, 54, 0.03586701960900648
15, 55, 0.03473635322742894
15, 56, 0.02941741307429994
15, 57, 0.040845780672736726
15, 58, 0.030122042936010916
16, 17, 0.034771096531350874
16, 18, 0.03523801973857233
16, 19, 0.03577321853061282
16, 20, 0.03338315997150046
16, 21, 0.03506279271030357
16, 22, 0.034979897348056135
16, 23, 0.033877605930729325
16, 24, 0.034763716800313225
16, 25, 0.03732994730392025
16, 26, 0.03460741346273032
16, 27, 0.03806577416725515
16, 28, 0.034100537964171986
16, 29, 0.03242543418452669
16, 30, 0.03300284040632994
16, 31, 0.0368202637469658
16, 32, 0.039979267234365845
16, 33, 0.028717815446134356
16, 34, 0.05142201712342621
16, 35, 0.028978166403015416
16, 36, 0.031395189060261536
16, 37, 0.027831854887063356
16, 38, 0.0371364852855359
16, 39, 0.029613941507403756
16, 40, 0.034301815689404984
16, 41, 0.0337722780572221
16, 42, 0.0383280850335964
16, 43, 0.0323084281420306
16, 44, 0.03302858064210507
16, 45, 0.03278487548000387
16, 46, 0.026551416592283418
16, 47, 0.034894153486263756
16, 48, 0.03392400325426579
16, 49, 0.03713951934488026
16, 50, 0.030621715929347853
16, 51, 0.03834624831920586
16, 52, 0.03160094891727861
16, 53, 0.03569826081543122
16, 54, 0.03529222884113695
16, 55, 0.03401196111812367
16, 56, 0.029419428641496742
16, 57, 0.039348982196890536
16, 58, 0.030123403982129954
17, 18, 0.03634785897880472
17, 19, 0.036108447619345924
17, 20, 0.033440939461568196
17, 21, 0.03590951767520188
17, 22, 0.034982062904413525
17, 23, 0.03543980967544881
17, 24, 0.0358345965539162
17, 25, 0.037737267102473895
17, 26, 0.03489436279581961
17, 27, 0.03806697606977598
17, 28, 0.03524109581713607
17, 29, 0.03350669760423248
17, 30, 0.03325206792444802
17, 31, 0.03738320161326111
17, 32, 0.039982349813234314
17, 33, 0.02873708200243439
17, 34, 0.051038219903200836
17, 35, 0.028982282350986457
17, 36, 0.03303125666175249
17, 37, 0.02783911577609802
17, 38, 0.03755483426100888
17, 39, 0.02961697774135988
17, 40, 0.034507904602370944
17, 41, 0.03522494570215717
17, 42, 0.038329202321806644
17, 43, 0.03259281981129656
17, 44, 0.03303609014262944
17, 45, 0.03292063213731872
17, 46, 0.02656188679968934
17, 47, 0.0360375196662879
17, 48, 0.03520977551242757
17, 49, 0.03758259541732614
17, 50, 0.03062486613345228
17, 51, 0.03834730862372333
17, 52, 0.031603042547789284
17, 53, 0.03596791096013154
17, 54, 0.03567108906601656
17, 55, 0.034838054420488124
17, 56, 0.029423490901274496
17, 57, 0.039413604212588924
17, 58, 0.030126811191444718
18, 19, 0.03678280109422042
18, 20, 0.0334131368994729
18, 21, 0.038241219053233716
18, 22, 0.03498304835345446
18, 23, 0.04441160199321724
18, 24, 0.0395460837893483
18, 25, 0.04144047730859741
18, 26, 0.03502359819506588
18, 27, 0.0380748124845523
18, 28, 0.0371304652667546
18, 29, 0.03269055184515341
18, 30, 0.033099545708212094
18, 31, 0.04211996246151845
18, 32, 0.04052177481895874
18, 33, 0.028703353879838134
18, 34, 0.053322447613873336
18, 35, 0.02897526500783712
18, 36, 0.030450265048205947
18, 37, 0.02782548084640301
18, 38, 0.04078074755424811
18, 39, 0.029612141076504072
18, 40, 0.034534208728210815
18, 41, 0.03914594474951284
18, 42, 0.038338149699194725
18, 43, 0.03233545207492309
18, 44, 0.033031220667398546
18, 45, 0.03282175843514326
18, 46, 0.026540563083562507
18, 47, 0.04203892073699584
18, 48, 0.03769601530599159
18, 49, 0.04125273165741106
18, 50, 0.030620502352361387
18, 51, 0.038355925369128414
18, 52, 0.0316006640528098
18, 53, 0.0364230646132796
18, 54, 0.0361921849321402
18, 55, 0.03531276048628523
18, 56, 0.029416874374424896
18, 57, 0.04162711486093548
18, 58, 0.030121723321370687
19, 20, 0.03359412312610568
19, 21, 0.03648194869428139
19, 22, 0.034986656440963396
19, 23, 0.03639890415083353
19, 24, 0.036499983867266134
19, 25, 0.037495298785251124
19, 26, 0.035363602979651
19, 27, 0.038064330564275425
19, 28, 0.03617735176932585
19, 29, 0.03501642037194908
19, 30, 0.033835209752176784
19, 31, 0.037282602628999545
19, 32, 0.03967482985267477
19, 33, 0.02880764976170029
19, 34, 0.04903015986612535
19, 35, 0.028997360388231697
19, 36, 0.035031388488642054
19, 37, 0.02786656900566654
19, 38, 0.03739385855129308
19, 39, 0.029627863842616762
19, 40, 0.034907928729968465
19, 41, 0.036260455097184015
19, 42, 0.03832556019005138
19, 43, 0.033296955131964866
19, 44, 0.03305784171555615
19, 45, 0.03328018642535234
19, 46, 0.026602607315767298
19, 47, 0.036626828589770094
19, 48, 0.03620568000138038
19, 49, 0.03740421099977716
19, 50, 0.030635690377445693
19, 51, 0.03834376178116838
19, 52, 0.031609867810458415
19, 53, 0.03624795496567251
19, 54, 0.03609244935914877
19, 55, 0.0357771224229457
19, 56, 0.029438150512120155
19, 57, 0.038741116965013374
19, 58, 0.030138780546600224
20, 21, 0.03343059223308157
20, 22, 0.03490814524471852
20, 23, 0.03337051217040267
20, 24, 0.03340615268660805
20, 25, 0.03355712122066062
20, 26, 0.03353471355087459
20, 27, 0.03778034198838543
20, 28, 0.033384577989129985
20, 29, 0.03330747242083073
20, 30, 0.03328560399533803
20, 31, 0.033503255752073725
20, 32, 0.03512098484531688
20, 33, 0.029443416731933562
20, 34, 0.03708878101843528
20, 35, 0.029148533352366335
20, 36, 0.033282101052100325
20, 37, 0.028167896182205866
20, 38, 0.03355615050767601
20, 39, 0.02972884272999266
20, 40, 0.03354463281877698
20, 41, 0.0333690521093486
20, 42, 0.038007897216759616
20, 43, 0.03315280337466279
20, 44, 0.033062742183576146
20, 45, 0.03317025603471502
20, 46, 0.027082125770685004
20, 47, 0.033405089201759254
20, 48, 0.033375749548897334
20, 49, 0.033543769583796554
20, 50, 0.030717656481322728
20, 51, 0.03803731841041313
20, 52, 0.031647009304592084
20, 53, 0.03364465478467467
20, 54, 0.033543711478892076
20, 55, 0.03339275566718461
20, 56, 0.02957670356554576
20, 57, 0.033890363656568466
20, 58, 0.03023984238937328
21, 22, 0.03498285043193648
21, 23, 0.03681626514692458
21, 24, 0.037012391032836545
21, 25, 0.039248048655683744
21, 26, 0.03499265591953712
21, 27, 0.038071672508945706
21, 28, 0.03596308644806305
21, 29, 0.033301213630591
21, 30, 0.03319337556415475
21, 31, 0.03909552168279851
21, 32, 0.04028537186292175
21, 33, 0.028719292646965794
21, 34, 0.05225916842427182
21, 35, 0.028978582601210712
21, 36, 0.032435904423459144
21, 37, 0.02783185802516867
21, 38, 0.03891172393722979
21, 39, 0.029614446800741132
21, 40, 0.03454324165623231
21, 41, 0.036207750035351434
21, 42, 0.03833453933553919
21, 43, 0.03248041871124609
21, 44, 0.033033980974095434
21, 45, 0.03287805752717052
21, 46, 0.026550453625693804
21, 47, 0.03756700539786649
21, 48, 0.036026518578890714
21, 49, 0.039067006579135435
21, 50, 0.030622622957442548
21, 51, 0.03835244708815186
21, 52, 0.031601856478351946
21, 53, 0.03623314980797938
21, 54, 0.03597162657735728
21, 55, 0.03513023592529638
21, 56, 0.029420020260783625
21, 57, 0.04050610811450921
21, 58, 0.030124169892188503
22, 23, 0.03498128583316694
22, 24, 0.03498231315873899
22, 25, 0.03498845042920645
22, 26, 0.03497981680764453
22, 27, 0.03627177005714072
22, 28, 0.03498109122780825
22, 29, 0.03497608635718861
22, 30, 0.034959877962544614
22, 31, 0.03498643991671279
22, 32, 0.03506541867134602
22, 33, 0.03372952909602441
22, 34, 0.035178774043284344
22, 35, 0.03177720445153706
22, 36, 0.034976121314320416
22, 37, 0.031999254712143446
22, 38, 0.034988231911279866
22, 39, 0.03179293031354612
22, 40, 0.03497493541814191
22, 41, 0.03498096184535327
22, 42, 0.03632904698160162
22, 43, 0.03495307788114175
22, 44, 0.03442544635316687
22, 45, 0.03493447359698507
22, 46, 0.0319974300851042
22, 47, 0.03498254930642441
22, 48, 0.0349809772213615
22, 49, 0.034987873356556634
22, 50, 0.03253835362028353
22, 51, 0.03637054533642908
22, 52, 0.03284380889512734
22, 53, 0.034987305042526375
22, 54, 0.034984210218628554
22, 55, 0.03498006683574841
22, 56, 0.03205066036824152
22, 57, 0.03500238587081041
22, 58, 0.0322916882086802
23, 24, 0.03729885985146025
23, 25, 0.040886836196616184
23, 26, 0.03475094505302509
23, 27, 0.038073081030989796
23, 28, 0.03462417135279788
23, 29, 0.03108207619983342
23, 30, 0.03289932648621533
23, 31, 0.04142332030688966
23, 32, 0.04046864727326587
23, 33, 0.02869199324479144
23, 34, 0.05344588766119496
23, 35, 0.02897283438779447
23, 36, 0.026118603265085714
23, 37, 0.027821318076100283
23, 38, 0.04019326143256468
23, 39, 0.02961031363457928
23, 40, 0.034354832930287786
23, 41, 0.033107402506682024
23, 42, 0.03833636845811917
23, 43, 0.032113015601044716
23, 44, 0.03302595307939679
23, 45, 0.03272117862645946
23, 46, 0.026534726339087395
23, 47, 0.039836885220874085
23, 48, 0.03412248001924146
23, 49, 0.04064765485048911
23, 50, 0.030618538285649262
23, 51, 0.038354221976685025
23, 52, 0.03159930528682005
23, 53, 0.036133510249787386
23, 54, 0.03577180431068052
23, 55, 0.03413734655540099
23, 56, 0.02941444337531563
23, 57, 0.04143189280897997
23, 58, 0.030119636978418737
24, 25, 0.039985966878291035
24, 26, 0.034914922987409086
24, 27, 0.03807268661634049
24, 28, 0.03582441404816656
24, 29, 0.03260480429898032
24, 30, 0.03307594676940068
24, 31, 0.04003197883577687
24, 32, 0.04038748317187932
24, 33, 0.028706832105668583
24, 34, 0.052840783006964535
24, 35, 0.028975961827644087
24, 36, 0.03086746921346422
24, 37, 0.027827006538059272
24, 38, 0.03952103576038276
24, 39, 0.029612574984553316
24, 40, 0.034476015170317335
24, 41, 0.036147552514229
24, 42, 0.038335781522814034
24, 43, 0.03232962108449769
24, 44, 0.03303062254428097
24, 45, 0.0328132120311407
24, 46, 0.026543155726643456
24, 47, 0.03832868736235793
24, 48, 0.03588674115336291
24, 49, 0.03978183917679018
24, 50, 0.030620798452273182
24, 51, 0.038353648467283216
24, 52, 0.0316007379612206
24, 53, 0.036228621547306966
24, 54, 0.035939493283688714
24, 55, 0.03487587937427324
24, 56, 0.029417489269384988
24, 57, 0.04097130861384078
24, 58, 0.03012213027535224
25, 26, 0.03572648338834632
25, 27, 0.03807792289280166
25, 28, 0.03895528015775767
25, 29, 0.03575597806250813
25, 30, 0.03373328682085459
25, 31, 0.04115613131606643
25, 32, 0.04050495237304191
25, 33, 0.02875085566347898
25, 34, 0.05220369310963851
25, 35, 0.02898539072380323
25, 36, 0.036105515808563395
25, 37, 0.027843331391476357
25, 38, 0.040564087117748844
25, 39, 0.02961961495888309
25, 40, 0.035047082939324646
25, 41, 0.03997080933646535
25, 42, 0.03834106590705196
25, 43, 0.03306579655263748
25, 44, 0.03304983138429911
25, 45, 0.0331631256327728
25, 46, 0.026566288062534294
25, 47, 0.04077428352153446
25, 48, 0.03937486896589501
25, 49, 0.04081488123276634
25, 50, 0.030628267854289088
25, 51, 0.03835869531447127
25, 52, 0.03160583283305512
25, 53, 0.03703283667160858
25, 54, 0.037041878872626326
25, 55, 0.03722704265201418
25, 56, 0.029426873126689342
25, 57, 0.041310471948991574
25, 58, 0.030130116577534446
26, 27, 0.038043567625752256
26, 28, 0.034740902758097325
26, 29, 0.034119020347152036
26, 30, 0.033606579949870985
26, 31, 0.03549016131970188
26, 32, 0.03879906915488735
26, 33, 0.028844634711961026
26, 34, 0.04647950249397746
26, 35, 0.029005130069033463
26, 36, 0.03403190343280028
26, 37, 0.027883109419711952
26, 38, 0.035686876579625326
26, 39, 0.02963281375321283
26, 40, 0.03450746645479964
26, 41, 0.034707340254207464
26, 42, 0.03830240180559019
26, 43, 0.033148800297277195
26, 44, 0.0330534017821256
26, 45, 0.03319391452539759
26, 46, 0.026630199393422968
26, 47, 0.03494844089787664
26, 48, 0.034717248852430556
26, 49, 0.0356552541423848
26, 50, 0.03063928885293255
26, 51, 0.03832148312652633
26, 52, 0.031611045597478224
26, 53, 0.03537271046028181
26, 54, 0.035124638057115576
26, 55, 0.0346378727466396
26, 56, 0.029445093892920784
26, 57, 0.03701019597977188
26, 58, 0.030143531790867577
27, 28, 0.03807047641321816
27, 29, 0.03806014552889995
27, 30, 0.037999187305257844
27, 31, 0.038076900275115406
27, 32, 0.03812411912156811
27, 33, 0.035657224532895174
27, 34, 0.03830170306418471
27, 35, 0.03247991655001607
27, 36, 0.038063432781133076
27, 37, 0.03295668485578757
27, 38, 0.03807710270530694
27, 39, 0.03239496703194994
27, 40, 0.03802072011203813
27, 41, 0.03807194747632047
27, 42, 0.03820050124556193
27, 43, 0.037991648023485716
27, 44, 0.03627298212234408
27, 45, 0.03791967051549782
27, 46, 0.033081491884431866
27, 47, 0.03807380157259577
27, 48, 0.038071151496569575
27, 49, 0.03807733639826823
27, 50, 0.03330368929840962
27, 51, 0.038212100635038604
27, 52, 0.03350479262730476
27, 53, 0.03805905961410529
27, 54, 0.03806131621331641
27, 55, 0.03806520159623426
27, 56, 0.03280765707208761
27, 57, 0.038088476000868766
27, 58, 0.03303462813418702
28, 29, 0.03210194199617125
28, 30, 0.03298454194525043
28, 31, 0.038679150631828654
28, 32, 0.04027229808503575
28, 33, 0.028704874521804334
28, 34, 0.05254883790467039
28, 35, 0.028975507770090482
28, 36, 0.030208929201651424
28, 37, 0.027826468348608486
28, 38, 0.038585222356733985
28, 39, 0.02961216878380898
28, 40, 0.03436819766944631
28, 41, 0.03425059995545942
28, 42, 0.038333377474332644
28, 43, 0.032242567143537224
28, 44, 0.0330281232942195
28, 45, 0.032768566448281466
28, 46, 0.02654272769514792
28, 47, 0.03631119974046759
28, 48, 0.03442037981198544
28, 49, 0.03873446605968912
28, 50, 0.03062023938887633
28, 51, 0.0383513406394224
28, 52, 0.031600256903610714
28, 53, 0.03599217764048747
28, 54, 0.03562529206271126
28, 55, 0.034268727080833304
28, 56, 0.02941697611300882
28, 57, 0.040467875532637955
28, 58, 0.030121602928418
29, 30, 0.03268921837821421
29, 31, 0.03495628507686575
29, 32, 0.03973185172321074
29, 33, 0.028704357359229073
29, 34, 0.05100916706051283
29, 35, 0.028975210771984592
29, 36, 0.029526034191543492
29, 37, 0.027827243284709622
29, 38, 0.03563884413366626
29, 39, 0.0296115976977752
29, 40, 0.033976169458514935
29, 41, 0.031277262539694116
29, 42, 0.03832205169696203
29, 43, 0.031986520825294004
29, 44, 0.0330193594938617
29, 45, 0.032622140800445544
29, 46, 0.026545563604880338
29, 47, 0.03248011148719013
29, 48, 0.03170330586082383
29, 49, 0.03553890738591052
29, 50, 0.030618968242266946
29, 51, 0.03834046180424301
29, 52, 0.03159887135092963
29, 53, 0.03510915517160664
29, 54, 0.03452844397840718
29, 55, 0.03266017235142527
29, 56, 0.029416362321638544
29, 57, 0.03845051139943225
29, 58, 0.03012060962705381
30, 31, 0.03350672565293746
30, 32, 0.037440724467813206
30, 33, 0.02886048318019901
30, 34, 0.04338314855027698
30, 35, 0.02900813830956068
30, 36, 0.032535286446516924
30, 37, 0.027894023009166578
30, 38, 0.03372743217554645
30, 39, 0.029633484896569275
30, 40, 0.03362110701354771
30, 41, 0.03289977386064625
30, 42, 0.03825359244314411
30, 43, 0.0325131297618731
30, 44, 0.03302265180379078
30, 45, 0.03277879129261469
30, 46, 0.026653294760213022
30, 47, 0.033065509370301324
30, 48, 0.03293794053852392
30, 49, 0.03367768525436267
30, 50, 0.030636957635210498
30, 51, 0.0382745539769724
30, 52, 0.03160709204270011
30, 53, 0.03398366154064875
30, 54, 0.03365328000472327
30, 55, 0.033048654320864373
30, 56, 0.0294466350928952
30, 57, 0.03494717232708593
30, 58, 0.030142705943887252
31, 32, 0.04052153190455693
31, 33, 0.028732426874315698
31, 34, 0.05264470749359242
31, 35, 0.02898145770692279
31, 36, 0.03497097735273923
31, 37, 0.027836376800037966
31, 38, 0.04070378005099151
31, 39, 0.029616717961055132
31, 40, 0.03486687665874168
31, 41, 0.040023047150731
31, 42, 0.038340136869044035
31, 43, 0.032803775326972526
31, 44, 0.033042759051051085
31, 45, 0.033036953066748656
31, 46, 0.02655623726696501
31, 47, 0.041141550553801365
31, 48, 0.039203514816366504
31, 49, 0.041020171351026855
31, 50, 0.030625270265697103
31, 51, 0.038357815008490136
31, 52, 0.03160384709181085
31, 53, 0.0368394655256567
31, 54, 0.0367829989006902
31, 55, 0.036741224806590714
31, 56, 0.02942299527805944
31, 57, 0.041459240695121774
31, 58, 0.030126869836612672
32, 33, 0.029386032246858238
32, 34, 0.04579422720882831
32, 35, 0.02912730157037414
32, 36, 0.03995591310846639
32, 37, 0.028091153635012658
32, 38, 0.040452884349583544
32, 39, 0.02972476647945358
32, 40, 0.03804406458738618
32, 41, 0.04039295075248861
32, 42, 0.03838478852255101
32, 43, 0.03721582960580093
32, 44, 0.033306652735513864
32, 45, 0.036006642297312104
32, 46, 0.026920648269697305
32, 47, 0.04046467945566625
32, 48, 0.04032946857231836
32, 49, 0.04048714964325854
32, 50, 0.030737550825036087
32, 51, 0.038400297955831705
32, 52, 0.0316789548431406
32, 53, 0.039379857460153975
32, 54, 0.03956985945833026
32, 55, 0.039933918957488816
32, 56, 0.029567045830188793
32, 57, 0.04064182342830117
32, 58, 0.030248084599629296
33, 34, 0.02972368087505921
33, 35, 0.02892259273991851
33, 36, 0.028685538829670763
33, 37, 0.028046037067709563
33, 38, 0.0287529690749421
33, 39, 0.02947675875801012
33, 40, 0.028915905108014752
33, 41, 0.028694684233453466
33, 42, 0.035731238908290976
33, 43, 0.02882309885756873
33, 44, 0.03135790964850541
33, 45, 0.029007701345685286
33, 46, 0.027209085836595103
33, 47, 0.028703186772975304
33, 48, 0.028699534682019048
33, 49, 0.02874727237458644
33, 50, 0.030303739751784766
33, 51, 0.03582383077313612
33, 52, 0.03123181658583128
33, 53, 0.028845478017336838
33, 54, 0.028795647390250707
33, 55, 0.02872321003246233
33, 56, 0.029282389616003077
33, 57, 0.02885760683181679
33, 58, 0.029880973390980798
34, 35, 0.029202140411873447
34, 36, 0.052073165699993
34, 37, 0.028203472705209842
34, 38, 0.05201571720131915
34, 39, 0.02978535254387551
34, 40, 0.04416335120377676
34, 41, 0.053150553698762634
34, 42, 0.03857590249341006
34, 43, 0.0432378926191173
34, 44, 0.03356698916722449
34, 45, 0.03973369541547413
34, 46, 0.0270567454916608
34, 47, 0.053156391661382106
34, 48, 0.052843302306364505
34, 49, 0.05222849617320931
34, 50, 0.030810784472197667
34, 51, 0.03858374282481969
34, 52, 0.03173592345045168
34, 53, 0.0478033322135694
34, 54, 0.04895041936679122
34, 55, 0.05118319932786082
34, 56, 0.029645806743007937
34, 57, 0.05066866819081471
34, 58, 0.030321458424398446
35, 36, 0.028971289055445656
35, 37, 0.028530008810665097
35, 38, 0.028985827722289827
35, 39, 0.0293305044153442
35, 40, 0.029020595176447384
35, 41, 0.028973381127931973
35, 42, 0.03243864330842878
35, 43, 0.028999814596682195
35, 44, 0.030018302215292534
35, 45, 0.029040883439371657
35, 46, 0.028184165355840965
35, 47, 0.028975211297190273
35, 48, 0.028974390975569416
35, 49, 0.02898461900522485
35, 50, 0.02983992860264619
35, 51, 0.03253799128998291
35, 52, 0.030550064412304394
35, 53, 0.029005483176919523
35, 54, 0.028994735085725566
35, 55, 0.028979302126895683
35, 56, 0.02919057379289496
35, 57, 0.029008422676077953
35, 58, 0.02956925711193502
36, 37, 0.027819757657231645
36, 38, 0.03591992937725458
36, 39, 0.029608857927388064
36, 40, 0.033909793117905214
36, 41, 0.027568957987018503
36, 42, 0.03832585246870437
36, 43, 0.031775491121003696
36, 44, 0.033015743595604795
36, 45, 0.03254215214078101
36, 46, 0.026534019739308193
36, 47, 0.03024566387895186
36, 48, 0.02909445715157514
36, 49, 0.03580419589874397
36, 50, 0.0306164189494339
36, 51, 0.038344125512053615
36, 52, 0.031597411810976646
36, 53, 0.0351324055650604
36, 54, 0.03445775897410652
36, 55, 0.03181356472383628
36, 56, 0.029412630428979694
36, 57, 0.039139556396871875
36, 58, 0.030117687079358073
37, 38, 0.027844221624597938
37, 39, 0.029023061882077053
37, 40, 0.027913636959170037
37, 41, 0.02782244788635964
37, 42, 0.032918121410649065
37, 43, 0.027880062701313966
37, 44, 0.02968197124696216
37, 45, 0.027962186996585425
37, 46, 0.0272634539632082
37, 47, 0.02782551223036925
37, 48, 0.02782436958133837
37, 49, 0.027842015701666036
37, 50, 0.029613309312569634
37, 51, 0.03303778675224017
37, 52, 0.030490166458966288
37, 53, 0.027881812805148218
37, 54, 0.027862228977174608
37, 55, 0.02783397313641704
37, 56, 0.02879146374686257
37, 57, 0.02788342856653443
37, 58, 0.02927921156865897
38, 39, 0.029619904904520298
38, 40, 0.03502755535066047
38, 41, 0.03942418983486808
38, 42, 0.03834014404017833
38, 43, 0.03306680685489633
38, 44, 0.03304986470258425
38, 45, 0.03316311289303074
38, 46, 0.026567729898723434
38, 47, 0.040195695842404136
38, 48, 0.03893232526744258
38, 49, 0.04044526273985157
38, 50, 0.03062850586646891
38, 51, 0.03835780843987651
38, 52, 0.03160594113132511
38, 53, 0.03696220801192742
38, 54, 0.03694937734289807
38, 55, 0.03705118372480072
38, 56, 0.029427274752092922
38, 57, 0.04109823723977019
38, 58, 0.030130409268200032
39, 40, 0.0296433075306676
39, 41, 0.02961067236624223
39, 42, 0.03235806199208057
39, 43, 0.029627157111819433
39, 44, 0.030340427319298632
39, 45, 0.02965465671242313
39, 46, 0.028773218396991145
39, 47, 0.029612067300369603
39, 48, 0.02961137957657517
39, 49, 0.029619033272773213
39, 50, 0.03007966509256417
39, 51, 0.03244385753073065
39, 52, 0.030685121078036826
39, 53, 0.0296336005955854
39, 54, 0.029625848885520577
39, 55, 0.02961474820818156
39, 56, 0.029525634108612846
39, 57, 0.029636744706281904
39, 58, 0.029843948660729907
40, 41, 0.03433320019103414
40, 42, 0.03827659986916843
40, 43, 0.03325013427843076
40, 44, 0.03305930935334151
40, 45, 0.03325354856819199
40, 46, 0.026678494620260625
40, 47, 0.03448974211752994
40, 48, 0.03434623970304689
40, 49, 0.03499663871571298
40, 50, 0.03064833429501988
40, 51, 0.038296629134995715
40, 52, 0.03161561859424673
40, 53, 0.034957416339864385
40, 54, 0.034731248930414065
40, 55, 0.03432726652120453
40, 56, 0.029459490488447614
40, 57, 0.03607283494827107
40, 58, 0.030154337638068598
41, 42, 0.03833509705632518
41, 43, 0.03212578709723241
41, 44, 0.033025914632796735
41, 45, 0.032722720170667886
41, 46, 0.02653657440837462
41, 47, 0.03722238026914594
41, 48, 0.03376214467412025
41, 49, 0.0397250013824362
41, 50, 0.030618824996968188
41, 51, 0.03835299904526718
41, 52, 0.03159942754797986
41, 53, 0.03603989773139331
41, 54, 0.03565566368254755
41, 55, 0.03401885543323265
41, 56, 0.029414942567153757
41, 57, 0.04104146602384916
41, 58, 0.03011999522324526
42, 43, 0.038245726289725536
42, 44, 0.036362623200078006
42, 45, 0.038164957054245434
42, 46, 0.033042234048293075
42, 47, 0.03833704250227886
42, 48, 0.03833417351374039
42, 49, 0.03834046004955094
42, 50, 0.03328424165018844
42, 51, 0.0383455299502627
42, 52, 0.03349275546384604
42, 53, 0.0383193798450537
42, 54, 0.03832238074535084
42, 55, 0.03832740080937839
42, 56, 0.03277393940108342
42, 57, 0.03835151650502808
42, 58, 0.03300849310338264
43, 44, 0.03300360296619338
43, 45, 0.03252560333213112
43, 46, 0.02663410765384276
43, 47, 0.03230535623579753
43, 48, 0.03217992319953383
43, 49, 0.03300483765280054
43, 50, 0.03063005892023012
43, 51, 0.03826702166080166
43, 52, 0.03160222780239118
43, 53, 0.03350128007287211
43, 54, 0.033105256922693976
43, 55, 0.03236758266402314
43, 56, 0.029438261404162856
43, 57, 0.034426347110363485
43, 58, 0.03013543687017116
44, 45, 0.033010470918841656
44, 46, 0.029267454490107724
44, 47, 0.033030322506678145
44, 48, 0.03302688556534283
44, 49, 0.03304813377004874
44, 50, 0.03119117206686667
44, 51, 0.03642603127129726
44, 52, 0.03186722801792215
44, 53, 0.03306640141995456
44, 54, 0.03305127173099635
44, 55, 0.03302992773471088
44, 56, 0.03036504858663799
44, 57, 0.033094753339120465
44, 58, 0.03082540409667715
45, 46, 0.026765118777382305
45, 47, 0.032805787851442364
45, 48, 0.03274334516502264
45, 49, 0.03313305846578822
45, 50, 0.030652864079082853
45, 51, 0.03818915921481062
45, 52, 0.03161292255697281
45, 53, 0.03339854467390002
45, 54, 0.03317499750299326
45, 55, 0.032810678955266036
45, 56, 0.029476106669636983
45, 57, 0.03389028371354697
45, 58, 0.030163267515415423
46, 47, 0.02654077543465795
46, 48, 0.02653953106705223
46, 49, 0.026564451209678288
46, 50, 0.029391968817686884
46, 51, 0.03317510275715908
46, 52, 0.030377235672801362
46, 53, 0.026625800460133024
46, 54, 0.026596732550058174
46, 55, 0.026554622822039867
46, 56, 0.028465604877361966
46, 57, 0.026623414196054886
46, 58, 0.02902226172767701
47, 48, 0.036547506095514846
47, 49, 0.040572191928324376
47, 50, 0.030620359924979048
47, 51, 0.038354862032972975
47, 52, 0.03160051694570175
47, 53, 0.03631300652418366
47, 54, 0.0360434583336002
47, 55, 0.035003883609041296
47, 56, 0.029416790231617918
47, 57, 0.04134798218776481
47, 58, 0.03012160630735455
48, 49, 0.03913987008114175
48, 50, 0.03061948670124545
48, 51, 0.03835210878166448
48, 52, 0.031599809624367446
48, 53, 0.036006769539871
48, 54, 0.035627914032986416
48, 55, 0.03412874169649053
48, 56, 0.02941590516629779
48, 57, 0.04072910346797826
48, 58, 0.030120751540232867
49, 50, 0.030627640380497985
49, 51, 0.0383581157133614
49, 52, 0.03160539672777227
49, 53, 0.03695870340663072
49, 54, 0.03694430950905625
49, 55, 0.037048399047096746
49, 56, 0.02942610015835799
49, 57, 0.04125248728398051
49, 58, 0.03012945137513654
50, 51, 0.03336464809166894
50, 52, 0.03118189254536164
50, 53, 0.030641130677166756
50, 54, 0.030633451125493816
50, 55, 0.030622492999937502
50, 56, 0.030057062939647387
50, 57, 0.030646291817928623
50, 58, 0.03037245593976731
51, 52, 0.03355586723851734
51, 53, 0.038337797434793694
51, 54, 0.03834071534546669
51, 55, 0.03834558742370098
51, 56, 0.0328696269848178
51, 57, 0.0383686645277273
51, 58, 0.033094432442369814
52, 53, 0.03161308402323174
52, 54, 0.03160825989514294
52, 55, 0.031601417592192475
52, 56, 0.030740786194217058
52, 57, 0.03161802097470366
52, 58, 0.03097940670407964
53, 54, 0.035986267406941226
53, 55, 0.035703430055638925
53, 56, 0.02944592632797506
53, 57, 0.03817905494437188
53, 58, 0.03014494902956097
54, 55, 0.03531380845127415
54, 56, 0.0294354891345642
54, 57, 0.038438693135800436
54, 58, 0.030136442618651907
55, 56, 0.029420521241245837
55, 57, 0.039210609019391184
55, 58, 0.030124278140902773
56, 57, 0.029449723948946665
56, 58, 0.029785998539131053
57, 58, 0.030149466524514827
