37
0, 1, 0.013236184756433296
0, 2, 0.013862413029224021
0, 3, 0.01894491259664188
0, 4, 0.015071009769136237
0, 5, 0.014779254801760724
0, 6, 0.014624561014463284
0, 7, 0.015789539040994276
0, 8, 0.01731119863626311
0, 9, 0.015832674237911435
0, 10, 0.012624627120819725
0, 11, 0.016284130034825286
0, 12, 0.013118763777335424
0, 13, 0.01815061361095767
0, 14, 0.017391408872311755
0, 15, 0.01651748463877436
0, 16, 0.015805301400666882
0, 17, 0.013319420307608777
0, 18, 0.015697260336464864
0, 19, 0.015255790256638917
0, 20, 0.014293724640527016
0, 21, 0.015651080668087205
0, 22, 0.017937377108281513
0, 23, 0.019643295120777265
0, 24, 0.016771716391617727
0, 25, 0.01759072031760983
0, 26, 0.010769318103904949
0, 27, 0.015497444796816097
0, 28, 0.016270346752843022
0, 29, 0.016275469199983367
0, 30, 0.014607342966442472
0, 31, 0.014458985480955873
0, 32, 0.011407818834611004
0, 33, 0.0133658736855727
0, 34, 0.01629022759864304
0, 35, 0.01581392115114612
0, 36, 0.013298978026755075
1, 2, 0.013847544009166737
1, 3, 0.013606999622823836
1, 4, 0.013260106411722547
1, 5, 0.014767624875577985
1, 6, 0.014614277895937215
1, 7, 0.012993098457968916
1, 8, 0.013251202048801697
1, 9, 0.015795979816156974
1, 10, 0.012617601806298527
1, 11, 0.013112967000415457
1, 12, 0.013110174216138259
1, 13, 0.01727357568430774
1, 14, 0.013262395221665937
1, 15, 0.014054742989662049
1, 16, 0.013029652382010388
1, 17, 0.01327628109376981
1, 18, 0.012954584621636312
1, 19, 0.012926909754338417
1, 20, 0.014286138845326835
1, 21, 0.012940554899022278
1, 22, 0.017913031160976443
1, 23, 0.01961528834097806
1, 24, 0.01313625665279256
1, 25, 0.013394372927225347
1, 26, 0.011646441600664175
1, 27, 0.012924240473816451
1, 28, 0.01625469050679651
1, 29, 0.013082223727352935
1, 30, 0.01295398808549888
1, 31, 0.01437561626873084
1, 32, 0.011430394250973938
1, 33, 0.013361422426494416
1, 34, 0.013079369459028104
1, 35, 0.01301622705951932
1, 36, 0.012831367664303938
2, 3, 0.013868153550952158
2, 4, 0.013862073817884582
2, 5, 0.01448898010622059
2, 6, 0.0143914931184468
2, 7, 0.013860172606731462
2, 8, 0.013863489682977608
2, 9, 0.014848481797643132
2, 10, 0.013704048676253213
2, 11, 0.013861597541205549
2, 12, 0.013536797769455638
2, 13, 0.014104366354230685
2, 14, 0.013863640402267511
2, 15, 0.01387507983327047
2, 16, 0.013860518854149937
2, 17, 0.013768565300628345
2, 18, 0.013859775666044358
2, 19, 0.013859249721954145
2, 20, 0.01417300955019657
2, 21, 0.013859627219901353
2, 22, 0.01677266079352744
2, 23, 0.018145953578204546
2, 24, 0.013862049128997892
2, 25, 0.013865244213476218
2, 26, 0.013821738804301995
2, 27, 0.013859396425657927
2, 28, 0.015616900381928056
2, 29, 0.0138612822215782
2, 30, 0.013858728343150922
2, 31, 0.013977304395516461
2, 32, 0.01298610244695002
2, 33, 0.013523386526621365
2, 34, 0.013861260623788908
2, 35, 0.013860399139176346
2, 36, 0.013852513912818304
3, 4, 0.017142984857464343
3, 5, 0.01478237268697698
3, 6, 0.01462744439375023
3, 7, 0.02642528817463423
3, 8, 0.028253581141405505
3, 9, 0.015840600478013042
3, 10, 0.012655701441264195
3, 11, 0.02520093017358459
3, 12, 0.013125196922424037
3, 13, 0.018326912910432317
3, 14, 0.028473321372950732
3, 15, 0.018005845756046683
3, 16, 0.024551165479468576
3, 17, 0.013345810855058622
3, 18, 0.028251223747769276
3, 19, 0.024411378932414976
3, 20, 0.014296106330135448
3, 21, 0.02892659266539126
3, 22, 0.017941515801879852
3, 23, 0.0196475851351059
3, 24, 0.02868638137717001
3, 25, 0.025875788040145987
3, 26, 0.010989160585153803
3, 27, 0.028053206067987124
3, 28, 0.01627349366818663
3, 29, 0.026508399958734406
3, 30, 0.018324205544509836
3, 31, 0.014484741835011524
3, 32, 0.011413234075667253
3, 33, 0.013368329948754764
3, 34, 0.02680735803561879
3, 35, 0.0253057438318413
3, 36, 0.014128415728029628
4, 5, 0.014778614330956974
4, 6, 0.01462403057784458
4, 7, 0.014943987377622925
4, 8, 0.015948234526938766
4, 9, 0.015830088798780433
4, 10, 0.012632238002956396
4, 11, 0.015316462654285948
4, 12, 0.013119436388317947
4, 13, 0.01806604248876645
4, 14, 0.015997961463959397
4, 15, 0.016101284667521244
4, 16, 0.014997316644008713
4, 17, 0.013320862962705718
4, 18, 0.014852692590152745
4, 19, 0.014624650201698616
4, 20, 0.01429340540517445
4, 21, 0.014813915594533343
4, 22, 0.017935368425513947
4, 23, 0.01964085424104327
4, 24, 0.015557849797677246
4, 25, 0.016260972744336685
4, 26, 0.011025726748119807
4, 27, 0.014727282516705895
4, 28, 0.016269191860385192
4, 29, 0.015272601953267935
4, 30, 0.014311863448993682
4, 31, 0.01445490553467343
4, 32, 0.011412314712396029
4, 33, 0.013365982746434898
4, 34, 0.015275103916577713
4, 35, 0.014984519470402727
4, 36, 0.013335404604414148
5, 6, 0.014699223084209767
5, 7, 0.014778871973093084
5, 8, 0.014780341047471697
5, 9, 0.015111933792140956
5, 10, 0.014646670146788365
5, 11, 0.014779440670046143
5, 12, 0.014346344094524227
5, 13, 0.014870355380124165
5, 14, 0.014780411642309496
5, 15, 0.014783588896538325
5, 16, 0.014778962471881032
5, 17, 0.01465749623383073
5, 18, 0.01477874091060109
5, 19, 0.014778424194531124
5, 20, 0.014513338636767362
5, 21, 0.014778688568601725
5, 22, 0.01646856162286923
5, 23, 0.01754338720796861
5, 24, 0.014779729985312216
5, 25, 0.014781013493890906
5, 26, 0.01475709139546035
5, 27, 0.01477857403407744
5, 28, 0.015603651200670211
5, 29, 0.014779347588735715
5, 30, 0.014777773097444255
5, 31, 0.014745035770995375
5, 32, 0.014096358311906417
5, 33, 0.014081831221822537
5, 34, 0.014779346423934156
5, 35, 0.014778937077376167
5, 36, 0.014773054443026689
6, 7, 0.014624093824024713
6, 8, 0.014625497480813009
6, 9, 0.014992585320166176
6, 10, 0.014507089957516131
6, 11, 0.014624647568077019
6, 12, 0.014246686222836475
6, 13, 0.014714953389088388
6, 14, 0.014625564292810103
6, 15, 0.014628917489085352
6, 16, 0.01462419073710119
6, 17, 0.01452047365360207
6, 18, 0.014623961168682045
6, 19, 0.014623672477723396
6, 20, 0.014447379417401152
6, 21, 0.014623908933178715
6, 22, 0.016353486228115093
6, 23, 0.017412085710520362
6, 24, 0.01462490914193143
6, 25, 0.014626157445842242
6, 26, 0.01460405531864645
6, 27, 0.014623801548808282
6, 28, 0.01551317522149033
6, 29, 0.01462455088543178
6, 30, 0.0146231201232243
6, 31, 0.01460695468237196
6, 32, 0.013999463170993952
6, 33, 0.014019699983514875
6, 34, 0.014624548375483354
6, 35, 0.014624161881922915
6, 36, 0.01461893618925883
7, 8, 0.023794934964502273
7, 9, 0.01583345715465304
7, 10, 0.012594932155152852
7, 11, 0.01901621303879777
7, 12, 0.013114323974050879
7, 13, 0.018223562344609277
7, 14, 0.024178475377720075
7, 15, 0.016854099657616934
7, 16, 0.017298373449797778
7, 17, 0.013303571904011382
7, 18, 0.018404380253089707
7, 19, 0.014999937880265697
7, 20, 0.014293121281855886
7, 21, 0.018535786824518702
7, 22, 0.017938986624908424
7, 23, 0.019645618762856892
7, 24, 0.023163677508252007
7, 25, 0.021993857316194656
7, 26, 0.01005932840102199
7, 27, 0.016884861516853627
7, 28, 0.016270889576880037
7, 29, 0.01977992380050038
7, 30, 0.013802915500371899
7, 31, 0.014453661602612314
7, 32, 0.011396868317301977
7, 33, 0.01336445013951421
7, 34, 0.020034685782488234
7, 35, 0.017582901378285862
7, 36, 0.012758729711013715
8, 9, 0.01583649256609918
8, 10, 0.012619925115694893
8, 11, 0.022877617525590952
8, 12, 0.013118810302104772
8, 13, 0.01826917386701145
8, 14, 0.02734534272149061
8, 15, 0.01737407607116933
8, 16, 0.021790538992038457
8, 17, 0.013321050287781213
8, 18, 0.0261270865918202
8, 19, 0.021010252747326225
8, 20, 0.014294367334805262
8, 21, 0.027135921350405018
8, 22, 0.0179400929066789
8, 23, 0.01964650439743833
8, 24, 0.027399074239458473
8, 25, 0.024377467564121777
8, 26, 0.010443351633712895
8, 27, 0.025650670528188108
8, 28, 0.016272002071948607
8, 29, 0.02431195139612721
8, 30, 0.016022121034174004
8, 31, 0.01446667066114155
8, 32, 0.011403520032216546
8, 33, 0.013366054500931783
8, 34, 0.024678185452867346
8, 35, 0.022565990144697533
8, 36, 0.013347883010625916
9, 10, 0.015437835524715306
9, 11, 0.01583447112782072
9, 12, 0.014659918340985234
9, 13, 0.01596670104854646
9, 14, 0.015836648359999136
9, 15, 0.01583827991427838
9, 16, 0.015833481960623633
9, 17, 0.015423221756505895
9, 18, 0.015833301706165467
9, 19, 0.015832431095484305
9, 20, 0.01472027720420511
9, 21, 0.015833228089462588
9, 22, 0.01733501118437884
9, 23, 0.01865426102258814
9, 24, 0.015835299750222697
9, 25, 0.015837610338238075
9, 26, 0.015776678838126574
9, 27, 0.015832959576647657
9, 28, 0.01615171413217504
9, 29, 0.015834399132803125
9, 30, 0.01583000404591442
9, 31, 0.01555900196361906
9, 32, 0.01426482329134072
9, 33, 0.014160403471084543
9, 34, 0.015834418427673594
9, 35, 0.01583350078915869
9, 36, 0.015815253858234197
10, 11, 0.012607001020310234
10, 12, 0.013032128843442391
10, 13, 0.014273692330291103
10, 14, 0.01262097874618055
10, 15, 0.012743394238083317
10, 16, 0.012598887635488925
10, 17, 0.013002209669973576
10, 18, 0.012590976467833633
10, 19, 0.01258881299888134
10, 20, 0.014206674639558518
10, 21, 0.012589567428290132
10, 22, 0.017656275020660205
10, 23, 0.01931765642354355
10, 24, 0.012608502751811435
10, 25, 0.012635315473756464
10, 26, 0.01241530559481149
10, 27, 0.012588091039999237
10, 28, 0.016089289484138486
10, 29, 0.012603634236393005
10, 30, 0.012593889123088195
10, 31, 0.01378214868990904
10, 32, 0.011636537722576836
10, 33, 0.013316038562362709
10, 34, 0.012603292270644648
10, 35, 0.01259739468593329
10, 36, 0.012589060987531056
11, 12, 0.01311639561972167
11, 13, 0.01823236253496219
11, 14, 0.023140069801076194
11, 15, 0.016996736409618872
11, 16, 0.018315847681781967
11, 17, 0.013311501110062513
11, 18, 0.01956957247388415
11, 19, 0.016996322186294373
11, 20, 0.014293632139480037
11, 21, 0.01974524630272136
11, 22, 0.017939220795137267
11, 23, 0.019645700383187557
11, 24, 0.022277597292122656
11, 25, 0.02174282192399536
11, 26, 0.010278964640394702
11, 27, 0.018881835979497445
11, 28, 0.016271235078080676
11, 29, 0.020109126258424963
11, 30, 0.014719083976524286
11, 31, 0.014458896760813194
11, 32, 0.011400387768422634
11, 33, 0.013365174044627866
11, 34, 0.02028827784527013
11, 35, 0.01862067700167089
11, 36, 0.01303615848884349
12, 13, 0.013483129899783472
12, 14, 0.013119005248347837
12, 15, 0.013138841820252463
12, 16, 0.013114937775247368
12, 17, 0.013151050623848911
12, 18, 0.013113683533087719
12, 19, 0.013113166199934441
12, 20, 0.014026766079637487
12, 21, 0.013113451728390707
12, 22, 0.01681103559493325
12, 23, 0.018270836565901914
12, 24, 0.013116799566958255
12, 25, 0.013121425620784477
12, 26, 0.013073226722674898
12, 27, 0.013113168119130348
12, 28, 0.015573386463824015
12, 29, 0.013115861326691756
12, 30, 0.013113432863517583
12, 31, 0.013442398542867736
12, 32, 0.012393700120443857
12, 33, 0.013297541192528331
12, 34, 0.013115812663669617
12, 35, 0.013114711907647176
12, 36, 0.013109551100116254
13, 14, 0.01827191324055033
13, 15, 0.018109494664032767
13, 16, 0.018217465151631675
13, 17, 0.014455152304363526
13, 18, 0.018225840948089447
13, 19, 0.018204095863312394
13, 20, 0.014380249388579834
13, 21, 0.0182261164671867
13, 22, 0.017945620238350644
13, 23, 0.019616763375732548
13, 24, 0.018254088749569516
13, 25, 0.0182749003771199
13, 26, 0.017061501708509362
13, 27, 0.018220787399079025
13, 28, 0.01631305387896708
13, 29, 0.01823610032846954
13, 30, 0.018125804281658393
13, 31, 0.015179442308443097
13, 32, 0.012062158459818178
13, 33, 0.01349725218931713
13, 34, 0.018237261378531155
13, 35, 0.018220588723172827
13, 36, 0.017741750794982622
14, 15, 0.017402854025398085
14, 16, 0.022065899696478174
14, 17, 0.013321818594529617
14, 18, 0.026665267639469744
14, 19, 0.021338234372221834
14, 20, 0.014294425456159643
14, 21, 0.02774939396783893
14, 22, 0.017940158030224546
14, 23, 0.01964656305574586
14, 24, 0.02779406601580822
14, 25, 0.024573641074832276
14, 26, 0.010457452272131455
14, 27, 0.026214151127642332
14, 28, 0.016272060780387114
14, 29, 0.02464061796845592
14, 30, 0.016127134797716408
14, 31, 0.014467283581987641
14, 32, 0.011403781466482075
14, 33, 0.01336612525850472
14, 34, 0.02502172843727693
14, 35, 0.02287986052603232
14, 36, 0.013373253111422016
15, 16, 0.01682897524440492
15, 17, 0.013393146736071112
15, 18, 0.016848184538448236
15, 19, 0.016657151513134315
15, 20, 0.014297992844595988
15, 21, 0.016841465142863932
15, 22, 0.017936619584592195
15, 23, 0.019640493986647013
15, 24, 0.017189737124685075
15, 25, 0.017480642783321284
15, 26, 0.012361045082381996
15, 27, 0.016787055181246173
15, 28, 0.016271865128458934
15, 29, 0.01700951544199536
15, 30, 0.01615746648282563
15, 31, 0.014500711486555342
15, 32, 0.011446699272838257
15, 33, 0.013372736768891023
15, 34, 0.017017442945789142
15, 35, 0.016844975446424933
15, 36, 0.014655683579147247
16, 17, 0.013305822361411925
16, 18, 0.01735846456339132
16, 19, 0.015290421863631606
16, 20, 0.014293226737644245
16, 21, 0.01731015994842497
16, 22, 0.017938859304015176
16, 23, 0.019645410235992176
16, 24, 0.020878765317861574
16, 25, 0.020969183963883517
16, 26, 0.010155754382030934
16, 27, 0.016476693348214846
16, 28, 0.01627087234039471
16, 29, 0.018717215353107313
16, 30, 0.01403606024337748
16, 31, 0.014454664824025784
16, 32, 0.011398229594659413
16, 33, 0.013364652543323722
16, 34, 0.018858592239478854
16, 35, 0.01714305017070658
16, 36, 0.01284764820784222
17, 18, 0.013301174489294321
17, 19, 0.013298972446975938
17, 20, 0.014224337379960279
17, 21, 0.013300300023823791
17, 22, 0.017604828405030415
17, 23, 0.019242602358896153
17, 24, 0.01331328159855577
17, 25, 0.013330970814935134
17, 26, 0.013138939969213186
17, 27, 0.013299166546770281
17, 28, 0.01607088501150851
17, 29, 0.013309527169832771
17, 30, 0.013299089391343626
17, 31, 0.013946621341507036
17, 32, 0.01189201961578363
17, 33, 0.013358656605280031
17, 34, 0.013309356818140421
17, 35, 0.013305004688411327
17, 36, 0.013280068153732122
18, 19, 0.014038770647270923
18, 20, 0.014292989705052005
18, 21, 0.02175777838793672
18, 22, 0.017939026983753797
18, 23, 0.01964572690340007
18, 24, 0.026420259004446358
18, 25, 0.02288278590382968
18, 26, 0.009970840757379416
18, 27, 0.0165067032478577
18, 28, 0.016270851342419814
18, 29, 0.020877482608474916
18, 30, 0.013477331534621814
18, 31, 0.014452356161633133
18, 32, 0.01139559750991856
18, 33, 0.013364233327343327
18, 34, 0.021327661901504487
18, 35, 0.01777014599569796
18, 36, 0.012664315639533158
19, 20, 0.014292759320072117
19, 21, 0.013424149948445154
19, 22, 0.01793852792624973
19, 23, 0.01964518529213082
19, 24, 0.019615943146025022
19, 25, 0.02037913436826706
19, 26, 0.009987084784987766
19, 27, 0.012536173837798766
19, 28, 0.016270497174405152
19, 29, 0.017145975131331193
19, 30, 0.013153830903673357
19, 31, 0.014449820803446508
19, 32, 0.011395432178061547
19, 33, 0.013364025503374522
19, 34, 0.017249047288531674
19, 35, 0.015250560917155657
19, 36, 0.012610068498753645
20, 21, 0.014292939198098894
20, 22, 0.016074006504189126
20, 23, 0.017088004686732824
20, 24, 0.01429383670941897
20, 25, 0.01429498567925141
20, 26, 0.014276768975962998
20, 27, 0.014292847683473654
20, 28, 0.015295321839298002
20, 29, 0.01429353190554385
20, 30, 0.014292398710220028
20, 31, 0.014306636883083576
20, 32, 0.0137901880109613
20, 33, 0.013878164931407996
20, 34, 0.014293527079200256
20, 35, 0.014293192582977074
20, 36, 0.014289288412981316
21, 22, 0.017939029205920467
21, 23, 0.01964575138859029
21, 24, 0.028143734859629833
21, 25, 0.023186718291839752
21, 26, 0.009940370753157566
21, 27, 0.015153428668129935
21, 28, 0.01627082997589445
21, 29, 0.021327585737407728
21, 30, 0.013341924715458304
21, 31, 0.01445184893618238
21, 32, 0.011395157573933067
21, 33, 0.013364154102478012
21, 34, 0.021888449893114892
21, 35, 0.017767073384243465
21, 36, 0.012629688774785567
22, 23, 0.01884976961938111
22, 24, 0.01793971668078963
22, 25, 0.017940272778354104
22, 26, 0.01790803359688141
22, 27, 0.017938904602917433
22, 28, 0.017074337551343192
22, 29, 0.017939295648166723
22, 30, 0.01793673168511699
22, 31, 0.01762333417175787
22, 32, 0.016760007751115108
22, 33, 0.015844092057888226
22, 34, 0.017939320912767332
22, 35, 0.017938926112215193
22, 36, 0.017927088039902204
23, 24, 0.019646248980728396
23, 25, 0.01964647032789244
23, 26, 0.01961289336266083
23, 27, 0.019645630722865008
23, 28, 0.018010114101960184
23, 29, 0.01964583935453678
23, 30, 0.019643035027430412
23, 31, 0.019230130413394737
23, 32, 0.018316482777322403
23, 33, 0.016977937189354204
23, 34, 0.01964587383637892
23, 35, 0.019645510582592632
23, 36, 0.019631990697397666
24, 25, 0.02419294900966197
24, 26, 0.010254650597041245
24, 27, 0.02568861358345653
24, 28, 0.016271576152153074
24, 29, 0.0239490959891631
24, 30, 0.01516768407013727
24, 31, 0.014461176113891323
24, 32, 0.01140034521429125
24, 33, 0.01336534269266166
24, 34, 0.0244065429418405
24, 35, 0.021724970118822916
24, 36, 0.013086885856513799
25, 26, 0.010720027841305532
25, 27, 0.022550739658453688
25, 28, 0.016272368062812816
25, 29, 0.02249210092196408
25, 30, 0.016606997802402323
25, 31, 0.014472940701815075
25, 32, 0.011408149438517565
25, 33, 0.013366961878905043
25, 34, 0.022676699916660752
25, 35, 0.02139853939859356
25, 36, 0.01365736882524046
26, 27, 0.009924559242268599
26, 28, 0.016247999599588586
26, 29, 0.010202773366818336
26, 30, 0.01028526479101326
26, 31, 0.01428152221249434
26, 32, 0.011369351655160254
26, 33, 0.013348366760881948
26, 34, 0.010192926626751317
26, 35, 0.010117522498971342
26, 36, 0.010902995477772135
27, 28, 0.016270726414428564
27, 29, 0.019970211448432723
27, 30, 0.013161501780513311
27, 31, 0.014450873492329333
27, 32, 0.011394825618708613
27, 33, 0.01336404934288055
27, 34, 0.020378771093696988
27, 35, 0.016699143959534174
27, 36, 0.012592871048017021
28, 29, 0.016271228187428394
28, 30, 0.01626943102942021
28, 31, 0.01611676458313039
28, 32, 0.01544389144070569
28, 33, 0.014992466499421365
28, 34, 0.016271238775421505
28, 35, 0.0162708908148274
28, 36, 0.01626318353018293
29, 30, 0.014573983984167076
29, 31, 0.014457924875087761
29, 32, 0.011399261196122642
29, 33, 0.013364995590278823
29, 34, 0.02127939627929821
29, 35, 0.019150695421099977
29, 36, 0.012964652547412452
30, 31, 0.014445431291978734
30, 32, 0.0113988386811862
30, 33, 0.013364006344136477
30, 34, 0.014569212963140092
30, 35, 0.013962256590952748
30, 36, 0.012712279296861174
31, 32, 0.012347543220783208
31, 33, 0.013478668664301587
31, 34, 0.014457887860279326
31, 35, 0.014454351382297113
31, 36, 0.014410712620059768
32, 33, 0.012957559110766612
32, 34, 0.011399128714113369
32, 35, 0.01139769639280551
32, 36, 0.011407033242233806
33, 34, 0.013364980466747335
33, 35, 0.013364579279358585
33, 36, 0.01336207836117462
34, 35, 0.01933069419834675
34, 36, 0.01295773122226994
35, 36, 0.012814969896914002
