76
0, 1, 0.0308003125876139
0, 2, 0.01408306067196855
0, 3, 0.014270534745228339
0, 4, 0.013303809411989229
0, 5, 0.013304719567254085
0, 6, 0.013400737487313847
0, 7, 0.013160494807448056
0, 8, 0.01360185134823542
0, 9, 0.018914630477208927
0, 10, 0.026319677050340873
0, 11, 0.01329846474262233
0, 12, 0.020182407780315173
0, 13, 0.012121821635504184
0, 14, 0.013917570636650767
0, 15, 0.011900566806091592
0, 16, 0.019054961703122916
0, 17, 0.014220410221840042
0, 18, 0.013779620547001683
0, 19, 0.014128393829887667
0, 20, 0.015080290155759409
0, 21, 0.030857750879669955
0, 22, 0.018891327439937655
0, 23, 0.013303777829723579
0, 24, 0.013304175252790682
0, 25, 0.022482462454460787
0, 26, 0.01251153810232982
0, 27, 0.003949278913510869
0, 28, 0.013319909263622564
0, 29, 0.01815222771162429
0, 30, 0.011816301337353513
0, 31, 0.01765679601500052
0, 32, 0.013335780149808282
0, 33, 0.01330357955212328
0, 34, 0.015402973956004228
0, 35, 0.04615431777015448
0, 36, 0.016021212432315905
0, 37, 0.013336019121445771
0, 38, 0.01330585398777562
0, 39, 0.013338179249876387
0, 40, 0.01328834976209769
0, 41, 0.0263878956814942
0, 42, 0.013693131003099417
0, 43, 0.013315357065021247
0, 44, 0.03068458290883943
0, 45, 0.02123927909538368
0, 46, 0.0031972459655172985
0, 47, 0.013174377901579023
0, 48, 0.019663615418651866
0, 49, 0.01844530865683838
0, 50, 0.024102671509322222
0, 51, 0.013359941744270309
0, 52, 0.010604964916771799
0, 53, 0.01982917398929376
0, 54, 0.0485288041021588
0, 55, 0.013363537768440691
0, 56, 0.013457938688529708
0, 57, 0.012809960389893814
0, 58, 0.01305985995877509
0, 59, 0.027761541381498642
0, 60, 0.0128497651183692
0, 61, 0.01677732446226363
0, 62, 0.008088697877351092
0, 63, 0.019190870523977555
0, 64, 0.013315557061839173
0, 65, 0.025759837391088388
0, 66, 0.018355865475129053
0, 67, 0.0447485166917105
0, 68, 0.018531050517977096
0, 69, 0.013300506601368273
0, 70, 0.013464747070250686
0, 71, 0.013323252224920775
0, 72, 0.013303575841206648
0, 73, 0.016214186375787153
0, 74, 0.016958779719985124
0, 75, 0.028073134277860106
1, 2, 0.01801702000048741
1, 3, 0.018825220580296422
1, 4, 0.03238819542374744
1, 5, 0.032388271907658805
1, 6, 0.027029730930549275
1, 7, 0.025042926450774248
1, 8, 0.032310046878873185
1, 9, 0.02689438408299167
1, 10, 0.027470124047890117
1, 11, 0.032371186505321906
1, 12, 0.02246513306253112
1, 13, 0.0310390288435442
1, 14, 0.032088705742833346
1, 15, 0.02315401972992591
1, 16, 0.02099501256320089
1, 17, 0.017711837778826994
1, 18, 0.020700106404047805
1, 19, 0.03219900486801564
1, 20, 0.019287788828821054
1, 21, 0.03131499903215455
1, 22, 0.029955489167093275
1, 23, 0.0323881694895692
1, 24, 0.03238818918048713
1, 25, 0.02553994388452788
1, 26, 0.02948613965487429
1, 27, 0.01107387786082775
1, 28, 0.032387956420085996
1, 29, 0.020391829847581245
1, 30, 0.02836502663879888
1, 31, 0.01969798142611798
1, 32, 0.03238927654415421
1, 33, 0.032388070421681896
1, 34, 0.018229286070743405
1, 35, 0.04446269210174489
1, 36, 0.01860522979281915
1, 37, 0.03238843818029865
1, 38, 0.03238826993994496
1, 39, 0.03238496302228114
1, 40, 0.03237690490928481
1, 41, 0.027897910066487383
1, 42, 0.03221105730412176
1, 43, 0.03238833724044554
1, 44, 0.03251222073357507
1, 45, 0.023504521058836735
1, 46, 0.007274624927393198
1, 47, 0.03233419088752102
1, 48, 0.02390836175719912
1, 49, 0.020461186685742993
1, 50, 0.025878046911422575
1, 51, 0.03238007569722465
1, 52, 0.026330960228261827
1, 53, 0.02646459955345563
1, 54, 0.04654122727167616
1, 55, 0.032385601803432175
1, 56, 0.03237075277186134
1, 57, 0.03113533689382414
1, 58, 0.03221748508258379
1, 59, 0.028851816453406395
1, 60, 0.032035914213256786
1, 61, 0.01933123226829146
1, 62, 0.02889400428629867
1, 63, 0.02109689897100342
1, 64, 0.03238621567472743
1, 65, 0.026843924971456767
1, 66, 0.02030448871864754
1, 67, 0.04309440680818685
1, 68, 0.02962498539068665
1, 69, 0.032386503158386384
1, 70, 0.032374595364957924
1, 71, 0.03238472039942652
1, 72, 0.032388159561301685
1, 73, 0.01869264901978881
1, 74, 0.019402629262691054
1, 75, 0.029142595598831672
2, 3, 0.014191106038941102
2, 4, 0.014102359517730017
2, 5, 0.0141023819504642
2, 6, 0.014036547030279636
2, 7, 0.013963787228020094
2, 8, 0.014108951412506465
2, 9, 0.015035927630110597
2, 10, 0.021452886996624215
2, 11, 0.014102037723926257
2, 12, 0.017565793387149916
2, 13, 0.014038852142154426
2, 14, 0.014116474757305165
2, 15, 0.01367623120024379
2, 16, 0.017255329771866047
2, 17, 0.014176074693479299
2, 18, 0.01400845570615268
2, 19, 0.014122768596362483
2, 20, 0.014577750295140017
2, 21, 0.02455234572479868
2, 22, 0.01455440971241319
2, 23, 0.014102358473941971
2, 24, 0.014102368113224215
2, 25, 0.017641939328529224
2, 26, 0.014014507480076484
2, 27, 0.00951571317906143
2, 28, 0.014102738550829592
2, 29, 0.01658812878575589
2, 30, 0.01393027846203382
2, 31, 0.016401699708075868
2, 32, 0.0141031299800794
2, 33, 0.014102352647332308
2, 34, 0.014878961806800766
2, 35, 0.033477489346039745
2, 36, 0.015274256826025682
2, 37, 0.01410312646012242
2, 38, 0.014102408804481662
2, 39, 0.014103139773634867
2, 40, 0.01410186250555245
2, 41, 0.020478559077274906
2, 42, 0.014110679842490323
2, 43, 0.014102634828396292
2, 44, 0.017407998790107668
2, 45, 0.018018375261616253
2, 46, 0.007269733858255915
2, 47, 0.014098604185068213
2, 48, 0.016246007567214688
2, 49, 0.01686913330752353
2, 50, 0.019573990865763318
2, 51, 0.014103606569351002
2, 52, 0.013721818972174468
2, 53, 0.015438241720219473
2, 54, 0.035115301481672766
2, 55, 0.014103751264942094
2, 56, 0.014105876820533875
2, 57, 0.01406756536455472
2, 58, 0.014094143096617513
2, 59, 0.02174648385040427
2, 60, 0.014085675003670101
2, 61, 0.015710222506365668
2, 62, 0.0137495085517924
2, 63, 0.01735338163181045
2, 64, 0.014102615717998562
2, 65, 0.021520527750219356
2, 66, 0.016856352133219347
2, 67, 0.03172357656727717
2, 68, 0.014548224526538093
2, 69, 0.01410226192459181
2, 70, 0.01410607788775122
2, 71, 0.014102781843104492
2, 72, 0.014102353575793114
2, 73, 0.015409267855622346
2, 74, 0.015845404963786155
2, 75, 0.021797823571514656
3, 4, 0.014299850415624406
3, 5, 0.014299877872059493
3, 6, 0.014198019463663046
3, 7, 0.014101716107319034
3, 8, 0.014307552104273143
3, 9, 0.015361614085462461
3, 10, 0.022121189055101294
3, 11, 0.014299399199751471
3, 12, 0.01794993556475552
3, 13, 0.014218133798384183
3, 14, 0.014315839636517962
3, 15, 0.013756277790229792
3, 16, 0.01755263409269898
3, 17, 0.014264881778958615
3, 18, 0.01412111060107914
3, 19, 0.01432386879631416
3, 20, 0.01472611771110004
3, 21, 0.0254171922134897
3, 22, 0.014829198384900452
3, 23, 0.014299849057448091
3, 24, 0.0142998608079224
3, 25, 0.018182393715469515
3, 26, 0.014182874796134198
3, 27, 0.009089859903691756
3, 28, 0.014300308810209226
3, 29, 0.0168533091537332
3, 30, 0.014077526751188191
3, 31, 0.016629348119189785
3, 32, 0.014300787843415874
3, 33, 0.014299841640567891
3, 34, 0.015017097335997992
3, 35, 0.035107972195158765
3, 36, 0.015438235387354936
3, 37, 0.014300780554404048
3, 38, 0.01429991040283242
3, 39, 0.014300784147991918
3, 40, 0.014299207522891818
3, 41, 0.02120215418128839
3, 42, 0.014309281507761154
3, 43, 0.014300184508112298
3, 44, 0.018151594276125123
3, 45, 0.018464884176252257
3, 46, 0.006820362636969618
3, 47, 0.01429510594264666
3, 48, 0.01664296572704338
3, 49, 0.01713776878870288
3, 50, 0.0201670800917757
3, 51, 0.014301332075734153
3, 52, 0.013821445260308823
3, 53, 0.015813274519377602
3, 54, 0.036849290937191595
3, 55, 0.014301527344115035
3, 56, 0.014304048820079436
3, 57, 0.0142531492929235
3, 58, 0.014289281260935593
3, 59, 0.0225180994278583
3, 60, 0.014278371264968327
3, 61, 0.015913742938961337
3, 62, 0.013862188911709088
3, 63, 0.017655844035989503
3, 64, 0.014300153704253025
3, 65, 0.022131367511713608
3, 66, 0.017115860658563038
3, 67, 0.033333663364415386
3, 68, 0.014819562311317855
3, 69, 0.014299726067725326
3, 70, 0.014304306335845651
3, 71, 0.01430034959523582
3, 72, 0.014299843086787554
3, 73, 0.015579933447258687
3, 74, 0.016054572394506205
3, 75, 0.022591019892770424
4, 5, 0.03471313653223037
4, 6, 0.013423398796024524
4, 7, 0.013139626505596571
4, 8, 0.018426454863617433
4, 9, 0.019591640536273353
4, 10, 0.026542491134817367
4, 11, 0.012891330396069788
4, 12, 0.020317537514805868
4, 13, 0.010490171161345504
4, 14, 0.016772147710241117
4, 15, 0.011743365458492777
4, 16, 0.019139963852754877
4, 17, 0.014240118168206155
4, 18, 0.013805169241928079
4, 19, 0.019255352202948904
4, 20, 0.015131480832978933
4, 21, 0.03113094975263219
4, 22, 0.02080010096483002
4, 23, 0.02498858058876674
4, 24, 0.027233181370310083
4, 25, 0.02281406721854496
4, 26, 0.01208111524621993
4, 27, 0.0036537723845550987
4, 28, 0.029423868848040737
4, 29, 0.018231488586622355
4, 30, 0.01124234116854655
4, 31, 0.017718439207674075
4, 32, 0.04216598501687245
4, 33, 0.020477122878574266
4, 34, 0.015440521808553126
4, 35, 0.04670885700246527
4, 36, 0.01606665785522207
4, 37, 0.03364766248170414
4, 38, 0.0337524481377294
4, 39, 0.022805530390723736
4, 40, 0.010872324163647458
4, 41, 0.026703711061829734
4, 42, 0.016780939854861895
4, 43, 0.03393508431965257
4, 44, 0.03266811141232439
4, 45, 0.021409168775790577
4, 46, 0.0030427006403031115
4, 47, 0.007930053716395985
4, 48, 0.01993416981573472
4, 49, 0.018521224120700983
4, 50, 0.02433498463775557
4, 51, 0.020775107254531102
4, 52, 0.009942678788761558
4, 53, 0.02043234571952142
4, 54, 0.04910864204498425
4, 55, 0.02624185393432927
4, 56, 0.021903129680896315
4, 57, 0.012132184537182919
4, 58, 0.010225402950799396
4, 59, 0.028056598509422884
4, 60, 0.010317943330264824
4, 61, 0.016837553522922478
4, 62, 0.004830550058987506
4, 63, 0.019277002327550048
4, 64, 0.020372964598714138
4, 65, 0.025943448741154212
4, 66, 0.01842711782003848
4, 67, 0.04534956834140157
4, 68, 0.020156891991467526
4, 69, 0.011223835202869625
4, 70, 0.02327943424621335
4, 71, 0.019978388322427938
4, 72, 0.02370871222944561
4, 73, 0.016261102972437366
4, 74, 0.017019672904794184
4, 75, 0.028385718705981944
5, 6, 0.013423608449664134
5, 7, 0.013139760456126734
5, 8, 0.018440827937059576
5, 9, 0.019591747663804584
5, 10, 0.02654250591522525
5, 11, 0.012985752300104302
5, 12, 0.020317554906772475
5, 13, 0.010491442917949382
5, 14, 0.01677631465191928
5, 15, 0.011743468151904487
5, 16, 0.01913997699864397
5, 17, 0.014240137638602724
5, 18, 0.01380521787842982
5, 19, 0.019260871578159165
5, 20, 0.015131506856097673
5, 21, 0.03113096293811289
5, 22, 0.020800402802781465
5, 23, 0.03211546330874661
5, 24, 0.03378649628739462
5, 25, 0.022814098886143934
5, 26, 0.012081612997725604
5, 27, 0.003653802218475141
5, 28, 0.030205850443264067
5, 29, 0.018231503178689
5, 30, 0.011242695535678127
5, 31, 0.0177184518731502
5, 32, 0.04286162864411235
5, 33, 0.025721537408959036
5, 34, 0.015440537944571103
5, 35, 0.046708870373360065
5, 36, 0.016066672907282954
5, 37, 0.0341529624109159
5, 38, 0.03860311074460646
5, 39, 0.023037253483141062
5, 40, 0.011030289002776852
5, 41, 0.0267037318885155
5, 42, 0.016788035982732645
5, 43, 0.03525946228495679
5, 44, 0.03266820747627417
5, 45, 0.0214091876473991
5, 46, 0.003042715114750101
5, 47, 0.007968113785936528
5, 48, 0.019934207535111523
5, 49, 0.018521237285307433
5, 50, 0.024335003379458528
5, 51, 0.02088894489497645
5, 52, 0.009942905189338195
5, 53, 0.02043242751507239
5, 54, 0.04910865494340694
5, 55, 0.026423809671443532
5, 56, 0.021950893129885914
5, 57, 0.012133443074228614
5, 58, 0.010236167360252485
5, 59, 0.028056616021073823
5, 60, 0.0103230937172672
5, 61, 0.016837569083715316
5, 62, 0.004831137561219691
5, 63, 0.019277015333620782
5, 64, 0.020846734276741934
5, 65, 0.025943461499617678
5, 66, 0.01842713039938441
5, 67, 0.04534958357376393
5, 68, 0.020157167510550193
5, 69, 0.012229290464289987
5, 70, 0.023332319969154792
5, 71, 0.020260986377595405
5, 72, 0.03116971649594913
5, 73, 0.01626111747086835
5, 74, 0.017019687845714383
5, 75, 0.028385736841895343
6, 7, 0.013250050423498066
6, 8, 0.013493629423318523
6, 9, 0.017472045571341483
6, 10, 0.025635363086865787
6, 11, 0.013421895545754257
6, 12, 0.019776051446884824
6, 13, 0.013003949835350949
6, 14, 0.013581523097618002
6, 15, 0.012293207098253088
6, 16, 0.01879546785064601
6, 17, 0.014170487691072691
6, 18, 0.013733135209829916
6, 19, 0.013631850583378059
6, 20, 0.01494172692435549
6, 21, 0.030010727384603975
6, 22, 0.01639517314881853
6, 23, 0.01342339115058077
6, 24, 0.013423482479913366
6, 25, 0.0215414618322763
6, 26, 0.013023898236189276
6, 27, 0.0048317089063941825
6, 28, 0.013427084831916649
6, 29, 0.01791305106268309
6, 30, 0.012608164083580715
6, 31, 0.01746983299147558
6, 32, 0.0134307435932668
6, 33, 0.013423344163999294
6, 34, 0.015295293760622834
6, 35, 0.044436985580324585
6, 36, 0.015887869696195447
6, 37, 0.013430787848486012
6, 38, 0.013423868236262187
6, 39, 0.01343124071421671
6, 40, 0.013419663315413425
6, 41, 0.02544463120181095
6, 42, 0.013518216220008318
6, 43, 0.013426046663370302
6, 44, 0.0262941713771678
6, 45, 0.02073039704529156
6, 46, 0.003688752493786244
6, 47, 0.013392349798500737
6, 48, 0.018919661120546542
6, 49, 0.01821431017131261
6, 50, 0.023403379856740594
6, 51, 0.01343620027475731
6, 52, 0.011738042455353162
6, 53, 0.018425968804600963
6, 54, 0.046729486534123926
6, 55, 0.013437084845883589
6, 56, 0.013458914618609305
6, 57, 0.013237946204795636
6, 58, 0.013361244160961743
6, 59, 0.02686614693970481
6, 60, 0.013300216126914769
6, 61, 0.01659869711512486
6, 62, 0.011108225193512847
6, 63, 0.018927597797869247
6, 64, 0.01342606129104022
6, 65, 0.025190767739370897
6, 66, 0.018138590642173793
6, 67, 0.0429041980970897
6, 68, 0.016289271566248483
6, 69, 0.013422615021961794
6, 70, 0.0134605038369059
6, 71, 0.013427806523372247
6, 72, 0.01342334473462625
6, 73, 0.01607563082623412
6, 74, 0.016777262041607968
6, 75, 0.027127182406231277
7, 8, 0.013187240445399028
7, 9, 0.016684099730612727
7, 10, 0.02514515645326755
7, 11, 0.013139064219335833
7, 12, 0.01947183209998396
7, 13, 0.012884624762453828
7, 14, 0.013251012891259262
7, 15, 0.012347337977340589
7, 16, 0.01859210726793802
7, 17, 0.014099909949458516
7, 18, 0.013627495640882024
7, 19, 0.0132809707244101
7, 20, 0.014805326047826532
7, 21, 0.029409302614407377
7, 22, 0.015445262288742483
7, 23, 0.013139622182065757
7, 24, 0.01313968086414103
7, 25, 0.02090635121910186
7, 26, 0.012914279649393193
7, 27, 0.005331225385794791
7, 28, 0.01314202016182593
7, 29, 0.017722215595889552
7, 30, 0.012616254336044961
7, 31, 0.017316367310053492
7, 32, 0.013144358371572644
7, 33, 0.013139594148197205
7, 34, 0.015191146276242528
7, 35, 0.043252447241251504
7, 36, 0.015767910114941282
7, 37, 0.01314440756795571
7, 38, 0.013139928784711626
7, 39, 0.013144786106346566
7, 40, 0.013137479360370331
7, 41, 0.024791497809895705
7, 42, 0.013205946429009392
7, 43, 0.013141338323241497
7, 44, 0.02413558084357132
7, 45, 0.020358454677296866
7, 46, 0.003993777915578037
7, 47, 0.013120781394447681
7, 48, 0.018409923965827895
7, 49, 0.018030318815141177
7, 50, 0.022906450818488595
7, 51, 0.013148120886228245
7, 52, 0.011941906999926795
7, 53, 0.01761802136070796
7, 54, 0.04548793414714687
7, 55, 0.013148558082394223
7, 56, 0.013163089787587172
7, 57, 0.013042182607066828
7, 58, 0.013103201874266907
7, 59, 0.026238952288834928
7, 60, 0.013067134424129585
7, 61, 0.016447660657174467
7, 62, 0.011556559383274961
7, 63, 0.018721780421003132
7, 64, 0.013141399418175378
7, 65, 0.024777105940912595
7, 66, 0.017964519822021727
7, 67, 0.04164472376169493
7, 68, 0.015392682973104414
7, 69, 0.013139159808712242
7, 70, 0.013164023996274164
7, 71, 0.013142566626685497
7, 72, 0.013139592356417151
7, 73, 0.01595286072772239
7, 74, 0.016624965202457855
7, 75, 0.026467789979276134
8, 9, 0.01958289065939118
8, 10, 0.02653387710019277
8, 11, 0.017668208903966927
8, 12, 0.02031522160355052
8, 13, 0.011115094007458854
8, 14, 0.017138424231532945
8, 15, 0.011789385496391611
8, 16, 0.019139298214848603
8, 17, 0.01424566078708849
8, 18, 0.013820401853721234
8, 19, 0.019021176552759388
8, 20, 0.01513732377154816
8, 21, 0.031118696869770417
8, 22, 0.020750616691508905
8, 23, 0.018424847004201494
8, 24, 0.01843046852279241
8, 25, 0.02280423679261437
8, 26, 0.0122876602782248
8, 27, 0.003682608411149622
8, 28, 0.018602253939287897
8, 29, 0.01823167151133175
8, 30, 0.011409919287717667
8, 31, 0.017719047330431375
8, 32, 0.01884809933773443
8, 33, 0.01841779642637887
8, 34, 0.015443809722554361
8, 35, 0.04667929010415584
8, 36, 0.01606908480968541
8, 37, 0.01880875542993431
8, 38, 0.018454080606647577
8, 39, 0.018664888676904665
8, 40, 0.017765614423256464
8, 41, 0.02669132976182263
8, 42, 0.017317187281855356
8, 43, 0.018568213651307765
8, 44, 0.032568017072625084
8, 45, 0.021405199150709285
8, 46, 0.003057251716030569
8, 47, 0.015449891796768863
8, 48, 0.01993016956453592
8, 49, 0.01852112458848336
8, 50, 0.024327101093156885
8, 51, 0.01867530122033247
8, 52, 0.01006960082842793
8, 53, 0.0204208440069464
8, 54, 0.049077364108784396
8, 55, 0.018969531920177394
8, 56, 0.019212171429438228
8, 57, 0.012625697293900479
8, 58, 0.013663958051728457
8, 59, 0.02804441899377429
8, 60, 0.012401335518998932
8, 61, 0.016839242971300943
8, 62, 0.005336853852446771
8, 63, 0.01927621931097375
8, 64, 0.01846959663101753
8, 65, 0.025936576806801014
8, 66, 0.01842710489066918
8, 67, 0.04531770157804701
8, 68, 0.02012391342712303
8, 69, 0.018308367915336042
8, 70, 0.019437860193181552
8, 71, 0.018487704138739947
8, 72, 0.018421993057866435
8, 73, 0.016263248591506133
8, 74, 0.017021108540977745
8, 75, 0.028372657450625414
9, 10, 0.025678754147569583
9, 11, 0.01958375712214274
9, 12, 0.02021588545384225
9, 13, 0.018860927270017116
9, 14, 0.019520110588595166
9, 15, 0.015524285406956191
9, 16, 0.01918924275015052
9, 17, 0.015048586207662749
9, 18, 0.015583777562920658
9, 19, 0.01958514006733449
9, 20, 0.01599088943303997
9, 21, 0.02981238545708624
9, 22, 0.01990700470168781
9, 23, 0.01959162662271471
9, 24, 0.01959166739793757
9, 25, 0.02207147344582834
9, 26, 0.018228896992095588
9, 27, 0.006961596429053056
9, 28, 0.019592839418192
9, 29, 0.018393761755354038
9, 30, 0.017604415006471433
9, 31, 0.017915166389701524
9, 32, 0.019594702764757745
9, 33, 0.0195915671921356
9, 34, 0.01597622720065984
9, 35, 0.04337994636311175
9, 36, 0.016495633443972327
9, 37, 0.019594356078700897
9, 38, 0.0195918385824315
9, 39, 0.01959301437074823
9, 40, 0.019585439460350153
9, 41, 0.02551799938422716
9, 42, 0.01954929034359901
9, 43, 0.019592637250389688
9, 44, 0.0263113090129083
9, 45, 0.021135252574129612
9, 46, 0.0049046596896576995
9, 47, 0.019557311082613157
9, 48, 0.019844859409806237
9, 49, 0.01863791524268099
9, 50, 0.023617171717610803
9, 51, 0.019592656566736266
9, 52, 0.01641267797699015
9, 53, 0.020067628166710757
9, 54, 0.04556437499608893
9, 55, 0.019595356310549972
9, 56, 0.019596674142224838
9, 57, 0.018990457995342724
9, 58, 0.01949585949111847
9, 59, 0.0268318116218749
9, 60, 0.019395776063885768
9, 61, 0.017183535106516414
9, 62, 0.017203213819592007
9, 63, 0.01931101791449717
9, 64, 0.019591725315935844
9, 65, 0.025251854747969402
9, 66, 0.01854897507358167
9, 67, 0.041826330900530236
9, 68, 0.01974957038971464
9, 69, 0.019590632001027605
9, 70, 0.01959889410209344
9, 71, 0.01959169574334414
9, 72, 0.01959160593393486
9, 73, 0.016653526357064883
9, 74, 0.017331660821951405
9, 75, 0.027073199614236692
10, 11, 0.02654023573367938
10, 12, 0.023643717434198193
10, 13, 0.026346120193412412
10, 14, 0.02650658230069111
10, 15, 0.024582720661572396
10, 16, 0.022569580434171822
10, 17, 0.021084903720066196
10, 18, 0.023456628189970002
10, 19, 0.02652245005076146
10, 20, 0.022287996178946737
10, 21, 0.028945845056674475
10, 22, 0.026268422779216687
10, 23, 0.02654248757581614
10, 24, 0.026542492236394367
10, 25, 0.025343761630285584
10, 26, 0.026101545008623047
10, 27, 0.018499588609825767
10, 28, 0.026542544367779607
10, 29, 0.02229084561796454
10, 30, 0.025893187737235354
10, 31, 0.021712781153815402
10, 32, 0.026542800431434265
10, 33, 0.02654247357329924
10, 34, 0.02111171959751539
10, 35, 0.03669526943410103
10, 36, 0.021242327308115743
10, 37, 0.026542692064646326
10, 38, 0.026542511607272515
10, 39, 0.026542248957491313
10, 40, 0.02654093167266763
10, 41, 0.026609387056614458
10, 42, 0.026521392751803038
10, 43, 0.02654257027780627
10, 44, 0.027341466166970953
10, 45, 0.02426153290185635
10, 46, 0.014131575410217216
10, 47, 0.02653471729049112
10, 48, 0.024646141969992465
10, 49, 0.02223544913171911
10, 50, 0.02556426600030339
10, 51, 0.02654172467100683
10, 52, 0.025460662207308367
10, 53, 0.0255876306878405
10, 54, 0.03804531148626681
10, 55, 0.026542466293965086
10, 56, 0.026541028542316374
10, 57, 0.02636548439911411
10, 58, 0.026518627523968122
10, 59, 0.02723317583233669
10, 60, 0.02649299435564268
10, 61, 0.021720344030607398
10, 62, 0.025963668924920864
10, 63, 0.022624801101813197
10, 64, 0.026542293769517434
10, 65, 0.026220613128818092
10, 66, 0.022092579821599543
10, 67, 0.03542718393842109
10, 68, 0.02620931699935262
10, 69, 0.026542252362367378
10, 70, 0.026541567042878893
10, 71, 0.026542138600815498
10, 72, 0.026542485217523535
10, 73, 0.021246386691141907
10, 74, 0.021715767013988814
10, 75, 0.02736669970753529
11, 12, 0.020316116624639703
11, 13, 0.010519452365182936
11, 14, 0.01660103754280804
11, 15, 0.011744429816013771
11, 16, 0.019139060927687242
11, 17, 0.014239810481458996
11, 18, 0.013804624376237596
11, 19, 0.018890784247003918
11, 20, 0.01513082323483698
11, 21, 0.031128217554329676
11, 22, 0.020773901163111966
11, 23, 0.012888630920746894
11, 24, 0.012930119440312604
11, 25, 0.022810593763825753
11, 26, 0.012084513801824227
11, 27, 0.0036565118620890983
11, 28, 0.014444989993406612
11, 29, 0.018230631671939515
11, 30, 0.011247837986121672
11, 31, 0.017717766252803684
11, 32, 0.01592191060118191
11, 33, 0.012870213495173064
11, 34, 0.015440060789796779
11, 35, 0.04670338347101813
11, 36, 0.016066126842376134
11, 37, 0.015828426596310074
11, 38, 0.013104515540441062
11, 39, 0.015593806883787857
11, 40, 0.012032291062113593
11, 41, 0.026700494010350035
11, 42, 0.01649735533228572
11, 43, 0.014048093066680176
11, 44, 0.03264642319417891
11, 45, 0.021407397249863337
11, 46, 0.0030441161385603224
11, 47, 0.009281956795026315
11, 48, 0.019931249196543415
11, 49, 0.01852040930919766
11, 50, 0.024332603724875338
11, 51, 0.016342132511154576
11, 52, 0.00994921721084593
11, 53, 0.020425563553500437
11, 54, 0.04910292751364477
11, 55, 0.017223480887212327
11, 56, 0.018774449883494214
11, 57, 0.012140049550724275
11, 58, 0.01047766527972633
11, 59, 0.028053614834710708
11, 60, 0.010440658317889276
11, 61, 0.016836875359789377
11, 62, 0.0048774507669111875
11, 63, 0.01927608938416503
11, 64, 0.013986260973176958
11, 65, 0.02594159087679125
11, 66, 0.018426352183778652
11, 67, 0.04534361862234625
11, 68, 0.02013493486450671
11, 69, 0.012606889102902098
11, 70, 0.0194221043855724
11, 71, 0.014527864360713473
11, 72, 0.012867511668956588
11, 73, 0.01626056119108766
11, 74, 0.017018992334093784
11, 75, 0.028382558013307524
12, 13, 0.020179824235298443
12, 14, 0.020302580753233365
12, 15, 0.019039614386505085
12, 16, 0.019645524923694896
12, 17, 0.01741386306975257
12, 18, 0.01856957641184191
12, 19, 0.020314173699639056
12, 20, 0.01821446495843069
12, 21, 0.02635059628794097
12, 22, 0.0203437676153087
12, 23, 0.020317535059516473
12, 24, 0.020317541563651752
12, 25, 0.021196855171158626
12, 26, 0.020030640994868627
12, 27, 0.013929571977277101
12, 28, 0.02031771872607583
12, 29, 0.019178911787485604
12, 30, 0.01987834863710595
12, 31, 0.018807098166029147
12, 32, 0.020318021144522105
12, 33, 0.020317524715639548
12, 34, 0.017764230412869245
12, 35, 0.034509867105982646
12, 36, 0.01802103766958309
12, 37, 0.020317957621240636
12, 38, 0.020317568846339163
12, 39, 0.020317708894516617
12, 40, 0.02031644591346554
12, 41, 0.023182802422999284
12, 42, 0.020308756114413837
12, 43, 0.020317692342168837
12, 44, 0.02213106001989398
12, 45, 0.020839886828592388
12, 46, 0.01060528977130827
12, 47, 0.020311587989138655
12, 48, 0.020196418963810484
12, 49, 0.01929197465115903
12, 50, 0.02223501334484236
12, 51, 0.020317593936845804
12, 52, 0.019549059593425077
12, 53, 0.020337649921631288
12, 54, 0.03598022416604594
12, 55, 0.020318076607676015
12, 56, 0.02031809758994571
12, 57, 0.020202362867879173
12, 58, 0.02030059186660251
12, 59, 0.02411307078811451
12, 60, 0.02028253540047472
12, 61, 0.018468895639229682
12, 62, 0.01984562002518564
12, 63, 0.019721143430985084
12, 64, 0.020317526228617933
12, 65, 0.02353153580675424
12, 66, 0.019217087688427857
12, 67, 0.033002994001317135
12, 68, 0.020307980696489324
12, 69, 0.020317361830852778
12, 70, 0.020318486217495123
12, 71, 0.020317503322832803
12, 72, 0.020317531760182535
12, 73, 0.018089154680339437
12, 74, 0.018532890263184047
12, 75, 0.024201152218554626
13, 14, 0.01193017615361966
13, 15, 0.011649149440523183
13, 16, 0.01904845247621145
13, 17, 0.014182733092163067
13, 18, 0.013681478571676899
13, 19, 0.012084696012056048
13, 20, 0.015036727470065816
13, 21, 0.03090113420452074
13, 22, 0.018757002337652907
13, 23, 0.010490179304342408
13, 24, 0.010490765393723922
13, 25, 0.022500159392989473
13, 26, 0.011631002766095603
13, 27, 0.0038064861443423354
13, 28, 0.010516231742542776
13, 29, 0.018141003791612435
13, 30, 0.011077559619835217
13, 31, 0.017645138425667575
13, 32, 0.010538431743890684
13, 33, 0.010490087273696387
13, 34, 0.015377293608388295
13, 35, 0.04627188655855424
13, 36, 0.016000002355261517
13, 37, 0.010540681183490466
13, 38, 0.010493246449328732
13, 39, 0.010551828952644593
13, 40, 0.010490871826884834
13, 41, 0.026425442159424755
13, 42, 0.011424699580224365
13, 43, 0.010508163719470389
13, 44, 0.030976703705088596
13, 45, 0.021242628309859252
13, 46, 0.0031241730778209112
13, 47, 0.010404319185598764
13, 48, 0.01965219031358772
13, 49, 0.01843634346707173
13, 50, 0.0241228103367868
13, 51, 0.010596992400448162
13, 52, 0.010024901314632307
13, 53, 0.019809155113952804
13, 54, 0.04865416825485557
13, 55, 0.010590521687841284
13, 56, 0.010771212455275998
13, 57, 0.011311755649413108
13, 58, 0.010460052925394238
13, 59, 0.02780101176866926
13, 60, 0.010454147875741476
13, 61, 0.01675892034932517
13, 62, 0.006591874464722392
13, 63, 0.019184970386344924
13, 64, 0.010513225561451754
13, 65, 0.02578038795628457
13, 66, 0.01834695272240622
13, 67, 0.04487410037085311
13, 68, 0.01838125033918255
13, 69, 0.010488730438077486
13, 70, 0.010773752694385222
13, 71, 0.01052874414458511
13, 72, 0.010489881247041548
13, 73, 0.016194582055443187
13, 74, 0.016941913322523438
13, 75, 0.028115841451225195
14, 15, 0.011861855676538365
14, 16, 0.01913243588620468
14, 17, 0.014251750455152328
14, 18, 0.013838937675029363
14, 19, 0.017831927206594718
14, 20, 0.015141563451320159
14, 21, 0.031082961604272843
14, 22, 0.020523754333380797
14, 23, 0.01677178679350837
14, 24, 0.016773478829863932
14, 25, 0.022767381577159674
14, 26, 0.01257283398069529
14, 27, 0.003742411520218039
14, 28, 0.016830856584784684
14, 29, 0.018226352181664164
14, 30, 0.011666669558135273
14, 31, 0.017715547600467722
14, 32, 0.016903089637114076
14, 33, 0.01677011370254383
14, 34, 0.015445610572158944
14, 35, 0.04660038252364482
14, 36, 0.016069171326837012
14, 37, 0.016896015952652686
14, 38, 0.016780602267601172
14, 39, 0.01687140243012766
14, 40, 0.01661236111595665
14, 41, 0.026652321785599686
14, 42, 0.016772329149498177
14, 43, 0.016817230277414975
14, 44, 0.03228664368115015
14, 45, 0.021387864658289776
14, 46, 0.0030877641632848568
14, 47, 0.015867728319064748
14, 48, 0.019905419946087265
14, 49, 0.01851566497427609
14, 50, 0.024300082994359887
14, 51, 0.016906649697640302
14, 52, 0.010285474428786998
14, 53, 0.02036081168263887
14, 54, 0.04899437582277231
14, 55, 0.016971604053867016
14, 56, 0.017171829152980565
14, 57, 0.013192117376435964
14, 58, 0.014907384374822084
14, 59, 0.028007192707787308
14, 60, 0.013842220192117881
14, 61, 0.016837292103062625
14, 62, 0.0062466891861738824
14, 63, 0.019269119722348932
14, 64, 0.016798223152114107
14, 65, 0.025914408088169662
14, 66, 0.018422091985179412
14, 67, 0.045232371929504016
14, 68, 0.01994411195508245
14, 69, 0.016743973243908635
14, 70, 0.017231712786273293
14, 71, 0.016813322637385292
14, 72, 0.01677092751671096
14, 73, 0.016262853636051438
14, 74, 0.017018770706341783
14, 75, 0.028332997017255206
15, 16, 0.01827879775708688
15, 17, 0.013838919301363403
15, 18, 0.013138875554218096
15, 19, 0.01187650180711296
15, 20, 0.014439254567758564
15, 21, 0.02876832594854985
15, 22, 0.013981934901339628
15, 23, 0.0117433642472956
15, 24, 0.01174341047448681
15, 25, 0.020116808824180633
15, 26, 0.011800921795941765
15, 27, 0.005431905951328986
15, 28, 0.011745344565025165
15, 29, 0.017406189456583863
15, 30, 0.011630487675624364
15, 31, 0.017048685170950574
15, 32, 0.011747138576318645
15, 33, 0.011743350200596766
15, 34, 0.014932203875488465
15, 35, 0.04213417426955605
15, 36, 0.015505823187117152
15, 37, 0.011747254029699965
15, 38, 0.011743605993825486
15, 39, 0.011747875430882817
15, 40, 0.011742621056402896
15, 41, 0.024054171386567028
15, 42, 0.011813676656171496
15, 43, 0.011744752755946419
15, 44, 0.022114284057153683
15, 45, 0.01985988978857007
15, 46, 0.004086865456135864
15, 47, 0.011732778676425424
15, 48, 0.017681826005053965
15, 49, 0.017732812247504833
15, 50, 0.022308454708642907
15, 51, 0.01175104204806536
15, 52, 0.011178662735317823
15, 53, 0.016506732976797653
15, 54, 0.044325947898088275
15, 55, 0.011750903666212294
15, 56, 0.011764129744032478
15, 57, 0.011772494453663632
15, 58, 0.011728762801978161
15, 59, 0.025545078210317734
15, 60, 0.011715176309269774
15, 61, 0.016155580944400425
15, 62, 0.010691459030675256
15, 63, 0.01840771639682484
15, 64, 0.011744992955323592
15, 65, 0.024293876391162893
15, 66, 0.01768060156571171
15, 67, 0.040455613728066234
15, 68, 0.013973260758740546
15, 69, 0.011743135458824341
15, 70, 0.011764548691134259
15, 71, 0.011746081727277058
15, 72, 0.011743340744803368
15, 73, 0.015693516449045944
15, 74, 0.016337396812036466
15, 75, 0.02574365873094079
16, 17, 0.01714234348326016
16, 18, 0.017985999716042467
16, 19, 0.01914022607865128
16, 20, 0.017780485645888404
16, 21, 0.024980060138630973
16, 22, 0.01920880069675981
16, 23, 0.019139962237345553
16, 24, 0.019139967295127826
16, 25, 0.020206579815420744
16, 26, 0.018953370071435435
16, 27, 0.014205229842617123
16, 28, 0.019140117279435806
16, 29, 0.018708586770294525
16, 30, 0.018848932748265816
16, 31, 0.018413967086989776
16, 32, 0.019140346020878527
16, 33, 0.019139955269930797
16, 34, 0.0174657698537707
16, 35, 0.03200735537577473
16, 36, 0.017697903823091467
16, 37, 0.01914030688752157
16, 38, 0.01913998854003247
16, 39, 0.01914015672719908
16, 40, 0.01913924190160651
16, 41, 0.022012231936738465
16, 42, 0.019135549261090342
16, 43, 0.019140089443735183
16, 44, 0.020690802082672193
16, 45, 0.020066690760731986
16, 46, 0.011229827832160573
16, 47, 0.01913591009366356
16, 48, 0.0193447336754346
16, 49, 0.01883042839483545
16, 50, 0.021255442155713563
16, 51, 0.019140139499561525
16, 52, 0.01861785766410798
16, 53, 0.01931810929267242
16, 54, 0.033315168305113226
16, 55, 0.019140450214705323
16, 56, 0.019140703818234937
16, 57, 0.019065517874745683
16, 58, 0.019128695049435974
16, 59, 0.022884808197382128
16, 60, 0.019116708693946275
16, 61, 0.01808039308015829
16, 62, 0.018809425768444413
16, 63, 0.019208824934428714
16, 64, 0.01913998598590578
16, 65, 0.022545973373317624
16, 66, 0.018775181939031663
16, 67, 0.03056663464332031
16, 68, 0.0191860852477356
16, 69, 0.019139845670257394
16, 70, 0.01914096358074069
16, 71, 0.019139990832758916
16, 72, 0.01913995967074128
16, 73, 0.017762792448877494
16, 74, 0.01814313955314019
16, 75, 0.022941329781230774
17, 18, 0.014115604438304964
17, 19, 0.014257376376376885
17, 20, 0.014620831461215265
17, 21, 0.024032321729614205
17, 22, 0.014628054539636495
17, 23, 0.01424011722237643
17, 24, 0.014240125565271922
17, 25, 0.017436198707643107
17, 26, 0.014158160418275346
17, 27, 0.009957110377830418
17, 28, 0.014240444420236018
17, 29, 0.016506289579303602
17, 30, 0.014082235000166506
17, 31, 0.01633620725643948
17, 32, 0.014240784135244565
17, 33, 0.014240112024036331
17, 34, 0.014895120929380746
17, 35, 0.03241570650367702
17, 36, 0.015267055517035217
17, 37, 0.014240779608304848
17, 38, 0.014240160779757054
17, 39, 0.014240784892452056
17, 40, 0.01423966967042134
17, 41, 0.020107405490277234
17, 42, 0.01424697368218078
17, 43, 0.0142403557031695
17, 44, 0.017157828121735965
17, 45, 0.017829877295826968
17, 46, 0.0077010960012332715
17, 47, 0.014236784895897758
17, 48, 0.016150096078270212
17, 49, 0.016776921865786727
17, 50, 0.019282577748495504
17, 51, 0.014241178511478972
17, 52, 0.01389454998362588
17, 53, 0.015407381494261551
17, 54, 0.03397488748737569
17, 55, 0.014241313066524203
17, 56, 0.014243118677528702
17, 57, 0.014207716859503563
17, 58, 0.014232728678578053
17, 59, 0.02132341475867023
17, 60, 0.01422509438401316
17, 61, 0.01567724710569042
17, 62, 0.013927581762590766
17, 63, 0.017235845218660707
17, 64, 0.014240335451795174
17, 65, 0.021179230110969643
17, 66, 0.01676730159053692
17, 67, 0.030696196375629745
17, 68, 0.014622204842303815
17, 69, 0.014240031039276537
17, 70, 0.0142432988221952
17, 71, 0.014240475966436072
17, 72, 0.014240112983117897
17, 73, 0.015394597683494262
17, 74, 0.015805385402201697
17, 75, 0.021363505642147396
18, 19, 0.013851703598394143
18, 20, 0.0146676053677306
18, 21, 0.02722880507523156
18, 22, 0.014753001581004302
18, 23, 0.013805167193426211
18, 24, 0.013805188218695998
18, 25, 0.019184444313291166
18, 26, 0.013650700974508182
18, 27, 0.007421244013051746
18, 28, 0.013806005684077053
18, 29, 0.01719626310300604
18, 30, 0.013493106058898198
18, 31, 0.016900043323410146
18, 32, 0.013806854453703277
18, 33, 0.013805155320158158
18, 34, 0.015031156567495138
18, 35, 0.03882080577821038
18, 36, 0.01552855607617985
18, 37, 0.013806854721660832
18, 38, 0.013805276997281903
18, 39, 0.013806917240231692
18, 40, 0.013804183877928727
18, 41, 0.022695670354118676
18, 42, 0.01382512066589498
18, 43, 0.013805773775290261
18, 44, 0.019828475094003113
18, 45, 0.019237247778276234
18, 46, 0.005434071277803608
18, 47, 0.013797428576301033
18, 48, 0.017220659314026873
18, 49, 0.017501920514115123
18, 50, 0.02131685664696348
18, 51, 0.013807991016706347
18, 52, 0.013113670435868696
18, 53, 0.01623601893146202
18, 54, 0.040806145947828526
18, 55, 0.013808256654616023
18, 56, 0.013813073379403962
18, 57, 0.013742462375691928
18, 58, 0.013788772885079353
18, 59, 0.024123492470610866
18, 60, 0.013772037258459
18, 61, 0.016095899671490433
18, 62, 0.013096934033499794
18, 63, 0.01810278265027287
18, 64, 0.013805752040904602
18, 65, 0.02332303087797247
18, 66, 0.01746358792495933
18, 67, 0.03704996732996124
18, 68, 0.014738054031241675
18, 69, 0.013804970690587628
18, 70, 0.013813479217974739
18, 71, 0.013806131935073936
18, 72, 0.013805156508801488
18, 73, 0.015692927367432715
18, 74, 0.016256952746296266
18, 75, 0.02425491645443926
19, 20, 0.015150487307194904
19, 21, 0.03110125599507635
19, 22, 0.02071933057537428
19, 23, 0.019254664155589508
19, 24, 0.0192567816821551
19, 25, 0.022793461397164812
19, 26, 0.012658722233344927
19, 27, 0.003732707194520687
19, 28, 0.019318711033532703
19, 29, 0.018234162744218844
19, 30, 0.01171115585234716
19, 31, 0.017721923127531052
19, 32, 0.019414095785859672
19, 33, 0.01925170521626869
19, 34, 0.01545145512555595
19, 35, 0.04663443081771683
19, 36, 0.01607520311249889
19, 37, 0.019396976567969886
19, 38, 0.019265672249896507
19, 39, 0.019331994854206187
19, 40, 0.018958495045959017
19, 41, 0.02667486079044033
19, 42, 0.018163680255521262
19, 43, 0.01930756336045543
19, 44, 0.032426036747498804
19, 45, 0.021401754636243314
19, 46, 0.0030825110583205346
19, 47, 0.017760092085910503
19, 48, 0.019929519631053664
19, 49, 0.018522953102471658
19, 50, 0.024317436453952703
19, 51, 0.019320560526234685
19, 52, 0.01029662549664177
19, 53, 0.020415017735156527
19, 54, 0.04902971761286848
19, 55, 0.01945071123312545
19, 56, 0.01952275298098406
19, 57, 0.013423458532079829
19, 58, 0.016118529657157446
19, 59, 0.028027760133202698
19, 60, 0.014550593029337814
19, 61, 0.016844268221401924
19, 62, 0.006148751756431201
19, 63, 0.019276939937268037
19, 64, 0.019263302244805658
19, 65, 0.025927603215569143
19, 66, 0.018428982645003963
19, 67, 0.045269494132656254
19, 68, 0.02011367517509597
19, 69, 0.019205381742286344
19, 70, 0.019625827988517305
19, 71, 0.019264347315224768
19, 72, 0.01925358954576852
19, 73, 0.016268837878604694
19, 74, 0.01702563842224271
19, 75, 0.02835469774366055
20, 21, 0.02551735080566323
20, 22, 0.015572188887688255
20, 23, 0.015131479222575479
20, 24, 0.015131490169388116
20, 25, 0.018539026477799005
20, 26, 0.01497817955322543
20, 27, 0.009658880546687027
20, 28, 0.015131893184388517
20, 29, 0.01710901043660729
20, 30, 0.014861626723396023
20, 31, 0.016865742007561982
20, 32, 0.015132347003941983
20, 33, 0.015131471049097704
20, 34, 0.015322137803310501
20, 35, 0.03503749328656974
20, 36, 0.015723153779977312
20, 37, 0.015132328161793579
20, 38, 0.015131536338038827
20, 39, 0.0151322807189319
20, 40, 0.015130732860615023
20, 41, 0.021426756023386735
20, 42, 0.015137433754303238
20, 43, 0.01513178597760697
20, 44, 0.018664584587336372
20, 45, 0.018732255278732752
20, 46, 0.007236321751350947
20, 47, 0.015126387693316836
20, 48, 0.01707023997518057
20, 49, 0.01737237260673118
20, 50, 0.02039944334036598
20, 51, 0.015132706447997512
20, 52, 0.014586824161091303
20, 53, 0.01639066797524334
20, 54, 0.036748799037206584
20, 55, 0.015132964241242618
20, 56, 0.015135034827824643
20, 57, 0.015069988746760233
20, 58, 0.015119388281409758
20, 59, 0.02269558007535887
20, 60, 0.015106795100060345
20, 61, 0.0161964520084393
20, 62, 0.01467774718405892
20, 63, 0.017880461860690536
20, 64, 0.015131727082142131
20, 65, 0.022282679052282563
20, 66, 0.017343760886099537
20, 67, 0.03329236689256065
20, 68, 0.015557348026819564
20, 69, 0.015131343341900466
20, 70, 0.0151353245721269
20, 71, 0.015131882969114148
20, 72, 0.015131473661397086
20, 73, 0.01585576897775939
20, 74, 0.0163277345083644
20, 75, 0.022770773598023188
21, 22, 0.03068072160302124
21, 23, 0.031130945565766927
21, 24, 0.031130949127647908
21, 25, 0.028626696562429613
21, 26, 0.030601393742901502
21, 27, 0.022063219697349132
21, 28, 0.031130927987954513
21, 29, 0.024838949060211564
21, 30, 0.03036062175922835
21, 31, 0.024107367373749432
21, 32, 0.031131155771379163
21, 33, 0.03113092949236128
21, 34, 0.023828235446070555
21, 35, 0.03860308365736035
21, 36, 0.023867711502562713
21, 37, 0.031131021723580697
21, 38, 0.031130963786326158
21, 39, 0.031130467171801523
21, 40, 0.031129124372784155
21, 41, 0.029395348865105572
21, 42, 0.03110275304940683
21, 43, 0.031130984318739986
21, 44, 0.03131542958913307
21, 45, 0.02703828452134397
21, 46, 0.016964426172654437
21, 47, 0.031122146905450874
21, 48, 0.02813150938154736
21, 49, 0.02465942435710396
21, 50, 0.028278093740677492
21, 51, 0.031129706272258837
21, 52, 0.029868038670056742
21, 53, 0.029588989440538685
21, 54, 0.03986707270585341
21, 55, 0.0311305956533758
21, 56, 0.031128312607815185
21, 57, 0.030918548280909213
21, 58, 0.0311031565233436
21, 59, 0.02980078921783957
21, 60, 0.03107321364324402
21, 61, 0.024368729452110563
21, 62, 0.030491951868513
21, 63, 0.025020304239478645
21, 64, 0.031130644635573163
21, 65, 0.02846672093225679
21, 66, 0.02446572885478993
21, 67, 0.037511767580524685
21, 68, 0.03060789837466954
21, 69, 0.03113067525763324
21, 70, 0.031128936121620553
21, 71, 0.03113041294726482
21, 72, 0.031130943768205403
21, 73, 0.02382508560842421
21, 74, 0.024314282902808328
21, 75, 0.029967644523020736
22, 23, 0.020800056075971393
22, 24, 0.020800167613956887
22, 25, 0.022621415478565474
22, 26, 0.017438127524748305
22, 27, 0.005105555821777204
22, 28, 0.020803089087690078
22, 29, 0.01834877649010035
22, 30, 0.0163145027281225
22, 31, 0.017841078968591013
22, 32, 0.02080833426593722
22, 33, 0.02079986850050793
22, 34, 0.015707060872082974
22, 35, 0.045488588408379514
22, 36, 0.016287495602190647
22, 37, 0.02080714697633255
22, 38, 0.020800635194677678
22, 39, 0.020802472606597747
22, 40, 0.020780215557957487
22, 41, 0.026314049068889168
22, 42, 0.0206333873049102
22, 43, 0.02080270645682265
22, 44, 0.029695794725688063
22, 45, 0.02137323550105167
22, 46, 0.003803745230884372
22, 47, 0.020693477623437217
22, 48, 0.02003003890865946
22, 49, 0.018615626703181093
22, 50, 0.02412553542888011
22, 51, 0.020799821203293434
22, 52, 0.014483417344468029
22, 53, 0.020510617329755565
22, 54, 0.047806962280685435
22, 55, 0.020808697051382597
22, 56, 0.020806783372595193
22, 57, 0.0190766627917786
22, 58, 0.020499631912884383
22, 59, 0.02764746299929977
22, 60, 0.02019670323872995
22, 61, 0.01702892169825105
22, 62, 0.01515647697043633
22, 63, 0.019339544708043624
22, 64, 0.02079961493323689
22, 65, 0.025730659061496984
22, 66, 0.01852118858369014
22, 67, 0.04404842616740224
22, 68, 0.020463316147294883
22, 69, 0.02079691440330801
22, 70, 0.020813816880957497
22, 71, 0.020799008299706184
22, 72, 0.020799999505230003
22, 73, 0.016465579097005734
22, 74, 0.01719543039257007
22, 75, 0.027943103745178048
23, 24, 0.025695174504962642
23, 25, 0.022814061501749843
23, 26, 0.01208110691948235
23, 27, 0.003653775447759988
23, 28, 0.029200159983365108
23, 29, 0.018231486997708473
23, 30, 0.011242339574601764
23, 31, 0.017718437928079547
23, 32, 0.041810892481492626
23, 33, 0.019764977574506345
23, 34, 0.015440520735210912
23, 35, 0.046708848958631206
23, 36, 0.01606665671211912
23, 37, 0.033466371633620734
23, 38, 0.032087236070380866
23, 39, 0.02276383786753976
23, 40, 0.010872461745514789
23, 41, 0.026703705991795435
23, 42, 0.016780324301727552
23, 43, 0.033457868348813306
23, 44, 0.03266807837518201
23, 45, 0.021409165788724434
23, 46, 0.003042702247574835
23, 47, 0.007931691166487492
23, 48, 0.019934164716064542
23, 49, 0.018521222628610032
23, 50, 0.024334980797784397
23, 51, 0.020758243268668167
23, 52, 0.009942682025899353
23, 53, 0.02043233402552985
23, 54, 0.049108633674996946
23, 55, 0.026199025262763593
23, 56, 0.021895201572336848
23, 57, 0.01213216254325146
23, 58, 0.010225513007916848
23, 59, 0.028056593854915397
23, 60, 0.010317989116081257
23, 61, 0.01683755215962757
23, 62, 0.004830600851185534
23, 63, 0.019277000701752617
23, 64, 0.020306021449147036
23, 65, 0.02594344579414031
23, 66, 0.01842711641248643
23, 67, 0.045349559579177044
23, 68, 0.02015685378577578
23, 69, 0.011219628216284241
23, 70, 0.023269500344759362
23, 71, 0.01994010593446671
23, 72, 0.022367238621612478
23, 73, 0.0162611018288072
23, 74, 0.017019671554469255
23, 75, 0.028385713786231642
24, 25, 0.022814072610887526
24, 26, 0.012081329533202203
24, 27, 0.0036537908881435466
24, 28, 0.029422719997317565
24, 29, 0.018231492732127326
24, 30, 0.011242500613565557
24, 31, 0.017718442963986624
24, 32, 0.04191914086458127
24, 33, 0.021554407297003496
24, 34, 0.015440527478911769
24, 35, 0.04670885033439287
24, 36, 0.016066662919278326
24, 37, 0.033589578222731994
24, 38, 0.033232250426372074
24, 39, 0.02284483822567484
24, 40, 0.0109445088239039
24, 41, 0.026703712526429328
24, 42, 0.01678320504991578
24, 43, 0.033775397843818986
24, 44, 0.03266810283395868
24, 45, 0.021409172656098152
24, 46, 0.003042709810051576
24, 47, 0.007950037517165146
24, 48, 0.019934178954767085
24, 49, 0.018521227767554126
24, 50, 0.024334987103613724
24, 51, 0.020800252505314212
24, 52, 0.009942787417381145
24, 53, 0.02043236452854464
24, 54, 0.049108634642765624
24, 55, 0.026256779102897067
24, 56, 0.021912349733507315
24, 57, 0.012132724847166449
24, 58, 0.010230497013431818
24, 59, 0.02805659911892208
24, 60, 0.010320370020436087
24, 61, 0.016837558469681706
24, 62, 0.004830899295433307
24, 63, 0.01927700568950874
24, 64, 0.02048148928828284
24, 65, 0.02594344989082325
24, 66, 0.018427121333686392
24, 67, 0.04534956138283435
24, 68, 0.02015695722855515
24, 69, 0.011667312467481653
24, 70, 0.023287806159551526
24, 71, 0.020046134663933922
24, 72, 0.02465431764671824
24, 73, 0.016261107782595964
24, 74, 0.017019677588820645
24, 75, 0.028385719179416773
25, 26, 0.022146034287109886
25, 27, 0.012593310352695413
25, 28, 0.022814311882303855
25, 29, 0.019658951301336238
25, 30, 0.021824344307170795
25, 31, 0.019153148593947053
25, 32, 0.022814861721832544
25, 33, 0.02281403825640226
25, 34, 0.017881392892462326
25, 35, 0.039098360063707274
25, 36, 0.018201175917845615
25, 37, 0.022814700028872505
25, 38, 0.022814119058747043
25, 39, 0.022814051038724418
25, 40, 0.022811545165321512
25, 41, 0.02514577785501573
25, 42, 0.022786600187570547
25, 43, 0.02281430474987953
25, 44, 0.02518328763030776
25, 45, 0.021931903191398892
25, 46, 0.00892360820308175
25, 47, 0.02280093975627728
25, 48, 0.02149144597764665
25, 49, 0.019766553323134105
25, 50, 0.02376733039738686
25, 51, 0.022813480760280783
25, 52, 0.021163255641036754
25, 53, 0.022144726906288777
25, 54, 0.040876742334213005
25, 55, 0.022814639991139533
25, 56, 0.02281344655101114
25, 57, 0.022540881874476427
25, 58, 0.022775262604029196
25, 59, 0.026164073954286684
25, 60, 0.02273387301379502
25, 61, 0.018775386860543
25, 62, 0.02183137916009683
25, 63, 0.02029645512653338
25, 64, 0.02281388775199401
25, 65, 0.02503657875955595
25, 66, 0.019658727292119715
25, 67, 0.03755091753252378
25, 68, 0.02253749868044605
25, 69, 0.02281367161363677
25, 70, 0.022814330122264758
25, 71, 0.022813731206077614
25, 72, 0.022814055871412445
25, 73, 0.018282434398528277
25, 74, 0.018848114922153672
25, 75, 0.02632738628747582
26, 27, 0.004116080431222628
26, 28, 0.01209053584582419
26, 29, 0.018052171749700613
26, 30, 0.011590140486163707
26, 31, 0.017575510415479535
26, 32, 0.012099225558942495
26, 33, 0.012081030143657303
26, 34, 0.015333675251392382
26, 35, 0.0456672192745681
26, 36, 0.015947881690220832
26, 37, 0.012099690259515442
26, 38, 0.012082270816399418
26, 39, 0.012102294632575695
26, 40, 0.012076465321846757
26, 41, 0.026082805623905483
26, 42, 0.012383167581967532
26, 43, 0.01208775047412985
26, 44, 0.029099817052168103
26, 45, 0.02105617163039507
26, 46, 0.003289707455864579
26, 47, 0.012025857652211733
26, 48, 0.019364924469935096
26, 49, 0.01835115474194285
26, 50, 0.02386909263240421
26, 51, 0.012116847809005737
26, 52, 0.010607188761793503
26, 53, 0.019220061929159368
26, 54, 0.048021695653477796
26, 55, 0.012116775906943354
26, 56, 0.012177767743971116
26, 57, 0.012094985375204691
26, 58, 0.011997733896914968
26, 59, 0.027479258925763424
26, 60, 0.011923998966975323
26, 61, 0.01669073489294835
26, 62, 0.008705426723437715
26, 63, 0.01908865694305259
26, 64, 0.01208868474623129
26, 65, 0.025577933959617542
26, 66, 0.018266853588336317
26, 67, 0.04422088069717796
26, 68, 0.017220353481038307
26, 69, 0.012079851648759651
26, 70, 0.012180205367677473
26, 71, 0.012093724985976474
26, 72, 0.01208099374726318
26, 73, 0.01614089440950754
26, 74, 0.016873024174686835
26, 75, 0.027775468964593975
27, 28, 0.003654581107536807
27, 29, 0.013261641145445325
27, 30, 0.004227539776460873
27, 31, 0.013366512281424724
27, 32, 0.003655104531848248
27, 33, 0.003653783455363105
27, 34, 0.011181591241296519
27, 35, 0.031715371298847946
27, 36, 0.011771822548744646
27, 37, 0.003655264250915553
27, 38, 0.003653856538335963
27, 39, 0.0036559824562949475
27, 40, 0.0036550212122747595
27, 41, 0.016721395994514655
27, 42, 0.00370596923884694
27, 43, 0.0036542970502371278
27, 44, 0.009944593327173125
27, 45, 0.01423827032913641
27, 46, 0.0032419913833725313
27, 47, 0.0036569912412122486
27, 48, 0.010592850153829906
27, 49, 0.01378697647105469
27, 50, 0.01595807476928333
27, 51, 0.003657892663983807
27, 52, 0.0043707104652909974
27, 53, 0.007928441562807406
27, 54, 0.0335380556799052
27, 55, 0.003657083332316896
27, 56, 0.0036643087766419146
27, 57, 0.0038439511741257034
27, 58, 0.0036714140508015735
27, 59, 0.018480358113052132
27, 60, 0.003691126489167726
27, 61, 0.012167204217456262
27, 62, 0.003710331799548827
27, 63, 0.01433296263714789
27, 64, 0.0036546807745190635
27, 65, 0.018852972619501328
27, 66, 0.013868602101695023
27, 67, 0.02963222595143803
27, 68, 0.005175844308768819
27, 69, 0.0036539130734595414
27, 70, 0.0036639470341054375
27, 71, 0.0036553119300991605
27, 72, 0.003653767586379512
27, 73, 0.012003124736076055
27, 74, 0.012406188385860889
27, 75, 0.01846493929608593
28, 29, 0.01823167286703457
28, 30, 0.011249345584990356
28, 31, 0.017718605969915476
28, 32, 0.036447694401518016
28, 33, 0.028379056711689363
28, 34, 0.015440772377509529
28, 35, 0.046708574996748145
28, 36, 0.016066881883242925
28, 37, 0.03218017594466877
28, 38, 0.030301840074864094
28, 39, 0.024229549588089767
28, 40, 0.013595583565083757
28, 41, 0.026703782296883954
28, 42, 0.016880537490181684
28, 43, 0.03135710360340623
28, 44, 0.03266777949355613
28, 45, 0.021409343305526653
28, 46, 0.0030431013008077874
28, 47, 0.008772676172340605
28, 48, 0.01993457823438513
28, 49, 0.01852138636296366
28, 50, 0.024335098187753586
28, 51, 0.021778927224024774
28, 52, 0.009947445609982956
28, 53, 0.020433187873929656
28, 54, 0.04910832823007068
28, 55, 0.026836111746719776
28, 56, 0.02229839264352047
28, 57, 0.012155920347986269
28, 58, 0.010446569338802648
28, 59, 0.02805663161370756
28, 60, 0.010423923249848057
28, 61, 0.016837772697080006
28, 62, 0.00484581474161649
28, 63, 0.01927715223561258
28, 64, 0.023593841073388123
28, 65, 0.025943503255008275
28, 66, 0.018427274095488982
28, 67, 0.04534927455097467
28, 68, 0.02015980910255249
28, 69, 0.020824767325286386
28, 70, 0.023639849791426422
28, 71, 0.022300561850232613
28, 72, 0.029086234529981582
28, 73, 0.016261315847074458
28, 74, 0.017019880519093835
28, 75, 0.028385746193295005
29, 30, 0.01794773429946839
29, 31, 0.017956566756867208
29, 32, 0.018231926902875447
29, 33, 0.018231479986643085
29, 34, 0.016898472293951028
29, 35, 0.032238961329887246
29, 36, 0.017161248270694644
29, 37, 0.018231891006541948
29, 38, 0.01823151684329107
29, 39, 0.018231756465382814
29, 40, 0.018230774840160374
29, 41, 0.021652121774328917
29, 42, 0.01822848028826231
29, 43, 0.01823163526606113
29, 44, 0.020039951327971137
29, 45, 0.01960725168941298
29, 46, 0.010385232776047384
29, 47, 0.018227365925912037
29, 48, 0.01870412335687081
29, 49, 0.018383716883046745
29, 50, 0.020866648346217244
29, 51, 0.018231796505715984
29, 52, 0.017714177413257554
29, 53, 0.01856219772479442
29, 54, 0.033613502601771615
29, 55, 0.01823209543527311
29, 56, 0.01823257879864541
29, 57, 0.01815990130168193
29, 58, 0.018220293785863737
29, 59, 0.022600808847438772
29, 60, 0.01820842005780852
29, 61, 0.017554990475798064
29, 62, 0.017889949550143797
29, 63, 0.018783200690058587
29, 64, 0.01823153919693593
29, 65, 0.02228641061885714
29, 66, 0.0183365044547356
29, 67, 0.030730007422830077
29, 68, 0.018327618135249597
29, 69, 0.018231369811462454
29, 70, 0.018232838254165506
29, 71, 0.018231563397517955
29, 72, 0.01823148408694983
29, 73, 0.017239293149477652
29, 74, 0.017631281694416044
29, 75, 0.022656125931668096
30, 31, 0.0174894449606912
30, 32, 0.01125553597480838
30, 33, 0.011242300255996082
30, 34, 0.01525479683389152
30, 35, 0.04522373152252616
30, 36, 0.015866511023071007
30, 37, 0.011256027840517383
30, 38, 0.01124318198401358
30, 39, 0.011258568332914588
30, 40, 0.011240883505102278
30, 41, 0.025794364614538923
30, 42, 0.011499825046581142
30, 43, 0.011247219735074093
30, 44, 0.027781449750866823
30, 45, 0.020875282094075267
30, 46, 0.0033549908744942643
30, 47, 0.011210779512334672
30, 48, 0.019071920445482265
30, 49, 0.01825325789495487
30, 50, 0.02364427612286273
30, 51, 0.011270201713578717
30, 52, 0.010447528973691939
30, 53, 0.018657879842311785
30, 54, 0.047560837842022106
30, 55, 0.011269167160165319
30, 56, 0.011317017432130861
30, 57, 0.01143683779458908
30, 58, 0.011209197642153113
30, 59, 0.02721279416554424
30, 60, 0.01118204484939633
30, 61, 0.01659722422323108
30, 62, 0.008792814621734221
30, 63, 0.018983802295076877
30, 64, 0.011248284039554813
30, 65, 0.025403044535972454
30, 66, 0.018174051402030912
30, 67, 0.04374127518836744
30, 68, 0.016180667889589485
30, 69, 0.011241704739190584
30, 70, 0.011318131888834246
30, 71, 0.011252273911974158
30, 72, 0.011242257691465583
30, 73, 0.016060095003452304
30, 74, 0.0167808349318057
30, 75, 0.0274951755081928
31, 32, 0.017718826529797786
31, 33, 0.017718432195010354
31, 34, 0.016711690456906753
31, 35, 0.030940535168927693
31, 36, 0.016960989076435205
31, 37, 0.017718799049485305
31, 38, 0.017718464149658674
31, 39, 0.017718697937773403
31, 40, 0.017717862397697078
31, 41, 0.021040295299305713
31, 42, 0.017716749334461254
31, 43, 0.017718570065880946
31, 44, 0.019368268910412736
31, 45, 0.01918764903212605
31, 46, 0.010663945482301698
31, 47, 0.017715044382197682
31, 48, 0.01827175266031353
31, 49, 0.018111432011789965
31, 50, 0.020344612323803742
31, 51, 0.01771876153298789
31, 52, 0.017294532752584683
31, 53, 0.018078931322196012
31, 54, 0.032231093757904325
31, 55, 0.017718998590358144
31, 56, 0.017719516574142308
31, 57, 0.017661554295457887
31, 58, 0.017709360267452602
31, 59, 0.02195275609990141
31, 60, 0.017699743566228793
31, 61, 0.017322410798435165
31, 62, 0.01743294521635246
31, 63, 0.018484971276869093
31, 64, 0.017718495829798276
31, 65, 0.02174798962570933
31, 66, 0.018073484695562563
31, 67, 0.029474480335871817
31, 68, 0.01782460753234704
31, 69, 0.0177183421623868
31, 70, 0.017719727700884952
31, 71, 0.017718526009146345
31, 72, 0.01771843537150429
31, 73, 0.017036851903040353
31, 74, 0.017397368370685617
31, 75, 0.02199401316625602
32, 33, 0.04055284066770429
32, 34, 0.015441053730442886
32, 35, 0.0467088035461186
32, 36, 0.016067144245262302
32, 37, 0.03755670397181297
32, 38, 0.042324688139359544
32, 39, 0.027358697562326617
32, 40, 0.015907015035464288
32, 41, 0.02670414307140672
32, 42, 0.01700310667619306
32, 43, 0.040050925396186154
32, 44, 0.0326694372346327
32, 45, 0.021409671244788486
32, 46, 0.0030433553317384464
32, 47, 0.009409220513061516
32, 48, 0.019935234242083776
32, 49, 0.018521615510693673
32, 50, 0.02433542330917124
32, 51, 0.023514279812363464
32, 52, 0.009951403922774531
32, 53, 0.02043460996060098
32, 54, 0.049108548311919124
32, 55, 0.02941143674013319
32, 56, 0.023082030362688816
32, 57, 0.012177870667666563
32, 58, 0.010632336093402507
32, 59, 0.028056934712899287
32, 60, 0.010513411383129287
32, 61, 0.016838043809781805
32, 62, 0.004856109080908084
32, 63, 0.01927737852653251
32, 64, 0.02879164087177139
32, 65, 0.025943724370257975
32, 66, 0.018427493067809896
32, 67, 0.045349535175508326
32, 68, 0.020164598857219922
32, 69, 0.028654756489647652
32, 70, 0.02450168738672724
32, 71, 0.02594474640885679
32, 72, 0.041756321923855234
32, 73, 0.016261568532010485
32, 74, 0.01702014080554719
32, 75, 0.028386060033520732
33, 34, 0.015440515402394574
33, 35, 0.04670881921502552
33, 36, 0.016066651235383093
33, 37, 0.03280066660359614
33, 38, 0.027388471131475994
33, 39, 0.022596867977815596
33, 40, 0.010858076239123904
33, 41, 0.026703686066047956
33, 42, 0.01677747236809068
33, 43, 0.03180033717552509
33, 44, 0.0326679523043116
33, 45, 0.02140915342189168
33, 46, 0.003042706561282573
33, 47, 0.007933864383454902
33, 48, 0.01993414308003996
33, 49, 0.01852121609592872
33, 50, 0.024334965424255204
33, 51, 0.02068826740064716
33, 52, 0.009942671968569785
33, 53, 0.02043228485887342
33, 54, 0.04910860282180154
33, 55, 0.026032227929755236
33, 56, 0.021862704149181133
33, 57, 0.012131965101292063
33, 58, 0.010224879984733535
33, 59, 0.0280565757150553
33, 60, 0.010317661817551548
33, 61, 0.01683754585512704
33, 62, 0.004830724803240979
33, 63, 0.019276993710854454
33, 64, 0.020032749689346666
33, 65, 0.025943434150039756
33, 66, 0.01842711023466906
33, 67, 0.04534952711577158
33, 68, 0.02015669236725191
33, 69, 0.011115686331410541
33, 70, 0.02322945538438309
33, 71, 0.019780763018222514
33, 72, 0.01878229286654864
33, 73, 0.016261096402819065
33, 74, 0.017019665354788188
33, 75, 0.02838569464816117
34, 35, 0.031521125882664675
34, 36, 0.015764077403932267
34, 37, 0.015441039287557978
34, 38, 0.015440555912705056
34, 39, 0.015440998110701543
34, 40, 0.015440025899335803
34, 41, 0.02023289118885492
34, 42, 0.01544352568008173
34, 43, 0.01544070835566208
34, 44, 0.017773485366496748
34, 45, 0.018156624122556256
34, 46, 0.008759213961619283
34, 47, 0.015437224872632079
34, 48, 0.016770219284136516
34, 49, 0.01712782768702011
34, 50, 0.019477264739567086
34, 51, 0.015441240466161531
34, 52, 0.015067404801119016
34, 53, 0.01624953931653504
34, 54, 0.03296673644359538
34, 55, 0.015441417131757645
34, 56, 0.015442627489890073
34, 57, 0.015398086299766564
34, 58, 0.015432536216239811
34, 59, 0.021331357226092834
34, 60, 0.015424182914189937
34, 61, 0.01614979157070621
34, 62, 0.015145460774402512
34, 63, 0.017550432922875496
34, 64, 0.015440664964273945
34, 65, 0.021196869598823644
34, 66, 0.01711012645537407
34, 67, 0.029893158718959388
34, 68, 0.015696885093269546
34, 69, 0.015440432010037352
34, 70, 0.015442817712986697
34, 71, 0.015440754736862393
34, 72, 0.015440517309554555
34, 73, 0.015872077583434015
34, 74, 0.016258009599074016
34, 75, 0.02136794528683772
35, 36, 0.03131141081151261
35, 37, 0.04670852733217956
35, 38, 0.04670885535808719
35, 39, 0.04670736723156405
35, 40, 0.04670537631678352
35, 41, 0.03847499841535434
35, 42, 0.04664510014639069
35, 43, 0.0467087567945973
35, 44, 0.04489942563983639
35, 45, 0.03555333795922232
35, 46, 0.02379762642227549
35, 47, 0.0466929210328569
35, 48, 0.03910113529162777
35, 49, 0.03167016916032327
35, 50, 0.03687040543302452
35, 51, 0.04670549523561766
35, 52, 0.04434382273969106
35, 53, 0.042650353793058045
35, 54, 0.04792385645978101
35, 55, 0.04670725203711555
35, 56, 0.046701182160445776
35, 57, 0.04628998410615828
35, 58, 0.04665627475863687
35, 59, 0.03826419215934764
35, 60, 0.04659940782051787
35, 61, 0.03196961773614544
35, 62, 0.04560753689685301
35, 63, 0.032011163230737945
35, 64, 0.046708063226576856
35, 65, 0.03562245882203488
35, 66, 0.03129778386698133
35, 67, 0.046071404506206184
35, 68, 0.045341644307031914
35, 69, 0.04670834786024277
35, 70, 0.04670235153014305
35, 71, 0.04670747823283057
35, 72, 0.046708848285276244
35, 73, 0.03112971447657121
35, 74, 0.031763070337308706
35, 75, 0.03857808818801704
36, 37, 0.01606712553316329
36, 38, 0.016066689075419634
36, 39, 0.01606706479654346
36, 40, 0.016066134386571763
36, 41, 0.020419102884386118
36, 42, 0.016068146735169913
36, 43, 0.01606682681875998
36, 44, 0.018187593023735064
36, 45, 0.018409249170330263
36, 46, 0.009265522916373786
36, 47, 0.016063320488757377
36, 48, 0.017157769096602504
36, 49, 0.017370118096456316
36, 50, 0.01968221059006371
36, 51, 0.016067249773794774
36, 52, 0.01567629967163463
36, 53, 0.016735319308065193
36, 54, 0.032713091527941565
36, 55, 0.01606744650282737
36, 56, 0.016068435343969557
36, 57, 0.016019431180436042
36, 58, 0.016058296532828756
36, 59, 0.021465432938926398
36, 60, 0.016049511605451
36, 61, 0.016445107827256517
36, 62, 0.01577393408732345
36, 63, 0.01777875306473727
36, 64, 0.01606677330272123
36, 65, 0.021315246705246548
36, 66, 0.017347052728230356
36, 67, 0.029726863837347826
36, 68, 0.016275295209475935
36, 69, 0.016066565468732395
36, 70, 0.01606863284951863
36, 71, 0.01606684397041381
36, 72, 0.016066653559520225
36, 73, 0.016165655685875666
36, 74, 0.016544030297345292
36, 75, 0.02150288706398261
37, 38, 0.034078173317796855
37, 39, 0.02609479376635351
37, 40, 0.015765797482911136
37, 41, 0.026703988338228988
37, 42, 0.01699073165884655
37, 43, 0.03406218400593068
37, 44, 0.03266836714515265
37, 45, 0.021409590391209682
37, 46, 0.0030434373023854704
37, 47, 0.009493688472711941
37, 48, 0.019935104788304105
37, 49, 0.01852158096131847
37, 50, 0.024335310751306218
37, 51, 0.02299614746694328
37, 52, 0.009951875913940342
37, 53, 0.020434305743640423
37, 54, 0.049108259313516096
37, 55, 0.028179663283376875
37, 56, 0.022851199154907652
37, 57, 0.012178990621583997
37, 58, 0.010650522515100687
37, 59, 0.028056790149741807
37, 60, 0.01052252544505095
37, 61, 0.016838017759365973
37, 62, 0.004858892285520162
37, 63, 0.019277338791139343
37, 64, 0.02661046306105606
37, 65, 0.02594363544918551
37, 66, 0.018427460726884073
37, 67, 0.045349235336325136
37, 68, 0.020163617357591385
37, 69, 0.025653368396961144
37, 70, 0.024207882354102598
37, 71, 0.024656762218925307
37, 72, 0.03340377034044405
37, 73, 0.016261548935910964
37, 74, 0.01702011426620489
37, 75, 0.028385906648757658
38, 39, 0.023179014618629198
38, 40, 0.011246785683384549
38, 41, 0.026703739678545328
38, 42, 0.01679533081396443
38, 43, 0.0349770536504136
38, 44, 0.03266820306622091
38, 45, 0.021409201423258944
38, 46, 0.003042741975214726
38, 47, 0.008027682221843814
38, 48, 0.019934238708671764
38, 49, 0.01852124936819343
38, 50, 0.02433501340954085
38, 51, 0.020975219909237806
38, 52, 0.009943233766516422
38, 53, 0.020432492460291867
38, 54, 0.049108637907384595
38, 55, 0.026494409439368028
38, 56, 0.021983938199644382
38, 57, 0.012135102254448407
38, 58, 0.010251588439932667
38, 59, 0.028056620934816257
38, 60, 0.010330448047044303
38, 61, 0.016837585039424546
38, 62, 0.00483216736139754
38, 63, 0.019277026637020644
38, 64, 0.02119799390633836
38, 65, 0.02594346693598156
38, 66, 0.018427142021194328
38, 67, 0.04534956814611275
38, 68, 0.02015739121398222
38, 69, 0.01346210038045498
38, 70, 0.02336405813390933
38, 71, 0.020483967783238282
38, 72, 0.031463261437847986
38, 73, 0.016261132866383102
38, 74, 0.017019702993036016
38, 75, 0.02838574151567476
39, 40, 0.015450267441210117
39, 41, 0.0267033553017861
39, 42, 0.01694775698238412
39, 43, 0.024334605245513456
39, 44, 0.032663929745745696
39, 45, 0.02140926968773052
39, 46, 0.0030438048579979494
39, 47, 0.009861540681469695
39, 48, 0.01993460081139741
39, 49, 0.018521450357546414
39, 50, 0.024334854790333794
39, 51, 0.021391145313777553
39, 52, 0.009954171410052871
39, 53, 0.020433112907182856
39, 54, 0.0491070441393151
39, 55, 0.024693134032127504
39, 56, 0.02203437120858357
39, 57, 0.012185326200233389
39, 58, 0.010738750059901957
39, 59, 0.028056196258395425
39, 60, 0.010567170070226952
39, 61, 0.016837926395618718
39, 62, 0.004871472721760513
39, 63, 0.01927718588893678
39, 64, 0.02191136715602518
39, 65, 0.025943272648031247
39, 66, 0.018427338794718976
39, 67, 0.04534797692281737
39, 68, 0.02015978566251669
39, 69, 0.02041775114812921
39, 70, 0.023172686616356148
39, 71, 0.02144302330916801
39, 72, 0.02272262939280655
39, 73, 0.016261483733629577
39, 74, 0.01702002003658428
39, 75, 0.028385275957097927
40, 41, 0.026701490094861575
40, 42, 0.016513286435416222
40, 43, 0.012896706698572555
40, 44, 0.03265373351203444
40, 45, 0.02140784577790745
40, 46, 0.0030433585499443166
40, 47, 0.008432211702181544
40, 48, 0.019931899341921282
40, 49, 0.018520555041417943
40, 50, 0.024333295978361962
40, 51, 0.016454316464957902
40, 52, 0.009943570292640336
40, 53, 0.020427151096727412
40, 54, 0.04910502244349285
40, 55, 0.01769159944289462
40, 56, 0.01922411753823026
40, 57, 0.012120082433746921
40, 58, 0.010247558970213682
40, 59, 0.02805456304898383
40, 60, 0.010326041871784404
40, 61, 0.01683693446320229
40, 62, 0.004850984891156268
40, 63, 0.019276276224997304
40, 64, 0.012991518206570112
40, 65, 0.02594215627943675
40, 66, 0.018426486294972896
40, 67, 0.04534577538296208
40, 68, 0.020139923484352323
40, 69, 0.010668181592722656
40, 70, 0.020021439359777706
40, 71, 0.013911035838513297
40, 72, 0.010835735528869189
40, 73, 0.01626058048940666
40, 74, 0.017019060766567413
40, 75, 0.028383568080693092
41, 42, 0.026673498087469095
41, 43, 0.026703820616093863
41, 44, 0.02774493925693105
41, 45, 0.023897738451024185
41, 46, 0.012220286461065526
41, 47, 0.026692657263297868
41, 48, 0.024252960649155265
41, 49, 0.021626466498533725
41, 50, 0.025451234104039034
41, 51, 0.02670260061867132
41, 52, 0.025203593418743443
41, 53, 0.025405037907995406
41, 54, 0.04002324243732275
41, 55, 0.026703657973675434
41, 56, 0.02670157783756888
41, 57, 0.026452603330672488
41, 58, 0.026669751566393115
41, 59, 0.02743677841009169
41, 60, 0.02663331530760044
41, 61, 0.02096134403005519
41, 62, 0.025890397835748136
41, 63, 0.02207950040416247
41, 64, 0.026703425931198812
41, 65, 0.026231702657685006
41, 66, 0.02147922262253075
41, 67, 0.03710851519068886
41, 68, 0.026232160786884173
41, 69, 0.02670337126525115
41, 70, 0.026702344305624705
41, 71, 0.026703202212471144
41, 72, 0.026703702685474746
41, 73, 0.020441623534344002
41, 74, 0.02097358245255627
41, 75, 0.027599898870116914
42, 43, 0.01685755030810786
42, 44, 0.0324420312138769
42, 45, 0.02139665431712861
42, 46, 0.0030691985302463503
42, 47, 0.015341712289169461
42, 48, 0.01991725927177071
42, 49, 0.018517966707435225
42, 50, 0.024314473358001812
42, 51, 0.01700410566561453
42, 52, 0.010148319022808756
42, 53, 0.020390077076727672
42, 54, 0.0490414826423741
42, 55, 0.017115347593511295
42, 56, 0.017424976757571008
42, 57, 0.01282003461173626
42, 58, 0.014130113441645532
42, 59, 0.028027559346469763
42, 60, 0.012991847036437883
42, 61, 0.016837411574919026
42, 62, 0.005705023277343729
42, 63, 0.01927237925547271
42, 64, 0.016824975209896526
42, 65, 0.02592638998732197
42, 66, 0.018424173588664414
42, 67, 0.04528067207238554
42, 68, 0.020028871973139756
42, 69, 0.016733027249984808
42, 70, 0.01752544304139302
42, 71, 0.016850180017953614
42, 72, 0.016778861289490743
42, 73, 0.016262142969005272
42, 74, 0.01701915382394977
42, 75, 0.028354728082424823
43, 44, 0.03266827301702966
43, 45, 0.02140932527618259
43, 46, 0.0030429595060121896
43, 47, 0.00850629390202701
43, 48, 0.019934513622422476
43, 49, 0.018521354364105878
43, 50, 0.02433510895447869
43, 51, 0.021697730311735015
43, 52, 0.009945947401247948
43, 53, 0.02043306863402572
43, 54, 0.04910852364047421
43, 55, 0.02714882052415028
43, 56, 0.022275467391159362
43, 57, 0.012148920621468447
43, 58, 0.01037834107801822
43, 59, 0.02805667668414033
43, 60, 0.010391105764327172
43, 61, 0.016837721731336873
43, 62, 0.004840539551477866
43, 63, 0.01927712560094587
43, 64, 0.0236609615497902
43, 65, 0.025943521513394487
43, 66, 0.018427242921562042
43, 67, 0.045349468479779054
43, 68, 0.020159368933805887
43, 69, 0.02004954677086254
43, 70, 0.02365048200222652
43, 71, 0.02218211206825173
43, 72, 0.03329431275625725
43, 73, 0.016261264205288267
43, 74, 0.01701983294045156
43, 75, 0.028385796130539813
44, 45, 0.02318744944957534
44, 46, 0.00654354488057579
44, 47, 0.03259946610552928
44, 48, 0.023391539658535757
44, 49, 0.0201415110542774
44, 50, 0.02565659187160477
44, 51, 0.032657658510197765
44, 52, 0.025457267290254333
44, 53, 0.02590736575706514
44, 54, 0.047035952087670044
44, 55, 0.03266470211117569
44, 56, 0.032645603231766226
44, 57, 0.031095931080758126
44, 58, 0.03245116776551067
44, 59, 0.02875615093835186
44, 60, 0.03222134424572419
44, 61, 0.01892485240559368
44, 62, 0.02836990487152886
44, 63, 0.020798391712945972
44, 64, 0.03266556581136358
44, 65, 0.026712652007175933
44, 66, 0.019993126787627907
44, 67, 0.0435300891173634
44, 68, 0.02930927948845552
44, 69, 0.032665957784994995
44, 70, 0.03265049209883721
44, 71, 0.03266364522578702
44, 72, 0.03266806604561369
44, 73, 0.01829098892273488
44, 74, 0.0190124734106914
44, 75, 0.02905565227152945
45, 46, 0.010696644532383762
45, 47, 0.021402117515166814
45, 48, 0.0209153523841975
45, 49, 0.019699922063859968
45, 50, 0.022868493161926323
45, 51, 0.02140905140531804
45, 52, 0.020489665346941594
45, 53, 0.021225456076166865
45, 54, 0.03706646872170453
45, 55, 0.02140964781234902
45, 56, 0.021409351389129725
45, 57, 0.02126709307194695
45, 58, 0.021388710575281043
45, 59, 0.024812248078663682
45, 60, 0.02136687576540729
45, 61, 0.018883029120019622
45, 62, 0.020860118289096834
45, 63, 0.020142540298676927
45, 64, 0.021409115351752904
45, 65, 0.024094417095951597
45, 66, 0.019611342302275982
45, 67, 0.03405554624176629
45, 68, 0.021328504564419058
45, 69, 0.021408958525540603
45, 70, 0.021409818723999923
45, 71, 0.021409060739063
45, 72, 0.021409162306417744
45, 73, 0.018472010048240596
45, 74, 0.018940420954427564
45, 75, 0.02491729117887418
46, 47, 0.003044486457186051
46, 48, 0.007510105939290694
46, 49, 0.010919120982755753
46, 50, 0.01189060738236298
46, 51, 0.003044766901411708
46, 52, 0.0034472646446315055
46, 53, 0.0055118104535361355
46, 54, 0.0252273878571783
46, 55, 0.003044346851950675
46, 56, 0.0030479735337627166
46, 57, 0.003142551831268413
46, 58, 0.0030520498644730277
46, 59, 0.013758363846101735
46, 60, 0.0030625001778426353
46, 61, 0.009509142555899009
46, 62, 0.003085372849071223
46, 63, 0.011340699832088586
46, 64, 0.0030431568185645985
46, 65, 0.01470448374815461
46, 66, 0.011047416272280583
46, 67, 0.02184597491683569
46, 68, 0.0038449333909837233
46, 69, 0.003042776257661752
46, 70, 0.003047780697896297
46, 71, 0.0030434742204997933
46, 72, 0.0030426983968365796
46, 73, 0.009479594575277755
46, 74, 0.009733664885941573
46, 75, 0.013674151673508463
47, 48, 0.019921689338538995
47, 49, 0.018517396436930046
47, 50, 0.0243263700761875
47, 51, 0.010977100515055613
47, 52, 0.009930256329949379
47, 53, 0.02040414399524572
47, 54, 0.04909214250649077
47, 55, 0.010854338219822679
47, 56, 0.01390751175682924
47, 57, 0.011993522562845431
47, 58, 0.009699617294470003
47, 59, 0.028046580884991474
47, 60, 0.010022405295008231
47, 61, 0.016833768339813406
47, 62, 0.004875705656823347
47, 63, 0.01927294078537094
47, 64, 0.008741162106299136
47, 65, 0.02593696889145435
47, 66, 0.018423493845746288
47, 67, 0.04533215565494535
47, 68, 0.02006456821412532
47, 69, 0.007970300583856125
47, 70, 0.01409760245925125
47, 71, 0.009234032206196929
47, 72, 0.007922351297135775
47, 73, 0.01625780974042068
47, 74, 0.017015962155029648
47, 75, 0.02837516088286002
48, 49, 0.018885250887221577
48, 50, 0.02285685282038439
48, 51, 0.01993441676393064
48, 52, 0.018458891624342607
48, 53, 0.02009116191798731
48, 54, 0.04096754226952844
48, 55, 0.0199354127676268
48, 56, 0.01993568050473526
48, 57, 0.0197002752293528
48, 58, 0.01989893444068628
48, 59, 0.025423046522429004
48, 60, 0.01986157268669214
48, 61, 0.017734099577727456
48, 62, 0.018971715606027707
48, 63, 0.019445165180449836
48, 64, 0.019934174072473
48, 65, 0.024396899232163986
48, 66, 0.01880232267433065
48, 67, 0.037468789499861266
48, 68, 0.019960941727527708
48, 69, 0.019933802493374064
48, 70, 0.019936491252955366
48, 71, 0.019934145162457503
48, 72, 0.019934157492339056
48, 73, 0.017270266210862053
48, 74, 0.017839752189589348
48, 75, 0.02557765094880138
49, 50, 0.0208872147928207
49, 51, 0.01852146950119928
49, 52, 0.018034713156812404
49, 53, 0.01878442834460527
49, 54, 0.03298123055273136
49, 55, 0.01852175238220534
49, 56, 0.018522130539171365
49, 57, 0.018453418342781344
49, 58, 0.018510746455394977
49, 59, 0.022523534717277926
49, 60, 0.0184996203841719
49, 61, 0.01774682660923072
49, 62, 0.018205294668342496
49, 63, 0.018900829919663086
49, 64, 0.018521262305481578
49, 65, 0.02223507912609005
49, 66, 0.018473086219923916
49, 67, 0.030210844225119587
49, 68, 0.01859534060302579
49, 69, 0.018521113403029827
49, 70, 0.018522372905942965
49, 71, 0.01852127873689652
49, 72, 0.018521220020333264
49, 73, 0.017440620977904435
49, 74, 0.01781567457938842
49, 75, 0.02257452100996864
50, 51, 0.02433438495760589
50, 52, 0.02317567144536835
50, 53, 0.023598123999445966
50, 54, 0.03836821798606436
50, 55, 0.024335173859239636
50, 56, 0.024334016059587182
50, 57, 0.024147209680095625
50, 58, 0.024309057961905165
50, 59, 0.026244774685526495
50, 60, 0.024281284042301964
50, 61, 0.02018306297818377
50, 62, 0.023685990712698255
50, 63, 0.021324297628885606
50, 64, 0.02433482018956311
50, 65, 0.025289433195245722
50, 66, 0.020766323456296774
50, 67, 0.03546143788379911
50, 68, 0.02406465522498725
50, 69, 0.02433472275960706
50, 70, 0.02433460367888048
50, 71, 0.02433468545207501
50, 72, 0.024334977603801374
50, 73, 0.019718868890887593
50, 74, 0.020211893033923244
50, 75, 0.02637683130356973
51, 52, 0.009962847362995375
51, 53, 0.02043252987958096
51, 54, 0.04910506143724353
51, 55, 0.02281688960450929
51, 56, 0.021547764645614163
51, 57, 0.012221448238412008
51, 58, 0.011085014218265903
51, 59, 0.02805544825917838
51, 60, 0.010743977293521416
51, 61, 0.01683806502122726
51, 62, 0.004906075203884913
51, 63, 0.019277160856833217
51, 64, 0.02063016472816434
51, 65, 0.025942856324513538
51, 66, 0.01842736236254532
51, 67, 0.0453459606721539
51, 68, 0.02015816477188957
51, 69, 0.019687777131462164
51, 70, 0.02246107681838
51, 71, 0.0204853031745996
51, 72, 0.020736897243523244
51, 73, 0.01626164957475616
51, 74, 0.017020141165007434
51, 75, 0.02838447252527463
52, 53, 0.017563721640584822
52, 54, 0.046647938605245326
52, 55, 0.009961223194389664
52, 56, 0.009996090401219763
52, 57, 0.010273766666284817
52, 58, 0.009948071213243096
52, 59, 0.026666637098350602
52, 60, 0.009958042588186559
52, 61, 0.016382899293671812
52, 62, 0.00850037531586683
52, 63, 0.018752166922273324
52, 64, 0.009947019034000163
52, 65, 0.02503731066164513
52, 66, 0.01796633543527369
52, 67, 0.04279233839698271
52, 68, 0.014449165924682083
52, 69, 0.009942530670602702
52, 70, 0.009996194407264382
52, 71, 0.009949961650305731
52, 72, 0.009942628423876533
52, 73, 0.01587197499585009
52, 74, 0.016570118651890755
52, 75, 0.026922223715670542
53, 54, 0.044772911252771164
53, 55, 0.020434832175773805
53, 56, 0.020434783515712474
53, 57, 0.019910047318704147
53, 58, 0.020352205064974663
53, 59, 0.02667755977452906
53, 60, 0.020267894746488584
53, 61, 0.017405263899621933
53, 62, 0.018422319396534038
53, 63, 0.019434868809076123
53, 64, 0.02043227395148742
53, 65, 0.025185383457086853
53, 66, 0.01869254538789653
53, 67, 0.041079026741919614
53, 68, 0.020369188229265252
53, 69, 0.02043151060625469
53, 70, 0.02043663011285469
53, 71, 0.020432152744985853
53, 72, 0.02043231855292142
53, 73, 0.016880372111029735
53, 74, 0.017540744589246256
53, 75, 0.026903776301510616
54, 55, 0.04910689356308088
54, 56, 0.049100434681367836
54, 57, 0.048671704059882234
54, 58, 0.049053994355748864
54, 59, 0.0397085275216293
54, 60, 0.04899486932716326
54, 61, 0.03338813597646565
54, 62, 0.04797242532804247
54, 63, 0.03331193793373508
54, 64, 0.04910779847461152
54, 65, 0.036886129315112544
54, 66, 0.03258145834415029
54, 67, 0.04736927992619033
54, 68, 0.04765305086632675
54, 69, 0.04910811380384725
54, 70, 0.04910164906354736
54, 71, 0.04910717789476146
54, 72, 0.04910863321016837
54, 73, 0.032508087707109556
54, 74, 0.03315655746812418
54, 75, 0.04004145763940686
55, 56, 0.02277422080242144
55, 57, 0.012221698138247711
55, 58, 0.011049081582095584
55, 59, 0.028056425454586968
55, 60, 0.010720702582507138
55, 61, 0.01683830926693165
55, 62, 0.004892454575834298
55, 63, 0.019277474473234572
55, 64, 0.024551366244825987
55, 65, 0.02594346834171525
55, 66, 0.01842762856991815
55, 67, 0.04534787164304862
55, 68, 0.020165646757208864
55, 69, 0.02377279045481893
55, 70, 0.02392604776012707
55, 71, 0.023710530450864
55, 72, 0.026169708561906983
55, 73, 0.016261848650071006
55, 74, 0.017020384985619214
55, 75, 0.02838550690430723
56, 57, 0.012371725184526748
56, 58, 0.01227915143700404
56, 59, 0.02805428930901093
56, 60, 0.011391808158906214
56, 61, 0.01683915202536203
56, 62, 0.005023400212262443
56, 63, 0.01927769812461896
56, 64, 0.021736350853235338
56, 65, 0.025942350917500398
56, 66, 0.01842800792247092
56, 67, 0.04534135392697999
56, 68, 0.02016662145981607
56, 69, 0.02137147119535522
56, 70, 0.0225416407571144
56, 71, 0.0215980210420496
56, 72, 0.021886500834128818
56, 73, 0.016262759050363732
56, 74, 0.017021153322581344
56, 75, 0.028383196465926925
57, 58, 0.011929359917411694
57, 59, 0.027823954952363367
57, 60, 0.011772180399251304
57, 61, 0.016779018780313053
57, 62, 0.0071096518443249344
57, 63, 0.019201859342553623
57, 64, 0.01215117604600656
57, 65, 0.02579711558804681
57, 66, 0.01836327392748349
57, 67, 0.04489463961464823
57, 68, 0.018677849519201928
57, 69, 0.012128934645266822
57, 70, 0.012378297194998207
57, 71, 0.012163781871485023
57, 72, 0.0121318766792789
57, 73, 0.016213309340284972
57, 74, 0.016961225312315066
57, 75, 0.02813960216552588
58, 59, 0.028025520973051204
58, 60, 0.010281434520881495
58, 61, 0.01682774366647587
58, 62, 0.005103032221147336
58, 63, 0.019265676078685828
58, 64, 0.01042222124109764
58, 65, 0.02592364946207714
58, 66, 0.01841722238335994
58, 67, 0.045292255831134054
58, 68, 0.01989927919151979
58, 69, 0.01021578501330745
58, 70, 0.0123253186278614
58, 71, 0.010550793066770718
58, 72, 0.010222977872246701
58, 73, 0.016252775248673766
58, 74, 0.01700998770010906
58, 75, 0.028352897538523728
59, 60, 0.02799212385592168
59, 61, 0.021990098316848703
59, 62, 0.02732218471307256
59, 63, 0.022942605811760074
59, 64, 0.028056308836849585
59, 65, 0.026829647555671875
59, 66, 0.02236181085934378
59, 67, 0.036985416573942456
59, 68, 0.027570093594671836
59, 69, 0.028056289010225083
59, 70, 0.028054989183505803
59, 71, 0.028056084644557146
59, 72, 0.028056591193351292
59, 73, 0.021465342546053198
59, 74, 0.02197931111816349
59, 75, 0.028218166684490155
60, 61, 0.016817396066468978
60, 62, 0.005380735165218102
60, 63, 0.019253624169751567
60, 64, 0.010412243452498185
60, 65, 0.02590238288464614
60, 66, 0.018406716253310522
60, 67, 0.04523031097615421
60, 68, 0.019638530160190005
60, 69, 0.010312903180786712
60, 70, 0.011407402436154382
60, 71, 0.010474967428371073
60, 72, 0.010316778186552331
60, 73, 0.01624401483921318
60, 74, 0.01699976192422248
60, 75, 0.028317624252089425
61, 62, 0.016513508841938782
61, 63, 0.01816051440060589
61, 64, 0.016837649718323782
61, 65, 0.021758614861340314
61, 66, 0.017714070254172622
61, 67, 0.03039579390448124
61, 68, 0.017012789492463983
61, 69, 0.016837446981838755
61, 70, 0.01683938188084841
61, 71, 0.016837706041156204
61, 72, 0.016837548955424494
61, 73, 0.016538806840793986
61, 74, 0.01693042239033206
61, 75, 0.02203706691644771
62, 63, 0.018946591668494977
62, 64, 0.004847205850944499
62, 65, 0.025456979835827176
62, 66, 0.01812710993918043
62, 67, 0.04414716556567266
62, 68, 0.015064396288163173
62, 69, 0.004832740483665354
62, 70, 0.005017891698339172
62, 71, 0.0048587234122288376
62, 72, 0.004830448926194082
62, 73, 0.01597377869682032
62, 74, 0.016703257590527043
62, 75, 0.027614203945559503
63, 64, 0.01927702070936914
63, 65, 0.022597492875015363
63, 66, 0.018844250838292144
63, 67, 0.030578903422799345
63, 68, 0.019316522379832512
63, 69, 0.01927688372678152
63, 70, 0.019277959023778445
63, 71, 0.019277022963730156
63, 72, 0.019276998170790316
63, 73, 0.01784191151236921
63, 74, 0.01822145689943027
63, 75, 0.022999665263336515
64, 65, 0.02594329433102919
64, 66, 0.01842715662894173
64, 67, 0.045348715258410416
64, 68, 0.02015680127376619
64, 69, 0.017004969953779016
64, 70, 0.022963205858405205
64, 71, 0.019982937713611218
64, 72, 0.020216332250896692
64, 73, 0.016261208744625652
64, 74, 0.017019759996542174
64, 75, 0.028385406041680057
65, 66, 0.022101921459950342
65, 67, 0.034392041375856434
65, 68, 0.025681571211351114
65, 69, 0.025943250234930722
65, 70, 0.025942798080414706
65, 71, 0.025943171919466535
65, 72, 0.025943443720592495
65, 73, 0.021317755820558892
65, 74, 0.021753671710721113
65, 75, 0.02694609917674198
66, 67, 0.029855183748310674
66, 68, 0.018502138922034887
66, 69, 0.0184270131307028
66, 70, 0.01842823694107169
66, 71, 0.018427174007785256
66, 72, 0.018427113914656484
66, 73, 0.017416258644613672
66, 74, 0.017781835365577002
66, 75, 0.022409029578034576
67, 68, 0.04389063046725861
67, 69, 0.04534901271250107
67, 70, 0.045342629240798245
67, 71, 0.045348085829584904
67, 72, 0.045349558690579585
67, 73, 0.029565169147630115
67, 74, 0.03020945242323447
67, 75, 0.037298645343626896
68, 69, 0.020154151433520746
68, 70, 0.02017265682438351
68, 71, 0.02015650232021912
68, 72, 0.02015680130968644
68, 73, 0.01645301127651427
68, 74, 0.01717913971322394
68, 75, 0.02786136333646323
69, 70, 0.022626477981123487
69, 71, 0.017776254580163527
69, 72, 0.010988446360896263
69, 73, 0.016261011397142526
69, 74, 0.01701956809593545
69, 75, 0.02838539213893736
70, 71, 0.02273206367482256
70, 72, 0.023260216198401438
70, 73, 0.016262955311850142
70, 74, 0.017021379867968804
70, 75, 0.02838393532034645
71, 72, 0.019886069546077894
71, 73, 0.01626127288969156
71, 74, 0.017019810266055535
71, 75, 0.02838516470480121
72, 73, 0.016261098805048276
72, 74, 0.017019668490418072
72, 75, 0.028385711059845078
73, 74, 0.01663411322699142
73, 75, 0.02150202870292068
74, 75, 0.022025074686349483
