23
0, 1, 0.027750634015240846
0, 2, 0.021533115507750392
0, 3, 0.03969183430380304
0, 4, 0.015888560221059226
0, 5, 0.014211789919654634
0, 6, 0.019346859082183795
0, 7, 0.014953337837171113
0, 8, 0.02264366890073116
0, 9, 0.018881975352152518
0, 10, 0.023745589412578882
0, 11, 0.02074901244555837
0, 12, 0.0229579112355548
0, 13, 0.010025992317973824
0, 14, 0.024276629165630566
0, 15, 0.022507158358899205
0, 16, 0.019296207009822777
0, 17, 0.01684829761016448
0, 18, 0.03857365037407523
0, 19, 0.019818740628403504
0, 20, 0.026008276833244005
0, 21, 0.022372825462628566
0, 22, 0.022471525617221186
1, 2, 0.028409421683376485
1, 3, 0.03968764378111363
1, 4, 0.015895508073805863
1, 5, 0.01422103153299173
1, 6, 0.02509003524458667
1, 7, 0.015040771597981097
1, 8, 0.028689038206786113
1, 9, 0.023412482022951365
1, 10, 0.02918091141691508
1, 11, 0.025317827021879607
1, 12, 0.028198546017690163
1, 13, 0.010043886184086132
1, 14, 0.029183905983596367
1, 15, 0.0289845842977222
1, 16, 0.02618134231951252
1, 17, 0.023289419646451023
1, 18, 0.03855203780259637
1, 19, 0.026716663273876708
1, 20, 0.028864010533761916
1, 21, 0.0281206765861865
1, 22, 0.02893703122652242
2, 3, 0.03969460429965968
2, 4, 0.015887221461178224
2, 5, 0.01420987584481191
2, 6, 0.017109557599995974
2, 7, 0.014935645279688966
2, 8, 0.018714122508101835
2, 9, 0.017543347071964577
2, 10, 0.021411943625047947
2, 11, 0.019468593914472674
2, 12, 0.021190846236153103
2, 13, 0.010021813180884145
2, 14, 0.02336022028923688
2, 15, 0.015313792760789549
2, 16, 0.01540444030382445
2, 17, 0.01408511204759983
2, 18, 0.03858914573970121
2, 19, 0.015617719710606584
2, 20, 0.026548357804371425
2, 21, 0.019704337859331695
2, 22, 0.015664501496294458
3, 4, 0.02646446816899299
3, 5, 0.026712174211525774
3, 6, 0.03968651144282933
3, 7, 0.03735364186118936
3, 8, 0.03969468774634767
3, 9, 0.03967844505572323
3, 10, 0.03969526842232222
3, 11, 0.03968478277821258
3, 12, 0.039693181212945655
3, 13, 0.02786939408707621
3, 14, 0.03969496256133003
3, 15, 0.03969540721547695
3, 16, 0.039690414680136545
3, 17, 0.039683040755459524
3, 18, 0.039539754656844874
3, 19, 0.03969150325699201
3, 20, 0.03969166270573048
3, 21, 0.039693419590678174
3, 22, 0.039695321923527455
4, 5, 0.015126375534731808
4, 6, 0.01588775196856029
4, 7, 0.015813910942189213
4, 8, 0.015887540425941846
4, 9, 0.015888405511784484
4, 10, 0.015887695523393412
4, 11, 0.015889017223227764
4, 12, 0.0158881535250362
4, 13, 0.013856027757893165
4, 14, 0.015888009246077757
4, 15, 0.015887274777425277
4, 16, 0.01588719976738245
4, 17, 0.015886523302554793
4, 18, 0.01853696915881326
4, 19, 0.015887254487727785
4, 20, 0.015890694164234904
4, 21, 0.01588783315238806
4, 22, 0.015887291089321
5, 6, 0.014211108935015569
5, 7, 0.014276203510341633
5, 8, 0.014210281452372889
5, 9, 0.014212498782916541
5, 10, 0.014210442036491067
5, 11, 0.014212857485232272
5, 12, 0.014211174173464961
5, 13, 0.012578368613069154
5, 14, 0.014210867295308054
5, 15, 0.01420989011363323
5, 16, 0.014210132137320482
5, 17, 0.014209760299931654
5, 18, 0.01755740131018099
5, 19, 0.01421012883181056
5, 20, 0.01421455287876731
5, 21, 0.014210744924879854
5, 22, 0.014209916933044991
6, 7, 0.01494531196616066
6, 8, 0.017918621222622482
6, 9, 0.017588640686078415
6, 10, 0.018415464265568473
6, 11, 0.018792312189131428
6, 12, 0.01892630476590721
6, 13, 0.010026069523480265
6, 14, 0.019070106320343633
6, 15, 0.017353155391076423
6, 16, 0.016730037672136485
6, 17, 0.015544595097624826
6, 18, 0.03854272969700256
6, 19, 0.016906732200439298
6, 20, 0.02229364544563639
6, 21, 0.01833713638966567
6, 22, 0.017385218708107938
7, 8, 0.014939582730374169
7, 9, 0.014956427603587234
7, 10, 0.01494129160316154
7, 11, 0.014961636168982906
7, 12, 0.014947778380870557
7, 13, 0.0106908051583042
7, 14, 0.014945310771439055
7, 15, 0.014936001889376984
7, 16, 0.01493697553981501
7, 17, 0.014931395428468107
7, 18, 0.029431055324097673
7, 19, 0.014937240448881882
7, 20, 0.014979872747825728
7, 21, 0.014943705650207776
7, 22, 0.014936237565239817
8, 9, 0.01798865179781837
8, 10, 0.024600041349425932
8, 11, 0.020042680115969026
8, 12, 0.02272733686586142
8, 13, 0.010022532576390453
8, 14, 0.025640964438719396
8, 15, 0.020789720387458938
8, 16, 0.016851957455178812
8, 17, 0.01484780009866617
8, 18, 0.03858973920866072
8, 19, 0.01731491955774012
8, 20, 0.027174945094215072
8, 21, 0.021566643000988293
8, 22, 0.02077242923797225
9, 10, 0.018263362962933977
9, 11, 0.018593076579986823
9, 12, 0.018589699024635253
9, 13, 0.010030603538793063
9, 14, 0.01863875293751779
9, 15, 0.017690265911415558
9, 16, 0.017229201186187742
9, 17, 0.016282228652166632
9, 18, 0.03849668309728971
9, 19, 0.017359687809797145
9, 20, 0.020911413889957174
9, 21, 0.018231109572092157
9, 22, 0.01770563124620688
10, 11, 0.020481380245699156
10, 12, 0.024270715112015985
10, 13, 0.01002268157533053
10, 14, 0.02869831965696994
10, 15, 0.025507020834345594
10, 16, 0.017646739166291996
10, 17, 0.01517689118372447
10, 18, 0.038593143805392985
10, 19, 0.018297932459806217
10, 20, 0.028130176849113894
10, 21, 0.023242229850900728
10, 22, 0.0251498691158825
11, 12, 0.02056560739957497
11, 13, 0.010029687477014888
11, 14, 0.02089343022313709
11, 15, 0.019780915187753056
11, 16, 0.0186242925992689
11, 17, 0.017100461053475517
11, 18, 0.03853325826677874
11, 19, 0.018878408770042363
11, 20, 0.023057714038134287
11, 21, 0.02016150436561356
11, 22, 0.019786360520630385
12, 13, 0.010024534988265742
12, 14, 0.024916284365648925
12, 15, 0.02254990276974558
12, 16, 0.018648933162217666
12, 17, 0.016180637896483427
12, 18, 0.038581267657981005
12, 19, 0.019210524786415644
12, 20, 0.02656122812342601
12, 21, 0.022361440058556992
12, 22, 0.02249723206018499
13, 14, 0.01002353336308012
13, 15, 0.010021640074242036
13, 16, 0.010023319803577044
13, 17, 0.010024469744457983
13, 18, 0.01572477287751171
13, 19, 0.010023043834751885
13, 20, 0.010031075229902545
13, 21, 0.01002369270855522
13, 22, 0.010021710166187196
14, 15, 0.026769868006598363
14, 16, 0.018809463359453115
14, 17, 0.015905105548784278
14, 18, 0.038591489135451365
14, 19, 0.01958348433397056
14, 20, 0.02820877526011558
14, 21, 0.024125097572811727
14, 22, 0.026465772764683804
15, 16, 0.015623874105431111
15, 17, 0.014106588675028831
15, 18, 0.038593797321739384
15, 19, 0.015920059275463968
15, 20, 0.027628132157025125
15, 21, 0.020997055445761706
15, 22, 0.017397290051925703
16, 17, 0.014487325158139212
16, 18, 0.03856498902020112
16, 19, 0.01566784441067591
16, 20, 0.023246645871512803
16, 21, 0.01771220051919279
16, 22, 0.01571364249450333
17, 18, 0.038522340385599096
17, 19, 0.014499875431594252
17, 20, 0.01986429749597997
17, 21, 0.015550048831876688
17, 22, 0.014161588699873958
18, 19, 0.03857127896328791
18, 20, 0.03857341997993207
18, 21, 0.038582528712273405
18, 22, 0.038593310825390074
19, 20, 0.02397097482894322
19, 21, 0.01819180553384836
19, 22, 0.016022656392083907
20, 21, 0.02632326565612648
20, 22, 0.027542758767378318
21, 22, 0.020981574087248815
