21
0, 1, 0.01642965749918794
0, 2, 0.014037371746955876
0, 3, 0.01748857218524206
0, 4, 0.01612022095240561
0, 5, 0.01795001590245685
0, 6, 0.014413912642098004
0, 7, 0.022464495782791367
0, 8, 0.01594698608086538
0, 9, 0.015544792401197808
0, 10, 0.022649685691396172
0, 11, 0.01624796553473298
0, 12, 0.016718671133910484
0, 13, 0.014381986366697434
0, 14, 0.016815256834400504
0, 15, 0.015399492972157475
0, 16, 0.01552328374350419
0, 17, 0.018000940644660946
0, 18, 0.017603512215419014
0, 19, 0.01947571877056587
0, 20, 0.01566788886664858
1, 2, 0.014036503203370843
1, 3, 0.013707455075263976
1, 4, 0.013417114775209222
1, 5, 0.01546092048514385
1, 6, 0.014411034763248022
1, 7, 0.020748771222411394
1, 8, 0.0159461912800791
1, 9, 0.01548924405304357
1, 10, 0.02184080587793195
1, 11, 0.01197810940263829
1, 12, 0.016310994520856544
1, 13, 0.014334511376435835
1, 14, 0.013413352000391733
1, 15, 0.01494046379322237
1, 16, 0.015517827247926056
1, 17, 0.013753707756152745
1, 18, 0.014157178511618126
1, 19, 0.015766850161088423
1, 20, 0.015511829734202063
2, 3, 0.014036711837961098
2, 4, 0.014036598129847292
2, 5, 0.014037144658132971
2, 6, 0.014121951421746005
2, 7, 0.014038354288179107
2, 8, 0.014972367090613102
2, 9, 0.014057029806621534
2, 10, 0.014040576513558794
2, 11, 0.014036410831559999
2, 12, 0.014040786619879403
2, 13, 0.014042006427795337
2, 14, 0.014036639794223857
2, 15, 0.014038330878796397
2, 16, 0.014223443851330437
2, 17, 0.01403672759287375
2, 18, 0.014036794430751244
2, 19, 0.014037036491041788
2, 20, 0.014044097072836622
3, 4, 0.014173277346204854
3, 5, 0.016405648265480244
3, 6, 0.014411764076453452
3, 7, 0.02220760407299305
3, 8, 0.015946441457303732
3, 9, 0.01550571933884738
3, 10, 0.022558262408868202
3, 11, 0.01308014150603432
3, 12, 0.016451614274674717
3, 13, 0.01434645709687299
3, 14, 0.01443662071174599
3, 15, 0.015071067137527977
3, 16, 0.0155194447536762
3, 17, 0.015247208679073415
3, 18, 0.015337281847813928
3, 19, 0.017500492679153073
3, 20, 0.015558694560456702
4, 5, 0.015394088220340154
4, 6, 0.014411251624508658
4, 7, 0.019302015412901066
4, 8, 0.01594612540781226
4, 9, 0.015487456923042365
4, 10, 0.020874104262055715
4, 11, 0.013007976737241645
4, 12, 0.016260489699657526
4, 13, 0.01433841862191999
4, 14, 0.013913184711900749
4, 15, 0.014951527063605873
4, 16, 0.01551763462343272
4, 17, 0.014255276990471716
4, 18, 0.014462793264167505
4, 19, 0.015561961825052921
4, 20, 0.015506449939297224
5, 6, 0.014413127437313041
5, 7, 0.021397144744046623
5, 8, 0.01594672712989077
5, 9, 0.015527606193280814
5, 10, 0.022063683014744533
5, 11, 0.015202896341862457
5, 12, 0.016578333790121354
5, 13, 0.014369125022799092
5, 14, 0.015880824647070725
5, 15, 0.015264384116876115
5, 16, 0.015521592646683482
5, 17, 0.016761631248732065
5, 18, 0.016580216592845084
5, 19, 0.018162309419208957
5, 20, 0.015619323129002423
6, 7, 0.014417266911490532
6, 8, 0.015586327817532435
6, 9, 0.014461560649358947
6, 10, 0.014424481222415114
6, 11, 0.014410748073263377
6, 12, 0.014423531628289419
6, 13, 0.014407742112075433
6, 14, 0.014411480201801087
6, 15, 0.014415277489580922
6, 16, 0.014775675651051643
6, 17, 0.014411851093634015
6, 18, 0.014412024574506997
6, 19, 0.014412899298140932
6, 20, 0.014430522860042615
7, 8, 0.015948039159593894
7, 9, 0.015615689304693401
7, 10, 0.024759739492202823
7, 11, 0.020979350808664584
7, 12, 0.017284543828028312
7, 13, 0.014437063447891906
7, 14, 0.02091071328204263
7, 15, 0.01596673671806238
7, 16, 0.015530252845715683
7, 17, 0.023404237666745053
7, 18, 0.02201662653384097
7, 19, 0.02498514958840533
7, 20, 0.015868142989151648
8, 9, 0.015940218780109275
8, 10, 0.015949852012263073
8, 11, 0.015946137142657073
8, 12, 0.01594752920805355
8, 13, 0.015917365103484727
8, 14, 0.01594630502516371
8, 15, 0.015945051439314087
8, 16, 0.015890853376427188
8, 17, 0.015946510220686647
8, 18, 0.01594649642862648
8, 19, 0.015946831118592658
8, 20, 0.01594461094740008
9, 10, 0.015742166712710358
9, 11, 0.015484877553591687
9, 12, 0.01561688071188145
9, 13, 0.014857624896273862
9, 14, 0.015497423959454719
9, 15, 0.015463966123760376
9, 16, 0.015518800339696435
9, 17, 0.015509580587347964
9, 18, 0.015509939421685513
9, 19, 0.015531451655072581
9, 20, 0.0155243727103463
10, 11, 0.0219963962715953
10, 12, 0.017966621701785455
10, 13, 0.014553764937331919
10, 14, 0.02189037975472097
10, 15, 0.016826487009313974
10, 16, 0.015543037251061407
10, 17, 0.02309813411121213
10, 18, 0.02245486328422378
10, 19, 0.023784888651765868
10, 20, 0.016201715656167577
11, 12, 0.01628564833362345
11, 13, 0.014329696026103636
11, 14, 0.012855614547296487
11, 15, 0.014897563052671392
11, 16, 0.015517403742011554
11, 17, 0.013008643701979206
11, 18, 0.013640781048617448
11, 19, 0.015345281184618878
11, 20, 0.015499517670631959
12, 13, 0.014530813058435801
12, 14, 0.016369350650939224
12, 15, 0.01580943558966646
12, 16, 0.015531279611367788
12, 17, 0.01649759973282132
12, 18, 0.01647702990454483
12, 19, 0.01667607474773693
12, 20, 0.01581204166212376
13, 14, 0.014341900016293983
13, 15, 0.014405218434127825
13, 16, 0.015390470202822982
13, 17, 0.01434779650365351
13, 18, 0.014350802673259154
13, 19, 0.014365092361220504
13, 20, 0.01460782921945609
14, 15, 0.015011401823575129
14, 16, 0.015518627443770765
14, 17, 0.014593598803868311
14, 18, 0.014801281497517589
14, 19, 0.016433298473756266
14, 20, 0.015534903008713713
15, 16, 0.01551480748590364
15, 17, 0.015096569553362811
15, 18, 0.015109530161930817
15, 19, 0.015279531762354312
15, 20, 0.015445780840422432
16, 17, 0.015519824942842122
16, 18, 0.015519857156389535
16, 19, 0.01552196424724917
16, 20, 0.015521372492430822
17, 18, 0.01566593914201895
17, 19, 0.018468051013355344
17, 20, 0.015569980237707214
18, 19, 0.017687784877816075
18, 20, 0.01557048962381184
19, 20, 0.015632300852125885
