32
0, 1, 0.030862189629515695
0, 2, 0.030084802247466975
0, 3, 0.0369811875023329
0, 4, 0.03374832694594239
0, 5, 0.030961844415609164
0, 6, 0.011986680206033721
0, 7, 0.01580320302126461
0, 8, 0.03268138208020006
0, 9, 0.029818431123620894
0, 10, 0.023128917825203488
0, 11, 0.024361342054032415
0, 12, 0.009917527424357874
0, 13, 0.035857715287835386
0, 14, 0.030351390913296826
0, 15, 0.009796248921313155
0, 16, 0.026639928061306193
0, 17, 0.012848761875318663
0, 18, 0.03041720452391194
0, 19, 0.023243516007642708
0, 20, 0.02919858925500905
0, 21, 0.029476993820673963
0, 22, 0.03296235516886551
0, 23, 0.008276706030812424
0, 24, 0.026933915456358495
0, 25, 0.014403264212425462
0, 26, 0.02966112286897472
0, 27, 0.0254946025852265
0, 28, 0.0392999387638584
0, 29, 0.029378278747433192
0, 30, 0.011231638760207826
0, 31, 0.009078440244715337
1, 2, 0.02827994394999764
1, 3, 0.035454829609798226
1, 4, 0.033382222260654466
1, 5, 0.02936641929346097
1, 6, 0.011984175422344923
1, 7, 0.015648736483445228
1, 8, 0.02943506734979535
1, 9, 0.028715952669251317
1, 10, 0.022705456946922924
1, 11, 0.023669652758754847
1, 12, 0.009917143281952985
1, 13, 0.034566501826524945
1, 14, 0.028815004956863382
1, 15, 0.009781931061335706
1, 16, 0.024416339817279805
1, 17, 0.012812806103676298
1, 18, 0.027689911181013063
1, 19, 0.022863136666684776
1, 20, 0.02667436814726884
1, 21, 0.02724600399499823
1, 22, 0.030792578883367408
1, 23, 0.008276365291121779
1, 24, 0.026584803728085096
1, 25, 0.01399610479309
1, 26, 0.02664431058398887
1, 27, 0.02323563147314538
1, 28, 0.037967302313168846
1, 29, 0.026914683114568815
1, 30, 0.011231376431816407
1, 31, 0.009078004302505879
2, 3, 0.03488047817661892
2, 4, 0.03323612873500726
2, 5, 0.028621143022896724
2, 6, 0.0119824358559515
2, 7, 0.015548821301953699
2, 8, 0.027876488835798685
2, 9, 0.028194971044590345
2, 10, 0.022471607271125724
2, 11, 0.023295325480697227
2, 12, 0.009916865939315303
2, 13, 0.03406554154940666
2, 14, 0.028085659492056766
2, 15, 0.00977156583494605
2, 16, 0.023204569840521362
2, 17, 0.012788219907910235
2, 18, 0.02632188097680038
2, 19, 0.022654072288161756
2, 20, 0.025374969046576174
2, 21, 0.02612223458451922
2, 22, 0.029814567814487165
2, 23, 0.008276111896772183
2, 24, 0.02641135454132121
2, 25, 0.013722477423312972
2, 26, 0.025076234843646364
2, 27, 0.021965157422544315
2, 28, 0.03751793549630655
2, 29, 0.025656574706106678
2, 30, 0.011231191617793205
2, 31, 0.009077684720018426
3, 4, 0.03473498462486139
3, 5, 0.0351749305940927
3, 6, 0.011997278456130646
3, 7, 0.016411667258335032
3, 8, 0.04006597975899956
3, 9, 0.03291257640186752
3, 10, 0.02456473097434523
3, 11, 0.026606476604372542
3, 12, 0.009919204006134393
3, 13, 0.03893541115039901
3, 14, 0.03448361504883714
3, 15, 0.009858785347963295
3, 16, 0.03284016472729969
3, 17, 0.01299852827672507
3, 18, 0.03718615392589218
3, 19, 0.02453449866119602
3, 20, 0.03572568139313801
3, 21, 0.035319833490332686
3, 22, 0.0382132311785711
3, 23, 0.008278228769391117
3, 24, 0.028036381608243448
3, 25, 0.016013845982421285
3, 26, 0.03714301018498233
3, 27, 0.03193100184547565
3, 28, 0.04216970704291723
3, 29, 0.035747582932316446
3, 30, 0.011232761635492385
3, 31, 0.009080366213498529
4, 5, 0.03335343413136297
4, 6, 0.012100332762165447
4, 7, 0.020243379162483154
4, 8, 0.03388178309540216
4, 9, 0.03279148431831228
4, 10, 0.02828428135648482
4, 11, 0.03011761437917579
4, 12, 0.00993660061370686
4, 13, 0.03453066466298973
4, 14, 0.03318955622634473
4, 15, 0.010490644862097944
4, 16, 0.0327554850345782
4, 17, 0.014317767376158806
4, 18, 0.03352062556212054
4, 19, 0.02805769558792312
4, 20, 0.0332920358201565
4, 21, 0.033258451941913625
4, 22, 0.03386144112211065
4, 23, 0.008294720121574476
4, 24, 0.029967330685626632
4, 25, 0.02340217235470669
4, 26, 0.033462131805985555
4, 27, 0.03257141279350507
4, 28, 0.035400499088403134
4, 29, 0.0333053770900321
4, 30, 0.011243988334073477
4, 31, 0.009100800021107316
5, 6, 0.011986903443869048
5, 7, 0.01578598101413792
5, 8, 0.029829394914976565
5, 9, 0.028906512362774604
5, 10, 0.02291887613943987
5, 11, 0.023978197253876985
5, 12, 0.009917603179480039
5, 13, 0.03438825132457432
5, 14, 0.029066925353361663
5, 15, 0.0097991606050356
5, 16, 0.025253650875174512
5, 17, 0.012850335793271838
5, 18, 0.028261265475262958
5, 19, 0.023052064520903234
5, 20, 0.027333818419409597
5, 21, 0.02777382625363402
5, 22, 0.030921742149545683
5, 23, 0.0082768022247228
5, 24, 0.026688246468477138
5, 25, 0.01438806618387302
5, 26, 0.027418722963700674
5, 27, 0.024215538088473577
5, 28, 0.03754054197033301
5, 29, 0.027531124927109494
5, 30, 0.011231672513761747
5, 31, 0.009078545215539245
6, 7, 0.012019078774900232
6, 8, 0.011973526647489949
6, 9, 0.011997313247177802
6, 10, 0.012022505405709106
6, 11, 0.012001882579581282
6, 12, 0.010187616371560309
6, 13, 0.012002405588994914
6, 14, 0.011987079546581035
6, 15, 0.011634657043111245
6, 16, 0.011974210509468196
6, 17, 0.012016055936857157
6, 18, 0.011974512951510573
6, 19, 0.012030471366412852
6, 20, 0.011974695013600168
6, 21, 0.011977161870592917
6, 22, 0.011981443915743331
6, 23, 0.008714294070122712
6, 24, 0.012061944890069126
6, 25, 0.011972972301355897
6, 26, 0.011972354986065132
6, 27, 0.01197275115751196
6, 28, 0.012006884222976275
6, 29, 0.011975273578832378
6, 30, 0.011300329928996943
6, 31, 0.009502832657479848
7, 8, 0.015111135926642667
7, 9, 0.016248775837882083
7, 10, 0.016737234594592896
7, 11, 0.01618725423761395
7, 12, 0.009927179942499658
7, 13, 0.016644255790618342
7, 14, 0.015782788093965945
7, 15, 0.010138246395617641
7, 16, 0.015084151981914333
7, 17, 0.013088325429744913
7, 18, 0.015145141827114385
7, 19, 0.016969748095890556
7, 20, 0.01514186396802557
7, 21, 0.015272722537064217
7, 22, 0.01553838418821175
7, 23, 0.008288499410724879
7, 24, 0.018308845168932445
7, 25, 0.01427424929301966
7, 26, 0.01502333811334321
7, 27, 0.01499472584414003
7, 28, 0.016935441984386665
7, 29, 0.015173996795873208
7, 30, 0.011236231968197369
7, 31, 0.00909150586106559
8, 9, 0.028711413371831303
8, 10, 0.021962882348667664
8, 11, 0.022561384402567806
8, 12, 0.009915316679330273
8, 13, 0.03761840457898369
8, 14, 0.028874593231003238
8, 15, 0.009713133490395858
8, 16, 0.018453350091350747
8, 17, 0.012666023186657998
8, 18, 0.025059498363922007
8, 19, 0.02222146534197528
8, 20, 0.022650229793038303
8, 21, 0.02515301961147813
8, 22, 0.03356971650471226
8, 23, 0.00827460919620385
8, 24, 0.02636987263049681
8, 25, 0.012290010253538307
8, 26, 0.018706331970288804
8, 27, 0.015387819737749246
8, 28, 0.043091107566413434
8, 29, 0.023599596052970385
8, 30, 0.011230213359285717
8, 31, 0.009075842311662616
9, 10, 0.023367871508150125
9, 11, 0.024493764131348385
9, 12, 0.00991940996994083
9, 13, 0.03257144836156775
9, 14, 0.028555281709083596
9, 15, 0.009866642115893384
9, 16, 0.025972623130132596
9, 17, 0.012990028802080063
9, 18, 0.027865538715231786
9, 19, 0.02344810566530658
9, 20, 0.02731002389512009
9, 21, 0.027594044578425906
9, 22, 0.029630333764850664
9, 23, 0.008278551011393818
9, 24, 0.026739307768982132
9, 25, 0.015653117387766192
9, 26, 0.02735690438679247
9, 27, 0.025312802297866793
9, 28, 0.034848468623257085
9, 29, 0.027432974749552308
9, 30, 0.01123281581271407
9, 31, 0.009080691345575272
10, 11, 0.022025395512906387
10, 12, 0.009924413247606052
10, 13, 0.024804182832734452
10, 14, 0.022838628198928523
10, 15, 0.010049690178253893
10, 16, 0.02144516532817989
10, 17, 0.013283887594753645
10, 18, 0.0218755197362826
10, 19, 0.021987101481294232
10, 20, 0.021773749791834832
10, 21, 0.021998499287285977
10, 22, 0.02273222620661737
10, 23, 0.008283772053492759
10, 24, 0.024306592053204647
10, 25, 0.016807212515594177
10, 26, 0.021621174303114707
10, 27, 0.021204991491707542
10, 28, 0.02567211551885753
10, 29, 0.021838666574354154
10, 30, 0.011235748151681275
10, 31, 0.009086881330816074
11, 12, 0.009920534911001996
11, 13, 0.026833462190218507
11, 14, 0.02383245442349627
11, 15, 0.009908464297209417
11, 16, 0.021620060591508006
11, 17, 0.01303531873269536
11, 18, 0.0223808728105397
11, 19, 0.022195220905217774
11, 20, 0.022193644902371707
11, 21, 0.02255825266410646
11, 22, 0.02379410793805465
11, 23, 0.00827984303672568
11, 24, 0.02507524640720745
11, 25, 0.015613964908339092
11, 26, 0.021947289807663927
11, 27, 0.02121360343580277
11, 28, 0.028233760123138347
11, 29, 0.022302009786654895
11, 30, 0.011233401819429114
11, 31, 0.009082160558290404
12, 13, 0.00992007923783936
12, 14, 0.00991764907129589
12, 15, 0.009909677108726136
12, 16, 0.009915532411335875
12, 17, 0.00994359699929575
12, 18, 0.009915512894897562
12, 19, 0.009925844945954608
12, 20, 0.009915563852771427
12, 21, 0.009915980104921816
12, 22, 0.009916641313469414
12, 23, 0.009044392458517056
12, 24, 0.00993084492430501
12, 25, 0.009916922831118587
12, 26, 0.009915157019361237
12, 27, 0.009915304897917027
12, 28, 0.009920741373744582
12, 29, 0.009915659527859867
12, 30, 0.010695720654279291
12, 31, 0.00952155737096157
13, 14, 0.03381746790837048
13, 15, 0.009891413288951349
13, 16, 0.03227337923088568
13, 17, 0.013067653535799806
13, 18, 0.03561032500651502
13, 19, 0.02475256783639666
13, 20, 0.03452465321309575
13, 21, 0.034290571672484116
13, 22, 0.03667113985977145
13, 23, 0.008279066736306816
13, 24, 0.02810319500188038
13, 25, 0.016615446278116085
13, 26, 0.03547347974299859
13, 27, 0.03152766814277528
13, 28, 0.04058154630993646
13, 29, 0.03456138733437843
13, 30, 0.011233321154757923
13, 31, 0.009081399814227164
14, 15, 0.009800909295461417
14, 16, 0.024773178164918048
14, 17, 0.012852117707391449
14, 18, 0.02752131088279055
14, 19, 0.02297851904707208
14, 20, 0.026689122109264756
14, 21, 0.027171662446781486
14, 22, 0.030185302904512865
14, 23, 0.008276856117807091
14, 24, 0.02658964040070872
14, 25, 0.014393117792464659
14, 26, 0.02666730463338331
14, 27, 0.023778342702566405
14, 28, 0.036853907377064836
14, 29, 0.02688910281009387
14, 30, 0.011231695677596264
14, 31, 0.009078605935455635
15, 16, 0.009721593039102097
15, 17, 0.010537294067693617
15, 18, 0.009720632535458296
15, 19, 0.010101131444902023
15, 20, 0.009722617668267364
15, 21, 0.009738291989667592
15, 22, 0.009762990994537507
15, 23, 0.008307485716681271
15, 24, 0.010281344741352358
15, 25, 0.009777484268122465
15, 26, 0.009707235630896791
15, 27, 0.009713084811074617
15, 28, 0.009916020376112805
15, 29, 0.00972621628743867
15, 30, 0.011202696758410397
15, 31, 0.009094147666390273
16, 17, 0.012672354850257934
16, 18, 0.018529485592195295
16, 19, 0.02174386856534073
16, 20, 0.0180863420050123
16, 21, 0.020200031210484304
16, 22, 0.02515084303583099
16, 23, 0.008274878409223026
16, 24, 0.02571041523917368
16, 25, 0.012387862506767646
16, 26, 0.015443008037952299
16, 27, 0.014730850495065903
16, 28, 0.03620604698339159
16, 29, 0.01870810717731739
16, 30, 0.011230312374236938
16, 31, 0.00907613817878656
17, 18, 0.012678843951606655
17, 19, 0.013380126000115466
17, 20, 0.01268072643973455
17, 21, 0.012715054617148556
17, 22, 0.012776601296363255
17, 23, 0.008314758279370588
17, 24, 0.013791858608166698
17, 25, 0.012608357068435529
17, 26, 0.012648431794499357
17, 27, 0.012651436739888803
17, 28, 0.013132768576872627
17, 29, 0.012688851728769079
17, 30, 0.011240241786077422
17, 31, 0.009117723223573754
18, 19, 0.022137405128035397
18, 20, 0.021451220138154037
18, 21, 0.02359687538777693
18, 22, 0.03009548067595261
18, 23, 0.008274814851267532
18, 24, 0.026199806506041073
18, 25, 0.012456864778570128
18, 26, 0.018736274315203832
18, 27, 0.016219659715877792
18, 28, 0.04035972997029554
18, 29, 0.022177689373368913
18, 30, 0.011230327738119479
18, 31, 0.009076085712567334
19, 20, 0.022043485260083505
19, 21, 0.02223882918744901
19, 22, 0.022893924771475005
19, 23, 0.008285183104471223
19, 24, 0.02430397196641057
19, 25, 0.017242876042755005
19, 26, 0.02191515343562604
19, 27, 0.021529972923735152
19, 28, 0.025537055420309644
19, 29, 0.022100344270655194
19, 30, 0.011236638830491082
19, 31, 0.009088598126971232
20, 21, 0.022589277923867078
20, 22, 0.028429466215132534
20, 23, 0.008274876227590641
20, 24, 0.026067813116565808
20, 25, 0.012482532597072592
20, 26, 0.01791706618492396
20, 27, 0.01602295917043949
20, 28, 0.03896235186756041
20, 29, 0.021172556394886
20, 30, 0.01123035250047267
20, 31, 0.009076154147161635
21, 22, 0.02891921086924659
21, 23, 0.008275272136196334
21, 24, 0.02617210358849617
21, 25, 0.012894440228336182
21, 26, 0.021283243943269064
21, 27, 0.018504474284386146
21, 28, 0.03834342510284836
21, 29, 0.02306828207851513
21, 30, 0.01123062019441673
21, 31, 0.009076644028383972
22, 23, 0.00827586190078222
22, 24, 0.02676225288469726
22, 25, 0.013621977895790982
22, 26, 0.028901900715337207
22, 27, 0.023593009705114514
22, 28, 0.04077245837312054
22, 29, 0.028702910868163588
22, 30, 0.011231069697115778
22, 31, 0.009077396543267245
23, 24, 0.0082897215294921
23, 25, 0.008277221830595826
23, 26, 0.008274481577566191
23, 27, 0.008274673961366238
23, 28, 0.00827963672774489
23, 29, 0.008274965987908979
23, 30, 0.009940381120445901
23, 31, 0.008625617208117073
24, 25, 0.019709600808023798
24, 26, 0.026049111824220518
24, 27, 0.02552215829015229
24, 28, 0.02886343807737991
24, 29, 0.026105879439724353
24, 30, 0.011239990545326106
24, 31, 0.00909433895864781
25, 26, 0.012075505999129063
25, 27, 0.012138549816175003
25, 28, 0.017351226660485344
25, 29, 0.0125814010624909
25, 30, 0.011230573353944166
25, 31, 0.009078443471286697
26, 27, 0.012660583837956726
26, 28, 0.04054482474867061
26, 29, 0.018993817510704246
26, 30, 0.011230095645390726
26, 31, 0.00907567029893309
27, 28, 0.03546426379278809
27, 29, 0.016727983406835414
27, 30, 0.011230158647904857
27, 31, 0.009075878252948979
28, 29, 0.03892653395279423
28, 30, 0.011233784073692956
28, 31, 0.00908213987642162
29, 30, 0.011230414797772778
29, 31, 0.009076265934020512
30, 31, 0.010418664036732599
