67
0, 1, 0.020101142684029565
0, 2, 0.015961750547695802
0, 3, 0.023523569453011067
0, 4, 0.03127759774982451
0, 5, 0.055273222139227945
0, 6, 0.039087738054199454
0, 7, 0.015175132960196241
0, 8, 0.016099455733378395
0, 9, 0.02079574564056841
0, 10, 0.04134508225895152
0, 11, 0.017743282793402718
0, 12, 0.018612862610671684
0, 13, 0.015134868981071208
0, 14, 0.01559984406066785
0, 15, 0.030730516382247594
0, 16, 0.03666407449748491
0, 17, 0.012294059076717887
0, 18, 0.025472686809162388
0, 19, 0.02539140722575681
0, 20, 0.02544376226265222
0, 21, 0.01554943224764575
0, 22, 0.014799809056532427
0, 23, 0.03964804714069293
0, 24, 0.02015424983865972
0, 25, 0.017718263786644123
0, 26, 0.024653093034656154
0, 27, 0.01793995249707127
0, 28, 0.030047337887445482
0, 29, 0.03534830344943452
0, 30, 0.017504322719396365
0, 31, 0.02946707707185761
0, 32, 0.014063165006530915
0, 33, 0.017282321244074368
0, 34, 0.009050036782631376
0, 35, 0.014019986226106534
0, 36, 0.03565733569082561
0, 37, 0.017157918650150636
0, 38, 0.04558755586914898
0, 39, 0.010372019595037562
0, 40, 0.01584245919685955
0, 41, 0.010728455384637481
0, 42, 0.021307220704783095
0, 43, 0.057655684105372765
0, 44, 0.0087166975050453
0, 45, 0.026288775644745858
0, 46, 0.060455959319355115
0, 47, 0.016257135674497068
0, 48, 0.018995620063124562
0, 49, 0.03478382522205592
0, 50, 0.01989688879838685
0, 51, 0.016194798392708397
0, 52, 0.03234435631088793
0, 53, 0.04001931173517823
0, 54, 0.01512065351869732
0, 55, 0.024531525969532713
0, 56, 0.0387346119129866
0, 57, 0.053133778675827754
0, 58, 0.043040230559468026
0, 59, 0.015120275067253157
0, 60, 0.0241595886829688
0, 61, 0.029771525011601515
0, 62, 0.032184506282829733
0, 63, 0.016592734638148282
0, 64, 0.033599667339176055
0, 65, 0.01780224244180506
0, 66, 0.015107159211621505
1, 2, 0.015983855683974837
1, 3, 0.020713842681506264
1, 4, 0.021473177189026565
1, 5, 0.05386418583713728
1, 6, 0.02722916199531944
1, 7, 0.020258259665704943
1, 8, 0.020262987797283985
1, 9, 0.020436982510819168
1, 10, 0.03158993020429103
1, 11, 0.020329321182949302
1, 12, 0.020353978504848748
1, 13, 0.020248771117874986
1, 14, 0.02026946323066382
1, 15, 0.02138609375263188
1, 16, 0.021886603107445387
1, 17, 0.019859739655929375
1, 18, 0.025324308570174384
1, 19, 0.025300154372110417
1, 20, 0.02150298776561621
1, 21, 0.020220289794138115
1, 22, 0.020095273388535465
1, 23, 0.025190574550174635
1, 24, 0.020407834252991475
1, 25, 0.02025953075053731
1, 26, 0.024578633875508023
1, 27, 0.020334571391963666
1, 28, 0.021421836875615927
1, 29, 0.023905626056650576
1, 30, 0.020304831537882023
1, 31, 0.021181296610939725
1, 32, 0.01955077899429766
1, 33, 0.02031009410695047
1, 34, 0.015128609206251037
1, 35, 0.0201812217024337
1, 36, 0.035514772506634075
1, 37, 0.020312494979805203
1, 38, 0.044254577372026205
1, 39, 0.0106987266275675
1, 40, 0.020273243963880618
1, 41, 0.011150640769206433
1, 42, 0.02046282653585394
1, 43, 0.05638751319890926
1, 44, 0.013172452886046949
1, 45, 0.020777460274113778
1, 46, 0.059421700775674956
1, 47, 0.02028500589397418
1, 48, 0.020087609241293904
1, 49, 0.02852926965106287
1, 50, 0.020390651337899083
1, 51, 0.0202806359144895
1, 52, 0.03222361264957263
1, 53, 0.03364954469239252
1, 54, 0.020253071747229203
1, 55, 0.021384171621112707
1, 56, 0.029196188298965007
1, 57, 0.05183966606396201
1, 58, 0.041404291389804296
1, 59, 0.020253153236344808
1, 60, 0.02069198344813778
1, 61, 0.021095482363017354
1, 62, 0.032069216215129
1, 63, 0.020286779055364784
1, 64, 0.022945953559167363
1, 65, 0.020327507427205203
1, 66, 0.02025484616678696
2, 3, 0.015965910390607976
2, 4, 0.015970183119497883
2, 5, 0.020116327742705768
2, 6, 0.01602793072781082
2, 7, 0.015961893643897967
2, 8, 0.015962047435668397
2, 9, 0.015962923893518787
2, 10, 0.016105900185642043
2, 11, 0.01596234417192507
2, 12, 0.015962548317764048
2, 13, 0.0159618802892348
2, 14, 0.015961961542682458
2, 15, 0.01596959405366073
2, 16, 0.01597222427358595
2, 17, 0.015960660178286627
2, 18, 0.017305540618841177
2, 19, 0.01794421092074568
2, 20, 0.015974939218099726
2, 21, 0.015961931652412727
2, 22, 0.01596166233974488
2, 23, 0.016000853792410993
2, 24, 0.015963312675085627
2, 25, 0.01596258534633917
2, 26, 0.017852225083671347
2, 27, 0.015962386933271844
2, 28, 0.015970135779839877
2, 29, 0.015991358259725866
2, 30, 0.01596234654987424
2, 31, 0.01596816970060539
2, 32, 0.015960518119532172
2, 33, 0.015962267360027975
2, 34, 0.015932162983996606
2, 35, 0.015961640725954577
2, 36, 0.022761027970201547
2, 37, 0.015962230653678317
2, 38, 0.018383889414509812
2, 39, 0.01524029234159358
2, 40, 0.01596200085287675
2, 41, 0.015445959554085346
2, 42, 0.015963259845689443
2, 43, 0.021120470134977583
2, 44, 0.015903768928880842
2, 45, 0.015965323006897778
2, 46, 0.02299435956098576
2, 47, 0.015962071587526144
2, 48, 0.015966661812666306
2, 49, 0.01608272588051237
2, 50, 0.015963325443831448
2, 51, 0.015962061585966546
2, 52, 0.021325337273136537
2, 53, 0.01620824232651898
2, 54, 0.015961881896837646
2, 55, 0.015975028540219656
2, 56, 0.016065854206033264
2, 57, 0.019970594890935115
2, 58, 0.0175875851812768
2, 59, 0.015961881913256076
2, 60, 0.015965180734879503
2, 61, 0.015967345892031512
2, 62, 0.02139173118814713
2, 63, 0.015962137312910716
2, 64, 0.015982794950960794
2, 65, 0.0159623694801397
2, 66, 0.01596188155153319
3, 4, 0.0329597342841421
3, 5, 0.05524459121730049
3, 6, 0.0389958788724525
3, 7, 0.027358677016178223
3, 8, 0.026865769941752663
3, 9, 0.02932972420816829
3, 10, 0.04122395187488689
3, 11, 0.02797000573118746
3, 12, 0.027954433371533867
3, 13, 0.027061754723985476
3, 14, 0.027472789106218445
3, 15, 0.03260979776755761
3, 16, 0.03693458838461362
3, 17, 0.020934454428619447
3, 18, 0.025486865422476194
3, 19, 0.02540023280588407
3, 20, 0.026947707399218982
3, 21, 0.025924451175879982
3, 22, 0.023555997400764306
3, 23, 0.0394366140361041
3, 24, 0.02686401282152892
3, 25, 0.02516656638643889
3, 26, 0.024662055050698514
3, 27, 0.02796931709279213
3, 28, 0.031942347203888
3, 29, 0.03560485022064816
3, 30, 0.02709258502205754
3, 31, 0.03188815192519417
3, 32, 0.01866255469769631
3, 33, 0.027603580999627217
3, 34, 0.01026166926903838
3, 35, 0.02570959948386546
3, 36, 0.03565805384197162
3, 37, 0.02786142785462539
3, 38, 0.04557042224670561
3, 39, 0.010407288792390416
3, 40, 0.027434778503021097
3, 41, 0.010775606338110743
3, 42, 0.02870353837530871
3, 43, 0.05762848059062435
3, 44, 0.009386004438437626
3, 45, 0.03054392714660736
3, 46, 0.0604326305274469
3, 47, 0.027555134194322928
3, 48, 0.021071518211363813
3, 49, 0.03486605347922412
3, 50, 0.026401096281984032
3, 51, 0.027436131712260715
3, 52, 0.03234644115069945
3, 53, 0.03997572033374092
3, 54, 0.02721489679621056
3, 55, 0.026000874897635994
3, 56, 0.03869011404696083
3, 57, 0.053109181675057085
3, 58, 0.04302400490651702
3, 59, 0.027217899027470235
3, 60, 0.02863851808381315
3, 61, 0.03238364092504015
3, 62, 0.032186584386420615
3, 63, 0.027326703629373516
3, 64, 0.03416409658822572
3, 65, 0.02778631231242447
3, 66, 0.027283841162625822
4, 5, 0.05527451861264963
4, 6, 0.04024919550227141
4, 7, 0.0382631813099291
4, 8, 0.03697785052923347
4, 9, 0.039459082802229664
4, 10, 0.04186758571360439
4, 11, 0.03830309718221176
4, 12, 0.03784651136957981
4, 13, 0.03774414275812412
4, 14, 0.03830211923405937
4, 15, 0.03808880368500434
4, 16, 0.042454126059191855
4, 17, 0.02812369697851515
4, 18, 0.025511745522859057
4, 19, 0.025415623458235878
4, 20, 0.029532458189012293
4, 21, 0.035493925843710944
4, 22, 0.03151511724188416
4, 23, 0.041508024763178004
4, 24, 0.034712566796973245
4, 25, 0.03287963727041291
4, 26, 0.0246768438076629
4, 27, 0.038208869434257234
4, 28, 0.0369958715728237
4, 29, 0.037869573875211116
4, 30, 0.0367378960114544
4, 31, 0.037860684487125686
4, 32, 0.02287587707446426
4, 33, 0.03781973784904593
4, 34, 0.011224679369135555
4, 35, 0.035779476650562574
4, 36, 0.03566546498687562
4, 37, 0.038363955761303775
4, 38, 0.045612149017610834
4, 39, 0.01043677859812744
4, 40, 0.03813453597129606
4, 41, 0.010815489088167386
4, 42, 0.03782930229814912
4, 43, 0.05765321895298856
4, 44, 0.009914767751425564
4, 45, 0.038090666160598155
4, 46, 0.06045096466350186
4, 47, 0.03818306018151682
4, 48, 0.023470082218253356
4, 49, 0.03545469674245161
4, 50, 0.033926738600719014
4, 51, 0.03798983456860362
4, 52, 0.03235459496895864
4, 53, 0.04033852302906964
4, 54, 0.038025661722675005
4, 55, 0.028362996015151725
4, 56, 0.03949410261039167
4, 57, 0.05313876958970151
4, 58, 0.043082858692632356
4, 59, 0.03803121448455981
4, 60, 0.035412854519343374
4, 61, 0.03903911709719111
4, 62, 0.03219447916285584
4, 63, 0.037613330104598365
4, 64, 0.03699626177279343
4, 65, 0.037922803584058445
4, 66, 0.03815499031426298
5, 6, 0.05499725235733763
5, 7, 0.05532792044801932
5, 8, 0.05531918453069154
5, 9, 0.055328348612691
5, 10, 0.05473539357573838
5, 11, 0.05532523345608127
5, 12, 0.05532112476640805
5, 13, 0.055325050885063065
5, 14, 0.055327698526732395
5, 15, 0.05527623613683513
5, 16, 0.05530508532696444
5, 17, 0.05524784799374948
5, 18, 0.03795744437607858
5, 19, 0.034595848701544904
5, 20, 0.055040528047943904
5, 21, 0.05530998318780811
5, 22, 0.055277071007013595
5, 23, 0.055166844355324
5, 24, 0.055291212441273725
5, 25, 0.055280662337885235
5, 26, 0.0338036448023093
5, 27, 0.05532440094309402
5, 28, 0.05525977375612473
5, 29, 0.05512872209211858
5, 30, 0.05531536814562759
5, 31, 0.055283312558195366
5, 32, 0.055107298230716785
5, 33, 0.055322863579597224
5, 34, 0.0537385703207655
5, 35, 0.05531446441808246
5, 36, 0.03926135390928997
5, 37, 0.05532631695602481
5, 38, 0.051167713733790664
5, 39, 0.030307140223075613
5, 40, 0.05532649502558791
5, 41, 0.03388799305602813
5, 42, 0.05531619653004652
5, 43, 0.056621810970754506
5, 44, 0.052381185383565905
5, 45, 0.0553043420898602
5, 46, 0.05849960007310218
5, 47, 0.055326309030462706
5, 48, 0.05491622197798579
5, 49, 0.05431359721561692
5, 50, 0.05528353231309271
5, 51, 0.05532525846567468
5, 52, 0.03683543482080989
5, 53, 0.05414381573789078
5, 54, 0.05532666078503173
5, 55, 0.05499027086384001
5, 56, 0.054760259497029395
5, 57, 0.054244154860153874
5, 58, 0.05104512787876811
5, 59, 0.05532669223250994
5, 60, 0.05528127294272966
5, 61, 0.05529953232258845
5, 62, 0.03658763293337239
5, 63, 0.05532250217564179
5, 64, 0.055167299263238614
5, 65, 0.055322799622710285
5, 66, 0.0553273939419546
6, 7, 0.040517506585022595
6, 8, 0.04030286781860751
6, 9, 0.040671500022130914
6, 10, 0.041588460673768896
6, 11, 0.04050708521781919
6, 12, 0.04042458197708589
6, 13, 0.04043756439125376
6, 14, 0.040520918657977155
6, 15, 0.04021648355327707
6, 16, 0.0412448466878312
6, 17, 0.03832601114637394
6, 18, 0.025725648436716726
6, 19, 0.025549428349216936
6, 20, 0.03629687852944249
6, 21, 0.04004266261356126
6, 22, 0.039169039133545594
6, 23, 0.041157848577733
6, 24, 0.0397537884353005
6, 25, 0.03938915574773115
6, 26, 0.024811157899709533
6, 27, 0.040490478538126706
6, 28, 0.03989672191111451
6, 29, 0.03959655024466163
6, 30, 0.040242962869679176
6, 31, 0.04020661766583578
6, 32, 0.03545434166229621
6, 33, 0.04043237521477396
6, 34, 0.021254788252689335
6, 35, 0.040119864188927455
6, 36, 0.03568834744706186
6, 37, 0.04052073613881873
6, 38, 0.04549195980059856
6, 39, 0.010906149019473836
6, 40, 0.04049361843534417
6, 41, 0.011439948888141732
6, 42, 0.04039121170270262
6, 43, 0.05738190577890251
6, 44, 0.016680460227868045
6, 45, 0.040360780725942486
6, 46, 0.060211826669511796
6, 47, 0.040498412950959996
6, 48, 0.03342066095829408
6, 49, 0.036857495982865106
6, 50, 0.03956402183240478
6, 51, 0.04046849711512799
6, 52, 0.032395104513971366
6, 53, 0.040436074667525426
6, 54, 0.04048153339506574
6, 55, 0.03553783312294398
6, 56, 0.03994651052605227
6, 57, 0.052907816144377395
6, 58, 0.04300568519264269
6, 59, 0.04048239170077056
6, 60, 0.039763150121439994
6, 61, 0.04050320432853848
6, 62, 0.03223441471196248
6, 63, 0.040404531247852246
6, 64, 0.039426195857814025
6, 65, 0.040444833746469226
6, 66, 0.040501457218151495
7, 8, 0.021357609292062207
7, 9, 0.05588213643240716
7, 10, 0.04210669439293198
7, 11, 0.0383625609092322
7, 12, 0.033455844428503724
7, 13, 0.01621050553018903
7, 14, 0.03853823335514942
7, 15, 0.0378665594447708
7, 16, 0.04709265055014471
7, 17, 0.010175729670998805
7, 18, 0.025482852904368795
7, 19, 0.025397638937429676
7, 20, 0.02682791363601746
7, 21, 0.01692017884678345
7, 22, 0.014506051500178278
7, 23, 0.042312009992353766
7, 24, 0.02568693526208542
7, 25, 0.020362923549327873
7, 26, 0.02465863380657353
7, 27, 0.036825842025839495
7, 28, 0.0358316411738987
7, 29, 0.037751693639917296
7, 30, 0.025248247965939163
7, 31, 0.0373078371920345
7, 32, 0.013806901784835965
7, 33, 0.030957893858951053
7, 34, 0.008818573713137897
7, 35, 0.009233123677583449
7, 36, 0.03566360907943834
7, 37, 0.03998697847840961
7, 38, 0.04564269949229133
7, 39, 0.0103669234358455
7, 40, 0.030754280263130047
7, 41, 0.010722070413964434
7, 42, 0.03537587218930052
7, 43, 0.05770416179526959
7, 44, 0.008588236031878336
7, 45, 0.03760312873835288
7, 46, 0.060494805778207
7, 47, 0.03412100908561059
7, 48, 0.019455269046688237
7, 49, 0.035286854140521635
7, 50, 0.02443032751813994
7, 51, 0.029505679675588155
7, 52, 0.03235005810050788
7, 53, 0.04041288109071488
7, 54, 0.01679417466821352
7, 55, 0.025649194406878743
7, 56, 0.03959443304992799
7, 57, 0.05318440607386475
7, 58, 0.04311073510758439
7, 59, 0.016814294867507528
7, 60, 0.030648229471668748
7, 61, 0.04025842509887966
7, 62, 0.03218997161416134
7, 63, 0.02688374564952738
7, 64, 0.03652111496983235
7, 65, 0.03305636093014206
7, 66, 0.017370955169072003
8, 9, 0.037271744019473016
8, 10, 0.04199299794145253
8, 11, 0.02813936063385203
8, 12, 0.028007056113958616
8, 13, 0.01989731226704118
8, 14, 0.022984512362423402
8, 15, 0.036544678564759465
8, 16, 0.0449323614523258
8, 17, 0.01153890425117182
8, 18, 0.025482044645985472
8, 19, 0.02539714919112223
8, 20, 0.026687407640092236
8, 21, 0.018369815968974725
8, 22, 0.01561506123124251
8, 23, 0.04188898236320078
8, 24, 0.024904667741271085
8, 25, 0.020474526202691218
8, 26, 0.024658244905851327
8, 27, 0.028123463749411694
8, 28, 0.0348350532319095
8, 29, 0.03738910369736428
8, 30, 0.023687293630921424
8, 31, 0.03580361520210085
8, 32, 0.014137471258526725
8, 33, 0.025649789944262483
8, 34, 0.008906240246496925
8, 35, 0.014685880118744584
8, 36, 0.03566277545708225
8, 37, 0.027272051678065817
8, 38, 0.045634378229873776
8, 39, 0.010369099238833316
8, 40, 0.02316562075939047
8, 41, 0.010724922164082868
8, 42, 0.03112434805965665
8, 43, 0.05769634517647292
8, 44, 0.00863536486224615
8, 45, 0.03497436230272576
8, 46, 0.0604884805090318
8, 47, 0.024484625953120343
8, 48, 0.019489968237855166
8, 49, 0.035219170884624694
8, 50, 0.0239272730778534
8, 51, 0.02369029729623379
8, 52, 0.03234936015874491
8, 53, 0.04035584702886733
8, 54, 0.020483159404392295
8, 55, 0.025549989551469032
8, 56, 0.0394691083513995
8, 57, 0.05317640019582852
8, 58, 0.04310032445770546
8, 59, 0.020495826349649512
8, 60, 0.029517725736125888
8, 61, 0.037995179743003336
8, 62, 0.032189305950307334
8, 63, 0.02363423707309316
8, 64, 0.036077541776880453
8, 65, 0.026926270359578574
8, 66, 0.020777842511846202
9, 10, 0.04217492230213054
9, 11, 0.04870756384847018
9, 12, 0.04286780919713426
9, 13, 0.04592449049678344
9, 14, 0.054920091217303596
9, 15, 0.03915254560410497
9, 16, 0.04780766027919222
9, 17, 0.015164390339050586
9, 18, 0.025487680600993268
9, 19, 0.02540062971534006
9, 20, 0.027446552399406274
9, 21, 0.029350343475050906
9, 22, 0.020671768640452642
9, 23, 0.04256065108538662
9, 24, 0.030258439501770748
9, 25, 0.025322705572439767
9, 26, 0.024661564079781977
9, 27, 0.0471950006175745
9, 28, 0.0370475866912155
9, 29, 0.03810542278509941
9, 30, 0.0358545553275233
9, 31, 0.038868769980324736
9, 32, 0.0154584755265479
9, 33, 0.04387831494994337
9, 34, 0.009106037972100647
9, 35, 0.029151646822890474
9, 36, 0.03566463381741386
9, 37, 0.050913259667611226
9, 38, 0.04564598051567139
9, 39, 0.010374820165812837
9, 40, 0.05069916008689271
9, 41, 0.010732694850194598
9, 42, 0.041070968661945255
9, 43, 0.0577041006976848
9, 44, 0.008740552662307532
9, 45, 0.04027401555269802
9, 46, 0.060494389506058135
9, 47, 0.05038829010974395
9, 48, 0.020130950064718194
9, 49, 0.03537381302635913
9, 50, 0.028615139146894474
9, 51, 0.047535671029906114
9, 52, 0.03235133758263431
9, 53, 0.0404542193237908
9, 54, 0.050809524042262785
9, 55, 0.02621935994983455
9, 56, 0.039693927756142076
9, 57, 0.05318526659847056
9, 58, 0.04311630058281765
9, 59, 0.05092061547466648
9, 60, 0.03330939752584684
9, 61, 0.041960999674136086
9, 62, 0.03219121741413276
9, 63, 0.04247872208844484
9, 64, 0.03701823366248623
9, 65, 0.0443320935063518
9, 66, 0.053595450236580106
10, 11, 0.04209602622038636
10, 12, 0.04205058394366259
10, 13, 0.04206534056292035
10, 14, 0.04210767116147561
10, 15, 0.04185619748188107
10, 16, 0.04239225671629465
10, 17, 0.040940895234612674
10, 18, 0.026024984557019872
10, 19, 0.025738541267876516
10, 20, 0.03938207427945264
10, 21, 0.041857541290057046
10, 22, 0.04139122929569493
10, 23, 0.042152679217332685
10, 24, 0.04168387346840497
10, 25, 0.04149662100667161
10, 26, 0.024999821288825656
10, 27, 0.04208688130105127
10, 28, 0.04167162143060972
10, 29, 0.041253423026088955
10, 30, 0.041957797918968615
10, 31, 0.041867315820261375
10, 32, 0.03921381547504548
10, 33, 0.04205800638587726
10, 34, 0.027796495491349136
10, 35, 0.04190215890649518
10, 36, 0.03573065515679969
10, 37, 0.04210444487938106
10, 38, 0.04543544331025731
10, 39, 0.01151129912738694
10, 40, 0.04209304253521482
10, 41, 0.012236774322531369
10, 42, 0.04202459524460839
10, 43, 0.05711495007223303
10, 44, 0.02235900325721179
10, 45, 0.041984106800200094
10, 46, 0.059967551435426314
10, 47, 0.04209470252518402
10, 48, 0.03761412883856953
10, 49, 0.03848081785581154
10, 50, 0.04158066721893653
10, 51, 0.04207926939438992
10, 52, 0.03245991471544783
10, 53, 0.04101091049624581
10, 54, 0.04208816957637286
10, 55, 0.03886609071666204
10, 56, 0.04099357464426263
10, 57, 0.05269860893061345
10, 58, 0.04303069268535955
10, 59, 0.04208861497881535
10, 60, 0.04166269896683871
10, 61, 0.04203773425649939
10, 62, 0.03229803866097953
10, 63, 0.04204503991456479
10, 64, 0.04124191158333986
10, 65, 0.042063290541579784
10, 66, 0.04209851312785555
11, 12, 0.035347727417037914
11, 13, 0.03153699843462988
11, 14, 0.03898146268500998
11, 15, 0.03792943755470187
11, 16, 0.046647943202990726
11, 17, 0.012625101951209791
11, 18, 0.025484464750520158
11, 19, 0.025398641056129295
11, 20, 0.027023053987680144
11, 21, 0.022633609219739906
11, 22, 0.01736372319821052
11, 23, 0.042269830965212786
11, 24, 0.027248709895742327
11, 25, 0.02238614338890105
11, 26, 0.024659645352218564
11, 27, 0.037820822224848775
11, 28, 0.035976530577053745
11, 29, 0.037770338676604585
11, 30, 0.029099362817773904
11, 31, 0.03741688765773147
11, 32, 0.014563635411652686
11, 33, 0.03443500764259973
11, 34, 0.008959113216416983
11, 35, 0.019858804294490398
11, 36, 0.03566373497760536
11, 37, 0.0394613946770544
11, 38, 0.04564125638857786
11, 39, 0.010370702434429833
11, 40, 0.03658194292671887
11, 41, 0.010727130139744318
11, 42, 0.036169297436784514
11, 43, 0.05770158499710993
11, 44, 0.008662870295801105
11, 45, 0.037762713418593934
11, 46, 0.06049257811717631
11, 47, 0.03731743500145367
11, 48, 0.01973023576644994
11, 49, 0.035298528249749425
11, 50, 0.025928827053028843
11, 51, 0.03514435860004075
11, 52, 0.032350327292606805
11, 53, 0.040410304937357304
11, 54, 0.034671798549480215
11, 55, 0.02583894496476134
11, 56, 0.03959210997986898
11, 57, 0.05318212553391456
11, 58, 0.04310949709612928
11, 59, 0.034745052768725165
11, 60, 0.03131976073665618
11, 61, 0.04016333479307896
11, 62, 0.032190238261105765
11, 63, 0.0323762323907903
11, 64, 0.03656892210621006
11, 65, 0.03548472910964626
11, 66, 0.036525663427570305
12, 13, 0.030065784045523982
12, 14, 0.03409665104417102
12, 15, 0.037466007466975496
12, 16, 0.045746471782073764
12, 17, 0.013686019149915112
12, 18, 0.025484692500839484
12, 19, 0.025398787425533694
12, 20, 0.02703151195788446
12, 21, 0.023571875953895538
12, 22, 0.01833410152646467
12, 23, 0.04210094029506835
12, 24, 0.027284150152461783
12, 25, 0.022849697281929128
12, 26, 0.024659832103502508
12, 27, 0.03491305297437344
12, 28, 0.03565348852600472
12, 29, 0.03764268162850015
12, 30, 0.028803719921899534
12, 31, 0.03690013586955908
12, 32, 0.014905708287775252
12, 33, 0.03254107060908616
12, 34, 0.009036651322649367
12, 35, 0.02174003992916344
12, 36, 0.03566346781051595
12, 37, 0.03545147257442674
12, 38, 0.04563770758225871
12, 39, 0.010372741879169334
12, 40, 0.033120623231386835
12, 41, 0.010729837740438977
12, 42, 0.03478623269291309
12, 43, 0.05769785218641339
12, 44, 0.008704466537737496
12, 45, 0.03685794772791471
12, 46, 0.060489510820287855
12, 47, 0.03375696111932806
12, 48, 0.019828356019635836
12, 49, 0.03527729580556811
12, 50, 0.02607139957232689
12, 51, 0.03254010391572853
12, 52, 0.03235015714245288
12, 53, 0.04038838847471236
12, 54, 0.031719154513733715
12, 55, 0.025861306365318946
12, 56, 0.03954508231965744
12, 57, 0.053178419612197575
12, 58, 0.04310524281110251
12, 59, 0.03175501292884689
12, 60, 0.031072622632600827
12, 61, 0.03932566350121922
12, 62, 0.032190079217418316
12, 63, 0.031006342223888823
12, 64, 0.036420512857198425
12, 65, 0.03339157559711042
12, 66, 0.03258871370628866
13, 14, 0.021833494632540276
13, 15, 0.03732758743232036
13, 16, 0.04629849741806969
13, 17, 0.010333296676796841
13, 18, 0.025482292746664668
13, 19, 0.025397295503775154
13, 20, 0.026742777115436663
13, 21, 0.01658956967810885
13, 22, 0.014497599188169582
13, 23, 0.042156866678893776
13, 24, 0.025085382460796123
13, 25, 0.02006871782031074
13, 26, 0.024658326915423457
13, 27, 0.031137777673957735
13, 28, 0.03541288879221803
13, 29, 0.037609782810779695
13, 30, 0.02371405157259488
13, 31, 0.036681771227575634
13, 32, 0.013813869805216282
13, 33, 0.02694760798203452
13, 34, 0.008829489448152709
13, 35, 0.010204297757629429
13, 36, 0.03566327474411054
13, 37, 0.030752273993485388
13, 38, 0.04563978912791488
13, 39, 0.010367145552448753
13, 40, 0.022573111914032037
13, 41, 0.010722344665469688
13, 42, 0.03318836236164298
13, 43, 0.057701621618184325
13, 44, 0.008594221228757061
13, 45, 0.036455513209144585
13, 46, 0.06049277290181467
13, 47, 0.025487504096434282
13, 48, 0.01942465860916147
13, 49, 0.03525938820128141
13, 50, 0.023965284794884533
13, 51, 0.023765304166186177
13, 52, 0.03234975223998025
13, 53, 0.04039173431006561
13, 54, 0.015244718665505504
13, 55, 0.025580884593825497
13, 56, 0.039547305369703044
13, 57, 0.05318174751202052
13, 58, 0.043107003725669606
13, 59, 0.015240792040282017
13, 60, 0.03007047765418545
13, 61, 0.039340812223275845
13, 62, 0.0321896783305861
13, 63, 0.023647131193139284
13, 64, 0.036342618592112796
13, 65, 0.028879433936936958
13, 66, 0.01506703392283368
14, 15, 0.03791038252717705
14, 16, 0.04707322818549365
14, 17, 0.010559608119213009
14, 18, 0.025483127653283203
14, 19, 0.0253978094486619
14, 20, 0.02686268643784024
14, 21, 0.01804215736453192
14, 22, 0.014980373058685777
14, 23, 0.042315327348153915
14, 24, 0.02598476740707728
14, 25, 0.02071461877115055
14, 26, 0.0246588034523569
14, 27, 0.03749908286851847
14, 28, 0.03588045263016289
14, 29, 0.037763351662034796
14, 30, 0.026112956731017246
14, 31, 0.03736463742099479
14, 32, 0.013922158476520017
14, 33, 0.0320883246564569
14, 34, 0.008838902432358506
14, 35, 0.011464182625306159
14, 36, 0.035663648576583724
14, 37, 0.040600775273134916
14, 38, 0.045642665297055456
14, 39, 0.0103674722792325
14, 40, 0.03379562169341686
14, 41, 0.010722806731276072
14, 42, 0.03566808711519227
14, 43, 0.057703935840315176
14, 44, 0.008598998695525249
14, 45, 0.0377032294511895
14, 46, 0.0604946003205336
14, 47, 0.03599754463275621
14, 48, 0.019498620571303252
14, 49, 0.03529030332177103
14, 50, 0.024705269020697772
14, 51, 0.031733064061199516
14, 52, 0.03235011716254172
14, 53, 0.040413810411199735
14, 54, 0.02597005203046262
14, 55, 0.02568205558760735
14, 56, 0.03959701527564808
14, 57, 0.053184231570646154
14, 58, 0.04311078241066594
14, 59, 0.02610489988754208
14, 60, 0.03079251398488579
14, 61, 0.04030163690905016
14, 62, 0.03219002951650196
14, 63, 0.028482655122633482
14, 64, 0.03653949527383181
14, 65, 0.033924646363309406
14, 66, 0.03033968791189346
15, 16, 0.04237329305999053
15, 17, 0.027510687838943927
15, 18, 0.025509335207766257
15, 19, 0.02541412583249093
15, 20, 0.029329296515085913
15, 21, 0.035013496143431785
15, 22, 0.03096249133459038
15, 23, 0.041467460929924205
15, 24, 0.03428866943693053
15, 25, 0.03239446397231535
15, 26, 0.02467535599020035
15, 27, 0.03783371456015488
15, 28, 0.03678028718233169
15, 29, 0.037782988979507263
15, 30, 0.03631322247287905
15, 31, 0.03763173656847842
15, 32, 0.0224177823842839
15, 33, 0.03742533558578674
15, 34, 0.011073420256736702
15, 35, 0.035288038091660166
15, 36, 0.0356651005826614
15, 37, 0.03798738637570697
15, 38, 0.045612243500535526
15, 39, 0.010432056712802226
15, 40, 0.03773841736526705
15, 41, 0.010809162477255147
15, 42, 0.037477590881876695
15, 43, 0.0576549959914769
15, 44, 0.009829005222645456
15, 45, 0.03780995697539478
15, 46, 0.06045260187632869
15, 47, 0.03779222488872817
15, 48, 0.023215738651272307
15, 49, 0.035425136021870356
15, 50, 0.03349149103092233
15, 51, 0.03759141717287896
15, 52, 0.03235406313775483
15, 53, 0.04032922407789826
15, 54, 0.037619456873498235
15, 55, 0.028164561816584863
15, 56, 0.03947000708225923
15, 57, 0.053140092958436504
15, 58, 0.04308219395912195
15, 59, 0.03762521720231522
15, 60, 0.03507042608538263
15, 61, 0.038823702272141054
15, 62, 0.03219395819761533
15, 63, 0.03720548702087211
15, 64, 0.03687555339846585
15, 65, 0.03753676630297249
15, 66, 0.03775362510207436
16, 17, 0.032793678604000294
16, 18, 0.02552647142585443
16, 19, 0.025424713894078396
16, 20, 0.031217435083838185
16, 21, 0.04278838904624025
16, 22, 0.0370767169184466
16, 23, 0.04319937031241109
16, 24, 0.040547873132698045
16, 25, 0.03840899355550478
16, 26, 0.02468544297560919
16, 27, 0.04645902350151434
16, 28, 0.04085816366980318
16, 29, 0.039601471901627584
16, 30, 0.044270200271429735
16, 31, 0.04252442267591068
16, 32, 0.025285126909859273
16, 33, 0.045989942384824185
16, 34, 0.011635350885482718
16, 35, 0.04351999157044198
16, 36, 0.03567083520118339
16, 37, 0.04686381277762339
16, 38, 0.04564836588267423
16, 39, 0.010449041427780944
16, 40, 0.0467668618051957
16, 41, 0.010832239890596736
16, 42, 0.04508229595765579
16, 43, 0.05767947972523919
16, 44, 0.01013216851231586
16, 45, 0.044063014906727135
16, 46, 0.06047131773868077
16, 47, 0.04676161253434053
16, 48, 0.024846202405990878
16, 49, 0.03588089508857349
16, 50, 0.039427347510883094
16, 51, 0.04647388530274865
16, 52, 0.03236013896619505
16, 53, 0.0406257621648609
16, 54, 0.04673542295781813
16, 55, 0.02986487381045977
16, 56, 0.04012246896060922
16, 57, 0.053167946421530506
16, 58, 0.04313172399117642
16, 59, 0.04674407164377256
16, 60, 0.04048653239475966
16, 61, 0.044372356373709024
16, 62, 0.03219983023836454
16, 63, 0.045811355088286335
16, 64, 0.03913384951362675
16, 65, 0.04604122791635775
16, 66, 0.046937852055143135
17, 18, 0.025463249470484624
17, 19, 0.025385588676872076
17, 20, 0.024345632092768948
17, 21, 0.011513710859805558
17, 22, 0.011905330140316835
17, 23, 0.03832237099483396
17, 24, 0.016526043134922713
17, 25, 0.014539615616321713
17, 26, 0.024647649882905694
17, 27, 0.01285936313524162
17, 28, 0.02720721500897639
17, 29, 0.03404882106255636
17, 30, 0.013015404628466773
17, 31, 0.026001392431033166
17, 32, 0.01287548465192414
17, 33, 0.012371639436779578
17, 34, 0.008877974390514035
17, 35, 0.009944300761773085
17, 36, 0.035653452019812897
17, 37, 0.012026602140432158
17, 38, 0.04555915659088762
17, 39, 0.010366496276732308
17, 40, 0.010854776236487968
17, 41, 0.010720812651067979
17, 42, 0.01649088525908057
17, 43, 0.05763362867874598
17, 44, 0.008626106720885445
17, 45, 0.021966286354028607
17, 46, 0.06043864607725566
17, 47, 0.011231197957080226
17, 48, 0.01821230454362872
17, 49, 0.034475476432796054
17, 50, 0.016524987473393114
17, 51, 0.011247813740131483
17, 52, 0.032340480310179456
17, 53, 0.03980183641258328
17, 54, 0.010214899226340522
17, 55, 0.023570779603773042
17, 56, 0.03825999243780355
17, 57, 0.05310983105459094
17, 58, 0.04300258590826586
17, 59, 0.010212453524137391
17, 60, 0.020729852598307688
17, 61, 0.025715211066538825
17, 62, 0.032180771705148714
17, 63, 0.011779133993557166
17, 64, 0.032013320408567095
17, 65, 0.012842865896747716
17, 66, 0.01015337327572304
18, 19, 0.025430173071172426
18, 20, 0.025492613416676906
18, 21, 0.025479911601720976
18, 22, 0.02547294925386356
18, 23, 0.025633204947089556
18, 24, 0.025483016427604106
18, 25, 0.02547782881529445
18, 26, 0.02496500137864332
18, 27, 0.025484517360324692
18, 28, 0.025508954076803755
18, 29, 0.02558316649063577
18, 30, 0.02548276127791086
18, 31, 0.025504014401320385
18, 32, 0.025438140150857935
18, 33, 0.025483698557862616
18, 34, 0.025069712471907243
18, 35, 0.02547934816158105
18, 36, 0.033243689775621345
18, 37, 0.025484129289342856
18, 38, 0.032558572823600467
18, 39, 0.01831800808888512
18, 40, 0.025483099942042665
18, 41, 0.019589200399119863
18, 42, 0.025487117637407075
18, 43, 0.040365062746012224
18, 44, 0.024703809082934795
18, 45, 0.0254945666128528
18, 46, 0.04414569150999835
18, 47, 0.025483393998468117
18, 48, 0.02543294698074557
18, 49, 0.025844462504766304
18, 50, 0.02548173935906609
18, 51, 0.025483165317438074
18, 52, 0.030616246843628642
18, 53, 0.026353758787635108
18, 54, 0.025482579858132674
18, 55, 0.025484198306161797
18, 56, 0.02585243210396004
18, 57, 0.0372146536348221
18, 58, 0.03040747323063942
18, 59, 0.025482585397312633
18, 60, 0.0254898950248318
18, 61, 0.02550304827960539
18, 62, 0.030538082755252573
18, 63, 0.02548303578061978
18, 64, 0.02555083054901663
18, 65, 0.02548415856552108
18, 66, 0.025482705636697113
19, 20, 0.02540406937511883
19, 21, 0.025395839063567995
19, 22, 0.025391565204635536
19, 23, 0.025491318546306704
19, 24, 0.025397786828868132
19, 25, 0.025394584876437913
19, 26, 0.025020131906603165
19, 27, 0.025398674717184967
19, 28, 0.025413912794164637
19, 29, 0.025460239945259228
19, 30, 0.025397598068443314
19, 31, 0.025410815728972996
19, 32, 0.02537017563649907
19, 33, 0.025398169325817083
19, 34, 0.025141270308856704
19, 35, 0.025395484346847543
19, 36, 0.0322202344162245
19, 37, 0.025398431817191328
19, 38, 0.030467655399978054
19, 39, 0.02002230701613436
19, 40, 0.025397793805753896
19, 41, 0.021125581388129706
19, 42, 0.025400296571893497
19, 43, 0.0365922944832765
19, 44, 0.0249101708551712
19, 45, 0.025404929084344482
19, 46, 0.03991258247483893
19, 47, 0.025397976237909296
19, 48, 0.025367145144678006
19, 49, 0.025626210434188102
19, 50, 0.02539700501905643
19, 51, 0.0253978358809658
19, 52, 0.029892678431179483
19, 53, 0.025951106784474636
19, 54, 0.025397471357921964
19, 55, 0.025398905667914466
19, 56, 0.0256296714591754
19, 57, 0.03407189135970678
19, 58, 0.028820264127736032
19, 59, 0.025397474750109197
19, 60, 0.025402063531212368
19, 61, 0.02541019411403448
19, 62, 0.029840238403156354
19, 63, 0.025397759115617702
19, 64, 0.025440060308841373
19, 65, 0.025398454440368853
19, 66, 0.025397548360050273
20, 21, 0.026385131948651223
20, 22, 0.025475432402216606
20, 23, 0.03537519807917947
20, 24, 0.026702103482681913
20, 25, 0.0260642608900692
20, 26, 0.024667978000703094
20, 27, 0.027025608435779093
20, 28, 0.029140826929357225
20, 29, 0.03261536963345341
20, 30, 0.026763110608413514
20, 31, 0.02889106605651136
20, 32, 0.0223433247430675
20, 33, 0.026914068379964358
20, 34, 0.012842922956731952
20, 35, 0.026325541693833457
20, 36, 0.035643495449331854
20, 37, 0.026985505969185666
20, 38, 0.04539155426565202
20, 39, 0.010499481806843607
20, 40, 0.026853674141849384
20, 41, 0.010897405800120236
20, 42, 0.027304665963990223
20, 43, 0.057443223663252475
20, 44, 0.01098563406236134
20, 45, 0.02808707568926865
20, 46, 0.06028042713215277
20, 47, 0.02689085477398886
20, 48, 0.022898782932164394
20, 49, 0.03392992940973063
20, 50, 0.02652834464674522
20, 51, 0.02685659146867954
20, 52, 0.03233644314456655
20, 53, 0.03897784416741181
20, 54, 0.026786863934203018
20, 55, 0.026201820960590576
20, 56, 0.03686411230733472
20, 57, 0.05292452460473277
20, 58, 0.04280912303922396
20, 59, 0.026787719562655916
20, 60, 0.027429064256001147
20, 61, 0.02894519011169526
20, 62, 0.03217718014665593
20, 63, 0.02682781109735408
20, 64, 0.03127297369187775
20, 65, 0.026972247391324033
20, 66, 0.026806408237812697
21, 22, 0.01508648394529469
21, 23, 0.04139736939608189
21, 24, 0.02324215616236484
21, 25, 0.01942090983002111
21, 26, 0.024657055887209314
21, 27, 0.02287183855592146
21, 28, 0.03359973468204076
21, 29, 0.03693204872091615
21, 30, 0.020776380904345075
21, 31, 0.03407267027245318
21, 32, 0.014034315094191932
21, 33, 0.021256180618513643
21, 34, 0.008920006191311893
21, 35, 0.013749328611174453
21, 36, 0.035661633755605375
21, 37, 0.021588163252344635
21, 38, 0.04562484585972146
21, 39, 0.01036924893135521
21, 40, 0.01851339370403423
21, 41, 0.010725044756165272
21, 42, 0.02723596001219468
21, 43, 0.0576882304588419
21, 44, 0.008643484242166447
21, 45, 0.03224188365489242
21, 46, 0.06048201164935978
21, 47, 0.019502575581171935
21, 48, 0.01934775025525688
21, 49, 0.035126106299332126
21, 50, 0.022543951633659434
21, 51, 0.01920614055774145
21, 52, 0.03234829144275224
21, 53, 0.040285743930299885
21, 54, 0.016666999946948577
21, 55, 0.02530087128288427
21, 56, 0.0393136479904342
21, 57, 0.05316784241090285
21, 58, 0.0430880102217336
21, 59, 0.016668389086359935
21, 60, 0.027908413360979392
21, 61, 0.035639826927722315
21, 62, 0.03218827983277531
21, 63, 0.019749582487936054
21, 64, 0.03550738060925437
21, 65, 0.02230225679696467
21, 66, 0.01668811235934578
22, 23, 0.039794815268335545
22, 24, 0.02005128407492114
22, 25, 0.017510306877776848
22, 26, 0.024653207620174877
22, 27, 0.017584208668221423
22, 28, 0.030236397410051425
22, 29, 0.035467895172199865
22, 30, 0.0171650919959023
22, 31, 0.02968976025386903
22, 32, 0.013916093760953879
22, 33, 0.016877231873178935
22, 34, 0.009007554063231398
22, 35, 0.013387980019912036
22, 36, 0.0356576844738439
22, 37, 0.016713862196653894
22, 38, 0.0455911623239891
22, 39, 0.010370903407303404
22, 40, 0.015262998791621013
22, 41, 0.010726987674630355
22, 42, 0.02124125042833298
22, 43, 0.05765913815625611
22, 44, 0.00869342202406971
22, 45, 0.026466677603561625
22, 46, 0.06045876308086328
22, 47, 0.01572272122273061
22, 48, 0.01896511333590539
22, 49, 0.03481050012148951
22, 50, 0.01979031945485415
22, 51, 0.015664667268865135
22, 52, 0.032344640061291105
22, 53, 0.04004295109689935
22, 54, 0.014461963096399789
22, 55, 0.024551551630651487
22, 56, 0.03878418334810057
22, 57, 0.053137296916020975
22, 58, 0.04304470718870883
22, 59, 0.014461141910109703
22, 60, 0.02422690747216844
22, 61, 0.030047279004592774
22, 62, 0.03218477641893574
22, 63, 0.016126514607858137
22, 64, 0.03373305155561739
22, 65, 0.017444496790788338
22, 66, 0.014437487614273705
23, 24, 0.04081657538614519
23, 25, 0.0401731998377237
23, 26, 0.02475228236766787
23, 27, 0.04223560619623406
23, 28, 0.04090080763889854
23, 29, 0.04013930406648456
23, 30, 0.04176175073506432
23, 31, 0.04149139530900604
23, 32, 0.033797691809473125
23, 33, 0.042128774953003344
23, 34, 0.01758446750348228
23, 35, 0.04155514319531319
23, 36, 0.03568226673708246
23, 37, 0.0423018173417621
23, 38, 0.04558833836979358
23, 39, 0.010683188159558333
23, 40, 0.042260172791921236
23, 41, 0.01114459324400213
23, 42, 0.042005901393937436
23, 43, 0.057544436243124934
23, 44, 0.01388685621959355
23, 45, 0.041866191296015
23, 46, 0.06035254907951081
23, 47, 0.0422660874270068
23, 48, 0.03132665295107029
23, 49, 0.0366269941205198
23, 50, 0.04047199668947695
23, 51, 0.04220839329729007
23, 52, 0.03238031365534158
23, 53, 0.0406555987896873
23, 54, 0.04224237886212694
23, 55, 0.034341704152566634
23, 56, 0.040279453147285565
23, 57, 0.05305286184201045
23, 58, 0.04309288725316935
23, 59, 0.0422440513055544
23, 60, 0.04078437242127656
23, 61, 0.042051995484553455
23, 62, 0.03221971600915591
23, 63, 0.04208092426700675
23, 64, 0.039959115085317666
23, 65, 0.04214813985673074
23, 66, 0.04228126131094356
24, 25, 0.022889350675910605
24, 26, 0.024659164359401037
24, 27, 0.02726233341035259
24, 28, 0.03318675200385705
24, 29, 0.03657436150172417
24, 30, 0.025559378440962174
24, 31, 0.033448382532028774
24, 32, 0.016037230186810265
24, 33, 0.026464715270608695
24, 34, 0.009388445901312692
24, 35, 0.02247498514339135
24, 36, 0.0356608356073592
24, 37, 0.026973382593176696
24, 38, 0.045609880467776046
24, 39, 0.010382019256308226
24, 40, 0.025940351051753813
24, 41, 0.010742054411716257
24, 42, 0.028845670448826095
24, 43, 0.057670981077695256
24, 44, 0.008896969093995188
24, 45, 0.03188863955759578
24, 46, 0.06046767737713653
24, 47, 0.02624144952168472
24, 48, 0.02005385479589897
24, 49, 0.035068378502142034
24, 50, 0.025000358442661894
24, 51, 0.025992553977844543
24, 52, 0.032348049712952374
24, 53, 0.04020403448507513
24, 54, 0.025385170641141038
24, 55, 0.025650899686171135
24, 56, 0.0391483356024731
24, 57, 0.05315111297442886
24, 58, 0.043070781565806536
24, 59, 0.02539114022985917
24, 60, 0.02868562004127961
24, 61, 0.034512276040706516
24, 62, 0.032188075060303474
24, 63, 0.02583679221716185
24, 64, 0.0351582826847113
24, 65, 0.026881097458392803
24, 66, 0.02552259605134387
25, 26, 0.024656133112774134
25, 27, 0.022493550290656833
25, 28, 0.031526579723783914
25, 29, 0.0359141725613991
25, 30, 0.0214900232018123
25, 31, 0.03133865808791982
25, 32, 0.015116167923016304
25, 33, 0.02179323218194595
25, 34, 0.00924074495732105
25, 35, 0.018296841137024702
25, 36, 0.03565896194163578
25, 37, 0.021960458408700475
25, 38, 0.045597310681690345
25, 39, 0.010377609348443822
25, 40, 0.020818424545151353
25, 41, 0.010736034479590883
25, 42, 0.024953640659435755
25, 43, 0.05766192952407089
25, 44, 0.008818719716826911
25, 45, 0.028945633475444744
25, 46, 0.060460673159946916
25, 47, 0.021167019819828485
25, 48, 0.019543316765350916
25, 49, 0.03491652578445841
25, 50, 0.02243734489888468
25, 51, 0.021022077755670762
25, 52, 0.03234611012442175
25, 53, 0.04010270232163738
25, 54, 0.02019819117662584
25, 55, 0.02508766211934214
25, 56, 0.03892258288202878
25, 57, 0.05314103258113533
25, 58, 0.04305378403825671
25, 59, 0.020200713915363294
25, 60, 0.02635588190539122
25, 61, 0.0319834167121871
25, 62, 0.032186202724389504
25, 63, 0.0211540006201785
25, 64, 0.034325448431300955
25, 65, 0.02224953206997527
25, 66, 0.020253761703997827
26, 27, 0.024659687119929385
26, 28, 0.024675320336367743
26, 29, 0.024722179135271805
26, 30, 0.024658725437808823
26, 31, 0.024672033085606795
26, 32, 0.02463400418439257
26, 33, 0.024659207326684696
26, 34, 0.024423912550515927
26, 35, 0.02465666077342663
26, 36, 0.03186540714731124
26, 37, 0.024659428661281988
26, 38, 0.029745016535640562
26, 39, 0.019688836283792085
26, 40, 0.02465880073064505
26, 41, 0.020725073847264006
26, 42, 0.02466136474078914
26, 43, 0.03578754326834989
26, 44, 0.024211788706621412
26, 45, 0.02466603515734784
26, 46, 0.039104329928105794
26, 47, 0.024658981697591252
26, 48, 0.024633053091858148
26, 49, 0.024894105234742198
26, 50, 0.024658477867441506
26, 51, 0.02465885499351654
26, 52, 0.029554900019572703
26, 53, 0.02521560214525165
26, 54, 0.02465848258315777
26, 55, 0.0246634431396377
26, 56, 0.024892559990757925
26, 57, 0.03330055152717585
26, 58, 0.028101158220361095
26, 59, 0.02465848558183653
26, 60, 0.02466346564915593
26, 61, 0.024671252421662817
26, 62, 0.02951032653559362
26, 63, 0.024658808590755886
26, 64, 0.024701960880915898
26, 65, 0.024659487773787327
26, 66, 0.024658550450206856
27, 28, 0.03591057555335045
27, 29, 0.03774466772336204
27, 30, 0.029040818669692665
27, 31, 0.03730961424198454
27, 32, 0.014636630374449129
27, 33, 0.03395753201032959
27, 34, 0.008975267303039517
27, 35, 0.0203525774594167
27, 36, 0.03566368217674419
27, 37, 0.03836440108451557
27, 38, 0.045640541171663246
27, 39, 0.01037112646665142
27, 40, 0.03559089228411905
27, 41, 0.010727693297319344
27, 42, 0.03585493367240141
27, 43, 0.05770082806043238
27, 44, 0.0086715208465434
27, 45, 0.037568837191859765
27, 46, 0.06049195566026932
27, 47, 0.0363174505235922
27, 48, 0.01975122203083685
27, 49, 0.035294329982323396
27, 50, 0.025965177981876378
27, 51, 0.03443584667696177
27, 52, 0.03235029450059398
27, 53, 0.040405910679541156
27, 54, 0.03380114180633931
27, 55, 0.02584428027711329
27, 56, 0.03958267845925089
27, 57, 0.05318137526473214
27, 58, 0.043108641820480874
27, 59, 0.03386200789755535
27, 60, 0.0312703251703413
27, 61, 0.03998627702717529
27, 62, 0.03219020767600725
27, 63, 0.03203361553511784
27, 64, 0.03653909369535452
27, 65, 0.03496037026587142
27, 66, 0.035321415139506034
28, 29, 0.037307777918632774
28, 30, 0.03470519668531279
28, 31, 0.036459907604035634
28, 32, 0.022545140314059693
28, 33, 0.035567832586649216
28, 34, 0.011259044608699635
28, 35, 0.033770070767709985
28, 36, 0.035663760830154795
28, 37, 0.035998012837310245
28, 38, 0.045597266868167445
28, 39, 0.010438070693181792
28, 40, 0.03575638770607455
28, 41, 0.010817089761989786
28, 42, 0.03578621544504211
28, 43, 0.05764014821993092
28, 44, 0.009940423215815774
28, 45, 0.03634140145376087
28, 46, 0.06044048662800829
28, 47, 0.035813150326971126
28, 48, 0.023261999965749992
28, 49, 0.03532206615123108
28, 50, 0.032519942956209594
28, 51, 0.03565546832600346
28, 52, 0.032353043083129106
28, 53, 0.040234620055815774
28, 54, 0.03563877649283143
28, 55, 0.028034277492883872
28, 56, 0.03927394754906629
28, 57, 0.053125115980556865
28, 58, 0.043063841194565244
28, 59, 0.035643222241918064
28, 60, 0.0340243830956896
28, 61, 0.03740597496626351
28, 62, 0.03219299145279314
28, 63, 0.035370372067895034
28, 64, 0.03632893586353347
28, 65, 0.035675005154911815
28, 66, 0.03574207331250751
29, 30, 0.03731144875360338
29, 31, 0.03768012998252874
29, 32, 0.03014167358320753
29, 33, 0.037633146918806475
29, 34, 0.015901394904599075
29, 35, 0.03703720799143907
29, 36, 0.03566898312698408
29, 37, 0.037785117308580626
29, 38, 0.04552445057584329
29, 39, 0.010615053179121602
29, 40, 0.03771846619400876
29, 41, 0.011053043941655582
29, 42, 0.037642039347300996
29, 43, 0.05751459529674023
29, 44, 0.012835300456800888
29, 45, 0.03774458971839429
29, 46, 0.06033194174054517
29, 47, 0.03773276918158868
29, 48, 0.028548635218085153
29, 49, 0.0357248466035169
29, 50, 0.036266287004355725
29, 51, 0.03767933286050585
29, 52, 0.03236507132837323
29, 53, 0.040101669333292816
29, 54, 0.03768724685175114
29, 55, 0.031692212684389154
29, 56, 0.03916461978199175
29, 57, 0.053013390848314176
29, 58, 0.04299943217095931
29, 59, 0.037688760448919736
29, 60, 0.03674757736179255
29, 61, 0.03811733478979367
29, 62, 0.03220492769334091
29, 63, 0.03757364830432796
29, 64, 0.03722875551897731
29, 65, 0.03766334859982295
29, 66, 0.03772234812251347
30, 31, 0.03557447471248056
30, 32, 0.014628077899335389
30, 33, 0.027175165196763267
30, 34, 0.009008814167753234
30, 35, 0.01851796591936331
30, 36, 0.03566263097671074
30, 37, 0.02858308868721644
30, 38, 0.045631385485816946
30, 39, 0.010371837996267421
30, 40, 0.025983222246429308
30, 41, 0.010728572753387872
30, 42, 0.031210014584619288
30, 43, 0.05769283085756491
30, 44, 0.008690251183018024
30, 45, 0.0346718832396431
30, 46, 0.06048555442630034
30, 47, 0.026771315728291993
30, 48, 0.01965324793331616
30, 49, 0.03520849751235298
30, 50, 0.024596945669099375
30, 51, 0.02611264863595877
30, 52, 0.03234933338643239
30, 53, 0.040339662500667804
30, 54, 0.02443168962226263
30, 55, 0.02563269724935978
30, 56, 0.03943584312372031
30, 57, 0.0531730072844873
30, 58, 0.043096907704998716
30, 59, 0.024446759211422992
30, 60, 0.029666992702116705
30, 61, 0.0375555647282639
30, 62, 0.03218928611114094
30, 63, 0.025732676140331427
30, 64, 0.03599882246429348
30, 65, 0.028085006808439915
30, 66, 0.024786314894637073
31, 32, 0.021278456792361188
31, 33, 0.0368302595681195
31, 34, 0.010691721100041829
31, 35, 0.03433563631397243
31, 36, 0.03566454785020859
31, 37, 0.037475457754259645
31, 38, 0.04561539543668009
31, 39, 0.010420305957695537
31, 40, 0.03716821586784273
31, 41, 0.010793440781030937
31, 42, 0.03696453718048719
31, 43, 0.057661887863171946
31, 44, 0.009613137524438016
31, 45, 0.03743890513792315
31, 46, 0.06045864351062585
31, 47, 0.037236615987562935
31, 48, 0.02261035811644102
31, 49, 0.035378793240670836
31, 50, 0.03259477995150844
31, 51, 0.0370034176365697
31, 52, 0.032353073028794296
31, 53, 0.04032702597215635
31, 54, 0.03701958207066528
31, 55, 0.027727107622213212
31, 56, 0.039454631123865255
31, 57, 0.053145995243191406
31, 58, 0.04308430992209578
31, 59, 0.03702626512204285
31, 60, 0.03444233698433189
31, 61, 0.038612271678360253
31, 62, 0.03219298195478935
31, 63, 0.03656637186505643
31, 64, 0.03670652284699808
31, 65, 0.036966731718133666
31, 66, 0.037175353928634414
32, 33, 0.01445754560153378
32, 34, 0.00946851769609665
32, 35, 0.013536666777481618
32, 36, 0.035637473342350706
32, 37, 0.014374268577653814
32, 38, 0.04541837795657935
32, 39, 0.010381374912581736
32, 40, 0.013998455646948712
32, 41, 0.010739596259367165
32, 42, 0.01596994008557081
32, 43, 0.05750884341003429
32, 44, 0.008969604743207803
32, 45, 0.018583590500371883
32, 46, 0.060338446853684766
32, 47, 0.01411606398276869
32, 48, 0.01766774811700186
32, 49, 0.03332937034668261
32, 50, 0.01605101311507063
32, 51, 0.014108832029441184
32, 52, 0.03232603629576335
32, 53, 0.03886040823274782
32, 54, 0.013800206864552073
32, 55, 0.021889290380229992
32, 56, 0.03637319664125271
32, 57, 0.052979827951775735
32, 58, 0.04282346835922356
32, 59, 0.013799913035314509
32, 60, 0.018215867575578016
32, 61, 0.02074795672034178
32, 62, 0.03216693029867882
32, 63, 0.014253535646585503
32, 64, 0.02782863572368337
32, 65, 0.01461891169509505
32, 66, 0.013792119898250455
33, 34, 0.008949428096003135
33, 35, 0.018241102354016724
33, 36, 0.035663396454707355
33, 37, 0.0344290454785834
33, 38, 0.04563867077759725
33, 39, 0.010370378474078734
33, 40, 0.03102720925525246
33, 41, 0.010726674131095975
33, 42, 0.03428083888125229
33, 43, 0.057699515247293845
33, 44, 0.008657954609788781
33, 45, 0.03673369669052038
33, 46, 0.060490945158097435
33, 47, 0.03202563479350936
33, 48, 0.01966128992211272
33, 49, 0.03527058859387152
33, 50, 0.02527343098536402
33, 51, 0.03054664422014171
33, 52, 0.03234999572078067
33, 53, 0.04039042363658688
33, 54, 0.02878773556744986
33, 55, 0.025746645301305514
33, 56, 0.03954741089653068
33, 57, 0.05317990022561903
33, 58, 0.04310609536689251
33, 59, 0.028829309934779685
33, 60, 0.030694755314523706
33, 61, 0.03935624224119191
33, 62, 0.03218991911224802
33, 63, 0.029041080765077318
33, 64, 0.03639342992265759
33, 65, 0.032162148208007335
33, 66, 0.029814128391511346
34, 35, 0.008816077146925961
34, 36, 0.03545252376688038
34, 37, 0.008921776909089301
34, 38, 0.04398988144355199
34, 39, 0.010324288389080997
34, 40, 0.008856139748416989
34, 41, 0.010651747620484474
34, 42, 0.009257778352887524
34, 43, 0.05629859965694369
34, 44, 0.008665530273883957
34, 45, 0.009869907833969158
34, 46, 0.0593696469101892
34, 47, 0.008877030389074038
34, 48, 0.01144346709030926
34, 49, 0.024726844020405172
34, 50, 0.009426789012665034
34, 51, 0.008879541411027366
34, 52, 0.032149755984048026
34, 53, 0.03122070087449425
34, 54, 0.008821707794242647
34, 55, 0.012947286055965545
34, 56, 0.02463964964616217
34, 57, 0.0517011201091729
34, 58, 0.04100093617060736
34, 59, 0.00882155138407736
34, 60, 0.009928615069061588
34, 61, 0.010420882244980967
34, 62, 0.03199744759319017
34, 63, 0.008914757066458657
34, 64, 0.014245250253839178
34, 65, 0.008978361059423217
34, 66, 0.00881785368599417
35, 36, 0.035661860643427176
35, 37, 0.01801523612090542
35, 38, 0.04562852634804471
35, 39, 0.010366497659347714
35, 40, 0.01288516026306418
35, 41, 0.010721382898694475
35, 42, 0.026703155939982362
35, 43, 0.05769233134956504
35, 44, 0.008587897977195903
35, 45, 0.03249198639727872
35, 46, 0.06048540555420341
35, 47, 0.014633536537546179
35, 48, 0.01919091823460695
35, 49, 0.0351432408166057
35, 50, 0.021793413992474576
35, 51, 0.014503976687842686
35, 52, 0.032348395290577855
35, 53, 0.040306886094022144
35, 54, 0.009534204028753957
35, 55, 0.025231731314495638
35, 56, 0.03935758548909629
35, 57, 0.05317185358527975
35, 58, 0.043092314283962915
35, 59, 0.009519010554393583
35, 60, 0.027746191889021245
35, 61, 0.03609965599510137
35, 62, 0.03218837367327516
35, 63, 0.01607430283956103
35, 64, 0.03561794079148335
35, 65, 0.01976886140294334
35, 66, 0.00913631083383501
36, 37, 0.03566374883211181
36, 38, 0.03710355510076431
36, 39, 0.030115064522590204
36, 40, 0.035663550934754935
36, 41, 0.03138205006729881
36, 42, 0.035663589497449605
36, 43, 0.040316877879111444
36, 44, 0.03526160479883254
36, 45, 0.03566421422302386
36, 46, 0.0421816866241526
36, 47, 0.03566359714357473
36, 48, 0.03562156138890087
36, 49, 0.03565918197142066
36, 50, 0.03565998520559552
36, 51, 0.035663469887550384
36, 52, 0.03407299897893757
36, 53, 0.03575362899354077
36, 54, 0.03566345674024791
36, 55, 0.035637861854637964
36, 56, 0.03569632035795987
36, 57, 0.03892903277401627
36, 58, 0.03646676342660272
36, 59, 0.03566346028100694
36, 60, 0.03566148835268053
36, 61, 0.03566559042340819
36, 62, 0.03396747236312345
36, 63, 0.03566323265458618
36, 64, 0.03566528248003971
36, 65, 0.03566348608858027
36, 66, 0.03566353859702651
37, 38, 0.045642027029546034
37, 39, 0.010369704287925387
37, 40, 0.03717843344796962
37, 41, 0.010725796961003608
37, 42, 0.03629230577231373
37, 43, 0.05770259489722555
37, 44, 0.008642977788971497
37, 45, 0.03787959807057538
37, 46, 0.06049342871618904
37, 47, 0.038043156000975936
37, 48, 0.01966493862693992
37, 49, 0.035299330804982015
37, 50, 0.02564454875358138
37, 51, 0.035297185538085606
37, 52, 0.03235030053147409
37, 53, 0.04041387724113192
37, 54, 0.034738843914332684
37, 55, 0.02580037055245167
37, 56, 0.039599191917523285
37, 57, 0.05318307588944523
37, 58, 0.04311032837341447
37, 59, 0.034837311655562385
37, 60, 0.031238608336770307
37, 61, 0.0403096570290221
37, 62, 0.032190210417762155
37, 63, 0.03202977175578989
37, 64, 0.03658137765406137
37, 65, 0.03563197994801515
37, 66, 0.03731458573851296
38, 39, 0.023596907430805555
38, 40, 0.0456415690353167
38, 41, 0.026388070548090406
38, 42, 0.04563474263769541
38, 43, 0.053042220140548456
38, 44, 0.0426028594669153
38, 45, 0.04562858100765682
38, 46, 0.055720594298773705
38, 47, 0.045641578659553865
38, 48, 0.0452450116745819
38, 49, 0.04495805270429581
38, 50, 0.04560223029839873
38, 51, 0.04564049901203769
38, 52, 0.03440302341335179
38, 53, 0.0451054188989914
38, 54, 0.04564140560520385
38, 55, 0.04534172528104193
38, 56, 0.045356390863344954
38, 57, 0.04998679471877602
38, 58, 0.044585645249769656
38, 59, 0.04564143714009863
38, 60, 0.04560509977152262
38, 61, 0.045629354715493745
38, 62, 0.03421024236734495
38, 63, 0.0456379488465134
38, 64, 0.045539594860028135
38, 65, 0.04563888946688843
38, 66, 0.04564213878817838
39, 40, 0.010367911809819738
39, 41, 0.010517592409048286
39, 42, 0.01037878524338288
39, 43, 0.03345965332974255
39, 44, 0.010276212860968602
39, 45, 0.010396022403167235
39, 46, 0.038381096456838834
39, 47, 0.010368478423633485
39, 48, 0.010450166164943687
39, 49, 0.01138266732366162
39, 50, 0.0103829867296035
39, 51, 0.010368520292644918
39, 52, 0.02722073496859215
39, 53, 0.012299303485493646
39, 54, 0.010366975548556768
39, 55, 0.010505792412853605
39, 56, 0.011213780730665451
39, 57, 0.02959653678257288
39, 58, 0.02021597454176936
39, 59, 0.0103669721121979
39, 60, 0.010397531447140706
39, 61, 0.010412140433599339
39, 62, 0.02722592105567541
39, 63, 0.010369416524201288
39, 64, 0.010545429217970439
39, 65, 0.010371173211500774
39, 66, 0.010366889818982074
40, 41, 0.010723387624658834
40, 42, 0.03500973625733512
40, 43, 0.05770285126041704
40, 44, 0.008608209689230269
40, 45, 0.03733715233866853
40, 46, 0.06049371629679198
40, 47, 0.032997369407024774
40, 48, 0.01951532039605538
40, 49, 0.0352824090394019
40, 50, 0.02469981840568089
40, 51, 0.03011107150237686
40, 52, 0.032350042775320706
40, 53, 0.04040661074531615
40, 54, 0.025393559842172578
40, 55, 0.02567805220327196
40, 56, 0.03958129743817286
40, 57, 0.053183136824742266
40, 58, 0.04310943625946273
40, 59, 0.025470665326184413
40, 60, 0.0306674236535153
40, 61, 0.03998791409510996
40, 62, 0.03218995901485426
40, 63, 0.027885153265561947
40, 64, 0.03648538510933962
40, 65, 0.03270961874225225
40, 66, 0.02752974625254813
41, 42, 0.010737922254107997
41, 43, 0.03720051207756199
41, 44, 0.01057720264979673
41, 45, 0.010760993582922145
41, 46, 0.04217972179722124
41, 47, 0.01072414813024266
41, 48, 0.01083015970251774
41, 49, 0.012060138175766861
41, 50, 0.010743288478578675
41, 51, 0.01072419546061986
41, 52, 0.028385036282056648
41, 53, 0.01325303036206558
41, 54, 0.010722129752934252
41, 55, 0.010905372816244305
41, 56, 0.011844677224365654
41, 57, 0.03301507773550194
41, 58, 0.02265349751383814
41, 59, 0.010722125399424099
41, 60, 0.010762819149831583
41, 61, 0.010782614125461701
41, 62, 0.02835944472332091
41, 63, 0.010725377279347513
41, 64, 0.01096021624218362
41, 65, 0.010727742437040173
41, 66, 0.010722020703142899
42, 43, 0.0576931747631924
42, 44, 0.008823029274547227
42, 45, 0.036966527411271176
42, 46, 0.06048550450226271
42, 47, 0.0353311865212663
42, 48, 0.020233961951563174
42, 49, 0.03528936960606838
42, 50, 0.027646650134754418
42, 51, 0.03453900223437102
42, 52, 0.03235051275114164
42, 53, 0.040379494483104926
42, 54, 0.034314153451013206
42, 55, 0.02613157770274804
42, 56, 0.039530951281746565
42, 57, 0.05317418479905375
42, 58, 0.04310241320710418
42, 59, 0.0343374752030327
42, 60, 0.03180192265010921
42, 61, 0.03913505841409285
42, 62, 0.03219043372481462
42, 63, 0.033326092160140354
42, 64, 0.03645657828469459
42, 65, 0.034798801719808786
42, 66, 0.03486834974985309
43, 44, 0.05508638523433854
43, 45, 0.057681771925474086
43, 46, 0.059297199832743924
43, 47, 0.057702655961347576
43, 48, 0.05733619455805461
43, 49, 0.05674692737938211
43, 50, 0.057664159274837305
43, 51, 0.057701728165590924
43, 52, 0.0380480397498427
43, 53, 0.05654046485445973
43, 54, 0.05770304925068197
43, 55, 0.057398465983119124
43, 56, 0.057154205828441974
43, 57, 0.055619877746928045
43, 58, 0.0531637968785657
43, 59, 0.05770307714400859
43, 60, 0.05766135825891263
43, 61, 0.05767663727875347
43, 62, 0.03777830181457813
43, 63, 0.05769925027758793
43, 64, 0.05755256748141572
43, 65, 0.05769941477857906
43, 66, 0.05770369985700706
44, 45, 0.009155315297649454
44, 46, 0.058386862764207806
44, 47, 0.008619280718016445
44, 48, 0.010185564242089445
44, 49, 0.020389437589303856
44, 50, 0.008918931158011238
44, 51, 0.008620696893614024
44, 52, 0.03196836050925997
44, 53, 0.02646382244894893
44, 54, 0.008589985670865899
44, 55, 0.011078867485878469
44, 56, 0.019671283157719502
44, 57, 0.050431896399610765
44, 58, 0.03928384136386104
44, 59, 0.00858990064854263
44, 60, 0.009192701881507285
44, 61, 0.009457981292672918
44, 62, 0.03182298185749735
44, 63, 0.008639594284648153
44, 64, 0.011760177499492167
44, 65, 0.008673318985408629
44, 66, 0.008587894197285877
45, 46, 0.060475618931942574
45, 47, 0.037458224832911745
45, 48, 0.021337544229919434
45, 49, 0.035345523995124146
45, 50, 0.03079400432483685
45, 51, 0.03703683019379771
45, 52, 0.032351788751816955
45, 53, 0.04037118864671782
45, 54, 0.03706827029213991
45, 55, 0.026901668761543974
45, 56, 0.03952851402139446
45, 57, 0.053164155810694703
45, 58, 0.04309731491311127
45, 59, 0.03708055569919563
45, 60, 0.03355001137971064
45, 61, 0.039196923745545786
45, 62, 0.03219169626093064
45, 63, 0.036271607192905356
45, 64, 0.036677163227349915
45, 65, 0.03697076887893871
45, 66, 0.03735634938722611
46, 47, 0.06049353441375472
46, 48, 0.06019724433792475
46, 49, 0.05967679315386531
46, 50, 0.0604621980327903
46, 51, 0.0604927937248051
46, 52, 0.04018142249370898
46, 53, 0.059461336513392284
46, 54, 0.06049391753099283
46, 55, 0.06024435438158189
46, 56, 0.06001393719610885
46, 57, 0.05763241648366259
46, 58, 0.05608786610330952
46, 59, 0.0604939399001053
46, 60, 0.06045928658695646
46, 61, 0.06047077632457454
46, 62, 0.03987933048915767
46, 63, 0.06049077897637311
46, 64, 0.060365568720086374
46, 65, 0.060490828143294456
46, 66, 0.06049443954383813
47, 48, 0.019560495520692344
47, 49, 0.03528641516274116
47, 50, 0.024978028446203192
47, 51, 0.031744355499224795
47, 52, 0.03235010886485417
47, 53, 0.04040790459358138
47, 54, 0.028824717251752348
47, 55, 0.025713020781185036
47, 56, 0.03958471275238594
47, 57, 0.05318299680673223
47, 58, 0.04310954327382244
47, 59, 0.028911826324167864
47, 60, 0.03082156395410503
47, 61, 0.04004834077064889
47, 62, 0.03219002370486539
47, 63, 0.029174018501664175
47, 64, 0.0365071936218699
47, 65, 0.03353109933874128
47, 66, 0.031173921702877312
48, 49, 0.03245514417961248
48, 50, 0.020000005224149686
48, 51, 0.019545733206427447
48, 52, 0.032313826418950004
48, 53, 0.037926003300395514
48, 54, 0.01943788468829976
48, 55, 0.02253611146915993
48, 56, 0.03482702255962246
48, 57, 0.05280587756606525
48, 58, 0.04261256922501432
48, 59, 0.019438134013269187
48, 60, 0.0210269152852231
48, 61, 0.022384177641094745
48, 62, 0.0321553498624351
48, 63, 0.01957386816834349
48, 64, 0.02672782030079978
48, 65, 0.01972693464875133
48, 66, 0.01944322259475755
49, 50, 0.035001160615765255
49, 51, 0.035275952775092996
49, 52, 0.03238757379825621
49, 53, 0.038455365124702254
49, 54, 0.03527431274763448
49, 55, 0.033575824891064754
49, 56, 0.03706506526363764
49, 57, 0.052297876664750144
49, 58, 0.042407573423164514
49, 59, 0.03527460328239425
49, 60, 0.03512822048527398
49, 61, 0.035460075150601754
49, 62, 0.0322282607143731
49, 63, 0.03525678247103047
49, 64, 0.03546013831386408
49, 65, 0.03527823525691572
49, 66, 0.035281029407144615
50, 51, 0.02478090420877219
50, 52, 0.0323472879124395
50, 53, 0.0401504435773434
50, 54, 0.02419411219523939
50, 55, 0.025510946926577807
50, 56, 0.0390328671259719
50, 57, 0.053144018975454135
50, 58, 0.04306104801010948
50, 59, 0.024198639027312386
50, 60, 0.02796330262755263
50, 61, 0.03344479447329519
50, 62, 0.03218734546761698
50, 63, 0.0247078320888871
50, 64, 0.03479088626863614
50, 65, 0.025657418700253926
50, 66, 0.024297598860774892
51, 52, 0.032349990746508996
51, 53, 0.040399976449204476
51, 54, 0.026051585182994517
51, 55, 0.025685138340328362
51, 56, 0.03956701858065817
51, 57, 0.053182021181216114
51, 58, 0.04310815233042385
51, 59, 0.026108446216387853
51, 60, 0.030597954095525688
51, 61, 0.03971232961714443
51, 62, 0.032189910349397645
51, 63, 0.02783323037844127
51, 64, 0.03643976245220801
51, 65, 0.032046283034366
51, 66, 0.027529537965006498
52, 53, 0.032515312886529486
52, 54, 0.03234991677818994
52, 55, 0.03233139877222647
52, 56, 0.03241528691735665
52, 57, 0.03649179077087709
52, 58, 0.03359590747451256
52, 59, 0.03234991997416852
52, 60, 0.03234928350260918
52, 61, 0.032353727803918736
52, 62, 0.03226869766309084
52, 63, 0.03234980317443018
52, 64, 0.03235878397767258
52, 65, 0.032350111786722896
52, 66, 0.032349990413605034
53, 54, 0.040403375211121834
53, 55, 0.038674819218140935
53, 56, 0.040166212894025013
53, 57, 0.05219145528446326
53, 58, 0.04273928923008275
53, 59, 0.04040360214388407
53, 60, 0.04020331339141534
53, 61, 0.04041111582974525
53, 62, 0.032353135000771804
53, 63, 0.04038299108819745
53, 64, 0.04006032653883536
53, 65, 0.04039376111348331
53, 66, 0.04040863973835597
54, 55, 0.025615848282931626
54, 56, 0.03957319180847901
54, 57, 0.05318323638082059
54, 58, 0.043109068396677754
54, 59, 0.015015310381862485
54, 60, 0.030373154214101816
54, 61, 0.03983734469708515
54, 62, 0.032189835994710626
54, 63, 0.02505710777506198
54, 64, 0.03643964449650953
54, 65, 0.03084735261176645
54, 66, 0.014625848932347012
55, 56, 0.036316012868579176
55, 57, 0.052878082332647305
55, 58, 0.042746209066376585
55, 59, 0.025616525375432676
55, 60, 0.026357669086814396
55, 61, 0.027724628169950822
55, 62, 0.03217234860114396
55, 63, 0.025668243038334825
55, 64, 0.030307204032267616
55, 65, 0.025800630346873153
55, 66, 0.025631254139591057
56, 57, 0.052704702447476985
56, 58, 0.04288289569753125
56, 59, 0.03957369665019856
56, 60, 0.03916431740443752
56, 61, 0.039629927219502536
56, 62, 0.03225449203187744
56, 63, 0.039529919271954456
56, 64, 0.03902150223442037
56, 65, 0.039555599396200826
56, 66, 0.039584901027010046
57, 58, 0.04970488390252415
57, 59, 0.05318326545731245
57, 60, 0.0531427654286387
57, 61, 0.05316061980882105
57, 62, 0.036254077736010505
57, 63, 0.053179507493861564
57, 64, 0.05304526546383537
57, 65, 0.05317988716476968
57, 66, 0.05318391393253606
58, 59, 0.04310910865597614
58, 60, 0.0430671933568897
58, 61, 0.04310100244510984
58, 62, 0.033417861236644336
58, 63, 0.04310500011910791
58, 64, 0.043007340606493215
58, 65, 0.04310651114185825
58, 66, 0.04311000345601283
59, 60, 0.030379151154727144
59, 61, 0.039847224763725896
59, 62, 0.03218983905687882
59, 63, 0.025089177415938774
59, 64, 0.036441541717562836
59, 65, 0.030891338244365584
59, 66, 0.014607592987151674
60, 61, 0.03547721318077046
60, 62, 0.0321892933574396
60, 63, 0.030301227588850663
60, 64, 0.03546663842205823
60, 65, 0.030936765218865993
60, 66, 0.03051222802019969
61, 62, 0.032193593253821824
61, 63, 0.039040674175912185
61, 64, 0.03720744984774399
61, 65, 0.03950252754687503
61, 66, 0.040068565306910046
62, 63, 0.03218973212021467
62, 64, 0.03219873748266902
62, 65, 0.03219003229104348
62, 66, 0.03218990653306489
63, 64, 0.03631206054403499
63, 65, 0.03032418220650017
63, 66, 0.025845518150058942
64, 65, 0.036436646936123494
64, 66, 0.03648362396753758
65, 66, 0.03192987889693649
