74
0, 1, 0.051130320966474505
0, 2, 0.05158844233555278
0, 3, 0.051236876909620144
0, 4, 0.051595717784407344
0, 5, 0.051332572392534755
0, 6, 0.05188245380042277
0, 7, 0.051377161021091355
0, 8, 0.050898682599814386
0, 9, 0.051589388213247406
0, 10, 0.05156831139882119
0, 11, 0.05161999707169021
0, 12, 0.05105810467395841
0, 13, 0.05161734587665098
0, 14, 0.0506318540250248
0, 15, 0.0518246583599352
0, 16, 0.05160905295676722
0, 17, 0.051591155514005116
0, 18, 0.05441982172282551
0, 19, 0.05160920591903727
0, 20, 0.051566373581529115
0, 21, 0.05215653183011004
0, 22, 0.05245343110386635
0, 23, 0.050502998351376276
0, 24, 0.051474441987402496
0, 25, 0.053260062058226455
0, 26, 0.05192401693514434
0, 27, 0.051557626519849686
0, 28, 0.050693442703311116
0, 29, 0.051031728125215496
0, 30, 0.05161236425078301
0, 31, 0.05113643918139828
0, 32, 0.05160778040055522
0, 33, 0.05137614016633724
0, 34, 0.0492464575583836
0, 35, 0.050166731558295735
0, 36, 0.051451117804071175
0, 37, 0.05232497654957196
0, 38, 0.050680877093295336
0, 39, 0.05086172426312877
0, 40, 0.05107078992303533
0, 41, 0.05160551910361361
0, 42, 0.053321398349778754
0, 43, 0.05160983428788996
0, 44, 0.05067007939313201
0, 45, 0.05129422348220369
0, 46, 0.051550336149392986
0, 47, 0.05140137544412037
0, 48, 0.05152870282898359
0, 49, 0.051619349683422154
0, 50, 0.05128744003443405
0, 51, 0.05523368161132995
0, 52, 0.05108830520436321
0, 53, 0.05148777299131273
0, 54, 0.051617872742933744
0, 55, 0.05158236720450913
0, 56, 0.050623595902120976
0, 57, 0.05232588579699258
0, 58, 0.051044533285564506
0, 59, 0.051613586772260814
0, 60, 0.05015379309048736
0, 61, 0.05111670017473939
0, 62, 0.05202573718939161
0, 63, 0.05448989513183978
0, 64, 0.05108700986551904
0, 65, 0.051315642210586716
0, 66, 0.05152049465429353
0, 67, 0.0515516424581913
0, 68, 0.05048859430977946
0, 69, 0.04904009446033498
0, 70, 0.051521082839986375
0, 71, 0.05199308435697726
0, 72, 0.05155420600799945
0, 73, 0.051178228618382726
1, 2, 0.04001787181231512
1, 3, 0.041607199162062715
1, 4, 0.03891169261957873
1, 5, 0.03872568509201431
1, 6, 0.051575223474170866
1, 7, 0.04090503380534358
1, 8, 0.04511929253864598
1, 9, 0.039417937397778734
1, 10, 0.03876918257262345
1, 11, 0.038917842198795016
1, 12, 0.045582851667375766
1, 13, 0.0389227454755233
1, 14, 0.04596080850481322
1, 15, 0.051399946025044045
1, 16, 0.03896311835150435
1, 17, 0.03911005136911022
1, 18, 0.05694810535285909
1, 19, 0.038907936990346746
1, 20, 0.040305543499487416
1, 21, 0.05216576854346591
1, 22, 0.052962291223828874
1, 23, 0.04080991458375589
1, 24, 0.04157568055971385
1, 25, 0.055208407676244235
1, 26, 0.051658227552672485
1, 27, 0.040019690928271026
1, 28, 0.046892767039075196
1, 29, 0.04760744714938411
1, 30, 0.03895562532927012
1, 31, 0.04618171874270806
1, 32, 0.03890922075666539
1, 33, 0.04046479043244734
1, 34, 0.044192392838061416
1, 35, 0.04713914316653327
1, 36, 0.040893133084595
1, 37, 0.052687838015139224
1, 38, 0.04884418873730686
1, 39, 0.04810676128533682
1, 40, 0.044799601896037856
1, 41, 0.03888823653356174
1, 42, 0.0549440742184641
1, 43, 0.038938751441414385
1, 44, 0.047157143799424844
1, 45, 0.04077537828629758
1, 46, 0.03851100178372425
1, 47, 0.04394359667187131
1, 48, 0.03915919556607254
1, 49, 0.03891872813299694
1, 50, 0.04915679559162345
1, 51, 0.05924216321447041
1, 52, 0.04667606536300025
1, 53, 0.04110801634781974
1, 54, 0.03892023155644581
1, 55, 0.04049343327605811
1, 56, 0.044060359955906375
1, 57, 0.05256296538157224
1, 58, 0.046905123332835245
1, 59, 0.05063184243100221
1, 60, 0.042213971066765436
1, 61, 0.04834833793588303
1, 62, 0.051893862295490416
1, 63, 0.057116472569245604
1, 64, 0.04849784771396155
1, 65, 0.04463489675453661
1, 66, 0.04103668485850091
1, 67, 0.049502358142930775
1, 68, 0.0486500337043508
1, 69, 0.04321554133526555
1, 70, 0.03912191184901055
1, 71, 0.05183114381407407
1, 72, 0.0504027595038666
1, 73, 0.04443535453138372
2, 3, 0.044066314102287035
2, 4, 0.044949604891837615
2, 5, 0.04028500960571858
2, 6, 0.052166358896822036
2, 7, 0.04406212009453946
2, 8, 0.046606446899879646
2, 9, 0.04576263546972132
2, 10, 0.04333610219171412
2, 11, 0.0467298944527785
2, 12, 0.04732273565197139
2, 13, 0.04650088466314577
2, 14, 0.04699322100279578
2, 15, 0.05206790111126302
2, 16, 0.04593495051313736
2, 17, 0.0451915234797657
2, 18, 0.05774093827361276
2, 19, 0.04580907646406226
2, 20, 0.046319483517940255
2, 21, 0.053073410396028864
2, 22, 0.05393542518166276
2, 23, 0.04169532941837074
2, 24, 0.04595983726874136
2, 25, 0.05637433571973312
2, 26, 0.05226742847613589
2, 27, 0.04560507309172531
2, 28, 0.04784605396518142
2, 29, 0.048831308568711526
2, 30, 0.046166793871681024
2, 31, 0.047992044155453856
2, 32, 0.04570890839044018
2, 33, 0.043447198095510925
2, 34, 0.04463305611715057
2, 35, 0.047688544772488996
2, 36, 0.04480351448359411
2, 37, 0.05389072535652121
2, 38, 0.049367380874282975
2, 39, 0.0489720813158135
2, 40, 0.04668671631068653
2, 41, 0.04549688263733014
2, 42, 0.05583824809191389
2, 43, 0.04593265660294095
2, 44, 0.04804048363927245
2, 45, 0.0433217477788477
2, 46, 0.04204259780858919
2, 47, 0.04743930088810092
2, 48, 0.04319111649631284
2, 49, 0.046671802605720056
2, 50, 0.050267714927044925
2, 51, 0.06028284199822571
2, 52, 0.04825304813969306
2, 53, 0.045601569119344425
2, 54, 0.046541502266431486
2, 55, 0.047145078974706926
2, 56, 0.045239710060794074
2, 57, 0.053317649415671145
2, 58, 0.04833705093447645
2, 59, 0.05153536997349887
2, 60, 0.04299275716810778
2, 61, 0.049479738323979866
2, 62, 0.05244833465290855
2, 63, 0.0579225830608584
2, 64, 0.04953082863647101
2, 65, 0.04744718236777112
2, 66, 0.04610146904863562
2, 67, 0.05114701081864838
2, 68, 0.04910295631760232
2, 69, 0.043623616759880086
2, 70, 0.04294571560114982
2, 71, 0.05236832692729645
2, 72, 0.05134411864731277
2, 73, 0.04668909441785599
3, 4, 0.04354339302805713
3, 5, 0.04210105268470111
3, 6, 0.051701310458657154
3, 7, 0.043634912748638635
3, 8, 0.045930051584816105
3, 9, 0.04375928758191222
3, 10, 0.043286974593632295
3, 11, 0.04372025819082204
3, 12, 0.04643432766065423
3, 13, 0.04370309218885107
3, 14, 0.046481738994064555
3, 15, 0.05154567263303096
3, 16, 0.043662904405958686
3, 17, 0.04361292369026713
3, 18, 0.057003847776423845
3, 19, 0.04363661307562068
3, 20, 0.04409138919508043
3, 21, 0.05233624373743658
3, 22, 0.05312057354355135
3, 23, 0.04209886961376534
3, 24, 0.04440012560717465
3, 25, 0.05532965402798762
3, 26, 0.0517861575849886
3, 27, 0.04388667485401976
3, 28, 0.04731003552682483
3, 29, 0.048070618439077985
3, 30, 0.04368299082429196
3, 31, 0.04698142464011851
3, 32, 0.04362702408243036
3, 33, 0.04335080741670418
3, 34, 0.044525804975159275
3, 35, 0.04738205572658618
3, 36, 0.04389220623422766
3, 37, 0.05288948759153268
3, 38, 0.04901987305714269
3, 39, 0.04842174867376585
3, 40, 0.04582635714116251
3, 41, 0.04360043960386193
3, 42, 0.05504425202950426
3, 43, 0.04365640869700116
3, 44, 0.04753079535602127
3, 45, 0.043298803555421386
3, 46, 0.04303732173887686
3, 47, 0.04571563344978261
3, 48, 0.04325470201382095
3, 49, 0.04371589843796168
3, 50, 0.04949057748388251
3, 51, 0.059273716499598034
3, 52, 0.047339105485031195
3, 53, 0.04417008602439911
3, 54, 0.04370573489685186
3, 55, 0.04428378485478075
3, 56, 0.044867076899915585
3, 57, 0.052696990801323396
3, 58, 0.04749589980785884
3, 59, 0.05085078889499841
3, 60, 0.043042610529716294
3, 61, 0.04873342353933046
3, 62, 0.05200627036450405
3, 63, 0.05717052329554653
3, 64, 0.048844878138476565
3, 65, 0.046030781635141876
3, 66, 0.04427094131222726
3, 67, 0.04994720492929211
3, 68, 0.048808211412542504
3, 69, 0.04359408487584843
3, 70, 0.043191654909027766
3, 71, 0.051941383756445365
3, 72, 0.05063864438598144
3, 73, 0.04567330950042929
4, 5, 0.03840830146926117
4, 6, 0.052178817197062896
4, 7, 0.043215962456585925
4, 8, 0.04651301460937435
4, 9, 0.04250918595802184
4, 10, 0.03767830149577155
4, 11, 0.03875668007406652
4, 12, 0.04724101789136813
4, 13, 0.038865925007583804
4, 14, 0.046941879931926195
4, 15, 0.05208151208583961
4, 16, 0.03944858303022968
4, 17, 0.040561579836532746
4, 18, 0.057784525568452226
4, 19, 0.03865665630372318
4, 20, 0.04484010733711984
4, 21, 0.05309960716555725
4, 22, 0.053969604277367016
4, 23, 0.04138581608487732
4, 24, 0.045271115989305104
4, 25, 0.05643244073652834
4, 26, 0.05228079576583649
4, 27, 0.04376587010237681
4, 28, 0.04781543129897343
4, 29, 0.04881126126802839
4, 30, 0.03938529571137967
4, 31, 0.047932526377513704
4, 32, 0.03868539753266084
4, 33, 0.042427534796068575
4, 34, 0.044584297949482654
4, 35, 0.04767020895749336
4, 36, 0.043849876653093825
4, 37, 0.053933337010423556
4, 38, 0.049363227296156026
4, 39, 0.04896023306943228
4, 40, 0.046564869741126905
4, 41, 0.03840212841050894
4, 42, 0.05587958122873519
4, 43, 0.0391145773654176
4, 44, 0.04801537997417809
4, 45, 0.04254305776672708
4, 46, 0.035872458084048944
4, 47, 0.04723349668351011
4, 48, 0.040043241065286374
4, 49, 0.038779132095256734
4, 50, 0.05027099749518655
4, 51, 0.06035097480896877
4, 52, 0.048210498523472554
4, 53, 0.044713577372501666
4, 54, 0.03881616481742549
4, 55, 0.045931890784839995
4, 56, 0.04511974414437237
4, 57, 0.05334052061206564
4, 58, 0.048301236020764464
4, 59, 0.05154982543668462
4, 60, 0.04283207975161873
4, 61, 0.04947190355279538
4, 62, 0.05246125876884003
4, 63, 0.05796755784880315
4, 64, 0.04952444832219288
4, 65, 0.04730104144189615
4, 66, 0.04516850353523683
4, 67, 0.05116860915781743
4, 68, 0.04909782030097172
4, 69, 0.04356096767288461
4, 70, 0.03983127580450128
4, 71, 0.052380486363941325
4, 72, 0.05135751806088717
4, 73, 0.04653471717014943
5, 6, 0.051836757635781536
5, 7, 0.041349692154447816
5, 8, 0.045640483628623926
5, 9, 0.03930168838865821
5, 10, 0.038199532006802525
5, 11, 0.03837646764570262
5, 12, 0.046201056593055116
5, 13, 0.03839069956197766
5, 14, 0.046348697406607166
5, 15, 0.05169398145187515
5, 16, 0.03848019995045404
5, 17, 0.03876870677984572
5, 18, 0.05731675047274114
5, 19, 0.038378095367012956
5, 20, 0.040707647681574276
5, 21, 0.05256665726300928
5, 22, 0.053395742617462834
5, 23, 0.040960444054072384
5, 24, 0.042321910039048956
5, 25, 0.05573779480471853
5, 26, 0.05192791584914905
5, 27, 0.040264966171000165
5, 28, 0.047266373386301304
5, 29, 0.04809298939393644
5, 30, 0.03846082668704225
5, 31, 0.04684283997089202
5, 32, 0.03838303937501084
5, 33, 0.04077697335963623
5, 34, 0.04434689553546898
5, 35, 0.04736043251911921
5, 36, 0.041404142553297926
5, 37, 0.05321816762152113
5, 38, 0.04906513103746359
5, 39, 0.048460544570948456
5, 40, 0.04543274610937048
5, 41, 0.03834838576750565
5, 42, 0.05535188503060596
5, 43, 0.03843397344194957
5, 44, 0.04750770074870786
5, 45, 0.04112798194751846
5, 46, 0.037776736357428765
5, 47, 0.044936461856584314
5, 48, 0.03890566266691155
5, 49, 0.038379373887531605
5, 50, 0.04961862158957692
5, 51, 0.059730902509236725
5, 52, 0.04727133711826818
5, 53, 0.04173472643922707
5, 54, 0.03838499768928686
5, 55, 0.04101091258951912
5, 56, 0.044450184627179194
5, 57, 0.05289960477161639
5, 58, 0.047454264617655006
5, 59, 0.05102162719831439
5, 60, 0.04242432171214944
5, 61, 0.04880888476192758
5, 62, 0.052140553123599165
5, 63, 0.05749164062601514
5, 64, 0.0489216853554081
5, 65, 0.04552014722214095
5, 66, 0.041688043667409365
5, 67, 0.050178066709332746
5, 68, 0.04884099298930541
5, 69, 0.043346842883925846
5, 70, 0.03885062777065143
5, 71, 0.05207006977110855
5, 72, 0.05080669119659098
5, 73, 0.04515543818141664
6, 7, 0.05188692582009451
6, 8, 0.05123655898213995
6, 9, 0.05216925373569346
6, 10, 0.052143318156857084
6, 11, 0.05221059613060899
6, 12, 0.05143557144943596
6, 13, 0.05220711139656219
6, 14, 0.050886713984005384
6, 15, 0.05216750895143728
6, 16, 0.052196153256061764
6, 17, 0.0521723576951752
6, 18, 0.05505879595788874
6, 19, 0.05219648478411651
6, 20, 0.052136535010270595
6, 21, 0.05258963477120567
6, 22, 0.052934512249520366
6, 23, 0.05077091794372401
6, 24, 0.05201124992002065
6, 25, 0.05387442448779457
6, 26, 0.05226169800796618
6, 27, 0.05212594057274757
6, 28, 0.050946650393015366
6, 29, 0.051361251021167356
6, 30, 0.05220050818481251
6, 31, 0.05152845168363588
6, 32, 0.052194615018043546
6, 33, 0.05188736146297724
6, 34, 0.04924197129323329
6, 35, 0.05029594261001094
6, 36, 0.0519835075251654
6, 37, 0.05282835436758488
6, 38, 0.05086606741241575
6, 39, 0.051125968947845504
6, 40, 0.05146174652312006
6, 41, 0.052191703916907715
6, 42, 0.05388247210037508
6, 43, 0.052197234605516465
6, 44, 0.05091129319289311
6, 45, 0.051779626041408344
6, 46, 0.05212046643062051
6, 47, 0.05190160638976655
6, 48, 0.05209056049271074
6, 49, 0.0522097459057391
6, 50, 0.051640182589866676
6, 51, 0.05603465867592015
6, 52, 0.05145681467307041
6, 53, 0.05203064973476722
6, 54, 0.05220780749697015
6, 55, 0.05215694434639551
6, 56, 0.050899807353654875
6, 57, 0.052744314316254995
6, 58, 0.051395151218295035
6, 59, 0.05197997780318668
6, 60, 0.05033048418083545
6, 61, 0.051448292885659955
6, 62, 0.05235710463723321
6, 63, 0.05514023393523666
6, 64, 0.0514031183665674
6, 65, 0.05178283750927286
6, 66, 0.05207383408733827
6, 67, 0.05199229468361345
6, 68, 0.05063865521454665
6, 69, 0.04900280595878403
6, 70, 0.05208071128210579
6, 71, 0.05231581458780009
6, 72, 0.05191923168232156
6, 73, 0.05160498988255382
7, 8, 0.04611863508828213
7, 9, 0.043577656854279265
7, 10, 0.04282501803071491
7, 11, 0.04348853461895689
7, 12, 0.046695719948290616
7, 13, 0.04346188171988619
7, 14, 0.04664222664249854
7, 15, 0.05175282684498719
7, 16, 0.043402154340015306
7, 17, 0.04333710952972067
7, 18, 0.05731018192200874
7, 19, 0.04335751765603291
7, 20, 0.04410001213014097
7, 21, 0.05262857541062563
7, 22, 0.0534459600753395
7, 23, 0.041839756569744355
7, 24, 0.04451703506214039
7, 25, 0.05575270227052225
7, 26, 0.05197831024277628
7, 27, 0.043792240209608424
7, 28, 0.047492110009099746
7, 29, 0.048335643777591114
7, 30, 0.043432728581631996
7, 31, 0.047294890807174424
7, 32, 0.04334285712570697
7, 33, 0.04310274691731849
7, 34, 0.04454262074300296
7, 35, 0.04748980713505021
7, 36, 0.04382462258591212
7, 37, 0.05328404918838731
7, 38, 0.04915142764457676
7, 39, 0.048621280599912595
7, 40, 0.04605307542748322
7, 41, 0.04330041565549493
7, 42, 0.055368474971273965
7, 43, 0.0433903624079349
7, 44, 0.04770731711687195
7, 45, 0.043071580775251125
7, 46, 0.04243787427167786
7, 47, 0.0460957739461591
7, 48, 0.04283043437139536
7, 49, 0.04348172805621581
7, 50, 0.04977855072293912
7, 51, 0.05969468757802103
7, 52, 0.047636183395730176
7, 53, 0.04420733846913932
7, 54, 0.04346586034886093
7, 55, 0.04438983809015608
7, 56, 0.04494185942860298
7, 57, 0.05294604557834056
7, 58, 0.04777527813067977
7, 59, 0.051115874581599774
7, 60, 0.04295291049435184
7, 61, 0.04900271066542705
7, 62, 0.05218378607008523
7, 63, 0.05748323833044342
7, 64, 0.049094957492929824
7, 65, 0.0463875669914848
7, 66, 0.04435301239370279
7, 67, 0.05038405528958244
7, 68, 0.04891952749829988
7, 69, 0.04357483393884205
7, 70, 0.04274023429386484
7, 71, 0.05211282257436997
7, 72, 0.050910124767974935
7, 73, 0.0459232508727666
8, 9, 0.04654309533457212
8, 10, 0.046402325450635634
8, 11, 0.04660027213602563
8, 12, 0.046955118993230134
8, 13, 0.04659119666039801
8, 14, 0.04684719409690777
8, 15, 0.05104746496656644
8, 16, 0.04656539871816297
8, 17, 0.04651699570251788
8, 18, 0.05592317793997418
8, 19, 0.04656060295263453
8, 20, 0.046569754286785045
8, 21, 0.05159653500336378
8, 22, 0.05223975046226386
8, 23, 0.044411957782779156
8, 24, 0.04648974380507916
8, 25, 0.054034321954900225
8, 26, 0.05130146565511775
8, 27, 0.04650668022038937
8, 28, 0.04743904440293431
8, 29, 0.048014175393120105
8, 30, 0.04657648967013836
8, 31, 0.047297103236184815
8, 32, 0.04655563461620992
8, 33, 0.04603905812894468
8, 34, 0.04509891725335264
8, 35, 0.04745545718783609
8, 36, 0.04631355518329586
8, 37, 0.051889496156288906
8, 38, 0.04886825081687096
8, 39, 0.048307429831362166
8, 40, 0.04663623369624887
8, 41, 0.04654553109149994
8, 42, 0.05402010513396843
8, 43, 0.046565823794663126
8, 44, 0.047602490431913294
8, 45, 0.045885788535259035
8, 46, 0.046312942623563946
8, 47, 0.04683189827024627
8, 48, 0.046310229102281185
8, 49, 0.04659802424557885
8, 50, 0.04912123184893294
8, 51, 0.0577329720353686
8, 52, 0.04750786144398834
8, 53, 0.046449102607713455
8, 54, 0.046592852101029196
8, 55, 0.04664366898839369
8, 56, 0.045862355854699076
8, 57, 0.05202044880014627
8, 58, 0.04760582839321581
8, 59, 0.050315174548499465
8, 60, 0.04456670802982824
8, 61, 0.048522920569786604
8, 62, 0.05153966059685461
8, 63, 0.05606273856761969
8, 64, 0.04862387303994395
8, 65, 0.04689235230226367
8, 66, 0.04653070030992778
8, 67, 0.04934928052509218
8, 68, 0.04869660276657426
8, 69, 0.04437209233823507
8, 70, 0.046280712419505945
8, 71, 0.051492581780682
8, 72, 0.05011875646379636
8, 73, 0.046632077722487994
9, 10, 0.04092872006202028
9, 11, 0.04419638944296821
9, 12, 0.047263656114598165
9, 13, 0.043972752029147445
9, 14, 0.04695709316598027
9, 15, 0.052070880658981133
9, 16, 0.043529603669839996
9, 17, 0.04318663708305587
9, 18, 0.0577598163829098
9, 19, 0.0432522239356038
9, 20, 0.04548581308638117
9, 21, 0.05308164973450763
9, 22, 0.053947642676219154
9, 23, 0.04151789150527029
9, 24, 0.04554056140875681
9, 25, 0.056398494614713524
9, 26, 0.05227070141087447
9, 27, 0.04461569239128273
9, 28, 0.047822116309455584
9, 29, 0.0488111217958623
9, 30, 0.04373352130181841
9, 31, 0.04794469823469783
9, 32, 0.043163695706818196
9, 33, 0.042875775553767315
9, 34, 0.04460281885024791
9, 35, 0.047674508039446666
9, 36, 0.04425499788569239
9, 37, 0.05390586545353217
9, 38, 0.04936146445556809
9, 39, 0.048959321469706586
9, 40, 0.04660395704920664
9, 41, 0.04290890464747702
9, 42, 0.05585509323800161
9, 43, 0.04345921428712464
9, 44, 0.0480201722141485
9, 45, 0.04287878556365964
9, 46, 0.03941428395164053
9, 47, 0.04729198292074599
9, 48, 0.041650811018345835
9, 49, 0.044137841337757645
9, 50, 0.05026150831787036
9, 51, 0.0603136404177443
9, 52, 0.04821728100788505
9, 53, 0.04507818002844731
9, 54, 0.04400683122041631
9, 55, 0.04642084588780219
9, 56, 0.045164218390373254
9, 57, 0.053325179392572516
9, 58, 0.04830630500688225
9, 59, 0.05153705261024455
9, 60, 0.042897898354682
9, 61, 0.0494671384480859
9, 62, 0.05245175571774862
9, 63, 0.05794214157124474
9, 64, 0.04951982689713957
9, 65, 0.04734133107302549
9, 66, 0.04554605751661149
9, 67, 0.051146601852625935
9, 68, 0.04909699228154818
9, 69, 0.043585872181977105
9, 70, 0.04141687657005323
9, 71, 0.052371443983203
9, 72, 0.05134491752324067
9, 73, 0.04658471087374773
10, 11, 0.03709689916137483
10, 12, 0.04711074941890419
10, 13, 0.037255653696407535
10, 14, 0.04687041760657612
10, 15, 0.05204110923227651
10, 16, 0.03790047613233564
10, 17, 0.03918281019764568
10, 18, 0.057738597549942705
10, 19, 0.03734264806984764
10, 20, 0.04362430117293965
10, 21, 0.053044345004982354
10, 22, 0.05391064722773311
10, 23, 0.04130388654257436
10, 24, 0.04468998296412112
10, 25, 0.056362589287370486
10, 26, 0.05224420290101676
10, 27, 0.042646049525381126
10, 28, 0.04775160461742704
10, 29, 0.04872889120878392
10, 30, 0.037759150743632564
10, 31, 0.047799040430716776
10, 32, 0.037394536434390974
10, 33, 0.04204422642186206
10, 34, 0.04455373473771798
10, 35, 0.047634904985878836
10, 36, 0.04331436008121527
10, 37, 0.05385918991742182
10, 38, 0.049330757991366145
10, 39, 0.04890429501063438
10, 40, 0.046416850315738084
10, 41, 0.03724434286431646
10, 42, 0.05582668807214825
10, 43, 0.03764316100485541
10, 44, 0.047956976902547875
10, 45, 0.042247295716304846
10, 46, 0.035725600353219616
10, 47, 0.04689675963171093
10, 48, 0.03935223153869848
10, 49, 0.037133488717231766
10, 50, 0.05019927372700423
10, 51, 0.06029084907716995
10, 52, 0.04809836963796625
10, 53, 0.04407003432398713
10, 54, 0.037206896336709455
10, 55, 0.04451312233456827
10, 56, 0.04503068155417994
10, 57, 0.05329521904434012
10, 58, 0.04820135246312015
10, 59, 0.05149372197812156
10, 60, 0.04276959738581721
10, 61, 0.04939756861514383
10, 62, 0.052428161339377534
10, 63, 0.0579208826765226
10, 64, 0.049457308126387496
10, 65, 0.04705788918289554
10, 66, 0.044379510595584266
10, 67, 0.051058907286097646
10, 68, 0.049069776635908786
10, 69, 0.043531508812519645
10, 70, 0.03919613011737317
10, 71, 0.0523484353264677
10, 72, 0.05129871458774291
10, 73, 0.04634819414408448
11, 12, 0.0473468244203787
11, 13, 0.03951332322523304
11, 14, 0.04699871068203051
11, 15, 0.05211764858265729
11, 16, 0.04067348563149841
11, 17, 0.04170430676003508
11, 18, 0.05782836382823061
11, 19, 0.03837552352582523
11, 20, 0.04601998802000572
11, 21, 0.05314986569454243
11, 22, 0.05402385116087893
11, 23, 0.04142590447435124
11, 24, 0.04575330687748593
11, 25, 0.056498490980800946
11, 26, 0.05231360980648008
11, 27, 0.04478572153769188
11, 28, 0.047867616911179814
11, 29, 0.048880710141679315
11, 30, 0.040919583693477
11, 31, 0.04804335847407907
11, 32, 0.03849532612958916
11, 33, 0.04267373043501562
11, 34, 0.04460579216402577
11, 35, 0.047698803556348535
11, 36, 0.04425809251264677
11, 37, 0.05400164885876256
11, 38, 0.049390760968062664
11, 39, 0.04900737660452402
11, 40, 0.046682631547470085
11, 41, 0.037729084248337055
11, 42, 0.05592924669889053
11, 43, 0.03982286433441279
11, 44, 0.04806337468156362
11, 45, 0.042730227573312615
11, 46, 0.0345325212909104
11, 47, 0.04751755553874116
11, 48, 0.04033527842717818
11, 49, 0.03872140608042176
11, 50, 0.05033338794990703
11, 51, 0.06040951341865446
11, 52, 0.04830399673174231
11, 53, 0.04524306021037593
11, 54, 0.039148722631070894
11, 55, 0.04741785188504027
11, 56, 0.04518526999415684
11, 57, 0.05338180508379961
11, 58, 0.04838456291123607
11, 59, 0.05159967590605535
11, 60, 0.042870197765683266
11, 61, 0.04953549817465755
11, 62, 0.05249100636114613
11, 63, 0.05801217835315879
11, 64, 0.04958189384346378
11, 65, 0.04750303233155416
11, 66, 0.045855196241003024
11, 67, 0.05126615084399851
11, 68, 0.049121433467329695
11, 69, 0.04358013105004424
11, 70, 0.040060944941335566
11, 71, 0.052409254816415396
11, 72, 0.05140961639574593
11, 73, 0.046684052478145055
12, 13, 0.04733566423360207
12, 14, 0.04712377918715194
12, 15, 0.05126660444379172
12, 16, 0.047303261755802656
12, 17, 0.047240546765613976
12, 18, 0.056196569506387746
12, 19, 0.04729887390124007
12, 20, 0.047268248164180154
12, 21, 0.051878649582199565
12, 22, 0.052541176944074355
12, 23, 0.044693194593376034
12, 24, 0.047118575458710565
12, 25, 0.05439154683839431
12, 26, 0.05150574907491852
12, 27, 0.047200778613376654
12, 28, 0.047703602513177464
12, 29, 0.048334748880130146
12, 30, 0.04731693492922756
12, 31, 0.04770150839713548
12, 32, 0.04729280692995181
12, 33, 0.0466177644311699
12, 34, 0.045232371303924775
12, 35, 0.04762713107348366
12, 36, 0.04693297836281977
12, 37, 0.05223899413153796
12, 38, 0.049039091434147426
12, 39, 0.04855911644682562
12, 40, 0.047047094601019405
12, 41, 0.047281084694458984
12, 42, 0.05431217215614482
12, 43, 0.047304414591014976
12, 44, 0.047853510418689175
12, 45, 0.04642064913680676
12, 46, 0.04700958730649336
12, 47, 0.047394304579500786
12, 48, 0.04698882232709729
12, 49, 0.04734406843344031
12, 50, 0.04942984659355283
12, 51, 0.0580809313282941
12, 52, 0.047881463249991874
12, 53, 0.04708963423491232
12, 54, 0.047337741566727716
12, 55, 0.047352371398584454
12, 56, 0.04616406803471319
12, 57, 0.05226685211104886
12, 58, 0.04795801734903426
12, 59, 0.050588434921078694
12, 60, 0.044792758512519314
12, 61, 0.048830634433237985
12, 62, 0.051729418155197104
12, 63, 0.05634037371890836
12, 64, 0.048913063309408755
12, 65, 0.04740182715306604
12, 66, 0.04719279866241033
12, 67, 0.049752681541676454
12, 68, 0.04884719246365259
12, 69, 0.04449478227834548
12, 70, 0.046954273105847086
12, 71, 0.0516771920777252
12, 72, 0.05039926432102814
12, 73, 0.04708683714135465
13, 14, 0.04699277933137634
13, 15, 0.05211368708267525
13, 16, 0.04051744435948823
13, 17, 0.04156976656929499
13, 18, 0.05782344067424599
13, 19, 0.03867538134494376
13, 20, 0.045879790780466015
13, 21, 0.053144319469587614
13, 22, 0.054017838298977924
13, 23, 0.0414229459727487
13, 24, 0.0457013861265683
13, 25, 0.056491095491922695
13, 26, 0.05231000913386579
13, 27, 0.04466778493791409
13, 28, 0.04786210243255579
13, 29, 0.0488732710643755
13, 30, 0.04066058067778511
13, 31, 0.04803155365487545
13, 32, 0.03874289368674813
13, 33, 0.04265093457521843
13, 34, 0.04460368523103355
13, 35, 0.04769579593119047
13, 36, 0.044215977045717295
13, 37, 0.05399407156442225
13, 38, 0.049387806992950714
13, 39, 0.04900232991423706
13, 40, 0.04667032323521148
13, 41, 0.038088558430942575
13, 42, 0.055923701110846984
13, 43, 0.039818204111582024
13, 44, 0.04805829213713016
13, 45, 0.042713063264733696
13, 46, 0.03480492902100254
13, 47, 0.04748696504570605
13, 48, 0.040320992459303616
13, 49, 0.0395251996113875
13, 50, 0.050326619566209395
13, 51, 0.060402892691912694
13, 52, 0.04829402357679626
13, 53, 0.045186134160132285
13, 54, 0.039494761384456296
13, 55, 0.047234901021370956
13, 56, 0.045178685700234034
13, 57, 0.053377246362458095
13, 58, 0.04837567479258192
13, 59, 0.051594223570964416
13, 60, 0.042866780315727236
13, 61, 0.04952864552646749
13, 62, 0.05248773946794395
13, 63, 0.05800716456289203
13, 64, 0.049575704273667955
13, 65, 0.0474814676804903
13, 66, 0.04577907848546433
13, 67, 0.051255469860100294
13, 68, 0.04911890780817804
13, 69, 0.04357833717524775
13, 70, 0.04005434848757279
13, 71, 0.052406097137497984
13, 72, 0.05140392441272437
13, 73, 0.04666838785785786
14, 15, 0.05068133990144544
14, 16, 0.04697566963763139
14, 17, 0.046942740186110325
14, 18, 0.055133960582448224
14, 19, 0.04697299160551662
14, 20, 0.04696575098345978
14, 21, 0.05108888534650137
14, 22, 0.051642715214363845
14, 23, 0.0452632738670221
14, 24, 0.046892765747751856
14, 25, 0.05317855667928192
14, 26, 0.05093876546590396
14, 27, 0.04692669701613935
14, 28, 0.04747406973367472
14, 29, 0.047942884850882335
14, 30, 0.046982955292820774
14, 31, 0.04738066381754223
14, 32, 0.04696974330994215
14, 33, 0.046595099671826117
14, 34, 0.045436878810202606
14, 35, 0.047477880201529765
14, 36, 0.04678137390983887
14, 37, 0.05125010943701265
14, 38, 0.04874039793588024
14, 39, 0.04820546192486414
14, 40, 0.04689966664694847
14, 41, 0.046963326779203965
14, 42, 0.05330106781742335
14, 43, 0.046976144144397186
14, 44, 0.047608756041070774
14, 45, 0.046475356278497124
14, 46, 0.04681387663472805
14, 47, 0.047088491723197165
14, 48, 0.046804891020045404
14, 49, 0.04699724467161415
14, 50, 0.048872848092440135
14, 51, 0.05664918530502875
14, 52, 0.047537761198455826
14, 53, 0.04687243372318374
14, 54, 0.04699387426654015
14, 55, 0.047013139067276354
14, 56, 0.04626927723246744
14, 57, 0.051535147208423684
14, 58, 0.04761328126979695
14, 59, 0.04994727432551354
14, 60, 0.04524324149908907
14, 61, 0.04836729634916114
14, 62, 0.05118439068272302
14, 63, 0.05525532857000053
14, 64, 0.0484603590752116
14, 65, 0.0471138899688885
14, 66, 0.046929951777706404
14, 67, 0.04900207809174222
14, 68, 0.0485965882708914
14, 69, 0.04482943211122185
14, 70, 0.04678549337778318
14, 71, 0.05114891647937548
14, 72, 0.049764822387309976
14, 73, 0.046915781790590805
15, 16, 0.05210124246885192
15, 17, 0.052074260722501334
15, 18, 0.055206334266605664
15, 19, 0.05210159622464289
15, 20, 0.05203423986832742
15, 21, 0.052568315812159275
15, 22, 0.05294152026314194
15, 23, 0.05051393496465801
15, 24, 0.05189360750187238
15, 25, 0.05396077261643861
15, 26, 0.05222131714401677
15, 27, 0.05202205679949338
15, 28, 0.05075840865389039
15, 29, 0.051205776898321405
15, 30, 0.052106191207079586
15, 31, 0.051371498442103466
15, 32, 0.05209947071251416
15, 33, 0.05175281218244572
15, 34, 0.04893928531529735
15, 35, 0.0500945872496695
15, 36, 0.051861639363550704
15, 37, 0.05282641954513904
15, 38, 0.05072493734566975
15, 39, 0.050967961272682376
15, 40, 0.05129061303937758
15, 41, 0.052096151869606366
15, 42, 0.05396008708628966
15, 43, 0.052102461751534795
15, 44, 0.050726151046231835
15, 45, 0.05163205149824292
15, 46, 0.05201502883382648
15, 47, 0.051774029074083565
15, 48, 0.05198143240859335
15, 49, 0.05211668187678141
15, 50, 0.05152293557668826
15, 51, 0.056266150482880986
15, 52, 0.05129780231732382
15, 53, 0.05191504601814668
15, 54, 0.05211447777016299
15, 55, 0.05205749071984138
15, 56, 0.05067523324372193
15, 57, 0.05273648868908221
15, 58, 0.05123371251896294
15, 59, 0.05190539227762759
15, 60, 0.050046171567812936
15, 61, 0.05130837692424214
15, 62, 0.05232525672083424
15, 63, 0.055293881706304816
15, 64, 0.05126361228977981
15, 65, 0.051643625761893984
15, 66, 0.05196377365443872
15, 67, 0.051899583744139915
15, 68, 0.05049161907370275
15, 69, 0.048669304553862605
15, 70, 0.05197024157552255
15, 71, 0.052281824316441836
15, 72, 0.05183750626490667
15, 73, 0.05144633788624934
16, 17, 0.041464588401796974
16, 18, 0.057807423381894915
16, 19, 0.039677819009501
16, 20, 0.04552603097129684
16, 21, 0.05312675345081848
16, 22, 0.05399867519351246
16, 23, 0.041420517635086716
16, 24, 0.04556336715541054
16, 25, 0.056467194610442716
16, 26, 0.05229867643141306
16, 27, 0.04439048235353357
16, 28, 0.047845827999874295
16, 29, 0.04885088599549692
16, 30, 0.04082977730734009
16, 31, 0.047996702018969085
16, 32, 0.03965901935007125
16, 33, 0.042607417552093435
16, 34, 0.04459822719930387
16, 35, 0.047686941692675566
16, 36, 0.044114356408891664
16, 37, 0.05396993846102802
16, 38, 0.049378822069012965
16, 39, 0.04898709159636276
16, 40, 0.04663531693463762
16, 41, 0.039203286241802894
16, 42, 0.05590582140045576
16, 43, 0.040322337787244276
16, 44, 0.04804322308675776
16, 45, 0.04267945267192374
16, 46, 0.03575993288101368
16, 47, 0.04739878893741595
16, 48, 0.04038226078009701
16, 49, 0.040619317444518466
16, 50, 0.0503057913944549
16, 51, 0.060381157987694736
16, 52, 0.04826438393468283
16, 53, 0.04503977852435456
16, 54, 0.04049889556913767
16, 55, 0.0467547504030883
16, 56, 0.0451610573297454
16, 57, 0.05336277742253606
16, 58, 0.048349200546894226
16, 59, 0.051577190830895875
16, 60, 0.04285969172642546
16, 61, 0.0495077945740613
16, 62, 0.05247744005775192
16, 63, 0.05799084039796635
16, 64, 0.04955685165511059
16, 65, 0.04741899324174368
16, 66, 0.04557943555386495
16, 67, 0.051222289015632014
16, 68, 0.049111257294913606
16, 69, 0.043574129172055
16, 70, 0.04013425016309944
16, 71, 0.052396148709154905
16, 72, 0.051386179512856796
16, 73, 0.046623935599910925
17, 18, 0.057771210174136646
17, 19, 0.04099187636966393
17, 20, 0.04503048698801752
17, 21, 0.05308831071659101
17, 22, 0.0539564243540789
17, 23, 0.041433281491887165
17, 24, 0.04534020577114553
17, 25, 0.05641363499340538
17, 26, 0.052274042070534606
17, 27, 0.0440547057513716
17, 28, 0.0478134166388253
17, 29, 0.04880512733892263
17, 30, 0.041576159135902464
17, 31, 0.0479275832432546
17, 32, 0.04094297518452327
17, 33, 0.042585799484275724
17, 34, 0.04458949639590875
17, 35, 0.047669336284763754
17, 36, 0.04397967900700033
17, 37, 0.05391681265347294
17, 38, 0.04936012628945381
17, 39, 0.04895574184633931
17, 40, 0.0465697574200391
17, 41, 0.04067072394174372
17, 42, 0.05586583702848935
17, 43, 0.041295317703007775
17, 44, 0.04801300297039789
17, 45, 0.042659743988372724
17, 46, 0.0375313709485225
17, 47, 0.04723240111489562
17, 48, 0.04070628748222907
17, 49, 0.041666294514759415
17, 50, 0.050261886146401875
17, 51, 0.06033153422129093
17, 52, 0.04820495633644698
17, 53, 0.044818752995110865
17, 54, 0.0415792650240903
17, 55, 0.0460382252254253
17, 56, 0.045131133178527634
17, 57, 0.05333101410518277
17, 58, 0.048295907491622894
17, 59, 0.05154055069313238
17, 60, 0.04285404142706457
17, 61, 0.04946450069628234
17, 62, 0.0524550011335878
17, 63, 0.05795390305077302
17, 64, 0.04951763575349614
17, 65, 0.047299414102815754
17, 66, 0.04526923752258723
17, 67, 0.051151634883467315
17, 68, 0.049095421476546865
17, 69, 0.04356881744934621
17, 70, 0.04048609328359375
17, 71, 0.052374491150064977
17, 72, 0.051348112496463066
17, 73, 0.04654120860486439
18, 19, 0.05780904786489921
18, 20, 0.05769069390310346
18, 21, 0.05597327361445558
18, 22, 0.05633568599761537
18, 23, 0.055690958116661395
18, 24, 0.05746529858864205
18, 25, 0.05732153643081045
18, 26, 0.055143313968891314
18, 27, 0.05768352434338383
18, 28, 0.0549860128245385
18, 29, 0.05559264539476185
18, 30, 0.057813612723460014
18, 31, 0.05626319233837023
18, 32, 0.05780643424045156
18, 33, 0.05732826346974075
18, 34, 0.05275393045160315
18, 35, 0.05359816574302365
18, 36, 0.05745105159820585
18, 37, 0.05653342563854119
18, 38, 0.053863340044521923
18, 39, 0.054895822792665784
18, 40, 0.05635420302440924
18, 41, 0.05780285078285403
18, 42, 0.05698803879146249
18, 43, 0.057809436206637484
18, 44, 0.054826874481104376
18, 45, 0.05715992371814201
18, 46, 0.05771285722363936
18, 47, 0.057166594939101326
18, 48, 0.05765630289915128
18, 49, 0.05782716917339954
18, 50, 0.055593970869393994
18, 51, 0.05901463514395551
18, 52, 0.056031156969294414
18, 53, 0.05751183971246678
18, 54, 0.057824456024655774
18, 55, 0.05771464203378317
18, 56, 0.055522174471742916
18, 57, 0.05583394708826298
18, 58, 0.055858925618841815
18, 59, 0.05551522156664109
18, 60, 0.05488373483055229
18, 61, 0.055511378727230005
18, 62, 0.05508108907938773
18, 63, 0.05792019502083063
18, 64, 0.05534324613446263
18, 65, 0.05691327462060076
18, 66, 0.057577414991584266
18, 67, 0.05634187541268943
18, 68, 0.053457994824258545
18, 69, 0.05262469248584676
18, 70, 0.05764354014584718
18, 71, 0.055001730854560886
18, 72, 0.055532775045124876
18, 73, 0.056636828658659114
19, 20, 0.04543052864056647
19, 21, 0.05312757219456625
19, 22, 0.05399982133812615
19, 23, 0.04140606774869772
19, 24, 0.045525363746452156
19, 25, 0.05646932389460084
19, 26, 0.05229904122871038
19, 27, 0.04426904237918707
19, 28, 0.047844110329236286
19, 29, 0.04884952666503953
19, 30, 0.03961292948587706
19, 31, 0.04799329351725123
19, 32, 0.038461665505428934
19, 33, 0.04255325715575249
19, 34, 0.044595915625696085
19, 35, 0.04768593268962636
19, 36, 0.04406191414751528
19, 37, 0.05397137162563259
19, 38, 0.049378448457594405
19, 39, 0.04898624484452169
19, 40, 0.04662900415939385
19, 41, 0.038029821107300986
19, 42, 0.05590731087217745
19, 43, 0.039152380400463836
19, 44, 0.04804178024581916
19, 45, 0.04263959534783022
19, 46, 0.03517794636689875
19, 47, 0.04738742290529661
19, 48, 0.04016142770816514
19, 49, 0.03844788136135305
19, 50, 0.05030551825083285
19, 51, 0.06038377125855936
19, 52, 0.04826185674934672
19, 53, 0.044989879194436456
19, 54, 0.03856362272384638
19, 55, 0.0466769566630585
19, 56, 0.045155207335531584
19, 57, 0.05336350634067276
19, 58, 0.04834704309995047
19, 59, 0.05157749324664344
19, 60, 0.04285219301692642
19, 61, 0.04950701869372821
19, 62, 0.05247780554086391
19, 63, 0.057992520988087826
19, 64, 0.04955618039360604
19, 65, 0.0474109888734781
19, 66, 0.04552536504338599
19, 67, 0.05122261749588845
19, 68, 0.04911086699462059
19, 69, 0.04357121465862983
19, 70, 0.039919477963350596
19, 71, 0.0523964869720069
19, 72, 0.051386420837224764
19, 73, 0.046615891485218774
20, 21, 0.05302430564150482
20, 22, 0.05388042484125022
20, 23, 0.041763297718965024
20, 24, 0.0458328763856061
20, 25, 0.0563018038276768
20, 26, 0.05223646957118558
20, 27, 0.04542859708694794
20, 28, 0.04781514157959139
20, 29, 0.04878346041958875
20, 30, 0.04567647819117512
20, 31, 0.0479264319797614
20, 32, 0.04536422174320381
20, 33, 0.04353939282691096
20, 34, 0.04463253616364893
20, 35, 0.04767194043705547
20, 36, 0.044779125889620276
20, 37, 0.0538219536046264
20, 38, 0.04934670843629173
20, 39, 0.04893864523933614
20, 40, 0.04663654267169688
20, 41, 0.04521799998111922
20, 42, 0.05578427030923697
20, 43, 0.04551898820339503
20, 44, 0.04801094482500732
20, 45, 0.043402921537558
20, 46, 0.04261619922277975
20, 47, 0.047300808139930546
20, 48, 0.043431007330423245
20, 49, 0.04598459006105152
20, 50, 0.050217235859087626
20, 51, 0.06021248851637735
20, 52, 0.04819464041274084
20, 53, 0.04549372455851969
20, 54, 0.04590432615161059
20, 55, 0.046708353626407274
20, 56, 0.04522835716130807
20, 57, 0.05327670479299262
20, 58, 0.048284023897590345
20, 59, 0.05149069360738752
20, 60, 0.04301606951310614
20, 61, 0.04943217946102443
20, 62, 0.05241995327082628
20, 63, 0.057871237494977905
20, 64, 0.04948750609860815
20, 65, 0.047344786177002246
20, 66, 0.04592151298075516
20, 67, 0.05106357453142221
20, 68, 0.04908574170470692
20, 69, 0.043629678917930854
20, 70, 0.043221693917001196
20, 71, 0.052340988103551665
20, 72, 0.051298066329437134
20, 73, 0.04662638186385996
21, 22, 0.053583420946579974
21, 23, 0.050973284172893894
21, 24, 0.052816848289303754
21, 25, 0.054771022882678995
21, 26, 0.05265604830109456
21, 27, 0.05300947208796073
21, 28, 0.051153678792077016
21, 29, 0.05171412815402258
21, 30, 0.05313368790036538
21, 31, 0.05200292979897715
21, 32, 0.05312460627889384
21, 33, 0.05263282167395742
21, 34, 0.04899289861720827
21, 35, 0.050305797393205856
21, 36, 0.05277917598280058
21, 37, 0.05352313159583438
21, 38, 0.05099129441219934
21, 39, 0.05136424972816096
21, 40, 0.05193251470053367
21, 41, 0.05312011158980644
21, 42, 0.054671041839438765
21, 43, 0.0531285951989438
21, 44, 0.051099831033226364
21, 45, 0.05246387405912999
21, 46, 0.053009752937902256
21, 47, 0.0526178451785014
21, 48, 0.05295910145485661
21, 49, 0.05314851401480217
21, 50, 0.052044454372465306
21, 51, 0.05724432099133018
21, 52, 0.05188341965064599
21, 53, 0.05285134026568766
21, 54, 0.053145435352171824
21, 55, 0.053055334920800376
21, 56, 0.05113149633114324
21, 57, 0.05327847483606988
21, 58, 0.05178631620778031
21, 59, 0.05241631653278982
21, 60, 0.05035756486970062
21, 61, 0.051808986315756346
21, 62, 0.052743298895729374
21, 63, 0.056074758590223726
21, 64, 0.05173627295004422
21, 65, 0.052422230146421646
21, 66, 0.05291989770978258
21, 67, 0.05256953309556356
21, 68, 0.050711693242510375
21, 69, 0.04868295848863605
21, 70, 0.052943849758138276
21, 71, 0.0526880113615794
21, 72, 0.05235201561295223
21, 73, 0.052153709853093415
22, 23, 0.05165171712380218
22, 24, 0.05364521100156304
22, 25, 0.0552327509681188
22, 26, 0.053006481056644066
22, 27, 0.05386607984257188
22, 28, 0.05167212523385762
22, 29, 0.052274109917447575
22, 30, 0.05400620087015255
22, 31, 0.0526623631668565
22, 32, 0.053996612321114766
22, 33, 0.053454324105001345
22, 34, 0.04940074106750363
22, 35, 0.05069632866841671
22, 36, 0.0536098604891506
22, 37, 0.05401445302488201
22, 38, 0.05134370141215374
22, 39, 0.05184003489593773
22, 40, 0.052622338444458704
22, 41, 0.053991858162475204
22, 42, 0.055075006390449134
22, 43, 0.05400078026693429
22, 44, 0.051596554179491175
22, 45, 0.05326813662735158
22, 46, 0.05387461359185409
22, 47, 0.053399469522888036
22, 48, 0.05381654774443826
22, 49, 0.05402238720732875
22, 50, 0.05255998798773721
22, 51, 0.05765269651663822
22, 52, 0.05250965719587213
22, 53, 0.05368670012130169
22, 54, 0.054019055203849795
22, 55, 0.053912959856334125
22, 56, 0.05175478082017029
22, 57, 0.053666275200001064
22, 58, 0.05239005921601575
22, 59, 0.05286603935981264
22, 60, 0.05095562493550136
22, 61, 0.052340409172625856
22, 62, 0.053071350536973934
22, 63, 0.0564396582622938
22, 64, 0.05224541301314446
22, 65, 0.0531707301248152
22, 66, 0.05376191483308817
22, 67, 0.05316381369218803
22, 68, 0.05103634208176433
22, 69, 0.049103769686920436
22, 70, 0.053800278508194535
22, 71, 0.05301010437045011
22, 72, 0.052813849728549245
22, 73, 0.05287627058078837
23, 24, 0.04216938582424563
23, 25, 0.05355144649410818
23, 26, 0.05082908409249565
23, 27, 0.04166183647161237
23, 28, 0.04611030499716111
23, 29, 0.04656828323476082
23, 30, 0.04142372681210612
23, 31, 0.04513005872419778
23, 32, 0.041404146396860346
23, 33, 0.04165830359594404
23, 34, 0.043989274232798185
23, 35, 0.04661476359808749
23, 36, 0.041881141782048936
23, 37, 0.05115328397291347
23, 38, 0.048239370978170965
23, 39, 0.047254256002595946
23, 40, 0.04407758326775613
23, 41, 0.04139497164639803
23, 42, 0.05362730494698666
23, 43, 0.04141525147895325
23, 44, 0.046388323657785904
23, 45, 0.04173478267040447
23, 46, 0.041203800987573876
23, 47, 0.04334031770235645
23, 48, 0.04135870451563907
23, 49, 0.04142509835757682
23, 50, 0.048011034977764565
23, 51, 0.05756464515672948
23, 52, 0.04560979446839617
23, 53, 0.04198820041098347
23, 54, 0.041423127935458916
23, 55, 0.04184000592797928
23, 56, 0.04367535897821273
23, 57, 0.05152232899014948
23, 58, 0.04586260543010527
23, 59, 0.0495417590457764
23, 60, 0.04232262461456975
23, 61, 0.04727556454004802
23, 62, 0.051121639860352217
23, 63, 0.055835544663513495
23, 64, 0.04747959755239899
23, 65, 0.043819012752325075
23, 66, 0.04198148508282118
23, 67, 0.04793654900382727
23, 68, 0.04812551367590899
23, 69, 0.04313520650788743
23, 70, 0.04133698246805624
23, 71, 0.05108247683672553
23, 72, 0.0492929628542906
23, 73, 0.0437622331999193
24, 25, 0.05598409876614527
24, 26, 0.05210622113291642
24, 27, 0.04550132480247018
24, 28, 0.0477158077497633
24, 29, 0.048615016179623785
24, 30, 0.04562374048714372
24, 31, 0.04772377346848448
24, 32, 0.045498197255871176
24, 33, 0.04414310140799949
24, 34, 0.04466062029245517
24, 35, 0.047618472664565065
24, 36, 0.045039710138661204
24, 37, 0.05353064052425314
24, 38, 0.049268069296718196
24, 39, 0.04881707293235157
24, 40, 0.04652689851835066
24, 41, 0.0454382919686901
24, 42, 0.05554702341080788
24, 43, 0.045560736063711874
24, 44, 0.04791299824397668
24, 45, 0.0439453307315385
24, 46, 0.044200505236576905
24, 47, 0.04697094660632647
24, 48, 0.044441900390359966
24, 49, 0.04574031637468731
24, 50, 0.05002226694165534
24, 51, 0.05989375768627013
24, 52, 0.04800486229039069
24, 53, 0.045525825232861354
24, 54, 0.045710506701885645
24, 55, 0.04619796786648416
24, 56, 0.04525558748007295
24, 57, 0.053101907549020146
24, 58, 0.04810833273225851
24, 59, 0.05130846050550482
24, 60, 0.04319495329583975
24, 61, 0.04925596563993683
24, 62, 0.05229981719428356
24, 63, 0.05764067524604031
24, 64, 0.0493256167620444
24, 65, 0.04708201671730732
24, 66, 0.04579976496380597
24, 67, 0.05073908665042561
24, 68, 0.04902110595681825
24, 69, 0.04369171702286882
24, 70, 0.044315237829047505
24, 71, 0.05222537799122857
24, 72, 0.05111158283078714
24, 73, 0.046494252519909636
25, 26, 0.053961860632639067
25, 27, 0.05628899018402069
25, 28, 0.053105850676875725
25, 29, 0.05382641745288786
25, 30, 0.05647647223557415
25, 31, 0.054503322397998016
25, 32, 0.05646539500240707
25, 33, 0.05577338189201273
25, 34, 0.0505220370631781
25, 35, 0.05176690160320841
25, 36, 0.055955858463974335
25, 37, 0.05536649879575529
25, 38, 0.05230622706235177
25, 39, 0.0531511838910257
25, 40, 0.05455274930367425
25, 41, 0.0564598782218637
25, 42, 0.05617839888329421
25, 43, 0.05647008532603009
25, 44, 0.05296803296712211
25, 45, 0.055536255057459925
25, 46, 0.05632236135155995
25, 47, 0.05559946454635838
25, 48, 0.056242191513505076
25, 49, 0.0564966944336918
25, 50, 0.05398371735174103
25, 51, 0.05876579860932855
25, 52, 0.05425389278300226
25, 53, 0.05604643164298485
25, 54, 0.05649261208253691
25, 55, 0.0563387381145971
25, 56, 0.05349230901560828
25, 57, 0.054725757036855664
25, 58, 0.05406903080709778
25, 59, 0.054101416288971554
25, 60, 0.05262151282312986
25, 61, 0.053810206959878794
25, 62, 0.05396417423414643
25, 63, 0.0574323559620292
25, 64, 0.05365135863278431
25, 65, 0.05527296054834562
25, 66, 0.056141348464541704
25, 67, 0.05481352001936655
25, 68, 0.051921437892564586
25, 69, 0.05026236968345491
25, 70, 0.05622292490236671
25, 71, 0.05388637459437016
25, 72, 0.054083726722567935
25, 73, 0.05490257555369975
26, 27, 0.05222567520514513
26, 28, 0.05099711792869516
26, 29, 0.0514219259591712
26, 30, 0.0523031767536373
26, 31, 0.0516001742281469
26, 32, 0.05229710989227361
26, 33, 0.05197906925527491
26, 34, 0.04925976732760496
26, 35, 0.05032760328254495
26, 36, 0.05207804529445169
26, 37, 0.05290522710271177
26, 38, 0.050902106799991555
26, 39, 0.05117590644978372
26, 40, 0.05153451974746291
26, 41, 0.0522941122998611
26, 42, 0.0539611035072969
26, 43, 0.05229980304051266
26, 44, 0.050959552176922
26, 45, 0.05186766538912489
26, 46, 0.05222072132835404
26, 47, 0.0519905362554032
26, 48, 0.052189563789551266
26, 49, 0.05231273141553769
26, 50, 0.051701582342738354
26, 51, 0.05613897655997513
26, 52, 0.051524552293276946
26, 53, 0.05212659561123154
26, 54, 0.05231072900592102
26, 55, 0.05225745620609467
26, 56, 0.05095692218867756
26, 57, 0.0528069008152978
26, 58, 0.05145996654070043
26, 59, 0.05203994455423971
26, 60, 0.05037533847353269
26, 61, 0.0515080188246214
26, 62, 0.05240746023503301
26, 63, 0.055226089759453145
26, 64, 0.051460187628036454
26, 65, 0.05186666280713571
26, 66, 0.052171260002809486
26, 67, 0.05206687893259697
26, 68, 0.050669729027405366
26, 69, 0.049017467272667446
26, 70, 0.052179413679176424
26, 71, 0.052364962660124165
26, 72, 0.05197960438164491
26, 73, 0.051683140753439744
27, 28, 0.047783746464044506
27, 29, 0.04874763735493057
27, 30, 0.044515439920321156
27, 31, 0.04786284271430766
27, 32, 0.044212955872909486
27, 33, 0.04320175259664741
27, 34, 0.04460933843000045
27, 35, 0.047654129635206856
27, 36, 0.04441249528481008
27, 37, 0.053803863094510074
27, 38, 0.049333325042181096
27, 39, 0.04891459569030779
27, 40, 0.04655369448977299
27, 41, 0.04407239287215703
27, 42, 0.05577391667771668
27, 43, 0.044367324992577825
27, 44, 0.047982864170735565
27, 45, 0.04313541888692287
27, 46, 0.04164050739295988
27, 47, 0.04713576930308649
27, 48, 0.04270532924937922
27, 49, 0.04475566648525291
27, 50, 0.05019082087289639
27, 51, 0.06020574303547371
27, 52, 0.048142674330108055
27, 53, 0.045110450985777935
27, 54, 0.04468718269421198
27, 55, 0.046103240127492895
27, 56, 0.045167057568646286
27, 57, 0.05326485744032612
27, 58, 0.04823808876806445
27, 59, 0.051472770998027606
27, 60, 0.04295510169400966
27, 61, 0.04940218952958965
27, 62, 0.05241038253764212
27, 63, 0.057864113078192815
27, 64, 0.04946054279947672
27, 65, 0.04722355396844534
27, 66, 0.04549427583995386
27, 67, 0.05102729826120594
27, 68, 0.049073804655435635
27, 69, 0.04360362889137263
27, 70, 0.04250976411516782
27, 71, 0.05233163382310264
27, 72, 0.05127887713776719
27, 73, 0.04652280999435794
28, 29, 0.04832883246591217
28, 30, 0.047852631675827706
28, 31, 0.04792489863051711
28, 32, 0.047841105887097134
28, 33, 0.04745898752152736
28, 34, 0.04588042559082674
28, 35, 0.047759462668779305
28, 36, 0.047626767018805534
28, 37, 0.05131320137741675
28, 38, 0.04891800754051711
28, 39, 0.048500556312654264
28, 40, 0.04754074274863892
28, 41, 0.0478354881778666
28, 42, 0.0532321964135255
28, 43, 0.04784659441720995
28, 44, 0.04797103106505279
28, 45, 0.04733389714164812
28, 46, 0.0477032115394114
28, 47, 0.0478169338194882
28, 48, 0.04768494555973203
28, 49, 0.047866258432233064
28, 50, 0.04913902576906274
28, 51, 0.056400875227987736
28, 52, 0.0480287510564863
28, 53, 0.04770880285126273
28, 54, 0.04786314184937375
28, 55, 0.047856208711024126
28, 56, 0.04690653518245306
28, 57, 0.051566532052363626
28, 58, 0.04807361795725171
28, 59, 0.05009492341483713
28, 60, 0.04596716751732946
28, 61, 0.048689736080277476
28, 62, 0.05122681863758248
28, 63, 0.05510058155282523
28, 64, 0.04875823925173907
28, 65, 0.04779681151131295
28, 66, 0.047765735354501335
28, 67, 0.049306245272408955
28, 68, 0.04876585101006308
28, 69, 0.045337007769199425
28, 70, 0.04766753075650111
28, 71, 0.051192122206912244
28, 72, 0.04993071747486034
28, 73, 0.04759513131238414
29, 30, 0.04886008640412201
29, 31, 0.04857675200541471
29, 32, 0.04884550079215658
29, 33, 0.04830428452410662
29, 34, 0.04609590867663885
29, 35, 0.048074022804027346
29, 36, 0.048515663029311686
29, 37, 0.051982696416437095
29, 38, 0.049251732016993593
29, 39, 0.04895701885578225
29, 40, 0.04819124208905522
29, 41, 0.0488383681743449
29, 42, 0.0538465969270969
29, 43, 0.048852319814438154
29, 44, 0.0484142520600743
29, 45, 0.048130206040248195
29, 46, 0.04866920158306747
29, 47, 0.048648666202554966
29, 48, 0.048633449506932803
29, 49, 0.048878882778441095
29, 50, 0.04969536214136569
29, 51, 0.05716357293443688
29, 52, 0.04864416790089301
29, 53, 0.04861975084155904
29, 54, 0.04887469962218673
29, 55, 0.048834520041692905
29, 56, 0.04739892786036769
29, 57, 0.052074410078659115
29, 58, 0.04866213195545144
29, 59, 0.05061976289529469
29, 60, 0.04633330601172713
29, 61, 0.04923339720941542
29, 62, 0.05162845665950297
29, 63, 0.05571663150743087
29, 64, 0.04927681311882666
29, 65, 0.04857006981860218
29, 66, 0.048698585656706664
29, 67, 0.04999743574696697
29, 68, 0.04906188477788271
29, 69, 0.04552414982983248
29, 70, 0.048611086697161264
29, 71, 0.05158378773564526
29, 72, 0.05046339988109849
29, 73, 0.04830055005875779
30, 31, 0.04801120727672071
30, 32, 0.03959542573269641
30, 33, 0.04263302565106212
30, 34, 0.04460077857219173
30, 35, 0.047690657180814756
30, 36, 0.044162543324520825
30, 37, 0.05397941512693603
30, 38, 0.049382492409734434
30, 39, 0.048993346153947244
30, 40, 0.04665032265559414
30, 41, 0.0390707609095719
30, 42, 0.05591277936405808
30, 43, 0.040373763873095964
30, 44, 0.048049500923654356
30, 45, 0.04269898020309108
30, 46, 0.035507065620197745
30, 47, 0.047435716828478705
30, 48, 0.04039350210620233
30, 49, 0.040829468172291966
30, 50, 0.05031420179422894
30, 51, 0.060389492448577546
30, 52, 0.04827666925545539
30, 53, 0.04510507601963086
30, 54, 0.04064395961321989
30, 55, 0.04695029556126851
30, 56, 0.04516903583475928
30, 57, 0.0533684818550516
30, 58, 0.04836016161413925
30, 59, 0.05158399006001017
30, 60, 0.04286369680473243
30, 61, 0.04951629074844047
30, 62, 0.052481525079685856
30, 63, 0.05799714442380221
30, 64, 0.0495645300765879
30, 65, 0.04744521326500072
30, 66, 0.045665982518250964
30, 67, 0.05123556075832662
30, 68, 0.04911439394307094
30, 69, 0.04357627121242657
30, 70, 0.04013735778893684
30, 71, 0.0524000968679536
30, 72, 0.05139327398299415
30, 73, 0.04664297579374409
31, 32, 0.047986903459561796
31, 33, 0.04722800935710411
31, 34, 0.045411185432623166
31, 35, 0.04777145417874227
31, 36, 0.04754992863375172
31, 37, 0.05238593990230916
31, 38, 0.04915279988203302
31, 39, 0.04874118863247923
31, 40, 0.047439252277745134
31, 41, 0.0479750640336243
31, 42, 0.0544042610257034
31, 43, 0.04799843933835633
31, 44, 0.0480578620288204
31, 45, 0.04700447926993962
31, 46, 0.04769877709356602
31, 47, 0.047905272952647085
31, 48, 0.04766158322612876
31, 49, 0.04804045037359474
31, 50, 0.04962506395706858
31, 51, 0.05814623683791219
31, 52, 0.04818742102915054
31, 53, 0.047710195321898026
31, 54, 0.04803378520143
31, 55, 0.04801047174063994
31, 56, 0.04650208881508536
31, 57, 0.052369450241244266
31, 58, 0.04824212781661488
31, 59, 0.050733223950582294
31, 60, 0.0451326899895674
31, 61, 0.049044601707849474
31, 62, 0.0518143271623168
31, 63, 0.05640671777273071
31, 64, 0.04911122259580927
31, 65, 0.047861744910351216
31, 66, 0.047823276816488444
31, 67, 0.04999712518473708
31, 68, 0.04895035885932127
31, 69, 0.0446904801428216
31, 70, 0.04762613723032371
31, 71, 0.05176038287521586
31, 72, 0.05055216886225548
31, 73, 0.04751956338963125
32, 33, 0.04254042965259564
32, 34, 0.04459472551066003
32, 35, 0.04768428866408589
32, 36, 0.04403952318186837
32, 37, 0.05396733064853253
32, 38, 0.04937684788996597
32, 39, 0.04898351010233934
32, 40, 0.04662229300139976
32, 41, 0.0381072165292403
32, 42, 0.055904360043614
32, 43, 0.039165652751802
32, 44, 0.048039013140409224
32, 45, 0.042629804095233044
32, 46, 0.03527445757468947
32, 47, 0.047371107380166276
32, 48, 0.040151197693965
32, 49, 0.03855298106911444
32, 50, 0.050301873932193306
32, 51, 0.06038026804583647
32, 52, 0.04825645643020978
32, 53, 0.04496028982836334
32, 54, 0.03864558080417185
32, 55, 0.04659216895266663
32, 56, 0.04515154285965709
32, 57, 0.05336106845582724
32, 58, 0.0483422277654724
32, 59, 0.0515745663425867
32, 60, 0.04285018213671477
32, 61, 0.04950331857730029
32, 62, 0.05247605369106506
32, 63, 0.05798985992531388
32, 64, 0.04955283729291665
32, 65, 0.04739938955835319
32, 66, 0.04548666710489718
32, 67, 0.05121689687533726
32, 68, 0.049109496412421356
32, 69, 0.043570178711223845
32, 70, 0.039912690971084304
32, 71, 0.05239479323731609
32, 72, 0.05138336410849174
32, 73, 0.04660738051075646
33, 34, 0.04450564828662803
33, 35, 0.047470684246486074
33, 36, 0.04339922949960987
33, 37, 0.053293471051600184
33, 38, 0.049141900833913385
33, 39, 0.04860144571835712
33, 40, 0.045950169986035176
33, 41, 0.04249699502463825
33, 42, 0.0553831563128971
33, 43, 0.04259062967994444
33, 44, 0.04767879307338513
33, 45, 0.042708332741335155
33, 46, 0.041636372735194285
33, 47, 0.04591032975348478
33, 48, 0.04214902008455733
33, 49, 0.04266781282772177
33, 50, 0.04976403946097562
33, 51, 0.05972491739882531
33, 52, 0.04758418126590881
33, 53, 0.04378359086657827
33, 54, 0.04265388141110278
33, 55, 0.043841554650667386
33, 56, 0.044852679532319875
33, 57, 0.052950769774527166
33, 58, 0.04773024862856452
33, 59, 0.051112422606068894
33, 60, 0.04284677817739917
33, 61, 0.048980734900560166
33, 62, 0.05218509937799907
33, 63, 0.05750202995404041
33, 64, 0.04907570790516854
33, 65, 0.046250033217580186
33, 66, 0.04390463457312008
33, 67, 0.05036992649223951
33, 68, 0.04891036015188886
33, 69, 0.0435296379998026
33, 70, 0.04206083182356204
33, 71, 0.052113888828119924
33, 72, 0.0509053019958632
33, 73, 0.04579563972756284
34, 35, 0.046261343761149855
34, 36, 0.04459084134143341
34, 37, 0.0488438036090824
34, 38, 0.047416589023711736
34, 39, 0.04656194600905671
34, 40, 0.045014542868113856
34, 41, 0.044591817354097424
34, 42, 0.050952497819953695
34, 43, 0.04459782653998664
34, 44, 0.046044757766189104
34, 45, 0.044476167925053184
34, 46, 0.04452578068486309
34, 47, 0.04489517730503494
34, 48, 0.044538868305399514
34, 49, 0.04460526387784093
34, 50, 0.04692866698348922
34, 51, 0.05372679261604499
34, 52, 0.045611831441317044
34, 53, 0.044631524492653674
34, 54, 0.044604036703810815
34, 55, 0.0446553854881827
34, 56, 0.04475891316738567
34, 57, 0.049576690512709305
34, 58, 0.04572967451993084
34, 59, 0.04801097527824204
34, 60, 0.04411582426094827
34, 61, 0.0464977278955775
34, 62, 0.04957437280518575
34, 63, 0.052841489765140894
34, 64, 0.04664241228348014
34, 65, 0.044997588484182595
34, 66, 0.04464774643358391
34, 67, 0.04673678596888655
34, 68, 0.04739694539092083
34, 69, 0.04411343763974048
34, 70, 0.04453046696707351
34, 71, 0.049572779680724224
34, 72, 0.04781779357902709
34, 73, 0.04494130688551703
35, 36, 0.04756705867291775
35, 37, 0.05032364485401378
35, 38, 0.0486343911032812
35, 39, 0.04823542447123627
35, 40, 0.047520972689594876
35, 41, 0.04768118509260592
35, 42, 0.05202412119182489
35, 43, 0.04768733107064483
35, 44, 0.04783844768363417
35, 45, 0.04739747147579292
35, 46, 0.047607909340183364
35, 47, 0.047683358972213145
35, 48, 0.04759827655453919
35, 49, 0.0476980623854591
35, 50, 0.04867921865573138
35, 51, 0.05459328456886555
35, 52, 0.0478473733259126
35, 53, 0.0476137822471613
35, 54, 0.047696360940928016
35, 55, 0.047694940590171174
35, 56, 0.047102586195363845
35, 57, 0.050719533626986814
35, 58, 0.04788341898895728
35, 59, 0.049461259096898434
35, 60, 0.046468945045604886
35, 61, 0.04834373204265501
35, 62, 0.05055835956765148
35, 63, 0.05368487906909319
35, 64, 0.04840642370208718
35, 65, 0.047675788796135085
35, 66, 0.04764565483928686
35, 67, 0.04873380025997734
35, 68, 0.04853020353963659
35, 69, 0.04586551048576608
35, 70, 0.04758853564763088
35, 71, 0.05054071997751256
35, 72, 0.049321094763332914
35, 73, 0.04755393708158407
36, 37, 0.05348599884150835
36, 38, 0.049230511711378766
36, 39, 0.04874975224931701
36, 40, 0.046300676366922235
36, 41, 0.04398134544694829
36, 42, 0.05552360434972078
36, 43, 0.04410314693409164
36, 44, 0.04783334481172245
36, 45, 0.04331613413558983
36, 46, 0.04281568500423897
36, 47, 0.04656070614371471
36, 48, 0.04325012410835777
36, 49, 0.044247423477515355
36, 50, 0.04995046340351437
36, 51, 0.05988372781056639
36, 52, 0.04786166627184942
36, 53, 0.04472939416773415
36, 54, 0.04422275599205677
36, 55, 0.045146558687510954
36, 56, 0.045080722871605645
36, 57, 0.05307204227201009
36, 58, 0.04798113788197092
36, 59, 0.0512608970666117
36, 60, 0.043016035811379104
36, 61, 0.049173350214850746
36, 62, 0.05227496076241077
36, 63, 0.05762672902114992
36, 64, 0.04925119920282574
36, 65, 0.04676727354838951
36, 66, 0.044946686126473165
36, 67, 0.050643200688911025
36, 68, 0.04898736963900999
36, 69, 0.043612599004363865
36, 70, 0.043133259618597666
36, 71, 0.05220101965931778
36, 72, 0.051060447651597986
36, 73, 0.046217643929743694
37, 38, 0.051078327287787106
37, 39, 0.05153852397631724
37, 40, 0.052322009994434926
37, 41, 0.053961340270549434
37, 42, 0.05517434096577955
37, 43, 0.05397258492813923
37, 44, 0.05124372529303386
37, 45, 0.05306601934364923
37, 46, 0.05381385891367436
37, 47, 0.05323548673627463
37, 48, 0.053741430717192055
37, 49, 0.05399980381290267
37, 50, 0.052338068623875
37, 51, 0.05800202988362093
37, 52, 0.052221360578241324
37, 53, 0.05358138025611407
37, 54, 0.05399560472206902
37, 55, 0.05386275816774937
37, 56, 0.05132488045317745
37, 57, 0.053621488756256705
37, 58, 0.052092552469519465
37, 59, 0.052714797087278796
37, 60, 0.05039649810157314
37, 61, 0.052076589454631554
37, 62, 0.05298283326097801
37, 63, 0.05664773978298923
37, 64, 0.051980277210257254
37, 65, 0.05296405255548893
37, 66, 0.0536746630943111
37, 67, 0.053006241251964285
37, 68, 0.05076500083765874
37, 69, 0.048485860303080316
37, 70, 0.05372106322102875
37, 71, 0.05291809363405563
37, 72, 0.052651238482897655
37, 73, 0.052614360569971964
38, 39, 0.04925310507345367
38, 40, 0.04899369346248828
38, 41, 0.04937408089978711
38, 42, 0.052480487671328985
38, 43, 0.04937946391348311
38, 44, 0.048948194579585644
38, 45, 0.04906013698390713
38, 46, 0.04930769376653792
38, 47, 0.04925652151356825
38, 48, 0.04929047964099655
38, 49, 0.04939003653648381
38, 50, 0.049696395726361205
38, 51, 0.054784241895626036
38, 52, 0.04916517482196068
38, 53, 0.04927365564060246
38, 54, 0.049388378992112174
38, 55, 0.04936675628575944
38, 56, 0.04854541264432783
38, 57, 0.051300756335483276
38, 58, 0.049160492425377685
38, 59, 0.05027441133481284
38, 60, 0.047978616558060815
38, 61, 0.04943508247001794
38, 62, 0.05107979249779281
38, 63, 0.053943368845747366
38, 64, 0.04945359268998669
38, 65, 0.049204429082742064
38, 66, 0.04930760207749199
38, 67, 0.049856852998383314
38, 68, 0.04924766094657457
38, 69, 0.04710413057999179
38, 70, 0.049281489506604506
38, 71, 0.05105585039605128
38, 72, 0.05016986307919187
38, 73, 0.04906896555412595
39, 40, 0.04846301774505959
39, 41, 0.04897869606544306
39, 42, 0.0532616423065081
39, 43, 0.048988098455777306
39, 44, 0.04856290943222698
39, 45, 0.04847344293532859
39, 46, 0.0488639536314087
39, 47, 0.048827526217540024
39, 48, 0.0488379067697265
39, 49, 0.04900613757508041
39, 50, 0.04961814455734136
39, 51, 0.056197022236321836
39, 52, 0.04878389848054291
39, 53, 0.04882232355391005
39, 54, 0.049003301269227854
39, 55, 0.04897339322249565
39, 56, 0.04782525394129756
39, 57, 0.051720928470148364
39, 58, 0.04879230160606587
39, 59, 0.05041431625686723
39, 60, 0.04698348188926054
39, 61, 0.049238956817956474
39, 62, 0.05137823479374831
39, 63, 0.05500231115340826
39, 64, 0.049274408309789686
39, 65, 0.04876209181621961
39, 66, 0.048877843300412185
39, 67, 0.04984436521070226
39, 68, 0.049083938432332594
39, 69, 0.04609862842110378
39, 70, 0.0488225632468561
39, 71, 0.051342870575973136
39, 72, 0.05027577510770518
39, 73, 0.04855753305225844
40, 41, 0.04660871852924924
40, 42, 0.05444043274198198
40, 43, 0.04663596387793424
40, 44, 0.04771083729374469
40, 45, 0.04576231745514261
40, 46, 0.04629792859496669
40, 47, 0.046943105844787364
40, 48, 0.04629480585062257
40, 49, 0.04667958301067624
40, 50, 0.049369775282428745
40, 51, 0.05832225046287172
40, 52, 0.04766286625854537
40, 53, 0.046475503591444416
40, 54, 0.04667257295612222
40, 55, 0.04673423234853126
40, 56, 0.04579376019528765
40, 57, 0.05232484877549528
40, 58, 0.0477615459094661
40, 59, 0.05059161397924318
40, 60, 0.04433267364122304
40, 61, 0.04873098556145656
40, 62, 0.05176143094680386
40, 63, 0.056503136343598444
40, 64, 0.04882537276419653
40, 65, 0.04700336898212939
40, 66, 0.046582134915624455
40, 67, 0.04969799791110951
40, 68, 0.04880125192238996
40, 69, 0.04423035659190442
40, 70, 0.046255939184269436
40, 71, 0.05170709836517731
40, 72, 0.05039406934620194
40, 73, 0.04668427648784981
41, 42, 0.05590017033267594
41, 43, 0.03870486288963015
41, 44, 0.04803389716871338
41, 45, 0.04259724004649183
41, 46, 0.03518466225833552
41, 47, 0.04733981829179407
41, 48, 0.04004278486740182
41, 49, 0.03781780608573999
41, 50, 0.050295817019315216
41, 51, 0.060375647486120315
41, 52, 0.04824659677782302
41, 53, 0.04489155466095441
41, 54, 0.03797381953554636
41, 55, 0.04642382266343529
41, 56, 0.04514312272459352
41, 57, 0.05335739712748678
41, 58, 0.04833347543796786
41, 59, 0.05156991941916615
41, 60, 0.04284376713415008
41, 61, 0.049496960631569886
41, 62, 0.05247334908091872
41, 63, 0.05798622257302918
41, 64, 0.04954710495118295
41, 65, 0.04737715918478713
41, 66, 0.04540155187028536
41, 67, 0.051207708060201106
41, 68, 0.04910709749926518
41, 69, 0.04356726977163121
41, 70, 0.03981228585770814
41, 71, 0.05239217201723248
41, 72, 0.05137848000520894
41, 73, 0.04659015509331605
42, 43, 0.055907945131480535
42, 44, 0.05310962131326899
42, 45, 0.05520182579088704
42, 46, 0.05579582822734544
42, 47, 0.05526065263759949
42, 48, 0.055736622149580715
42, 49, 0.0559278990219593
42, 50, 0.05397944839467509
42, 51, 0.05824577769691728
42, 52, 0.054202067189770574
42, 53, 0.05559307525080933
42, 54, 0.05592483541354272
42, 55, 0.055812575258523685
42, 56, 0.053573033128157976
42, 57, 0.054640500828115
42, 58, 0.05404977773241128
42, 59, 0.05408255816479659
42, 60, 0.052849420596437685
42, 61, 0.053831890827821964
42, 62, 0.05396324111768054
42, 63, 0.05708632584768326
42, 64, 0.05369530288421159
42, 65, 0.05501012629794699
42, 66, 0.055664872650423254
42, 67, 0.05467309238860207
42, 68, 0.05212191582464177
42, 69, 0.05074143539329847
42, 70, 0.05572197301218362
42, 71, 0.05389279181019517
42, 72, 0.054066720609575916
42, 73, 0.0547182203525059
43, 44, 0.04804398895054315
43, 45, 0.042667243681193665
43, 46, 0.03546888469772093
43, 47, 0.04740209221177729
43, 48, 0.04029401840483137
43, 49, 0.03980903134448136
43, 50, 0.05030750235408183
43, 51, 0.060384044072220366
43, 52, 0.048266004151315996
43, 53, 0.04503330165729646
43, 54, 0.03976474002357585
43, 55, 0.046764604361843744
43, 56, 0.04516037289883677
43, 57, 0.05336431541837691
43, 58, 0.0483506864614485
43, 59, 0.051578790124107904
43, 60, 0.042857465732766525
43, 61, 0.04950931659938102
43, 62, 0.05247847689554982
43, 63, 0.05799290124969473
43, 64, 0.04955823961379101
43, 65, 0.04742136921696581
43, 66, 0.045575805987534405
43, 67, 0.05122530181687926
43, 68, 0.04911177651801653
43, 69, 0.04357339091487979
43, 70, 0.04004673562065292
43, 71, 0.052397144632824535
43, 72, 0.05138781759212398
43, 73, 0.04662474149164499
44, 45, 0.04755958452719205
44, 46, 0.04791309133351493
44, 47, 0.04799088049769126
44, 48, 0.04789432222175974
44, 49, 0.04806212346074611
44, 50, 0.04917394193879929
44, 51, 0.05617464105845318
44, 52, 0.04814659626059385
44, 53, 0.04790884104433336
44, 54, 0.04805925405406494
44, 55, 0.04804831701369618
44, 56, 0.04710090399058685
44, 57, 0.05150477283185011
44, 58, 0.048183492213851035
44, 59, 0.050083140931986826
44, 60, 0.04621598024658923
44, 61, 0.04875023932874812
44, 62, 0.051185253978009174
44, 63, 0.05493699908376672
44, 64, 0.048812245476715616
44, 65, 0.047963199239838133
44, 66, 0.047962217385335626
44, 67, 0.04933731493879885
44, 68, 0.04879817861205362
44, 69, 0.04553270650820225
44, 70, 0.0478783462123258
44, 71, 0.0511523661584009
44, 72, 0.049925833925319
44, 73, 0.04777080320163448
45, 46, 0.041933843338549825
45, 47, 0.045589733320780014
45, 48, 0.04230922325249129
45, 49, 0.04272578502308655
45, 50, 0.049586036043615785
45, 51, 0.05949579321142042
45, 52, 0.04737886708366737
45, 53, 0.04363232117416581
45, 54, 0.04271531871208805
45, 55, 0.04363914059019464
45, 56, 0.04476376985198169
45, 57, 0.052808025819747716
45, 58, 0.04753966392062307
45, 59, 0.050954991611572235
45, 60, 0.042848522793529284
45, 61, 0.048809557015283556
45, 62, 0.05208267711847527
45, 63, 0.05733034047964004
45, 64, 0.04891773441426061
45, 65, 0.0459645572504163
45, 66, 0.043721791969701454
45, 67, 0.05010095922185617
45, 68, 0.04884068136320416
45, 69, 0.043517057936993876
45, 70, 0.0422383204262722
45, 71, 0.05201490014837846
45, 72, 0.05074318323252833
45, 73, 0.04558215077880285
46, 47, 0.04663830716372309
46, 48, 0.03839780026095248
46, 49, 0.034597648882454805
46, 50, 0.05015015550111332
46, 51, 0.0602587100202007
46, 52, 0.0480151050110201
46, 53, 0.04351064275290588
46, 54, 0.03473378212963806
46, 55, 0.04342343065556003
46, 56, 0.044952435454249665
46, 57, 0.0532670400309756
46, 58, 0.04812743008343244
46, 59, 0.051456920685519346
46, 60, 0.04270393749536448
46, 61, 0.04934510743167323
46, 62, 0.05240703445407204
46, 63, 0.05789481866263782
46, 64, 0.04941000439782397
46, 65, 0.046870862967608874
46, 66, 0.04371986879389827
46, 67, 0.050986229026787525
46, 68, 0.0490496365822647
46, 69, 0.04350238127353788
46, 70, 0.038283552055459816
46, 71, 0.05232792578875557
46, 72, 0.05125990464831064
46, 73, 0.0461984449991884
47, 48, 0.046610371999554305
47, 49, 0.04750999169990811
47, 50, 0.049942453644249866
47, 51, 0.05944689835673078
47, 52, 0.048125878952384286
47, 53, 0.04689839384499421
47, 54, 0.04749266859929934
47, 55, 0.04750744460810313
47, 56, 0.04573478354163377
47, 57, 0.05292602061224086
47, 58, 0.04820637797831232
47, 59, 0.05117542442067946
47, 60, 0.04388744379447632
47, 61, 0.04923279464924242
47, 62, 0.052189141971253385
47, 63, 0.05733348223777212
47, 64, 0.049299230638529604
47, 65, 0.04751085141861314
47, 66, 0.04712487865343206
47, 67, 0.05055563648573796
47, 68, 0.04901948364919565
47, 69, 0.04400011263814023
47, 70, 0.046528040521823494
47, 71, 0.05211994623583443
47, 72, 0.05098314617104393
47, 73, 0.046989226755606565
48, 49, 0.040330348400423086
48, 50, 0.050105048881242314
48, 51, 0.06017761013806233
48, 52, 0.047977910274333124
48, 53, 0.04388273122747017
48, 54, 0.040317152485199334
48, 55, 0.04407683428604412
48, 56, 0.044978886056743106
48, 57, 0.05322445431757771
48, 58, 0.04809240230934048
48, 59, 0.0514134939079972
48, 60, 0.04277181988963437
48, 61, 0.04930583888362123
48, 62, 0.05237826781860161
48, 63, 0.05783690817024992
48, 64, 0.049373887699044446
48, 65, 0.04683963937100991
48, 66, 0.04411092283122145
48, 67, 0.05090779681845812
48, 68, 0.04903573089800646
48, 69, 0.04352520055228112
48, 70, 0.04019899233693824
48, 71, 0.05230029022279353
48, 72, 0.0512155959405138
48, 73, 0.04619833841314116
49, 50, 0.0503317309822189
49, 51, 0.060407909196161666
49, 52, 0.04830154229992516
49, 53, 0.045228750808369765
49, 54, 0.03924090087124236
49, 55, 0.04737189613126076
49, 56, 0.04518362585914465
49, 57, 0.05338069444508083
49, 58, 0.04838237625708604
49, 59, 0.05159834423219574
49, 60, 0.04286931924198857
49, 61, 0.04953381768826907
49, 62, 0.052490209607081055
49, 63, 0.058010961850416265
49, 64, 0.04958037620602554
49, 65, 0.04749770468380466
49, 66, 0.045836106855825245
49, 67, 0.05126353980876478
49, 68, 0.0491208136921143
49, 69, 0.0435796759074333
49, 70, 0.04005797603880705
49, 71, 0.05240848461739089
49, 72, 0.0514082257442668
49, 73, 0.0466801712324293
50, 51, 0.05705209172333489
50, 52, 0.04961583779008266
50, 53, 0.05004228399608067
50, 54, 0.050327946076422006
50, 55, 0.05026000900092424
50, 56, 0.048561003570195306
50, 57, 0.05233636863574691
50, 58, 0.04958777771604087
50, 59, 0.051070429644727466
50, 60, 0.047603025977142235
50, 61, 0.04995307598533257
50, 62, 0.051874320896259464
50, 63, 0.055709942097706966
50, 64, 0.0499551792756248
50, 65, 0.04980663557208968
50, 66, 0.05011891561065035
50, 67, 0.05071463140177915
50, 68, 0.049481055047547455
50, 69, 0.046448807008182706
50, 70, 0.050085442382731236
50, 71, 0.05182754655940703
50, 72, 0.05094428030242151
50, 73, 0.04953145845636458
51, 52, 0.05780870127800457
51, 53, 0.059962694374121175
51, 54, 0.06040426996697652
51, 55, 0.060242789889292506
51, 56, 0.057244315202488974
51, 57, 0.0569729885976747
51, 58, 0.057563926257540914
51, 59, 0.05679710410921094
51, 60, 0.05648383995701392
51, 61, 0.05700311594104585
51, 62, 0.056013599261128054
51, 63, 0.0591188226748185
51, 64, 0.05676451915829146
51, 65, 0.05908447510467539
51, 66, 0.060051899239456745
51, 67, 0.05806638672834663
51, 68, 0.054286054529353214
51, 69, 0.053616335740022864
51, 70, 0.060160930721574225
51, 71, 0.05591386740771218
51, 72, 0.056847518576689966
51, 73, 0.05871496108482711
52, 53, 0.04799915724506864
52, 54, 0.04829591890685883
52, 55, 0.04826495862309513
52, 56, 0.04677774179344611
52, 57, 0.052253022939509446
52, 58, 0.04834744192669938
52, 59, 0.050669108951049695
52, 60, 0.04551652370496991
52, 61, 0.0490742801839696
52, 62, 0.05173826077630958
52, 63, 0.05616821052278569
52, 64, 0.04913472058323233
52, 65, 0.04806875075006292
52, 66, 0.048098461046621056
52, 67, 0.04995573089654236
52, 68, 0.04896840610346269
52, 69, 0.04494052186439085
52, 70, 0.04794786023126022
52, 71, 0.05168773929900486
52, 72, 0.05049496322659636
52, 73, 0.04775431863849225
53, 54, 0.04519588408023357
53, 55, 0.04590341645019738
53, 56, 0.04519221711654502
53, 57, 0.053131742567853475
53, 58, 0.04810509725096028
53, 59, 0.05133393811660976
53, 60, 0.04309716566200243
53, 61, 0.04926813653432714
53, 62, 0.052319021885554144
53, 63, 0.057688481826161285
53, 64, 0.049337419012120125
53, 65, 0.04703104613143999
53, 66, 0.045525919474132204
53, 67, 0.05077908225002089
53, 68, 0.04902479399101403
53, 69, 0.04365194111708452
53, 70, 0.043746829408572684
53, 71, 0.05224372602758545
53, 72, 0.05113678971337498
53, 73, 0.04643014650380526
54, 55, 0.047268269559042043
54, 56, 0.045179821183531914
54, 57, 0.0533781651319395
54, 58, 0.048377366669426956
54, 59, 0.05159530666753818
54, 60, 0.04286724621205818
54, 61, 0.049529974712892666
54, 62, 0.052488393567905176
54, 63, 0.05800819932876005
54, 64, 0.04957690570158998
54, 65, 0.04748549152673236
54, 66, 0.0457924518417795
54, 67, 0.051257583934328985
54, 68, 0.04911939492212439
54, 69, 0.043578610271615796
54, 70, 0.04004922112771149
54, 71, 0.05240672895797916
54, 72, 0.051405053047999326
54, 73, 0.04667124979169869
55, 56, 0.045292090473304104
55, 57, 0.053302079902865035
55, 58, 0.04834667016736059
55, 59, 0.05152324418780172
55, 60, 0.0430678969618344
55, 61, 0.04947745715255868
55, 62, 0.052438878128685466
55, 63, 0.05789551237954656
55, 64, 0.04952841347705464
55, 65, 0.047497079177276906
55, 66, 0.04639627697055881
55, 67, 0.05112697359493339
55, 68, 0.04910321265559322
55, 69, 0.0436531023201943
55, 70, 0.04384305108190027
55, 71, 0.052359350513217696
55, 72, 0.051332313402616576
55, 73, 0.04674843001717542
56, 57, 0.05161787184865196
56, 58, 0.04691830803464692
56, 59, 0.04984173809463569
56, 60, 0.04397378859035665
56, 61, 0.04794708798473408
56, 62, 0.051221647325093454
56, 63, 0.055656919654473336
56, 64, 0.048083525654019084
56, 65, 0.045889832960047554
56, 66, 0.04524500833332731
56, 67, 0.04863762198325354
56, 68, 0.048408182781594186
56, 69, 0.04402894746732894
56, 70, 0.04495502750252115
56, 71, 0.05118241326278695
56, 72, 0.04962939621282738
56, 73, 0.04570948106689859
57, 58, 0.052159405520841196
57, 59, 0.052632325152110575
57, 60, 0.050948113608027853
57, 61, 0.052140539360795615
57, 62, 0.05287787507854458
57, 63, 0.05592602231692085
57, 64, 0.0520653389318846
57, 65, 0.05275428137369082
57, 66, 0.05318893863697728
57, 67, 0.052822055447762244
57, 68, 0.051024546783106285
57, 69, 0.0493215756580006
57, 70, 0.0532119098604936
57, 71, 0.0528250324427245
57, 72, 0.05258071993035303
57, 73, 0.05252274248235166
58, 59, 0.05060839732120498
58, 60, 0.04572764986057939
58, 61, 0.04907032553188831
58, 62, 0.05167414041973233
58, 63, 0.055991497767613696
58, 64, 0.04912832587525345
58, 65, 0.04814774969493998
58, 66, 0.048195261864078784
58, 67, 0.049902142268871595
58, 68, 0.048968954165070064
58, 69, 0.04508976384475284
58, 70, 0.048065500046104735
58, 71, 0.051626175416313085
58, 72, 0.050438296149581396
58, 73, 0.047854042739433764
59, 60, 0.049040333244163015
59, 61, 0.050782145288615674
59, 62, 0.05217241025681466
59, 63, 0.055618624759426694
59, 64, 0.05074852983541373
59, 65, 0.05102102701969126
59, 66, 0.051399046839865445
59, 67, 0.0514895889791108
59, 68, 0.050037589574585914
59, 69, 0.04764346295743545
59, 70, 0.05139804420585002
59, 71, 0.052125002081941776
59, 72, 0.051507820788086876
59, 73, 0.05077174800724572
60, 61, 0.04695439917739677
60, 62, 0.050685402498228595
60, 63, 0.055011919627014134
60, 64, 0.04715040586546859
60, 65, 0.04418715129243705
60, 66, 0.04311110810963589
60, 67, 0.047441736711031
60, 68, 0.047898654753191355
60, 69, 0.043368248936027046
60, 70, 0.04275500034369012
60, 71, 0.050658710998184836
60, 72, 0.04879983090484435
60, 73, 0.044122526737391914
61, 62, 0.051700114602780116
61, 63, 0.0556299796864071
61, 64, 0.04956036776488965
61, 65, 0.049128537852398214
61, 66, 0.04934340011911726
61, 67, 0.05028082903152464
61, 68, 0.049236734877812556
61, 69, 0.04597819307145141
61, 70, 0.049285568454747804
61, 71, 0.0516556602942919
61, 72, 0.050640671872709715
61, 73, 0.04886330518621303
62, 63, 0.05515911102669038
62, 64, 0.05165025235618871
62, 65, 0.052072314180709046
62, 66, 0.052359851810952776
62, 67, 0.0522262701044314
62, 68, 0.05084955925898148
62, 69, 0.049357754088145224
62, 70, 0.052369075384638836
62, 71, 0.052449771199764336
62, 72, 0.05211902593595455
62, 73, 0.05190226059525994
63, 64, 0.05545725899844532
63, 65, 0.05707389393147689
63, 66, 0.05775534425399185
63, 67, 0.05647444626775478
63, 68, 0.05353153461747539
63, 69, 0.05271423688060238
63, 70, 0.057823938639294775
63, 71, 0.055078335111525226
63, 72, 0.05563854037702657
63, 73, 0.05679219479471651
64, 65, 0.049199974306982884
64, 66, 0.04940610423998912
64, 67, 0.05026357775678709
64, 68, 0.049259696900472306
64, 69, 0.04615220542872135
64, 70, 0.04935552911244904
64, 71, 0.05160804300677934
64, 72, 0.05061214414551715
64, 73, 0.048952820621802805
65, 66, 0.0472077638245005
65, 67, 0.05032888850450153
65, 68, 0.04897925481294129
65, 69, 0.0441478833337738
65, 70, 0.04677796493569528
65, 71, 0.05200770248563721
65, 72, 0.050829145922443995
65, 73, 0.04705247988407406
66, 67, 0.05089814168628322
66, 68, 0.04905367970209645
66, 69, 0.04366224869354415
66, 70, 0.04395224486660177
66, 71, 0.05228317074715941
66, 72, 0.0512042312701652
66, 73, 0.04656006453875585
67, 68, 0.04960472279833833
67, 69, 0.04617356624008847
67, 70, 0.05087814312795733
67, 71, 0.05216749923031554
67, 72, 0.05136063909902138
67, 73, 0.049937351220125374
68, 69, 0.047107832666220296
68, 70, 0.04902795581949718
68, 71, 0.05083025195243836
68, 72, 0.049935997062666306
68, 73, 0.04886284737597596
69, 70, 0.04351711826919835
69, 71, 0.049359968589889294
69, 72, 0.047431147632466954
69, 73, 0.044115228883054046
70, 71, 0.05229138607540012
70, 72, 0.05119942161622059
70, 73, 0.04615014367435647
71, 72, 0.05207159921601341
71, 73, 0.051843011923226615
72, 73, 0.05057370953950947
