18
0, 1, 0.015590505510159869
0, 2, 0.02117724383895699
0, 3, 0.020639056153183837
0, 4, 0.0148978099734424
0, 5, 0.02726643177579359
0, 6, 0.03330897310032843
0, 7, 0.023583112488499893
0, 8, 0.015007241544582623
0, 9, 0.025859306217845688
0, 10, 0.0299916474704801
0, 11, 0.019492624388931776
0, 12, 0.013954753553928131
0, 13, 0.025319197579967475
0, 14, 0.017527125640484132
0, 15, 0.02713624027428349
0, 16, 0.01619488622908023
0, 17, 0.028212908534065093
1, 2, 0.015378543199421665
1, 3, 0.015601786263008142
1, 4, 0.015042792082990041
1, 5, 0.016230635845874784
1, 6, 0.016477809012935583
1, 7, 0.016132447876685274
1, 8, 0.01501253179653546
1, 9, 0.015581464444087307
1, 10, 0.01556219668090438
1, 11, 0.01875276733277563
1, 12, 0.014959968513674954
1, 13, 0.015460210869830932
1, 14, 0.017319538112995754
1, 15, 0.015550716457973316
1, 16, 0.015469619682563308
1, 17, 0.01603841516175333
2, 3, 0.018377877948830907
2, 4, 0.014282155028373381
2, 5, 0.02493264208800829
2, 6, 0.03026147657183291
2, 7, 0.021900137331242516
2, 8, 0.01499297608678678
2, 9, 0.020949103709207516
2, 10, 0.022709912863675234
2, 11, 0.01944616090033777
2, 12, 0.0123407330729149
2, 13, 0.019140654213360888
2, 14, 0.01750603855118902
2, 15, 0.021215258964192147
2, 16, 0.015764288182866862
2, 17, 0.02510961893861794
3, 4, 0.01501850837140439
3, 5, 0.023346101837731538
3, 6, 0.026403231404353657
3, 7, 0.02142547444845258
3, 8, 0.015010050288292016
3, 9, 0.020529423452685082
3, 10, 0.021158845636844954
3, 11, 0.01945323176771987
3, 12, 0.014488827578599685
3, 13, 0.019704349085934342
3, 14, 0.017518634877414455
3, 15, 0.020611473651810017
3, 16, 0.016159842944188055
3, 17, 0.023145850184151315
4, 5, 0.016701234549894327
4, 6, 0.01740817240893977
4, 7, 0.01641418574216533
4, 8, 0.014971677990163756
4, 9, 0.014871930251983469
4, 10, 0.014782826686356975
4, 11, 0.01912094135913932
4, 12, 0.013422721666261479
4, 13, 0.014488619913553694
4, 14, 0.017405286961290373
4, 15, 0.01476421128013829
4, 16, 0.015069750788206238
4, 17, 0.016197645500488623
5, 6, 0.03125045866110602
5, 7, 0.02491175299743552
5, 8, 0.01505470584012536
5, 9, 0.027138790323490227
5, 10, 0.0288723891850936
5, 11, 0.01959020727514892
5, 12, 0.01815667311728995
5, 13, 0.027064895066227578
5, 14, 0.017582609916475138
5, 15, 0.02777403068489053
5, 16, 0.017368058705276676
5, 17, 0.028217282103185172
6, 7, 0.027478568750369654
6, 8, 0.015070346402141785
6, 9, 0.03312594176758982
6, 10, 0.03671893534442344
6, 11, 0.019657932066150085
6, 12, 0.019975880200760795
6, 13, 0.0338835729704832
6, 14, 0.017610094981227547
6, 15, 0.03458113464197031
6, 16, 0.017895174766813553
6, 17, 0.03280064683512076
7, 8, 0.015050275089090152
7, 9, 0.02349709264372753
7, 10, 0.02428786998966402
7, 11, 0.019543745957734362
7, 12, 0.017352332251633403
7, 13, 0.023154334806788784
7, 14, 0.017567715084907613
7, 15, 0.02373548428967495
7, 16, 0.017116621529725304
7, 17, 0.024991441126085326
8, 9, 0.015006642815255274
8, 10, 0.015004803369801277
8, 11, 0.016068568528164608
8, 12, 0.014964637191964279
8, 13, 0.014998146116861982
8, 14, 0.016019023719551818
8, 15, 0.015004283947080903
8, 16, 0.015012923842017299
8, 17, 0.015039450464860995
9, 10, 0.029562436723913173
9, 11, 0.01949045849913211
9, 12, 0.01388807321909029
9, 13, 0.024983374418263038
9, 14, 0.017526184746453857
9, 15, 0.026805201509327536
9, 16, 0.016176214845293354
9, 17, 0.028039727216593452
10, 11, 0.019498290508855477
10, 12, 0.01350872630786602
10, 13, 0.0303672118376223
10, 14, 0.017527045467069714
10, 15, 0.03279409439442355
10, 16, 0.016154341422566096
10, 17, 0.030688484973983795
11, 12, 0.019283172829771433
11, 13, 0.01947312279223262
11, 14, 0.018123547798238403
11, 15, 0.019490320454052416
11, 16, 0.019119981264653287
11, 17, 0.019565738313030476
12, 13, 0.01273280989852566
12, 14, 0.01744539231910169
12, 15, 0.013527503920653624
12, 16, 0.014924219754489456
12, 17, 0.017194364641775175
13, 14, 0.01751630944862462
13, 15, 0.026454853441535305
13, 16, 0.015940328640841658
13, 17, 0.02807520255437783
14, 15, 0.01752465370837971
14, 16, 0.017429366625950772
14, 17, 0.017566537383925364
15, 16, 0.016122824175402242
15, 17, 0.0290093440410207
16, 17, 0.017042616759070178
