7
0, 1, 0.04613184247995016
0, 2, 0.04310068668135518
0, 3, 0.022793303569999732
0, 4, 0.044768754238476476
0, 5, 0.02424385100679189
0, 6, 0.04637292343866631
1, 2, 0.00952822876435589
1, 3, 0.00986124374728294
1, 4, 0.012014544314978457
1, 5, 0.008632121929739925
1, 6, 0.009684989021176192
2, 3, 0.009845130798600396
2, 4, 0.01047324438848038
2, 5, 0.008685434495014504
2, 6, 0.00953193791018362
3, 4, 0.00992781012277204
3, 5, 0.009322386920551134
3, 6, 0.00986264349268991
4, 5, 0.008753073509991894
4, 6, 0.012351647300938245
5, 6, 0.00862821792191558
