14
0, 1, 0.03502725838660136
0, 2, 0.012555762170461787
0, 3, 0.012734879956654451
0, 4, 0.018404579456739328
0, 5, 0.010977535322620609
0, 6, 0.02290059310500335
0, 7, 0.012681546490557971
0, 8, 0.011655607820749815
0, 9, 0.03220449177990639
0, 10, 0.02079629117173507
0, 11, 0.047022821875480875
0, 12, 0.03724237626174646
0, 13, 0.01436812865827984
1, 2, 0.012555685781304896
1, 3, 0.012732204542490334
1, 4, 0.018299281781983267
1, 5, 0.010833264332585768
1, 6, 0.02268430547455136
1, 7, 0.012680031994137256
1, 8, 0.011651570236067112
1, 9, 0.031972610994745326
1, 10, 0.01958764817561458
1, 11, 0.04649923645990222
1, 12, 0.03724230256834785
1, 13, 0.014367112292516984
2, 3, 0.012559993170709358
2, 4, 0.01255888122010953
2, 5, 0.012554156264967711
2, 6, 0.012558099632855311
2, 7, 0.01256107798426165
2, 8, 0.01253808552201267
2, 9, 0.012559560863823828
2, 10, 0.012555477882525454
2, 11, 0.012557427306081136
2, 12, 0.022232818143582495
2, 13, 0.012678488446885785
3, 4, 0.01283822965846646
3, 5, 0.012676285801436557
3, 6, 0.012814560183339381
3, 7, 0.012691364536777078
3, 8, 0.01228458801708803
3, 9, 0.012866126585516578
3, 10, 0.012724745845308432
3, 11, 0.012793034699802785
3, 12, 0.03620587600393879
3, 13, 0.013903197351850263
4, 5, 0.014483623363656509
4, 6, 0.01923834551791956
4, 7, 0.01274121894691493
4, 8, 0.011841791102390264
4, 9, 0.021452453033360262
4, 10, 0.017775363481600776
4, 11, 0.02045636694554128
4, 12, 0.03722309310923814
4, 13, 0.014394967243349188
5, 6, 0.01438173485749735
5, 7, 0.012648684982003956
5, 8, 0.011597439541808419
5, 9, 0.016510784752583184
5, 10, 0.010547871397107477
5, 11, 0.013942408624827266
5, 12, 0.03722028791549691
5, 13, 0.014333676401596104
6, 7, 0.012727080246367735
6, 8, 0.011788199090531994
6, 9, 0.026361845734804584
6, 10, 0.02121398056680766
6, 11, 0.026642762863805198
6, 12, 0.03723577031620206
6, 13, 0.014393401826875573
7, 8, 0.012387646432717225
7, 9, 0.012756220490598241
7, 10, 0.012675838947182584
7, 11, 0.01271450107083683
7, 12, 0.035463649638134476
7, 13, 0.013674379800155363
8, 9, 0.011860947345039565
8, 10, 0.011641991561237562
8, 11, 0.011744068805637312
8, 12, 0.03650323859099734
8, 13, 0.013796463794823145
9, 10, 0.02916188554682932
9, 11, 0.035532972616872514
9, 12, 0.037240597126305924
9, 13, 0.014415024063618895
10, 11, 0.034897655142088445
10, 12, 0.03724096692798833
10, 13, 0.014363612347368555
11, 12, 0.037243468026579976
11, 13, 0.014389939009605971
12, 13, 0.03491385174614624
