12
0, 1, 0.018604445914867488
0, 2, 0.019063520959443546
0, 3, 0.020693160267623373
0, 4, 0.017333716586723703
0, 5, 0.023429316381638525
0, 6, 0.023716617540672526
0, 7, 0.01880171420721859
0, 8, 0.021291192998184244
0, 9, 0.020840447438602774
0, 10, 0.018692008669482948
0, 11, 0.02072341687619954
1, 2, 0.019058112366512097
1, 3, 0.0186476414233372
1, 4, 0.016996125372255862
1, 5, 0.022407810374502672
1, 6, 0.01877957353807182
1, 7, 0.017229270942874717
1, 8, 0.02125168264266945
1, 9, 0.01821784961228018
1, 10, 0.018642721634012118
1, 11, 0.020509259725367615
2, 3, 0.019063163394649352
2, 4, 0.019054864268654784
2, 5, 0.019113273941347396
2, 6, 0.01906409194704835
2, 7, 0.019059327605238378
2, 8, 0.01951723390220404
2, 9, 0.019061991718406297
2, 10, 0.019028754565511532
2, 11, 0.019123625031132335
3, 4, 0.01776865935872714
3, 5, 0.02302098193652967
3, 6, 0.020988742791581673
3, 7, 0.018779891010131947
3, 8, 0.0212795523594799
3, 9, 0.01987196912002664
3, 10, 0.01869292637464399
3, 11, 0.020666686355060762
4, 5, 0.022287924786737277
4, 6, 0.017519152235528253
4, 7, 0.015662497460338057
4, 8, 0.021243074376918303
4, 9, 0.017033198594001573
4, 10, 0.018605699835410095
4, 11, 0.020447443749153908
5, 6, 0.023490313961356094
5, 7, 0.023127011567335348
5, 8, 0.021383660021934286
5, 9, 0.023190126236163153
5, 10, 0.01922272549624165
5, 11, 0.021333473796491108
6, 7, 0.01944840749873694
6, 8, 0.021293774595409553
6, 9, 0.02132900892297193
6, 10, 0.018698086821375345
6, 11, 0.020739462746946366
7, 8, 0.02127584261840814
7, 9, 0.017658482679525505
7, 10, 0.018645641511263578
7, 11, 0.020622773562910424
8, 9, 0.021282245366786835
8, 10, 0.02060394192842735
8, 11, 0.02120893631853721
9, 10, 0.018676750844576977
9, 11, 0.020671115540712416
10, 11, 0.019282065881991075
