12
0, 1, 0.0297641156696611
0, 2, 0.023214232655748786
0, 3, 0.02813871983513286
0, 4, 0.022946965162746837
0, 5, 0.023555263833142787
0, 6, 0.023865530929611647
0, 7, 0.023025572247888856
0, 8, 0.02307366238632094
0, 9, 0.022939418570106937
0, 10, 0.027499390120557913
0, 11, 0.023597280448410037
1, 2, 0.030532266069673557
1, 3, 0.030576823788958422
1, 4, 0.030520035991466587
1, 5, 0.024993522901200327
1, 6, 0.025049146359008134
1, 7, 0.030573453154669843
1, 8, 0.030569434420938645
1, 9, 0.03052102774648356
1, 10, 0.030849030957613096
1, 11, 0.030567119876542276
2, 3, 0.030435777515236066
2, 4, 0.024327598968556574
2, 5, 0.02357763530967073
2, 6, 0.023891218087880237
2, 7, 0.026227972774510465
2, 8, 0.026384993068716323
2, 9, 0.024287426642529412
2, 10, 0.033531735844498985
2, 11, 0.028249361925162326
3, 4, 0.030386656788984067
3, 5, 0.02399276661354931
3, 6, 0.02422247696151594
3, 7, 0.030596951182817297
3, 8, 0.03058083777287051
3, 9, 0.030390420420663998
3, 10, 0.0314966909382031
3, 11, 0.03057146476519325
4, 5, 0.023569361517071633
4, 6, 0.023884576474503132
4, 7, 0.022270612624219643
4, 8, 0.023169541440542868
4, 9, 0.021711785005237304
4, 10, 0.03348909368390528
4, 11, 0.027135791493476908
5, 6, 0.023744679899096635
5, 7, 0.023572682846877767
5, 8, 0.023573984657187498
5, 9, 0.02356916142627678
5, 10, 0.023782888509982093
5, 11, 0.023590156210273855
6, 7, 0.023887704124561312
6, 8, 0.02388869259143382
6, 9, 0.023884428224185128
6, 10, 0.02405678405265025
6, 11, 0.023901428196941892
7, 8, 0.029239110848774237
7, 9, 0.02208443250779338
7, 10, 0.03439275758479911
7, 11, 0.03015079379500527
8, 9, 0.02304807523291093
8, 10, 0.034279467234341957
8, 11, 0.029873001027123647
9, 10, 0.03351009729506382
9, 11, 0.02714348460943028
10, 11, 0.03385974374493591
