12
0, 1, 0.027011976939524073
0, 2, 0.020090548284336106
0, 3, 0.023007340930692302
0, 4, 0.020662609579520905
0, 5, 0.02061453271963877
0, 6, 0.019045343026412195
0, 7, 0.021477478197834615
0, 8, 0.01199902721619018
0, 9, 0.021086533434815664
0, 10, 0.030465269117833982
0, 11, 0.029846400671522135
1, 2, 0.027186157603306147
1, 3, 0.03746453517333726
1, 4, 0.03396116353126463
1, 5, 0.02506561893760218
1, 6, 0.019343611362377167
1, 7, 0.034640658204314737
1, 8, 0.012083590378948116
1, 9, 0.036460755668617735
1, 10, 0.03685915564444635
1, 11, 0.03581357232970034
2, 3, 0.023282404014638654
2, 4, 0.02094780272219946
2, 5, 0.020729118957480537
2, 6, 0.019054468230175457
2, 7, 0.021750932685760543
2, 8, 0.012002697924520698
2, 9, 0.021398428299817567
2, 10, 0.030565435437659515
2, 11, 0.029943457475020016
3, 4, 0.03091528836272836
3, 5, 0.022505630556214698
3, 6, 0.019122165445784347
3, 7, 0.03255166209185084
3, 8, 0.011975906838218866
3, 9, 0.0364098555585101
3, 10, 0.03695834644522028
3, 11, 0.03564348627045217
4, 5, 0.021255244291001396
4, 6, 0.019051558134642627
4, 7, 0.02597812735343043
4, 8, 0.011953395365376904
4, 9, 0.026642768734424744
4, 10, 0.03525958595683074
4, 11, 0.03407753153190223
5, 6, 0.01912011640279329
5, 7, 0.02168919031737089
5, 8, 0.012089482931835678
5, 9, 0.0215036870766054
5, 10, 0.02804776768718761
5, 11, 0.02768500552349945
6, 7, 0.01907870161323665
6, 8, 0.013731659301609325
6, 9, 0.019058745558901205
6, 10, 0.01975530924675512
6, 11, 0.019749174767637476
7, 8, 0.01196440511739731
7, 9, 0.02902916427246582
7, 10, 0.03557666209324879
7, 11, 0.034389190444848824
8, 9, 0.011948607925257081
8, 10, 0.012288710160346288
8, 11, 0.012295517509068004
9, 10, 0.03647758674414835
9, 11, 0.035135513544648916
10, 11, 0.0360027691970409
