8
0, 1, 0.027154653189064362
0, 2, 0.02646260693787158
0, 3, 0.027074908953843003
0, 4, 0.02729963362973354
0, 5, 0.02759286594480235
0, 6, 0.01465570606395908
0, 7, 0.02757706232293161
1, 2, 0.02646306242661246
1, 3, 0.02681971551110655
1, 4, 0.027012182458677633
1, 5, 0.027212888871265918
1, 6, 0.014806250015211124
1, 7, 0.02714432882120489
2, 3, 0.0262825881716164
2, 4, 0.02636899490192192
2, 5, 0.026434616312523113
2, 6, 0.015700621413268685
2, 7, 0.026382541559909604
3, 4, 0.026375188221622405
3, 5, 0.027239389738815407
3, 6, 0.014444609630972494
3, 7, 0.02675285032576696
4, 5, 0.027511725974441046
4, 6, 0.014534868154228381
4, 7, 0.027445055956423946
5, 6, 0.014553491560189723
5, 7, 0.02805853052917044
6, 7, 0.014485346720432312
