8
0, 1, 0.033395329354493894
0, 2, 0.034236881194402505
0, 3, 0.030323576251287617
0, 4, 0.03176748948374808
0, 5, 0.03710873788751916
0, 6, 0.028623269047019673
0, 7, 0.028650215202885233
1, 2, 0.03297420423786798
1, 3, 0.027043019238895284
1, 4, 0.029532908839679465
1, 5, 0.03721266217797177
1, 6, 0.026902371111128302
1, 7, 0.026510089433565164
2, 3, 0.026970826022979115
2, 4, 0.030037018885297313
2, 5, 0.038401946029831546
2, 6, 0.026863069889179848
2, 7, 0.02641199876095587
3, 4, 0.023564533488430437
3, 5, 0.035022000721361114
3, 6, 0.02414485751853943
3, 7, 0.02293353616739055
4, 5, 0.03594829215052286
4, 6, 0.02552677812386197
4, 7, 0.024761777473098726
5, 6, 0.03134259258725031
5, 7, 0.03185378483359935
6, 7, 0.0246804842287397
