80
0, 1, 0.025201069026448534
0, 2, 0.031423668592547006
0, 3, 0.02484688422144821
0, 4, 0.024132271464903602
0, 5, 0.016596155904190425
0, 6, 0.03514415263980356
0, 7, 0.04703862269240499
0, 8, 0.03617685741401699
0, 9, 0.03877332637504005
0, 10, 0.012413861839491981
0, 11, 0.03825831732776975
0, 12, 0.03848968147256488
0, 13, 0.039204351809689494
0, 14, 0.03186217804695968
0, 15, 0.03529806366188686
0, 16, 0.03610862591902366
0, 17, 0.023915065897888513
0, 18, 0.02755169209655309
0, 19, 0.03460254317849296
0, 20, 0.030623062069646996
0, 21, 0.03756255471311009
0, 22, 0.04571708149442631
0, 23, 0.03448435744896804
0, 24, 0.034743592340689626
0, 25, 0.022080717708501486
0, 26, 0.03422436624980691
0, 27, 0.02037469111541343
0, 28, 0.02601214630247608
0, 29, 0.023159462533703233
0, 30, 0.029085744489211612
0, 31, 0.02601258682532272
0, 32, 0.02670802409199167
0, 33, 0.027261352741009694
0, 34, 0.03791223264014858
0, 35, 0.035802908575974096
0, 36, 0.019928272584851043
0, 37, 0.04066758268692015
0, 38, 0.026660622202667288
0, 39, 0.036837199019799885
0, 40, 0.033971250899539014
0, 41, 0.030793669844828564
0, 42, 0.03118536105414097
0, 43, 0.04497886257234993
0, 44, 0.02785665297402775
0, 45, 0.03458899216034955
0, 46, 0.03272354518332282
0, 47, 0.03847992566763023
0, 48, 0.03285697761063686
0, 49, 0.02908643433359594
0, 50, 0.03962455138188421
0, 51, 0.03840098831807144
0, 52, 0.033266065789074116
0, 53, 0.034904297806040346
0, 54, 0.03934964341672184
0, 55, 0.015559239807402403
0, 56, 0.0433615519432216
0, 57, 0.037476300153844185
0, 58, 0.024342459153964133
0, 59, 0.03676451558891241
0, 60, 0.02985489459414531
0, 61, 0.04233973150092217
0, 62, 0.04375892608455156
0, 63, 0.03913488638189703
0, 64, 0.032257915667974514
0, 65, 0.035260249740728555
0, 66, 0.03731508721666716
0, 67, 0.04066059190768728
0, 68, 0.03364300155784977
0, 69, 0.04307996752453314
0, 70, 0.01748552316599562
0, 71, 0.024768089888702542
0, 72, 0.0388820841634229
0, 73, 0.04414773913227429
0, 74, 0.02457992332914099
0, 75, 0.03698113466983928
0, 76, 0.036484371810010394
0, 77, 0.032149491119275515
0, 78, 0.026511236751287196
0, 79, 0.03597945195041847
1, 2, 0.03141396749292803
1, 3, 0.025145236478433187
1, 4, 0.025064008918206857
1, 5, 0.024729413180236796
1, 6, 0.03510967919516612
1, 7, 0.04702177699250926
1, 8, 0.03616767007616604
1, 9, 0.038758015714779645
1, 10, 0.024806862766650648
1, 11, 0.03824817542679668
1, 12, 0.038473371463067486
1, 13, 0.0391868056703236
1, 14, 0.02622401573542733
1, 15, 0.03446984114314063
1, 16, 0.0360864382427271
1, 17, 0.025135160148390324
1, 18, 0.025350055572830103
1, 19, 0.03432137075520867
1, 20, 0.030410249264548588
1, 21, 0.03753985429949988
1, 22, 0.04570117625370386
1, 23, 0.02851452882470799
1, 24, 0.03470874162997714
1, 25, 0.022953454897403386
1, 26, 0.034003087103527764
1, 27, 0.023653514070355076
1, 28, 0.025253931474999484
1, 29, 0.024253702517839985
1, 30, 0.02884714607945688
1, 31, 0.02578554946267199
1, 32, 0.025278209217758127
1, 33, 0.025327437040649336
1, 34, 0.03772178130947602
1, 35, 0.035773600063786666
1, 36, 0.025088631074887666
1, 37, 0.0406531912169705
1, 38, 0.025213223309489205
1, 39, 0.03682797618844565
1, 40, 0.033495118937971795
1, 41, 0.025812686281119424
1, 42, 0.030371038326756947
1, 43, 0.04496255831609977
1, 44, 0.02519685163038546
1, 45, 0.03458152774492175
1, 46, 0.031982854918123874
1, 47, 0.038462447383869426
1, 48, 0.03280680731704041
1, 49, 0.028996111864390734
1, 50, 0.03960890615800284
1, 51, 0.03837767619398133
1, 52, 0.033209236313142314
1, 53, 0.034894581077310985
1, 54, 0.03933524061436042
1, 55, 0.024965804431593804
1, 56, 0.04334625144310195
1, 57, 0.03721289492217013
1, 58, 0.02506178002024725
1, 59, 0.03674404382067096
1, 60, 0.025225187193318024
1, 61, 0.04232517040506885
1, 62, 0.0437443889694967
1, 63, 0.03911840781853762
1, 64, 0.030987193679046655
1, 65, 0.029016438514595025
1, 66, 0.037298416341760524
1, 67, 0.040645937291812935
1, 68, 0.03362537394154066
1, 69, 0.04306545311545347
1, 70, 0.02498020068507013
1, 71, 0.02476965595625674
1, 72, 0.03887202106917773
1, 73, 0.04413207646827416
1, 74, 0.02458048492169096
1, 75, 0.02620009947950654
1, 76, 0.03644152259167819
1, 77, 0.03187658649849951
1, 78, 0.0255748394191931
1, 79, 0.035966978791141226
2, 3, 0.031422939357585444
2, 4, 0.031422509201662896
2, 5, 0.031422554218085666
2, 6, 0.032574833951823694
2, 7, 0.041860346171904754
2, 8, 0.034514902034751535
2, 9, 0.035683910997245785
2, 10, 0.03142293692287055
2, 11, 0.03598287523826521
2, 12, 0.03537329401951793
2, 13, 0.03573278539310592
2, 14, 0.03142393075281872
2, 15, 0.03149023678183578
2, 16, 0.03345351328900742
2, 17, 0.03142346588296499
2, 18, 0.031423312790229425
2, 19, 0.031576814788299136
2, 20, 0.031394297615806796
2, 21, 0.03423832213470581
2, 22, 0.04096156995742568
2, 23, 0.03142646511025427
2, 24, 0.032414350133753544
2, 25, 0.031387069626424964
2, 26, 0.03158735828719059
2, 27, 0.03141586624042803
2, 28, 0.03142287802993726
2, 29, 0.03141305884114761
2, 30, 0.03136913034141519
2, 31, 0.03140111990910076
2, 32, 0.031423251415406195
2, 33, 0.03142327860536546
2, 34, 0.03202650395120201
2, 35, 0.0329996276776088
2, 36, 0.03142352024295067
2, 37, 0.0372075877170643
2, 38, 0.031423584889518616
2, 39, 0.03501081778656992
2, 40, 0.03149117966358031
2, 41, 0.03142367728799749
2, 42, 0.03142146059454737
2, 43, 0.040282283630670615
2, 44, 0.03142374852641969
2, 45, 0.03351932831738081
2, 46, 0.031442116618939364
2, 47, 0.035245617643429886
2, 48, 0.031697926524997075
2, 49, 0.03127947184793031
2, 50, 0.036255235920521746
2, 51, 0.034690293825604214
2, 52, 0.03175576218489392
2, 53, 0.03354207270882168
2, 54, 0.03621457734309666
2, 55, 0.03142326718935758
2, 56, 0.039166641486016916
2, 57, 0.031825239794650344
2, 58, 0.03142214132488668
2, 59, 0.03392135120990683
2, 60, 0.031423774693704574
2, 61, 0.03848325878607504
2, 62, 0.039626900800141744
2, 63, 0.0358042325458505
2, 64, 0.03142969438956365
2, 65, 0.03142747192103613
2, 66, 0.03454973157879069
2, 67, 0.037162908998617475
2, 68, 0.032371457975924625
2, 69, 0.039082213929704346
2, 70, 0.03142325370799295
2, 71, 0.029530051109048085
2, 72, 0.03648824228072952
2, 73, 0.03973130114976744
2, 74, 0.027179784897224696
2, 75, 0.031424628093015994
2, 76, 0.03289204377620879
2, 77, 0.03145049307294733
2, 78, 0.03142050935320369
2, 79, 0.03403670798515492
3, 4, 0.02418597786311254
3, 5, 0.02080518947231536
3, 6, 0.035141677419021064
3, 7, 0.047037470020871025
3, 8, 0.03617620443693621
3, 9, 0.03877225345726706
3, 10, 0.02061632489520266
3, 11, 0.03825760513272538
3, 12, 0.03848853692138541
3, 13, 0.03920312441603168
3, 14, 0.029889646204786027
3, 15, 0.035233965163492406
3, 16, 0.036107046461532934
3, 17, 0.024167978412418484
3, 18, 0.0260918590573757
3, 19, 0.03458174597001136
3, 20, 0.03060617988651744
3, 21, 0.037560953333220744
3, 22, 0.04571599042913509
3, 23, 0.03341310958469251
3, 24, 0.034741081011163924
3, 25, 0.022136147721022428
3, 26, 0.03420802443262609
3, 27, 0.020860229090799258
3, 28, 0.025364502384925974
3, 29, 0.023240898007708437
3, 30, 0.029065339279818848
3, 31, 0.025971550402474387
3, 32, 0.025576812104439302
3, 33, 0.025927388831320085
3, 34, 0.037898655516058116
3, 35, 0.03580081626783396
3, 36, 0.02343331422397
3, 37, 0.040666581946366194
3, 38, 0.02501794781268775
3, 39, 0.036836546325959695
3, 40, 0.03393496823054587
3, 41, 0.028594751432345543
3, 42, 0.031115039984143254
3, 43, 0.04497774235135624
3, 44, 0.024748630764598968
3, 45, 0.03458845495967065
3, 46, 0.03266365412674137
3, 47, 0.03847869897495004
3, 48, 0.03285327677823714
3, 49, 0.029078989459740624
3, 50, 0.03962345903293155
3, 51, 0.03839935088425587
3, 52, 0.03326189381384981
3, 53, 0.03490360033417637
3, 54, 0.039348636744084224
3, 55, 0.022109968435394246
3, 56, 0.0433604966458562
3, 57, 0.03745736284722559
3, 58, 0.024323343288250383
3, 59, 0.03676306484781628
3, 60, 0.025129469372632586
3, 61, 0.04233872440334531
3, 62, 0.04375792449525928
3, 63, 0.039133733401052036
3, 64, 0.03214502317523505
3, 65, 0.034201922497094354
3, 66, 0.037313910083225425
3, 67, 0.040659572827143275
3, 68, 0.03364171914205581
3, 69, 0.04307896573864096
3, 70, 0.022385830741570467
3, 71, 0.024767964467762256
3, 72, 0.03888137957878136
3, 73, 0.044146660961934675
3, 74, 0.024579904534993185
3, 75, 0.03180452536685286
3, 76, 0.03648132414865413
3, 77, 0.03212850555777248
3, 78, 0.026216522022705975
3, 79, 0.03597856396049722
4, 5, 0.021061456521638502
4, 6, 0.03514033458867597
4, 7, 0.047036899235457154
4, 8, 0.03617585525765747
4, 9, 0.03877169566383879
4, 10, 0.02096868546342016
4, 11, 0.03825723307654231
4, 12, 0.038487940337225905
4, 13, 0.03920248873217244
4, 14, 0.02906993128282317
4, 15, 0.03519952126617464
4, 16, 0.036106201178019375
4, 17, 0.02367335373320148
4, 18, 0.025421572222484472
4, 19, 0.03457039019719026
4, 20, 0.030595958740139262
4, 21, 0.03756011091822691
4, 22, 0.045715447235118514
4, 23, 0.03290061302180027
4, 24, 0.03473970988625626
4, 25, 0.022135702794330397
4, 26, 0.03419903783977658
4, 27, 0.020926008728132918
4, 28, 0.024892317231201583
4, 29, 0.023204494936066123
4, 30, 0.029051995701832183
4, 31, 0.025930531141467726
4, 32, 0.02497167656714285
4, 33, 0.02528322633671928
4, 34, 0.03789154723330702
4, 35, 0.03579969196183409
4, 36, 0.023076594786577538
4, 37, 0.040666069539950736
4, 38, 0.02432370705035681
4, 39, 0.03683620014225717
4, 40, 0.03391497534410069
4, 41, 0.0277347382679802
4, 42, 0.031073732944333663
4, 43, 0.04497718280608154
4, 44, 0.024000971989945653
4, 45, 0.034588160831313455
4, 46, 0.03262989464625647
4, 47, 0.038478059521903904
4, 48, 0.03285117999583901
4, 49, 0.029074106258292855
4, 50, 0.03962289525914437
4, 51, 0.03839849671669609
4, 52, 0.03325955202709438
4, 53, 0.03490322044092824
4, 54, 0.03934811600539826
4, 55, 0.022106592648300612
4, 56, 0.04335996526812414
4, 57, 0.037447408737037266
4, 58, 0.02405514316407499
4, 59, 0.03676229478716942
4, 60, 0.024289594150037144
4, 61, 0.04233821435067218
4, 62, 0.043757421214914015
4, 63, 0.03913313589662935
4, 64, 0.03208118239967779
4, 65, 0.0336967108318171
4, 66, 0.037313289161565226
4, 67, 0.040659051004774766
4, 68, 0.03364100467431101
4, 69, 0.04307846052874253
4, 70, 0.022314744316648462
4, 71, 0.02476765470882473
4, 72, 0.038881013620730084
4, 73, 0.04414612027154869
4, 74, 0.024579834364474886
4, 75, 0.030294698253200303
4, 76, 0.036479701190061394
4, 77, 0.03211643224598763
4, 78, 0.025984527221376123
4, 79, 0.03597808787901856
5, 6, 0.03514120910040148
5, 7, 0.0470376442136205
5, 8, 0.03617611785045285
5, 9, 0.03877222543750924
5, 10, 0.011716800771949303
5, 11, 0.03825757373711535
5, 12, 0.03848849587870133
5, 13, 0.039203109655060304
5, 14, 0.028564757611924865
5, 15, 0.03522222462798978
5, 16, 0.03610683154023924
5, 17, 0.01688881908060628
5, 18, 0.022588380537984003
5, 19, 0.034577079704826624
5, 20, 0.03059512139396093
5, 21, 0.037560840244892806
5, 22, 0.04571613440788539
5, 23, 0.03309826962871821
5, 24, 0.03474054325936554
5, 25, 0.02193050106441728
5, 26, 0.034203935187423595
5, 27, 0.019718912266187487
5, 28, 0.022396041109337152
5, 29, 0.022672674230677984
5, 30, 0.0290446577133795
5, 31, 0.025820959528036126
5, 32, 0.02173544441937847
5, 33, 0.0223689484393528
5, 34, 0.037897876340239056
5, 35, 0.03580049831800629
5, 36, 0.013860032705952856
5, 37, 0.04066661226514956
5, 38, 0.0182034939427129
5, 39, 0.036836480181226684
5, 40, 0.033925170022875616
5, 41, 0.02656356283084179
5, 42, 0.0310749842601384
5, 43, 0.0449778769941901
5, 44, 0.014800858987401971
5, 45, 0.034588334540522445
5, 46, 0.032640883423309466
5, 47, 0.03847865456384766
5, 48, 0.0328519336598847
5, 49, 0.029071464014167787
5, 50, 0.03962346007707041
5, 51, 0.03839928702057605
5, 52, 0.03326053624394515
5, 53, 0.03490345818287299
5, 54, 0.0393486292441753
5, 55, 0.012822444050795944
5, 56, 0.04336059292139251
5, 57, 0.037455947243347214
5, 58, 0.02183850940693538
5, 59, 0.03676291302380688
5, 60, 0.015827171080870055
5, 61, 0.04233879516076342
5, 62, 0.04375802344615827
5, 63, 0.039133716982468404
5, 64, 0.03209603554984498
5, 65, 0.03395080879572843
5, 66, 0.037313815073586845
5, 67, 0.040659603513338985
5, 68, 0.03364134272847849
5, 69, 0.04307905157153021
5, 70, 0.013790991623010125
5, 71, 0.02476620715884631
5, 72, 0.03888136374759174
5, 73, 0.04414677513867563
5, 74, 0.02457947094399052
5, 75, 0.029998715153260032
5, 76, 0.036480965362939925
5, 77, 0.03211930246086027
5, 78, 0.025347788872945896
5, 79, 0.035978437294236366
6, 7, 0.04487575996003459
6, 8, 0.03597651393580728
6, 9, 0.03788357414192365
6, 10, 0.0351423843712479
6, 11, 0.03768938012490045
6, 12, 0.03761611303876353
6, 13, 0.03812775497556406
6, 14, 0.03514257111021688
6, 15, 0.035150446517287284
6, 16, 0.0357524748953729
6, 17, 0.035143570244674543
6, 18, 0.035142549587270616
6, 19, 0.03508970222987098
6, 20, 0.03478891540894204
6, 21, 0.0367259390930365
6, 22, 0.04378683705327169
6, 23, 0.035143416766973135
6, 24, 0.034949357311753367
6, 25, 0.035030591695545066
6, 26, 0.03503276919030321
6, 27, 0.035121033062155166
6, 28, 0.03514121163080854
6, 29, 0.03510996847672808
6, 30, 0.0348372747002815
6, 31, 0.035059680213049296
6, 32, 0.03514249278332559
6, 33, 0.03514247849424736
6, 34, 0.035659626655886366
6, 35, 0.03551100281581738
6, 36, 0.03514386036553491
6, 37, 0.03950034970790604
6, 38, 0.03514382813762902
6, 39, 0.036522858979947746
6, 40, 0.03507760167377805
6, 41, 0.035142752285179935
6, 42, 0.035058889713776874
6, 43, 0.04309150017302926
6, 44, 0.035144446592695944
6, 45, 0.03469241279298147
6, 46, 0.03506984418361116
6, 47, 0.03756310867107404
6, 48, 0.03435421421828937
6, 49, 0.03436864794453241
6, 50, 0.03855818786466465
6, 51, 0.037302784212926515
6, 52, 0.03452633559181525
6, 53, 0.034958062901177284
6, 54, 0.03839641870820481
6, 55, 0.03514321939176462
6, 56, 0.041756815002067425
6, 57, 0.03546383373328213
6, 58, 0.0351390387821949
6, 59, 0.03621745922387161
6, 60, 0.035144480486764246
6, 61, 0.04092516606362648
6, 62, 0.042173019355646865
6, 63, 0.03812110205988782
6, 64, 0.0350995777417718
6, 65, 0.0351449437073926
6, 66, 0.03669909534920859
6, 67, 0.039477654980350406
6, 68, 0.034206762159069384
6, 69, 0.041576059550651655
6, 70, 0.035143142468134714
6, 71, 0.030264862210545994
6, 72, 0.038229008221565275
6, 73, 0.04241608919704607
6, 74, 0.02685480717919998
6, 75, 0.03514530551734181
6, 76, 0.0357838485666643
6, 77, 0.034909448870810586
6, 78, 0.035131784625709955
6, 79, 0.03577088789946886
7, 8, 0.04182578409984808
7, 9, 0.0436810519241976
7, 10, 0.04703813370281874
7, 11, 0.042661507503978624
7, 12, 0.04373840195980407
7, 13, 0.04405286865075197
7, 14, 0.047036730716105
7, 15, 0.046938154740245
7, 16, 0.04403312146063615
7, 17, 0.04703840092798061
7, 18, 0.047037691406307106
7, 19, 0.04673450896580832
7, 20, 0.04673311352329131
7, 21, 0.044235588610603824
7, 22, 0.04637960830932681
7, 23, 0.047033497223643785
7, 24, 0.04489657841246937
7, 25, 0.046990135062867804
7, 26, 0.04665633675747888
7, 27, 0.04702941003891153
7, 28, 0.047037132540711964
7, 29, 0.04702350327647771
7, 30, 0.04682813774961875
7, 31, 0.046995092733458636
7, 32, 0.04703773579171263
7, 33, 0.04703767930470753
7, 34, 0.046597622904714184
7, 35, 0.04458846473590653
7, 36, 0.047038585361125644
7, 37, 0.04415028773580595
7, 38, 0.0470384527383393
7, 39, 0.04200393835825691
7, 40, 0.04686511475310358
7, 41, 0.04703730213606926
7, 42, 0.04696124228610617
7, 43, 0.04604301331474916
7, 44, 0.04703877011307306
7, 45, 0.04090220532898547
7, 46, 0.046938124134127845
7, 47, 0.04387546320082328
7, 48, 0.045549485949117945
7, 49, 0.046471233189971414
7, 50, 0.04395664565020426
7, 51, 0.04441298573051503
7, 52, 0.04568459926968688
7, 53, 0.04175396894766975
7, 54, 0.0437229611457124
7, 55, 0.04703838881505716
7, 56, 0.04528101502696242
7, 57, 0.04671333815056145
7, 58, 0.04703627328274867
7, 59, 0.04392007713496984
7, 60, 0.04703876022425824
7, 61, 0.044802258271657465
7, 62, 0.04541128497469748
7, 63, 0.0439177635942656
7, 64, 0.046986937063955486
7, 65, 0.04703332583950871
7, 66, 0.04354481643917389
7, 67, 0.04417647491038573
7, 68, 0.04342255039084266
7, 69, 0.04510965961061583
7, 70, 0.04703833843148923
7, 71, 0.04336874763631824
7, 72, 0.04286156429595139
7, 73, 0.04564317876910345
7, 74, 0.03698848293997355
7, 75, 0.04703817627841691
7, 76, 0.045259387968547345
7, 77, 0.04676208293838897
7, 78, 0.04703208497782431
7, 79, 0.042612456478700746
8, 9, 0.0372823942984773
8, 10, 0.03617642245881303
8, 11, 0.03725636996767322
8, 12, 0.037114235571389535
8, 13, 0.03738870279342802
8, 14, 0.036176331393795294
8, 15, 0.03616883665734041
8, 16, 0.03615708652068969
8, 17, 0.03617670844582014
8, 18, 0.03617641713886567
8, 19, 0.0361353285970864
8, 20, 0.036065063091069396
8, 21, 0.0366104344110094
8, 22, 0.04112686165202945
8, 23, 0.0361762131197864
8, 24, 0.0359102473522234
8, 25, 0.03614715255572536
8, 26, 0.03611399028789298
8, 27, 0.03617089948520761
8, 28, 0.03617607017260436
8, 29, 0.03616789983937781
8, 30, 0.0360868739139292
8, 31, 0.03615405126584984
8, 32, 0.036176408824376935
8, 33, 0.03617640036088499
8, 34, 0.03626755674595385
8, 35, 0.036090179471662
8, 36, 0.036176789615220306
8, 37, 0.03830259075960733
8, 38, 0.03617677004643049
8, 39, 0.03651608948446056
8, 40, 0.03614524966096881
8, 41, 0.0361764250687713
8, 42, 0.03615051344542144
8, 43, 0.0406087789589456
8, 44, 0.036176935938620355
8, 45, 0.03536238115336666
8, 46, 0.03615067124345687
8, 47, 0.03707169852757785
8, 48, 0.035802453262249456
8, 49, 0.03593467568119065
8, 50, 0.03767787076190144
8, 51, 0.03689146710759975
8, 52, 0.03586935568501905
8, 53, 0.03559746460110173
8, 54, 0.037607987283211866
8, 55, 0.03617663013633445
8, 56, 0.03975558332166236
8, 57, 0.0362248052780447
8, 58, 0.03617551116757622
8, 59, 0.036365475088723793
8, 60, 0.036176942463583064
8, 61, 0.03923386403356295
8, 62, 0.04009154909394025
8, 63, 0.03740222486775779
8, 64, 0.036162074388901934
8, 65, 0.036176533359192006
8, 66, 0.03660722478170008
8, 67, 0.038278516242591855
8, 68, 0.03545208380797595
8, 69, 0.039679479600410614
8, 70, 0.03617660847412761
8, 71, 0.03416727642974886
8, 72, 0.037616545391051026
8, 73, 0.04018489490320921
8, 74, 0.030756182604378887
8, 75, 0.03617706904584722
8, 76, 0.036232380774811834
8, 77, 0.0360959853320502
8, 78, 0.03617351898183362
8, 79, 0.036094099104506304
9, 10, 0.03877270909643201
9, 11, 0.03846836887792462
9, 12, 0.03863761619784761
9, 13, 0.03897764782323328
9, 14, 0.03877212550076885
9, 15, 0.038730156173520124
9, 16, 0.037823093982603494
9, 17, 0.0387730959943288
9, 18, 0.03877254911494347
9, 19, 0.03862602329546867
9, 20, 0.03855354984547423
9, 21, 0.03831287387939676
9, 22, 0.04288818582116202
9, 23, 0.03877087473399027
9, 24, 0.03782366248673971
9, 25, 0.03872593406090419
9, 26, 0.03857776589630434
9, 27, 0.03876399371743545
9, 28, 0.03877199775368362
9, 29, 0.03875885358263739
9, 30, 0.03860823004633697
9, 31, 0.038734742283889276
9, 32, 0.03877255608725068
9, 33, 0.03877252766637517
9, 34, 0.038714036626808945
9, 35, 0.03791325822619807
9, 36, 0.03877324374402235
9, 37, 0.03981144907687667
9, 38, 0.03877317732218933
9, 39, 0.037635931841976694
9, 40, 0.03868079388662296
9, 41, 0.03877242126311572
9, 42, 0.03871936188858602
9, 43, 0.04235822790967926
9, 44, 0.038773458479478974
9, 45, 0.03631764074804244
9, 46, 0.03871152059537759
9, 47, 0.03863806426682287
9, 48, 0.03790735529807725
9, 49, 0.0383322914077947
9, 50, 0.03920739198271898
9, 51, 0.03862840074241976
9, 52, 0.03801638681062635
9, 53, 0.0367228170244829
9, 54, 0.0390763965422208
9, 55, 0.03877301138600228
9, 56, 0.0413996800649546
9, 57, 0.03871002232284296
9, 58, 0.03877112383494604
9, 59, 0.037991758457672886
9, 60, 0.03877346172146329
9, 61, 0.04080757043867969
9, 62, 0.04171551583666027
9, 63, 0.038949960611109224
9, 64, 0.038740143968706384
9, 65, 0.03877114354474234
9, 66, 0.03811655732742845
9, 67, 0.0397989224449754
9, 68, 0.03697349694825053
9, 69, 0.04127757902195362
9, 70, 0.03877297154906506
9, 71, 0.035638530292534706
9, 72, 0.03883926950228635
9, 73, 0.04187454660674185
9, 74, 0.031079326737872927
9, 75, 0.03877338761699883
9, 76, 0.03825018321792971
9, 77, 0.03859509933796012
9, 78, 0.03876761638149255
9, 79, 0.03739392934230848
10, 11, 0.03825789667456305
10, 12, 0.038489013472856014
10, 13, 0.03920366039939607
10, 14, 0.029452526059566858
10, 15, 0.035252555540221775
10, 16, 0.036107569137871026
10, 17, 0.013959848423854311
10, 18, 0.022875580149885406
10, 19, 0.03458705697574821
10, 20, 0.03060428482558509
10, 21, 0.03756157262948949
10, 22, 0.04571660081795574
10, 23, 0.03360299914519371
10, 24, 0.03474174489804004
10, 25, 0.02193444454004763
10, 26, 0.03421183800062531
10, 27, 0.019623828710809615
10, 28, 0.022575605967187867
10, 29, 0.022706308318838415
10, 30, 0.029056792928267544
10, 31, 0.025860262494407822
10, 32, 0.021796083081470182
10, 33, 0.02259781120064467
10, 34, 0.03790405823262465
10, 35, 0.03580148030283003
10, 36, 0.006613074299889216
10, 37, 0.040667055064390716
10, 38, 0.016136304250846202
10, 39, 0.03683678164902474
10, 40, 0.033942809662981265
10, 41, 0.02746293182626789
10, 42, 0.03111213648431381
10, 43, 0.04497835781158549
10, 44, 0.00659101962656784
10, 45, 0.034588592392764905
10, 46, 0.032670926404543166
10, 47, 0.0384792093661651
10, 48, 0.032853785489163186
10, 49, 0.029075896630257624
10, 50, 0.039623948135404985
10, 51, 0.03840002826234156
10, 52, 0.03326260073779874
10, 53, 0.034903790869786795
10, 54, 0.03934908027061958
10, 55, 0.006100737662819327
10, 56, 0.04336105037914581
10, 57, 0.03746461730660386
10, 58, 0.021886596620873132
10, 59, 0.0367635837942065
10, 60, 0.00946294520507409
10, 61, 0.04233923483880416
10, 62, 0.04375845650533718
10, 63, 0.039134234713753664
10, 64, 0.032153374600777176
10, 65, 0.03444444613419592
10, 66, 0.03731435518591943
10, 67, 0.04066005445518584
10, 68, 0.03364197137565351
10, 69, 0.04307948665278172
10, 70, 0.008421821893076189
10, 71, 0.024766522215994694
10, 72, 0.03888168098878117
10, 73, 0.04414724017974
10, 74, 0.024579543276422873
10, 75, 0.03198862749511523
10, 76, 0.03648238032090093
10, 77, 0.03213002705113739
10, 78, 0.025562827994775456
10, 79, 0.03597885284668314
11, 12, 0.038348063377797385
11, 13, 0.03862030509383296
11, 14, 0.03825755788664578
11, 15, 0.038232928643640314
11, 16, 0.037664750456233076
11, 17, 0.038258162792596556
11, 18, 0.03825780742150603
11, 19, 0.03816848030778878
11, 20, 0.038115419688745086
11, 21, 0.03805175718943498
11, 22, 0.041989680181294585
11, 23, 0.03825684581473934
11, 24, 0.037643059900577584
11, 25, 0.038226676636043656
11, 26, 0.03813735338931406
11, 27, 0.0382520704670143
11, 28, 0.0382574393240942
11, 29, 0.03824868069097804
11, 30, 0.03815016021030214
11, 31, 0.0382328097327666
11, 32, 0.03825780973839378
11, 33, 0.03825779249841795
11, 34, 0.03824164846942619
11, 35, 0.03772047667288622
11, 36, 0.03825825925506014
11, 37, 0.03935423506620123
11, 38, 0.03825821900527735
11, 39, 0.03755492869517917
11, 40, 0.038201130384178154
11, 41, 0.0382577383330516
11, 42, 0.038223625284841904
11, 43, 0.04151723468896928
11, 44, 0.03825840467069572
11, 45, 0.03644434973591316
11, 46, 0.03821928444426004
11, 47, 0.03834063469391209
11, 48, 0.03768819581333235
11, 49, 0.037966783856209586
11, 50, 0.03882833536957644
11, 51, 0.03830198363967154
11, 52, 0.03776494747570742
11, 53, 0.03679278925791306
11, 54, 0.0387306171835908
11, 55, 0.03825810169390442
11, 56, 0.04070541593410135
11, 57, 0.038231701452326114
11, 58, 0.038256854203622286
11, 59, 0.03780312044648668
11, 60, 0.03825840766082673
11, 61, 0.04020701817825898
11, 62, 0.040996066945664204
11, 63, 0.03860579323535038
11, 64, 0.038237258015512816
11, 65, 0.03825705309391321
11, 66, 0.037918209687744814
11, 67, 0.039339993293625225
11, 68, 0.03700711523892012
11, 69, 0.040615159631438545
11, 70, 0.038258075726187404
11, 71, 0.036024296472946464
11, 72, 0.038578765329983
11, 73, 0.04111022483336276
11, 74, 0.032117377839013535
11, 75, 0.038258390084262385
11, 76, 0.03795789426949312
11, 77, 0.0381442412914058
11, 78, 0.03825455184240672
11, 79, 0.037343096151546636
12, 13, 0.03884343805788107
12, 14, 0.03848843327535816
12, 15, 0.03844660640707478
12, 16, 0.037593970078562786
12, 17, 0.03848943430454664
12, 18, 0.03848885757118175
12, 19, 0.03834078159504507
12, 20, 0.0382594225711001
12, 21, 0.038118518597012034
12, 22, 0.04291867077318736
12, 23, 0.03848720219291188
12, 24, 0.037548659789175196
12, 25, 0.03843900253585916
12, 26, 0.03829093011434086
12, 27, 0.03847968161832182
12, 28, 0.03848826757414179
12, 29, 0.038474219914377945
12, 30, 0.03831556843248995
12, 31, 0.03844864314757783
12, 32, 0.038488862995102166
12, 33, 0.038488834093455604
12, 34, 0.038446760307328666
12, 35, 0.03766429597331586
12, 36, 0.03848959051672267
12, 37, 0.03972855766849015
12, 38, 0.03848952300351237
12, 39, 0.037485400538733935
12, 40, 0.03839511742814671
12, 41, 0.03848873493451044
12, 42, 0.03843319868985135
12, 43, 0.04237111133874718
12, 44, 0.03848982209782862
12, 45, 0.03612127611914898
12, 46, 0.03842564981797153
12, 47, 0.038485113868158186
12, 48, 0.03760404505662041
12, 49, 0.03802572007238879
12, 50, 0.0390922500217543
12, 51, 0.03845348569832642
12, 52, 0.03771785117120263
12, 53, 0.036514363072278004
12, 54, 0.038959903624739986
12, 55, 0.038489339747036146
12, 56, 0.04137836548089196
12, 57, 0.03843614777470148
12, 58, 0.0384873309725194
12, 59, 0.03778357884363546
12, 60, 0.03848982628603793
12, 61, 0.04076481902993678
12, 62, 0.041705952803414804
12, 63, 0.03881839817147722
12, 64, 0.03845516964420361
12, 65, 0.03848751405441963
12, 66, 0.03793606231528458
12, 67, 0.039714672808809984
12, 68, 0.036695075948485596
12, 69, 0.041252451256628436
12, 70, 0.03848929766426676
12, 71, 0.035212494796705934
12, 72, 0.03873518389719011
12, 73, 0.0418703046219362
12, 74, 0.030659222040847495
12, 75, 0.0384897747563548
12, 76, 0.03800086727512437
12, 77, 0.03830450724813865
12, 78, 0.03848361242437642
12, 79, 0.03719738627839077
13, 14, 0.03920292710050624
13, 15, 0.039150493545987854
13, 16, 0.0380245935865502
13, 17, 0.03920409043681037
13, 18, 0.03920345449142376
13, 19, 0.039024480771231544
13, 20, 0.038948041157680816
13, 21, 0.03853874475073699
13, 22, 0.04322749706663807
13, 23, 0.039201336466351024
13, 24, 0.03806622212594771
13, 25, 0.039150361727243684
13, 26, 0.03896762221753383
13, 27, 0.03919374496891058
13, 28, 0.039202826587972764
13, 29, 0.03918783350076368
13, 30, 0.03901313684552998
13, 31, 0.03916005446928121
13, 32, 0.03920346559078949
13, 33, 0.03920343088112954
13, 34, 0.03910614415576974
13, 35, 0.03814424996094875
13, 36, 0.03920426163664819
13, 37, 0.04004420164607012
13, 38, 0.03920418046350171
13, 39, 0.0377539783332486
13, 40, 0.03909255029837172
13, 41, 0.03920328690916189
13, 42, 0.039141038699284224
13, 43, 0.042687163655420475
13, 44, 0.03920450340133336
13, 45, 0.03637914004440472
13, 46, 0.039130870287294506
13, 47, 0.03885119027654883
13, 48, 0.03818869927259516
13, 49, 0.03869515273425316
13, 50, 0.03942972608235052
13, 51, 0.03887117397488596
13, 52, 0.03831122613293243
13, 53, 0.036813158169743225
13, 54, 0.03928465562759173
13, 55, 0.03920400031683598
13, 56, 0.04169015613168605
13, 57, 0.03911108020511364
13, 58, 0.03920183360632131
13, 59, 0.038193380438733895
13, 60, 0.03920450597779789
13, 61, 0.04107293977451313
13, 62, 0.042006915736580164
13, 63, 0.03916875578590595
13, 64, 0.039165062907998226
13, 65, 0.039201605029082806
13, 66, 0.038304006518836815
13, 67, 0.04003356267868429
13, 68, 0.03711804209316951
13, 69, 0.041556295960835495
13, 70, 0.03920395410174353
13, 71, 0.035701555005905446
13, 72, 0.03900135226532285
13, 73, 0.04218268686420879
13, 74, 0.030896768795488163
13, 75, 0.03920437849823339
13, 76, 0.038530776671915096
13, 77, 0.0389940862557973
13, 78, 0.03919778591224639
13, 79, 0.03752734565242969
14, 15, 0.03525575978157649
14, 16, 0.03610736966005352
14, 17, 0.031177272832761834
14, 18, 0.030834348503748613
14, 19, 0.03459137783703684
14, 20, 0.030635295496158347
14, 21, 0.037560972293241686
14, 22, 0.04571535221845615
14, 23, 0.03401000705899683
14, 24, 0.03474217206540528
14, 25, 0.022722550554894104
14, 26, 0.034216838923760116
14, 27, 0.02358549615765256
14, 28, 0.029888341167817394
14, 29, 0.024707543163754918
14, 30, 0.029121791051691662
14, 31, 0.026387182461373414
14, 32, 0.0306569652514123
14, 33, 0.03074508429263631
14, 34, 0.03789828907395278
14, 35, 0.03580134228326927
14, 36, 0.03135005018887798
14, 37, 0.04066629629177723
14, 38, 0.03156577181154236
14, 39, 0.03683661312035422
14, 40, 0.033956566648160526
14, 41, 0.031718482553718584
14, 42, 0.0312172176936181
14, 43, 0.044977125927074126
14, 44, 0.032173396833307416
14, 45, 0.03458870429877941
14, 46, 0.03271824898456821
14, 47, 0.03847858913826892
14, 48, 0.032856504989461965
14, 49, 0.029099636446728718
14, 50, 0.03962324164824079
14, 51, 0.0383992177807249
14, 52, 0.03326507202008015
14, 53, 0.03490388224121508
14, 54, 0.039348461334899
14, 55, 0.030494017244399575
14, 56, 0.04336000598514581
14, 57, 0.03745781900401932
14, 58, 0.028599396077172802
14, 59, 0.036763227453016085
14, 60, 0.03225913448363074
14, 61, 0.0423383183721617
14, 62, 0.043757436486576144
14, 63, 0.03913355556480654
14, 64, 0.03226394684981176
14, 65, 0.03465340378777952
14, 66, 0.037313959015303794
14, 67, 0.04065928249279057
14, 68, 0.03364257625840965
14, 69, 0.04307851633717006
14, 70, 0.03046659059611813
14, 71, 0.024773114525063825
14, 72, 0.038881287974437094
14, 73, 0.04414611307817822
14, 74, 0.0245811781198417
14, 75, 0.0340784922760281
14, 76, 0.036481783009615874
14, 77, 0.032151384134994736
14, 78, 0.028168387566254942
14, 79, 0.03597876287039833
15, 16, 0.03609088741373077
15, 17, 0.0352829839725551
15, 18, 0.03525626561660376
15, 19, 0.034784379246190336
15, 20, 0.03209003527337243
15, 21, 0.03751719736597943
15, 22, 0.04562750310130288
15, 23, 0.03527292451518766
15, 24, 0.034765969223931714
15, 25, 0.0328677300579018
15, 26, 0.034462902356646195
15, 27, 0.034720240742723826
15, 28, 0.03522188933599971
15, 29, 0.03446716702377194
15, 30, 0.0317077660094493
15, 31, 0.03350216598402862
15, 32, 0.03525487667738047
15, 33, 0.035254453842693725
15, 34, 0.037534301131878
15, 35, 0.035788165366942466
15, 36, 0.035290598046271666
15, 37, 0.0406123596984899
15, 38, 0.03528959262854937
15, 39, 0.03682379499937516
15, 40, 0.034495155619060386
15, 41, 0.03526094686242005
15, 42, 0.03381442964943792
15, 43, 0.04489041670269214
15, 44, 0.03530574034917503
15, 45, 0.03459536645269028
15, 46, 0.03414554967636032
15, 47, 0.038433914308746306
15, 48, 0.033025396027380416
15, 49, 0.030389287333769655
15, 50, 0.039572802408860935
15, 51, 0.03834106270050823
15, 52, 0.033416311415077775
15, 53, 0.03490881747044741
15, 54, 0.03930414566692677
15, 55, 0.0352740661892627
15, 56, 0.04328630743170125
15, 57, 0.037050203911751296
15, 58, 0.035166427916267694
15, 59, 0.03673628229573564
15, 60, 0.035306583894120794
15, 61, 0.04227349780781691
15, 62, 0.04368546613201595
15, 63, 0.03908492536557852
15, 64, 0.034426674067352454
15, 65, 0.035309619281447976
15, 66, 0.03728469671173175
15, 67, 0.04060441712710808
15, 68, 0.03368112302025425
15, 69, 0.043009981195785835
15, 70, 0.035272049777991615
15, 71, 0.025210508982200376
15, 72, 0.03885293536317349
15, 73, 0.044066679855271754
15, 74, 0.024693224293256797
15, 75, 0.0353264309102263
15, 76, 0.036436467401300125
15, 77, 0.03314028341431755
15, 78, 0.03498584627921783
15, 79, 0.035970923172841236
16, 17, 0.03610826488005689
16, 18, 0.036107563504807615
16, 19, 0.036015508118840814
16, 20, 0.03584750969739391
16, 21, 0.03687286949157036
16, 22, 0.043065616542836894
16, 23, 0.03610713435525387
16, 24, 0.03562091081871157
16, 25, 0.03603691894768417
16, 26, 0.03596754619063053
16, 27, 0.03609419946470258
16, 28, 0.03610672341731487
16, 29, 0.03608696686199027
16, 30, 0.03589567730340515
16, 31, 0.036053687389784976
16, 32, 0.036107542407022755
16, 33, 0.036107522630540526
16, 34, 0.036322005771089606
16, 35, 0.035979282046217836
16, 36, 0.03610846054613746
16, 37, 0.039237101684344196
16, 38, 0.03610841483598541
16, 39, 0.03663317390045526
16, 40, 0.036035616220614484
16, 41, 0.03610758942319019
16, 42, 0.036045885232510975
16, 43, 0.042420793192963914
16, 44, 0.036108815729866815
16, 45, 0.03501562282697167
16, 46, 0.03604685187101918
16, 47, 0.03754861019158538
16, 48, 0.03534057777085316
16, 49, 0.03555230219051051
16, 50, 0.03840210812544667
16, 51, 0.0373357188371557
16, 52, 0.03547410249479998
16, 53, 0.035301330608681965
16, 54, 0.03826908114003127
16, 55, 0.036108073354535246
16, 56, 0.041237551749118535
16, 57, 0.03622524240833494
16, 58, 0.03610536935383141
16, 59, 0.036459495972945316
16, 60, 0.03610883186829582
16, 61, 0.040504279535503764
16, 62, 0.04163219389442731
16, 63, 0.03802262216714786
16, 64, 0.036073479743558894
16, 65, 0.036107920767269056
16, 66, 0.036828508327525204
16, 67, 0.03921402356726473
16, 68, 0.03489162816978966
16, 69, 0.04109168456067379
16, 70, 0.036108021156596365
16, 71, 0.03222803838457763
16, 72, 0.038146041036723664
16, 73, 0.04182488240494707
16, 74, 0.028256894909583163
16, 75, 0.03610915139855884
16, 76, 0.03623976596715501
16, 77, 0.03592061669907374
16, 78, 0.03610056475337574
16, 79, 0.03602639277761155
17, 18, 0.026553395133627707
17, 19, 0.03459755274778498
17, 20, 0.030618092722722753
17, 21, 0.03756220187120557
17, 22, 0.045716868948922615
17, 23, 0.034201533022285444
17, 24, 0.0347429935581948
17, 25, 0.02206644486910317
17, 26, 0.034220392444111646
17, 27, 0.020334022717827586
17, 28, 0.02537973513308187
17, 29, 0.023103721463211418
17, 30, 0.029078810048287995
17, 31, 0.02598464275872906
17, 32, 0.025736506866971022
17, 33, 0.026290678248723023
17, 34, 0.037909262269540646
17, 35, 0.03580242610628936
17, 36, 0.019360125057265386
17, 37, 0.0406673749182381
17, 38, 0.02457739013490038
17, 39, 0.03683705268707186
17, 40, 0.033962327211426196
17, 41, 0.029900730649149283
17, 42, 0.031165339940202978
17, 43, 0.04497864268584455
17, 44, 0.02312600064013914
17, 45, 0.03458886340868494
17, 46, 0.03270795453823642
17, 47, 0.03847966070684127
17, 48, 0.032856025734571206
17, 49, 0.02908391027469954
17, 50, 0.039624320554776014
17, 51, 0.03840063405558711
17, 52, 0.03326501243769669
17, 53, 0.03490413242897539
17, 54, 0.039349429628527596
17, 55, 0.016478526436188412
17, 56, 0.043361340949752074
17, 57, 0.03747211461804278
17, 58, 0.023975310885861523
17, 59, 0.036764189718500415
17, 60, 0.024615686318862816
17, 61, 0.04233952748344469
17, 62, 0.04375872678414579
17, 63, 0.03913464053425648
17, 64, 0.032227646507986776
17, 65, 0.034990159848907285
17, 66, 0.037314826359144154
17, 67, 0.04066038030749692
17, 68, 0.03364268297880803
17, 69, 0.0430797665296778
17, 70, 0.01776371262822474
17, 71, 0.024767841956834805
17, 72, 0.03888193319842654
17, 73, 0.04414752555815089
17, 74, 0.024579864729539578
17, 75, 0.035215431292328986
17, 76, 0.03648368216312385
17, 77, 0.03214388686598509
17, 78, 0.026327924412139783
17, 79, 0.03597924824139079
18, 19, 0.0345894076687237
18, 20, 0.030615818000004697
18, 21, 0.03756142817466653
18, 22, 0.04571620983143537
18, 23, 0.03380858683782104
18, 24, 0.034741995386972195
18, 25, 0.022217783152585713
18, 26, 0.0342142455540819
18, 27, 0.02125742595413485
18, 28, 0.02665045674724595
18, 29, 0.023480553506383145
18, 30, 0.02908041713261265
18, 31, 0.026052364461091406
18, 32, 0.027190848647253223
18, 33, 0.027483517509743125
18, 34, 0.03790259365414294
18, 35, 0.03580151682963113
18, 36, 0.026187850528195274
18, 37, 0.04066683111917269
18, 38, 0.027415482595397365
18, 39, 0.03683674932245383
18, 40, 0.03394909599054799
18, 41, 0.029804746190797808
18, 42, 0.031152167147915133
18, 43, 0.04497797382726246
18, 44, 0.02778280237675112
18, 45, 0.03458865312290941
18, 46, 0.032690012633194376
18, 47, 0.038479042834356415
18, 48, 0.032854883453199604
18, 49, 0.029084490137434228
18, 50, 0.03962374611312757
18, 51, 0.038399812026609144
18, 52, 0.03326363124424253
18, 53, 0.03490385092786422
18, 54, 0.03934890529582692
18, 55, 0.02462511001579445
18, 56, 0.04336072910660725
18, 57, 0.03746300839553934
18, 58, 0.025347959833212936
18, 59, 0.0367635182859256
18, 60, 0.028101621300036832
18, 61, 0.04233895619787545
18, 62, 0.04375814155696308
18, 63, 0.03913404466905885
18, 64, 0.032197289327221504
18, 65, 0.034568366127137456
18, 66, 0.037314264734419636
18, 67, 0.0406598266547915
18, 68, 0.033642234075916724
18, 69, 0.0430791890323851
18, 70, 0.02480673275871387
18, 71, 0.024768825388535122
18, 72, 0.03888157253111131
18, 73, 0.044146891010209736
18, 74, 0.02458011377388869
18, 75, 0.03333106267181299
18, 76, 0.03648229537290916
18, 77, 0.03213834797613894
18, 78, 0.026670968845490205
18, 79, 0.0359788574118199
19, 20, 0.03289059760465054
19, 21, 0.03739606820110166
19, 22, 0.04544399753939976
19, 23, 0.03460497952989188
19, 24, 0.034729089363986505
19, 25, 0.03369963764155095
19, 26, 0.03439619329310545
19, 27, 0.034407460681930714
19, 28, 0.03457806751167756
19, 29, 0.034319599443276914
19, 30, 0.03283217334427237
19, 31, 0.033946255157221654
19, 32, 0.03458879974283758
19, 33, 0.03458877208752335
19, 34, 0.03682001071025923
19, 35, 0.03570426065438242
19, 36, 0.034599903616784944
19, 37, 0.040489722446523484
19, 38, 0.03459984678826023
19, 39, 0.036781249189204994
19, 40, 0.034384775979402454
19, 41, 0.03459200027642677
19, 42, 0.034045487554553576
19, 43, 0.0447081976282126
19, 44, 0.03460499887708308
19, 45, 0.03458944648430105
19, 46, 0.03419186695693759
19, 47, 0.0383210720663763
19, 48, 0.03316511641209662
19, 49, 0.031484423136912215
19, 50, 0.03945372669030577
19, 51, 0.03819499194317295
19, 52, 0.03351677064354668
19, 53, 0.03489494099620179
19, 54, 0.03919781024577095
19, 55, 0.03459432435588542
19, 56, 0.04312822658866611
19, 57, 0.03628354080315074
19, 58, 0.03455959461803911
19, 59, 0.036647139981939546
19, 60, 0.034605330693898734
19, 61, 0.042131971745603514
19, 62, 0.043531721417546354
19, 63, 0.03896732737856678
19, 64, 0.034317244261589185
19, 65, 0.03461919682707214
19, 66, 0.03719919045841792
19, 67, 0.040479703238129466
19, 68, 0.033704226646038934
19, 69, 0.04286217587258005
19, 70, 0.034593704228539066
19, 71, 0.02587749810110249
19, 72, 0.03878233889957073
19, 73, 0.04389810364905485
19, 74, 0.024881046894160732
19, 75, 0.03461400735511082
19, 76, 0.03627777509447452
19, 77, 0.03354943007507085
19, 78, 0.034500981412398934
19, 79, 0.035929747796817554
20, 21, 0.0372628876416655
20, 22, 0.04543482056976288
20, 23, 0.030711870539694437
20, 24, 0.034403975601672035
20, 25, 0.029826233797255356
20, 26, 0.03285220346980162
20, 27, 0.030436762123136656
20, 28, 0.030605425590615205
20, 29, 0.030380089407330925
20, 30, 0.030032802091341754
20, 31, 0.030168357198641912
20, 32, 0.030614013817694824
20, 33, 0.030614913400027
20, 34, 0.035931546026011216
20, 35, 0.035473264999619815
20, 36, 0.030619085905735918
20, 37, 0.04044307535474057
20, 38, 0.030621221799365522
20, 39, 0.03671860842670947
20, 40, 0.03201568975407325
20, 41, 0.0306268513554909
20, 42, 0.03074125768473586
20, 43, 0.044693742870637834
20, 44, 0.030624861020382987
20, 45, 0.034513138750460935
20, 46, 0.03119674660432873
20, 47, 0.038233799633768974
20, 48, 0.0325465401790671
20, 49, 0.029652114173570165
20, 50, 0.03939088419137978
20, 51, 0.038077396241548024
20, 52, 0.03287491363378761
20, 53, 0.034801642539366975
20, 54, 0.03913673431158772
20, 55, 0.03061266471616236
20, 56, 0.043103135739171364
20, 57, 0.03507960384430755
20, 58, 0.030587622251612885
20, 59, 0.03650851589935591
20, 60, 0.030625606860195432
20, 61, 0.042100112290243547
20, 62, 0.043510815417253317
20, 63, 0.03889454524852676
20, 64, 0.030881979246740007
20, 65, 0.030739169672184923
20, 66, 0.037096269652677476
20, 67, 0.04043212739925815
20, 68, 0.033495796096744135
20, 69, 0.0428363061333457
20, 70, 0.03061243188000698
20, 71, 0.025281812135071136
20, 72, 0.03873554698967037
20, 73, 0.04387841311095526
20, 74, 0.02471827326771743
20, 75, 0.030650551847597653
20, 76, 0.035983286286791746
20, 77, 0.03138727531250399
20, 78, 0.030554999072447818
20, 79, 0.035831492401185626
21, 22, 0.04329666990439207
21, 23, 0.03755976493659638
21, 24, 0.036620271976325135
21, 25, 0.03749108225872553
21, 26, 0.03733504524625823
21, 27, 0.03754834492151099
21, 28, 0.03756059360097351
21, 29, 0.0375408139189469
21, 30, 0.03732977804874544
21, 31, 0.037505781725903846
21, 32, 0.03756142571224312
21, 33, 0.037561392346265404
21, 34, 0.037600616605090696
21, 35, 0.03686063559989889
21, 36, 0.037562413438935335
21, 37, 0.03962379423637224
21, 38, 0.03756233566201608
21, 39, 0.037055807438532325
21, 40, 0.03745125984895141
21, 41, 0.03756132522171317
21, 42, 0.03748904195241408
21, 43, 0.04268134714562208
21, 44, 0.037562749977597135
21, 45, 0.03548640004702993
21, 46, 0.03748259463965197
21, 47, 0.038097155921515496
21, 48, 0.03653537627688536
21, 49, 0.03695153645744943
21, 50, 0.0388591999605835
21, 51, 0.03799012322609355
21, 52, 0.03667732884486982
21, 53, 0.035841529170919185
21, 54, 0.038712651824074074
21, 55, 0.03756204811009426
21, 56, 0.04153814606171641
21, 57, 0.0375562208813637
21, 58, 0.037559261578537846
21, 59, 0.03715636186859836
21, 60, 0.03756275947927994
21, 61, 0.04082910169060135
21, 62, 0.04190652568255291
21, 63, 0.03851925718525967
21, 64, 0.037518730220296496
21, 65, 0.03756032645725905
21, 66, 0.037421221506449956
21, 67, 0.0396062646923131
21, 68, 0.035727757554614575
21, 69, 0.041389012959306054
21, 70, 0.03756199129569642
21, 71, 0.03347373172386235
21, 72, 0.03850505603351017
21, 73, 0.042103886789352014
21, 74, 0.029013842420585877
21, 75, 0.037562824715371236
21, 76, 0.03721177262209479
21, 77, 0.037329321963340614
21, 78, 0.037554174675667865
21, 79, 0.03659116681333285
22, 23, 0.04571248488683493
22, 24, 0.043797559314465224
22, 25, 0.04567093283829535
22, 26, 0.04537260192145229
22, 27, 0.045708277831488786
22, 28, 0.045715677407987175
22, 29, 0.04570272585454968
22, 30, 0.04552114839582096
22, 31, 0.04567608712738499
22, 32, 0.04571624806937721
22, 33, 0.04571619725703032
22, 34, 0.045338204843832816
22, 35, 0.04354685062308398
22, 36, 0.04571704089460873
22, 37, 0.04342178184897134
22, 38, 0.04571692162912317
22, 39, 0.04132378296994999
22, 40, 0.045560377220391086
22, 41, 0.04571586714290009
22, 42, 0.045645810887349134
22, 43, 0.04535944209647135
22, 44, 0.04571722047318941
22, 45, 0.040218472059514614
22, 46, 0.045625424738222856
22, 47, 0.04303411746908655
22, 48, 0.04436080069952119
22, 49, 0.04518896747311015
22, 50, 0.04317724826557998
22, 51, 0.04348561086218437
22, 52, 0.044487585162537736
22, 53, 0.04099499473233616
22, 54, 0.042963685684861086
22, 55, 0.04571684942175076
22, 56, 0.04458833352974035
22, 57, 0.045435446575464195
22, 58, 0.04571485592274784
22, 59, 0.042990427228138464
22, 60, 0.04571721248120763
22, 61, 0.044105602921416416
22, 62, 0.044743132778022374
22, 63, 0.04311037638904812
22, 64, 0.045669794275395255
22, 65, 0.04571236975313394
22, 66, 0.04268868236124073
22, 67, 0.04344188896090469
22, 68, 0.04244611895024025
22, 69, 0.04442889824403364
22, 70, 0.0457168025072504
22, 71, 0.04225085524212919
22, 72, 0.04220847377516034
22, 73, 0.04495769796603219
22, 74, 0.03623278753967529
22, 75, 0.04571671135317799
22, 76, 0.04415431299663375
22, 77, 0.04546388178384165
22, 78, 0.04571093439493469
22, 79, 0.041808416229213594
23, 24, 0.034743607880443304
23, 25, 0.024306350829965177
23, 26, 0.034231418525672234
23, 27, 0.028126152774580446
23, 28, 0.03327456817257401
23, 29, 0.02770926215801743
23, 30, 0.029278011043884743
23, 31, 0.027467845825183253
23, 32, 0.033768573693905714
23, 33, 0.03377478538140185
23, 34, 0.0378864827541369
23, 35, 0.03580133772694336
23, 36, 0.034329546027404775
23, 37, 0.04066460745934372
23, 38, 0.034332784609030886
23, 39, 0.036836306185277175
23, 40, 0.03399468072096348
23, 41, 0.03399008690420801
23, 42, 0.03146399834809573
23, 43, 0.04497430398689817
23, 44, 0.034627390079839504
23, 45, 0.03458906188534805
23, 46, 0.03283626135493405
23, 47, 0.038477273682471655
23, 48, 0.0328636910662343
23, 49, 0.029157918334421228
23, 50, 0.039621694753137336
23, 51, 0.03839750467604916
23, 52, 0.03327172823140693
23, 53, 0.034904215185337026
23, 54, 0.03934711396321261
23, 55, 0.03400985724265907
23, 56, 0.04335763028752126
23, 57, 0.03744441572612128
23, 58, 0.03247995183302074
23, 59, 0.03676258998831081
23, 60, 0.03464683310008037
23, 61, 0.042336246523195946
23, 62, 0.04375511155619381
23, 63, 0.03913208490495607
23, 64, 0.03252159958361575
23, 65, 0.0350222728297698
23, 66, 0.037313181132487085
23, 67, 0.040657564468676285
23, 68, 0.033644251103167565
23, 69, 0.04307631249191197
23, 70, 0.033977978717226645
23, 71, 0.024789159408055213
23, 72, 0.03888044264341614
23, 73, 0.044143539606659066
23, 74, 0.02458516138025791
23, 75, 0.03508586605444881
23, 76, 0.03648081304144014
23, 77, 0.03220557183454532
23, 78, 0.031094770237222125
23, 79, 0.0359786844940096
24, 25, 0.034627674780355236
24, 26, 0.034677977080940635
24, 27, 0.03471988771617815
24, 28, 0.034740627665165065
24, 29, 0.034708781857551864
24, 30, 0.034442514557960595
24, 31, 0.03465854887967396
24, 32, 0.03474192645097883
24, 33, 0.03474191990500105
24, 34, 0.035358983504664834
24, 35, 0.035346922961599435
24, 36, 0.03474328003794535
24, 37, 0.039466322899234886
24, 38, 0.03474326611143333
24, 39, 0.036464675740350894
24, 40, 0.03469772627280927
24, 41, 0.03474227820605329
24, 42, 0.034662984154209514
24, 43, 0.043095939973397904
24, 44, 0.034743888900645226
24, 45, 0.034616662466770975
24, 46, 0.034678439305885676
24, 47, 0.03749130910761029
24, 48, 0.03406966870540118
24, 49, 0.033985859707136586
24, 50, 0.038508294992031546
24, 51, 0.03720987960931309
24, 52, 0.0342404825478774
24, 53, 0.034869905264891934
24, 54, 0.0383470492258285
24, 55, 0.0347426134438149
24, 56, 0.04174797764200364
24, 57, 0.035135225232322743
24, 58, 0.03473839876675195
24, 59, 0.03610550374403461
24, 60, 0.03474392738664806
24, 61, 0.04090789069654637
24, 62, 0.042168617279965334
24, 63, 0.03806209736657108
24, 64, 0.03470323705209311
24, 65, 0.034745297582944146
24, 66, 0.03661230810183795
24, 67, 0.03944287152482519
24, 68, 0.034043033610412554
24, 69, 0.04156573132431557
24, 70, 0.0347425377223533
24, 71, 0.02992311928072861
24, 72, 0.03818955643611935
24, 73, 0.04241388340022036
24, 74, 0.02668047320615004
24, 75, 0.03474491893696751
24, 76, 0.0355970183706946
24, 77, 0.03453035728113757
24, 78, 0.03473116788992309
24, 79, 0.03568270419704985
25, 26, 0.03350074886568411
25, 27, 0.02178622746529908
25, 28, 0.022211168063581265
25, 29, 0.022323123611843892
25, 30, 0.02809571662915033
25, 31, 0.024100105734179506
25, 32, 0.022180532230818204
25, 33, 0.02220790129701747
25, 34, 0.03732754254406155
25, 35, 0.03570768809896882
25, 36, 0.022031996312528387
25, 37, 0.04062403995637767
25, 38, 0.022098672436853
25, 39, 0.036807750702772174
25, 40, 0.03246812951925285
25, 41, 0.022470817168691717
25, 42, 0.028598173493383783
25, 43, 0.04493132693092309
25, 44, 0.022068000510310843
25, 45, 0.034563956462151754
25, 46, 0.030425989548201093
25, 47, 0.03842561638167352
25, 48, 0.032680794174469195
25, 49, 0.028690822141288715
25, 50, 0.03957665319090044
25, 51, 0.038328519056375826
25, 52, 0.03306955822981355
25, 53, 0.03487198096412675
25, 54, 0.03930539245170819
25, 55, 0.021989738438444414
25, 56, 0.04331640349188665
25, 57, 0.036669744893440236
25, 58, 0.022175108003548744
25, 59, 0.036699159898836264
25, 60, 0.022081664526981407
25, 61, 0.042296390383932306
25, 62, 0.04371616083973252
25, 63, 0.039084129913147615
25, 64, 0.028630527679528072
25, 65, 0.024639713595529734
25, 66, 0.03726234666176254
25, 67, 0.04061625081871176
25, 68, 0.033582352368518656
25, 69, 0.043037037920000056
25, 70, 0.021999775929219343
25, 71, 0.024741526505812204
25, 72, 0.03885096271306979
25, 73, 0.04410180166118161
25, 74, 0.024573854397184652
25, 75, 0.02259030175271075
25, 76, 0.03634727786231831
25, 77, 0.031209189912824037
25, 78, 0.022698263341258993
25, 79, 0.03593897998522944
26, 27, 0.03406906846677291
26, 28, 0.03420526195290005
26, 29, 0.034000221500085824
26, 30, 0.03279517027524575
26, 31, 0.033705491443748306
26, 32, 0.034213691374362164
26, 33, 0.0342137233637535
26, 34, 0.036522848404399025
26, 35, 0.03564646278972118
26, 36, 0.03422218558157547
26, 37, 0.040437300110020696
26, 38, 0.034222268671555305
26, 39, 0.0367573557873
26, 40, 0.03414967679220628
26, 41, 0.034216804698045555
26, 42, 0.03380804993273779
26, 43, 0.04463674927478659
26, 44, 0.034226283563593564
26, 45, 0.03457791498811696
26, 46, 0.03394604789313415
26, 47, 0.03826796754868379
26, 48, 0.03314168901748163
26, 49, 0.031580314531345334
26, 50, 0.039400907243277494
26, 51, 0.03812643622456673
26, 52, 0.033477661663684516
26, 53, 0.034878364365490494
26, 54, 0.03914996222046189
26, 55, 0.03421769227960693
26, 56, 0.04306475039338253
26, 57, 0.03596250528841216
26, 58, 0.034190570715989126
26, 59, 0.03659729920644952
26, 60, 0.03422657212726038
26, 61, 0.042074013722695376
26, 62, 0.043470312642364825
26, 63, 0.03891399782646589
26, 64, 0.0340251120783798
26, 65, 0.0342435637986759
26, 66, 0.03715457859499564
26, 67, 0.04042640053952929
26, 68, 0.03368791566956778
26, 69, 0.042802484157112845
26, 70, 0.03421722088474117
26, 71, 0.026043854740153374
26, 72, 0.03874958462353317
26, 73, 0.04383124194818577
26, 74, 0.024932913370157104
26, 75, 0.03423444224949502
26, 76, 0.036187184901114444
26, 77, 0.0334356849794586
26, 78, 0.03414523868799757
26, 79, 0.03590227286983363
27, 28, 0.02127542901252634
27, 29, 0.02210022590023449
27, 30, 0.028834221959203824
27, 31, 0.025180454597352173
27, 32, 0.02105959170136179
27, 33, 0.021207695286674634
27, 34, 0.03779309570017353
27, 35, 0.03578367080023549
27, 36, 0.020094562536524335
27, 37, 0.040659102415255596
27, 38, 0.020509910261615073
27, 39, 0.03683132498327001
27, 40, 0.033627899989061114
27, 41, 0.022507818514303356
27, 42, 0.030465142263162347
27, 43, 0.044969771229169016
27, 44, 0.020270077409464415
27, 45, 0.034583894278655034
27, 46, 0.032142513386708
27, 47, 0.038469206836189214
27, 48, 0.03281989323181014
27, 49, 0.028993260629938324
27, 50, 0.039615167517062747
27, 51, 0.03838666468365178
27, 52, 0.03322489148599222
27, 53, 0.03489773616273459
27, 54, 0.03934096157081798
27, 55, 0.01988826159485936
27, 56, 0.04335286561342305
27, 57, 0.03730926023451088
27, 58, 0.02117795161773355
27, 59, 0.03675144523102401
27, 60, 0.02035354894714008
27, 61, 0.04233135766558442
27, 62, 0.04375071186881274
27, 63, 0.0391249121410076
27, 64, 0.031183452681220844
27, 65, 0.028911954761594968
27, 66, 0.03730459267972969
27, 67, 0.04065195553105902
27, 68, 0.033630483274611905
27, 69, 0.043071699370653874
27, 70, 0.019959005830492916
27, 71, 0.02476001051634801
27, 72, 0.03887596472001861
27, 73, 0.044138927574323215
27, 74, 0.024578031908020177
27, 75, 0.023089928497804297
27, 76, 0.03645677723080468
27, 77, 0.031935753525017534
27, 78, 0.02326214518123936
27, 79, 0.03597131515204634
28, 29, 0.02342306494695641
28, 30, 0.029066672386063405
28, 31, 0.026007110711110663
28, 32, 0.026235137598738672
28, 33, 0.026511633297850893
28, 34, 0.037895554270554035
28, 35, 0.03580039857317097
28, 36, 0.02496814070491415
28, 37, 0.040666326097523894
28, 38, 0.026044118433878806
28, 39, 0.03683640585105607
28, 40, 0.033929076142299126
28, 41, 0.02874314715041445
28, 42, 0.031110158365922277
28, 43, 0.044977425016900045
28, 44, 0.02604182475591452
28, 45, 0.0345883596104303
28, 46, 0.032655996925930776
28, 47, 0.03847841042963813
28, 48, 0.032852778014641565
28, 49, 0.029079468081617783
28, 50, 0.0396231896131063
28, 51, 0.03839896714719176
28, 52, 0.03326128351600866
28, 53, 0.034903472180152835
28, 54, 0.03934839105374535
28, 55, 0.02386347418438847
28, 56, 0.043360207092632476
28, 57, 0.03745314085539921
28, 58, 0.02490783210818332
28, 59, 0.036762754119772714
28, 60, 0.026304525883328374
28, 61, 0.04233845456373892
28, 62, 0.04375764734994894
28, 63, 0.039133454411640185
28, 64, 0.03213262259608971
28, 65, 0.03404586040972033
28, 66, 0.03731364929156907
28, 67, 0.04065931234773854
28, 68, 0.03364151887606415
28, 69, 0.043078692575471936
28, 70, 0.02402439756158757
28, 71, 0.024768473334946816
28, 72, 0.03888121086293913
28, 73, 0.044146360274151794
28, 74, 0.024580033104254547
28, 75, 0.03154096918106993
28, 76, 0.03648068374790036
28, 77, 0.032126175334849634
28, 78, 0.02639496406903183
28, 79, 0.035978384117959325
29, 30, 0.028782425869537803
29, 31, 0.025330729353360445
29, 32, 0.023381165079213603
29, 33, 0.023452546935802013
29, 34, 0.037730123727355444
29, 35, 0.03577416228402009
29, 36, 0.023015271024589053
29, 37, 0.04065420123254802
29, 38, 0.023199880330241635
29, 39, 0.03682828831401787
29, 40, 0.03348371586107074
29, 41, 0.024124969592692683
29, 42, 0.03026356451202891
29, 43, 0.044964095899762316
29, 44, 0.023132274475042187
29, 45, 0.03458151823963999
29, 46, 0.0319346799785814
29, 47, 0.038463354691942814
29, 48, 0.03280462900744732
29, 49, 0.028972409497361455
29, 50, 0.03960987871202255
29, 51, 0.03837886660410839
29, 52, 0.03320740551593309
29, 53, 0.03489462569984209
29, 54, 0.03933610293831149
29, 55, 0.022880538217421496
29, 56, 0.043347576445898706
29, 57, 0.03722287567710088
29, 58, 0.0232724693620386
29, 59, 0.0367447142634642
29, 60, 0.023171506751360912
29, 61, 0.042326349591060186
29, 62, 0.04374567732871892
29, 63, 0.039119363283085656
29, 64, 0.03086436858701228
29, 65, 0.028305823216919147
29, 66, 0.03729907534693863
29, 67, 0.04064696499989959
29, 68, 0.03362498863632807
29, 69, 0.04306668858504428
29, 70, 0.022906985804659857
29, 71, 0.024762689802543796
29, 72, 0.038872582512472706
29, 73, 0.04413349409991656
29, 74, 0.024578751148350713
29, 75, 0.02452738720915209
29, 76, 0.03644275355647546
29, 77, 0.031856825390868995
29, 78, 0.024261411773842303
29, 79, 0.03596725450035436
30, 31, 0.02862811530096175
30, 32, 0.029076921122340896
30, 33, 0.02907893386613245
30, 34, 0.036241697350149
30, 35, 0.03552892034302603
30, 36, 0.02907909022685575
30, 37, 0.040504268463595616
30, 38, 0.02908386841076636
30, 39, 0.03674398315481357
30, 40, 0.03168533117606877
30, 41, 0.02910268556037927
30, 42, 0.029703443645259828
30, 43, 0.044779916664742056
30, 44, 0.029087725929632047
30, 45, 0.034522656579959635
30, 46, 0.0304482293700712
30, 47, 0.038293631645809754
30, 48, 0.03251091871676846
30, 49, 0.02908699004123849
30, 50, 0.039451722294126745
30, 51, 0.03815469331997297
30, 52, 0.032856136417616186
30, 53, 0.034816211464946255
30, 54, 0.03919153695615159
30, 55, 0.02906942037357886
30, 56, 0.043178993762082916
30, 57, 0.035363768631186995
30, 58, 0.029042377655832584
30, 59, 0.036561084489233696
30, 60, 0.029089107447227085
30, 61, 0.042168851087917035
30, 62, 0.04358431171391087
30, 63, 0.03895547358258451
30, 64, 0.029815071065327214
30, 65, 0.029326020020323078
30, 66, 0.03714465260735448
30, 67, 0.040494357996110626
30, 68, 0.033501400888302224
30, 69, 0.04290746087773004
30, 70, 0.029069411754617892
30, 71, 0.025013159527689316
30, 72, 0.038772617532960574
30, 73, 0.043958692005137946
30, 74, 0.024645020271491413
30, 75, 0.02913719412293657
30, 76, 0.03607555284532029
30, 77, 0.03097066365655582
30, 78, 0.029018178306966413
30, 79, 0.035859065902906134
31, 32, 0.026026007462789047
31, 33, 0.026043643079730245
31, 34, 0.03744529298633366
31, 35, 0.035730599726347304
31, 36, 0.02597128221799648
31, 37, 0.040631012414556335
31, 38, 0.02601400450024722
31, 39, 0.036814196468395295
31, 40, 0.032909178122201704
31, 41, 0.02622582185463837
31, 42, 0.029650482512908607
31, 43, 0.04493690971544853
31, 44, 0.026013699788296846
31, 45, 0.03457071852948849
31, 46, 0.03120349875654277
31, 47, 0.03843595653360009
31, 48, 0.032738004805857486
31, 49, 0.028902513478881304
31, 50, 0.03958496914486557
31, 51, 0.03834241111965344
31, 52, 0.03313058159532551
31, 53, 0.034880443470501225
31, 54, 0.03931324379648873
31, 55, 0.02592308799421362
31, 56, 0.04332233740182435
31, 57, 0.036838889147784305
31, 58, 0.025918393463230483
31, 59, 0.03671356579167917
31, 60, 0.026023735890795312
31, 61, 0.042302519517811596
31, 62, 0.04372162595824646
31, 63, 0.039093292455424
31, 64, 0.029943996139292318
31, 65, 0.02773082352060637
31, 66, 0.03727342317013374
31, 67, 0.04062335500599541
31, 68, 0.03360040962381583
31, 69, 0.043042793969339244
31, 70, 0.02592724428677623
31, 71, 0.02478097635724688
31, 72, 0.038856694404636655
31, 73, 0.04410751514955419
31, 74, 0.02458356825340953
31, 75, 0.026383128409498056
31, 76, 0.03637829608861228
31, 77, 0.031543353447611215
31, 78, 0.026076661351244715
31, 79, 0.035948552416676195
32, 33, 0.027018587846521357
32, 34, 0.03790260546775964
32, 35, 0.03580148288106796
32, 36, 0.025191844487812625
32, 37, 0.040666847817548014
32, 38, 0.026666601093981262
32, 39, 0.03683674469646836
32, 40, 0.03394773909449271
32, 41, 0.029537423718099594
32, 42, 0.031145774152823207
32, 43, 0.044978010706133005
32, 44, 0.026847035841559938
32, 45, 0.03458863739989545
32, 46, 0.03268659477092184
32, 47, 0.0384790485713019
32, 48, 0.0328546824656032
32, 49, 0.029083215875067927
32, 50, 0.039623758552113454
32, 51, 0.03839981885791838
32, 52, 0.03326343294028672
32, 53, 0.034903833077767926
32, 54, 0.039348915230884546
32, 55, 0.023580019172450607
32, 56, 0.04336075832836004
32, 57, 0.03746296571242057
32, 58, 0.024975702923112388
32, 59, 0.036763507138542977
32, 60, 0.027220902225409946
32, 61, 0.04233898027058866
32, 62, 0.04375817065955002
32, 63, 0.039134054634445886
32, 64, 0.03218980297964311
32, 65, 0.03453869812424001
32, 66, 0.03731426077786382
32, 67, 0.040659843625210086
32, 68, 0.03364218048300694
32, 69, 0.04307921576810487
32, 70, 0.02382176684155344
32, 71, 0.02476850946630286
32, 72, 0.038881577573520495
32, 73, 0.04414692372137822
32, 74, 0.02458003567955951
32, 75, 0.03314918641829025
32, 76, 0.0364822647713556
32, 77, 0.03213692456389419
32, 78, 0.026529568850500354
32, 79, 0.03597884449513434
33, 34, 0.037902299753231644
33, 35, 0.03580146090536446
33, 36, 0.025879276598513763
33, 37, 0.040666814136815964
33, 38, 0.027158272734876258
33, 39, 0.03683673364453554
33, 40, 0.033947900096679834
33, 41, 0.02968626903185776
33, 42, 0.031148738149465994
33, 43, 0.044977960210812934
33, 44, 0.027457764476416915
33, 45, 0.034588636685429296
33, 46, 0.032687691627777495
33, 47, 0.038479017649189165
33, 48, 0.03285474274877827
33, 49, 0.029083949157261743
33, 50, 0.03962372585984809
33, 51, 0.03839977816410435
33, 52, 0.033263481013358506
33, 53, 0.034903830346804554
33, 54, 0.039348886177769014
33, 55, 0.024330686323601417
33, 56, 0.043360714642364497
33, 57, 0.03746258103628334
33, 58, 0.02523335823526736
33, 59, 0.036763483183377056
33, 60, 0.027786651467295028
33, 61, 0.04233894126307514
33, 62, 0.043758128234513645
33, 63, 0.03913402235336557
33, 64, 0.03219261442582377
33, 65, 0.03453779801420071
33, 66, 0.03731423776079059
33, 67, 0.04065980935114963
33, 68, 0.03364219007504497
33, 69, 0.04307917500372517
33, 70, 0.02452533274035189
33, 71, 0.024768728946417105
33, 72, 0.03888155858309758
33, 73, 0.04414687707945037
33, 74, 0.02458009020188805
33, 75, 0.033196507439591204
33, 76, 0.036482219506134964
33, 77, 0.0321374665458203
33, 78, 0.026622558212491893
33, 79, 0.035978834118149665
34, 35, 0.03612835218244735
34, 36, 0.03791108050371708
34, 37, 0.0405087627228119
34, 38, 0.03791036515153385
34, 39, 0.03689061538424795
34, 40, 0.03708823417755631
34, 41, 0.03790149887202577
34, 42, 0.03732068320116187
34, 43, 0.04461522800588715
34, 44, 0.03791389481512235
34, 45, 0.03475418398329051
34, 46, 0.037279407531729945
34, 47, 0.038434918223834484
34, 48, 0.03438507541659019
34, 49, 0.03446048982222562
34, 50, 0.03951066402591847
34, 51, 0.03835040180805837
34, 52, 0.03474343320859373
34, 53, 0.03509028536703581
34, 54, 0.03925959421161064
34, 55, 0.03790802882251261
34, 56, 0.043075365821788954
34, 57, 0.03773552654875205
34, 58, 0.03788435221529051
34, 59, 0.03688463928842827
34, 60, 0.03791396325964768
34, 61, 0.04210540940835526
34, 62, 0.04347237437820204
34, 63, 0.039046819520416415
34, 64, 0.03754786862068252
34, 65, 0.03789081467427454
34, 66, 0.037364939435854234
34, 67, 0.0404993776764455
34, 68, 0.03415898313296601
34, 69, 0.04281797952292257
34, 70, 0.03790754005914779
34, 71, 0.027459579422852362
34, 72, 0.03883746693638052
34, 73, 0.04382606405485177
34, 74, 0.025366854397335596
34, 75, 0.03791405662543245
34, 76, 0.036771010305630424
34, 77, 0.036349055379900186
34, 78, 0.0378411468594907
34, 79, 0.036116384927539845
35, 36, 0.03580268113711382
35, 37, 0.039443525112953716
35, 38, 0.035802630539258626
35, 39, 0.03660715382288568
35, 40, 0.03571891131008046
35, 41, 0.035801592130895864
35, 42, 0.03572326531719608
35, 43, 0.042872222542433454
35, 44, 0.035803159138500386
35, 45, 0.03485974651968338
35, 46, 0.03572701598171724
35, 47, 0.03761712877768712
35, 48, 0.03493081167668196
35, 49, 0.03509936367079774
35, 50, 0.03854847558385442
35, 51, 0.03738869164199266
35, 52, 0.03509012875766256
35, 53, 0.03514300897743477
35, 54, 0.03839597809700509
35, 55, 0.03580215957720555
35, 56, 0.041597131354411176
35, 57, 0.0359910759350326
35, 58, 0.03579859206549358
35, 59, 0.03638947562558756
35, 60, 0.035803182690637377
35, 61, 0.04080414217012708
35, 62, 0.04200342891959734
35, 63, 0.03813735167014547
35, 64, 0.03575907472692923
35, 65, 0.0358024538024103
35, 66, 0.036813022414107395
35, 67, 0.03942121221254521
35, 68, 0.03457184885950627
35, 69, 0.0414292083190667
35, 70, 0.03580209166222549
35, 71, 0.03123097217080973
35, 72, 0.03823580066735058
35, 73, 0.042227908628603136
35, 74, 0.027454710831774216
35, 75, 0.035803687887444584
35, 76, 0.03609007562639555
35, 77, 0.03557096466967664
35, 78, 0.03579229800505119
35, 79, 0.03592755384058477
36, 37, 0.04066751982965617
36, 38, 0.022520517690609913
36, 39, 0.03683713638829544
36, 40, 0.033966228279104234
36, 41, 0.03002038768918133
36, 42, 0.031170291689396185
36, 43, 0.04497881756816884
36, 44, 0.012478352080719608
36, 45, 0.0345889239974855
36, 46, 0.03271358698356021
36, 47, 0.03847982807789934
36, 48, 0.032856378701650014
36, 49, 0.02908401377006693
36, 50, 0.03962447470061879
36, 51, 0.03840085689971333
36, 52, 0.0332654300598735
36, 53, 0.03490421288147221
36, 54, 0.03934957061876548
36, 55, 0.00791736642547207
36, 56, 0.04336150185114371
36, 57, 0.037474610580030196
36, 58, 0.023553678775808575
36, 59, 0.036764375170801444
36, 60, 0.01847707354152661
36, 61, 0.042339678378391844
36, 62, 0.043758880449118964
36, 63, 0.03913480103277726
36, 64, 0.032237593858757456
36, 65, 0.035123346886780246
36, 66, 0.037314980376615715
36, 67, 0.04066052785113371
36, 68, 0.03364281644065757
36, 69, 0.04307991857214409
36, 70, 0.011342321297326714
36, 71, 0.024767638498790247
36, 72, 0.03888203054595022
36, 73, 0.04414769193662687
36, 74, 0.024579812823178476
36, 75, 0.03612993065475198
36, 76, 0.03648406680303111
36, 77, 0.03214569428508091
36, 78, 0.026254081983190087
36, 79, 0.03597935750534225
37, 38, 0.040667440947863426
37, 39, 0.038598460025839956
37, 40, 0.04056073200910612
37, 41, 0.04066664225667411
37, 42, 0.040611865480637624
37, 43, 0.04295333899585371
37, 44, 0.040667707422459246
37, 45, 0.0373877524576941
37, 46, 0.040600482360293615
37, 47, 0.03976172027514334
37, 48, 0.03969968108625618
37, 49, 0.04022912276704899
37, 50, 0.04018610387468059
37, 51, 0.03988586009482725
37, 52, 0.03980767551379052
37, 53, 0.03789017927259564
37, 54, 0.04003828497942119
37, 55, 0.040667317772150595
37, 56, 0.04208138457968898
37, 57, 0.040537723594243714
37, 58, 0.040665532961166775
37, 59, 0.039323201337735134
37, 60, 0.040667706751426225
37, 61, 0.04154172121480318
37, 62, 0.042345940801590855
37, 63, 0.0399928153739659
37, 64, 0.04063219279936628
37, 65, 0.0406647310483658
37, 66, 0.0393152428107488
37, 67, 0.04066424230951769
37, 68, 0.038501609354481436
37, 69, 0.041955960468673045
37, 70, 0.040667278519184454
37, 71, 0.03761217086436075
37, 72, 0.0396702714991966
37, 73, 0.04251036203762808
37, 74, 0.03271927024512194
37, 75, 0.04066749827635411
37, 76, 0.03984590341368958
37, 77, 0.04047759524610831
37, 78, 0.04066214523313084
37, 79, 0.038577464758676364
38, 39, 0.03683711070905521
38, 40, 0.03396661807508054
38, 41, 0.03045592658433749
38, 42, 0.0311773372453058
38, 43, 0.04497869906861432
38, 44, 0.027088368162208994
38, 45, 0.034588922649209854
38, 46, 0.032716188722493274
38, 47, 0.038479755845003565
38, 48, 0.032856523252171324
38, 49, 0.029085751315756882
38, 50, 0.03962439820781922
38, 51, 0.03840076184632748
38, 52, 0.03326554603962411
38, 53, 0.03490420687265093
38, 54, 0.039349502664170026
38, 55, 0.019117314787372497
38, 56, 0.0433613993852842
38, 57, 0.03747371005732662
38, 58, 0.02447643718622273
38, 59, 0.036764319519045345
38, 60, 0.02820353034837875
38, 61, 0.04233958692665289
38, 62, 0.043758780927094336
38, 63, 0.03913472554736627
38, 64, 0.032244234622726096
38, 65, 0.035108966341594196
38, 66, 0.03731492677415808
38, 67, 0.04066044757995003
38, 68, 0.03364283988268976
38, 69, 0.04307982297014862
38, 70, 0.02011548251697885
38, 71, 0.024768156826373282
38, 72, 0.038881986159436034
38, 73, 0.04414758250730773
38, 74, 0.02457994154776819
38, 75, 0.035915352387742246
38, 76, 0.036483961774067604
38, 77, 0.03214698482095258
38, 78, 0.026507928573503814
38, 79, 0.035979333564652514
39, 40, 0.03679824355984569
39, 41, 0.03683673208910623
39, 42, 0.03680893426251008
39, 43, 0.04082581658053897
39, 44, 0.036837278059429386
39, 45, 0.03571458018939745
39, 46, 0.036807630031429575
39, 47, 0.03745438088170404
39, 48, 0.03640954008959318
39, 49, 0.03658603499897948
39, 50, 0.03801357038645569
39, 51, 0.037321291016046275
39, 52, 0.036477899205299584
39, 53, 0.03598314932407458
39, 54, 0.03793671669754443
39, 55, 0.03683698228035962
39, 56, 0.03999823144817517
39, 57, 0.03685965295217681
39, 58, 0.036835855042180496
39, 59, 0.0368148396862285
39, 60, 0.036837283246006956
39, 61, 0.03949179632660489
39, 62, 0.04031677276487875
39, 63, 0.037758832062559144
39, 64, 0.03682082359858464
39, 65, 0.03683658033106716
39, 66, 0.03701186956105013
39, 67, 0.03857760739646435
39, 68, 0.03595862557840888
39, 69, 0.039919797067364
39, 70, 0.03683695986991107
39, 71, 0.03480500068604007
39, 72, 0.037897717418453866
39, 73, 0.040413695793448216
39, 74, 0.03127368248882418
39, 75, 0.036837359401945144
39, 76, 0.03677654514706798
39, 77, 0.03674794766535902
39, 78, 0.03683382178219587
39, 79, 0.03648864533976238
40, 41, 0.033955631852292834
40, 42, 0.033230963409735755
40, 43, 0.04482284405938738
40, 44, 0.033975499768032026
40, 45, 0.034580657355651204
40, 46, 0.03354590621034068
40, 47, 0.03837887774560536
40, 48, 0.03297246832293122
40, 49, 0.03051484059785575
40, 50, 0.03951969278116104
40, 51, 0.038268743169825536
40, 52, 0.03334441365220852
40, 53, 0.03488842620622155
40, 54, 0.039255931025375355
40, 55, 0.033956057248814654
40, 56, 0.04322560277691013
40, 57, 0.03650956705292511
40, 58, 0.03389632029396153
40, 59, 0.03668104049126952
40, 60, 0.03397618597668306
40, 61, 0.04221759516865633
40, 62, 0.04362704089525731
40, 63, 0.039030649701145004
40, 64, 0.033621567284514146
40, 65, 0.03402262469839786
40, 66, 0.037236873577059036
40, 67, 0.04055188283797619
40, 68, 0.033654805492994586
40, 69, 0.04295284337141385
40, 70, 0.03395503556477878
40, 71, 0.025356477482888915
40, 72, 0.038819986751716246
40, 73, 0.04400312209090401
40, 74, 0.024733620348798106
40, 75, 0.03399530280467376
40, 76, 0.03632837750975933
40, 77, 0.03290956118958887
40, 78, 0.03379878413559982
40, 79, 0.03593988584567842
41, 42, 0.03119026009138813
41, 43, 0.04497763823854457
41, 44, 0.031175423584419472
41, 45, 0.034588720296293424
41, 46, 0.03270877494682206
41, 47, 0.03847891191781025
41, 48, 0.032855978656823985
41, 49, 0.0290926238782802
41, 50, 0.03962357948272992
41, 51, 0.038399642924151586
41, 52, 0.03326467288609056
41, 53, 0.034903920636545065
41, 54, 0.039348762168825574
41, 55, 0.028847672649013004
41, 56, 0.043360450655423106
41, 57, 0.03746188576585556
41, 58, 0.027348179945559433
41, 59, 0.036763485894435344
41, 60, 0.03131746526510895
41, 61, 0.04233871650846191
41, 62, 0.0437578679354766
41, 63, 0.03913389039389104
41, 64, 0.032239521584998536
41, 65, 0.03468634847025897
41, 66, 0.03731420370831622
41, 67, 0.040659634563346925
41, 68, 0.03364250406372913
41, 69, 0.04307893155719031
41, 70, 0.0288526338766735
41, 71, 0.024770972693089255
41, 72, 0.03888148540226268
41, 73, 0.04414658702293954
41, 74, 0.024580645576294743
41, 75, 0.034032843851430905
41, 76, 0.03648227638992078
41, 77, 0.03214648138340314
41, 78, 0.02751931056730729
41, 79, 0.03597887918704407
42, 43, 0.044906953335081976
42, 44, 0.031193093070165483
42, 45, 0.03457195366159178
42, 46, 0.032099570125223596
42, 47, 0.03841946233420973
42, 48, 0.03279037392695813
42, 49, 0.029362428354280656
42, 50, 0.039566810109224006
42, 51, 0.038320933544983525
42, 52, 0.03317699478550473
42, 53, 0.03488086661403033
42, 54, 0.03929720613075652
42, 55, 0.031145035406115816
42, 56, 0.04329670047809973
42, 57, 0.03670880254154434
42, 58, 0.031039375829299977
42, 59, 0.03670252035020742
42, 60, 0.031195801651517977
42, 61, 0.04227983665494378
42, 62, 0.043696637776807656
42, 63, 0.0390756260060562
42, 64, 0.031641454377036755
42, 65, 0.03155657061603983
42, 66, 0.03726201285777255
42, 67, 0.040603877493260374
42, 68, 0.03361097160114017
42, 69, 0.043018917293513974
42, 70, 0.031143836164497375
42, 71, 0.024924184034918143
42, 72, 0.03884631681951849
42, 73, 0.044079983870368024
42, 74, 0.024619795800999666
42, 75, 0.031283745051747955
42, 76, 0.036359432827434174
42, 77, 0.03195373601890059
42, 78, 0.030900607884372676
42, 79, 0.03594453657799254
43, 44, 0.044979004910541506
43, 45, 0.03968552371985927
43, 46, 0.04488698376547409
43, 47, 0.04247576052563348
43, 48, 0.043628487996528645
43, 49, 0.04444330339267277
43, 50, 0.04266647319858356
43, 51, 0.04288592656041065
43, 52, 0.043756654269721966
43, 53, 0.040426426855005075
43, 54, 0.042459526720288854
43, 55, 0.04497861755308775
43, 56, 0.044179093960978306
43, 57, 0.04470681983625799
43, 58, 0.044976576444785074
43, 59, 0.042368942136299374
43, 60, 0.044978997567807814
43, 61, 0.04367917112352737
43, 62, 0.04435341405663751
43, 63, 0.04257815652965437
43, 64, 0.044931353296448116
43, 65, 0.04497421548553432
43, 66, 0.04210715640807112
43, 67, 0.042970038281634204
43, 68, 0.041768469745021734
43, 69, 0.04402217397580708
43, 70, 0.044978569874331506
43, 71, 0.041459842565856136
43, 72, 0.0417557842600276
43, 73, 0.044564003044305314
43, 74, 0.035515024617155846
43, 75, 0.04497851559192051
43, 76, 0.04346620691707081
43, 77, 0.04472457950583326
43, 78, 0.04497257728929223
43, 79, 0.04123296097378741
44, 45, 0.034589055437604994
44, 46, 0.032730410330176304
44, 47, 0.03848007637491426
44, 48, 0.032857399913399234
44, 49, 0.029087155088694423
44, 50, 0.03962468667454522
44, 51, 0.03840118937161839
44, 52, 0.033266546089971996
44, 53, 0.034904380345340734
44, 54, 0.03934976786944172
44, 55, 0.008487229501331345
44, 56, 0.04336168520932059
44, 57, 0.03747861095397152
44, 58, 0.024258424491617157
44, 59, 0.036764691154854034
44, 60, 0.04289708612166027
44, 61, 0.042339858111609875
44, 62, 0.04375905277159099
44, 63, 0.039135028713499456
44, 64, 0.03227081068429347
44, 65, 0.03540157457846021
44, 66, 0.03731523042528669
44, 67, 0.04066071892429365
44, 68, 0.03364315023576675
44, 69, 0.04308009388300977
44, 70, 0.013024187291551699
44, 71, 0.02476805810173191
44, 72, 0.03888217098275788
44, 73, 0.04414787571246618
44, 74, 0.024579913982050405
44, 75, 0.038150233498699476
44, 76, 0.03648473962096657
44, 77, 0.0321518498798453
44, 78, 0.026528898739873793
44, 79, 0.035979558499532
45, 46, 0.034575597573126476
45, 47, 0.036052992568482545
45, 48, 0.03440251987150716
45, 49, 0.034410254404202416
45, 50, 0.03671720470312765
45, 51, 0.035770931312327954
45, 52, 0.03445564163253693
45, 53, 0.03472858417699189
45, 54, 0.036675251898223474
45, 55, 0.03458878001552731
45, 56, 0.038844759519866545
45, 57, 0.0346901396111992
45, 58, 0.03458788053641218
45, 59, 0.035262585423191134
45, 60, 0.03458906402521348
45, 61, 0.03833303028728734
45, 62, 0.03920448988968264
45, 63, 0.03641505881799303
45, 64, 0.034580675074760495
45, 65, 0.034589436145704755
45, 66, 0.03558652117504377
45, 67, 0.03735651730456613
45, 68, 0.03432837039490544
45, 69, 0.0387870365573786
45, 70, 0.034588764020640324
45, 71, 0.03293186329812904
45, 72, 0.03681808471952832
45, 73, 0.039271353336052264
45, 74, 0.030039660021084647
45, 75, 0.034589289594607275
45, 76, 0.034916266772783026
45, 77, 0.03454246772389319
45, 78, 0.03458634252501039
45, 79, 0.0351550780965524
46, 47, 0.038411422790451816
46, 48, 0.03285007895545144
46, 49, 0.02973638246580637
46, 50, 0.03955671079209679
46, 51, 0.03831066672810784
46, 52, 0.03323374764075523
46, 53, 0.03488458892389432
46, 54, 0.0392884869273956
46, 55, 0.03269505799902726
46, 56, 0.04328007853595887
46, 57, 0.036683682166096125
46, 58, 0.032599744469881085
46, 59, 0.036700150785746344
46, 60, 0.03273197265863754
46, 61, 0.0422654850854901
46, 62, 0.043680301684340804
46, 63, 0.039066238226246795
46, 64, 0.03257669523567967
46, 65, 0.032894447310699515
46, 66, 0.037258029927340196
46, 67, 0.040592303721879656
46, 68, 0.03362596479046024
46, 69, 0.04300352611689343
46, 70, 0.032693613749736894
46, 71, 0.025043930837927195
46, 72, 0.03884092729307794
46, 73, 0.04406186616129843
46, 74, 0.024650560263885252
46, 75, 0.03277939830644321
46, 76, 0.036357974651112845
46, 77, 0.03230889980652868
46, 78, 0.03245598332133686
46, 79, 0.035945416060076854
47, 48, 0.03754240697655211
47, 49, 0.03798461097628498
47, 50, 0.03910758164750421
47, 51, 0.03844639071144134
47, 52, 0.037662436155346694
47, 53, 0.03644830514525759
47, 54, 0.03897051766047886
47, 55, 0.03847955920067625
47, 56, 0.041456313617759595
47, 57, 0.03842328330346854
47, 58, 0.03847740645840534
47, 59, 0.03774861493817734
47, 60, 0.038480080891161714
47, 61, 0.040825708564585395
47, 62, 0.0417893310188167
47, 63, 0.038825061463115026
47, 64, 0.03844298443085403
47, 65, 0.03847760886732853
47, 66, 0.03791055949980463
47, 67, 0.03974777562751594
47, 68, 0.036609294400343814
47, 69, 0.04132515681074278
47, 70, 0.038479514113192496
47, 71, 0.03502739713280226
47, 72, 0.03873806723940558
47, 73, 0.04196111778331934
47, 74, 0.030416700915903587
47, 75, 0.038480026697778405
47, 76, 0.037967283059846424
47, 77, 0.03828204957364819
47, 78, 0.03847342208645097
47, 79, 0.037148999242707106
48, 49, 0.03203665492752011
48, 50, 0.03866659603471995
48, 51, 0.037227197747277556
48, 52, 0.03305443148721153
48, 53, 0.03463414887817663
48, 54, 0.03847965334608047
48, 55, 0.03285525320427717
48, 56, 0.04216865742849384
48, 57, 0.03392464136074509
48, 58, 0.03284928003847481
48, 59, 0.035935874815405174
48, 60, 0.03285749266569625
48, 61, 0.041254951131547125
48, 62, 0.042598625461849206
48, 63, 0.03817823449735873
48, 64, 0.032840211714497136
48, 65, 0.03286741062915471
48, 66, 0.03654393449630422
48, 67, 0.03967769849331156
48, 68, 0.033453850951652125
48, 69, 0.04195676156248657
48, 70, 0.03285516205585573
48, 71, 0.027784689205301527
48, 72, 0.03827640059392981
48, 73, 0.042886917140790966
48, 74, 0.02562734348693091
48, 75, 0.0328603118605446
48, 76, 0.03515512897453684
48, 77, 0.03275926858362915
48, 78, 0.0328397686159318
48, 79, 0.03551264962499665
49, 50, 0.039162357881301985
49, 51, 0.0377533878403024
49, 52, 0.03230350839918703
49, 53, 0.034668205533810836
49, 54, 0.03892610377426985
49, 55, 0.02908049463760451
49, 56, 0.04287033227431049
49, 57, 0.0334429199866302
49, 58, 0.029070568864855664
49, 59, 0.03622965578275358
49, 60, 0.029087657583375677
49, 61, 0.04188001395381919
49, 62, 0.0432883667341957
49, 63, 0.03865626888839106
49, 64, 0.029396791832144737
49, 65, 0.02917596526890408
49, 66, 0.036862606383997173
49, 67, 0.040214492090273155
49, 68, 0.03327350685134732
49, 69, 0.04261542670643563
49, 70, 0.029080490552200248
49, 71, 0.025381173891454067
49, 72, 0.03858671025499506
49, 73, 0.043638854830172026
49, 74, 0.024754535401600716
49, 75, 0.029105210297317444
49, 76, 0.03545887350033444
49, 77, 0.030212002518759953
49, 78, 0.029061431095726266
49, 79, 0.03565807200894645
50, 51, 0.03915928836408492
50, 52, 0.03877967216249907
50, 53, 0.03716893669948159
50, 54, 0.03948285260184885
50, 55, 0.03962424581825731
50, 56, 0.041727799790873474
50, 57, 0.039523398114359454
50, 58, 0.03962231139353532
50, 59, 0.038538217706116165
50, 60, 0.039624688039652384
50, 61, 0.041147198516669814
50, 62, 0.042025168865316584
50, 63, 0.03939042981319871
50, 64, 0.039588451665396124
50, 65, 0.03962190183960416
50, 66, 0.03860664823460357
50, 67, 0.04017755254283658
50, 68, 0.03757905444892303
50, 69, 0.04160085603413461
50, 70, 0.03962420416182106
50, 71, 0.03639911224051518
50, 72, 0.03918212810069486
50, 73, 0.042191294548886774
50, 74, 0.03161543800281944
50, 75, 0.03962453959181517
50, 76, 0.038928230149341964
50, 77, 0.039430923589698054
50, 78, 0.03961867963197517
50, 79, 0.03786048459442308
51, 52, 0.03737532040867613
51, 53, 0.03616836481650037
51, 54, 0.0390030519659925
51, 55, 0.03840049679827549
51, 56, 0.04175985733792564
51, 57, 0.03833229473239502
51, 58, 0.03839762530970927
51, 59, 0.03758379279480398
51, 60, 0.03840119569852444
51, 61, 0.04106085281971067
51, 62, 0.04211312254489253
51, 63, 0.03884078536103855
51, 64, 0.038352131774940165
51, 65, 0.03839796233574956
51, 66, 0.03779066303336346
51, 67, 0.03987176447474566
51, 68, 0.03621975299527446
51, 69, 0.04160697416233072
51, 70, 0.03840043678237194
51, 71, 0.03415885841210922
51, 72, 0.038740839298003836
51, 73, 0.04231587704170332
51, 74, 0.02942197348436858
51, 75, 0.03840113460655632
51, 76, 0.037793520622397346
51, 77, 0.038141464990912255
51, 78, 0.03839231743793615
51, 79, 0.036937527289694586
52, 53, 0.03470154517262863
52, 54, 0.03858484987551641
52, 55, 0.033264201942860935
52, 56, 0.0422875200312601
52, 57, 0.03429519001527309
52, 58, 0.033257401504291
52, 59, 0.03606459861303996
52, 60, 0.033266640398721896
52, 61, 0.04136724965118762
52, 62, 0.042713227711653506
52, 63, 0.03829474324780024
52, 64, 0.0332352929494151
52, 65, 0.033275569094870686
52, 66, 0.036656163077996996
52, 67, 0.03978728238026939
52, 68, 0.03355735896693523
52, 69, 0.04207007485855574
52, 70, 0.03326409337209794
52, 71, 0.027793038500730432
52, 72, 0.03835367970121973
52, 73, 0.04300949713646847
52, 74, 0.025610662783690435
52, 75, 0.033269431884774346
52, 76, 0.03535930147815168
52, 77, 0.03310151878797759
52, 78, 0.03324636143880492
52, 79, 0.035598475157427235
53, 54, 0.03710768754878659
53, 55, 0.03490402963039513
53, 56, 0.039494567170980294
53, 57, 0.03501680963172643
53, 58, 0.03490285572966048
53, 59, 0.03557591564385545
53, 60, 0.034904390565674744
53, 61, 0.03892468631684148
53, 62, 0.03986975279040776
53, 63, 0.03684294863813631
53, 64, 0.034892399696721935
53, 65, 0.03490466906955809
53, 66, 0.03591919355784253
53, 67, 0.03785983500192859
53, 68, 0.03449574304423267
53, 69, 0.03941703501637754
53, 70, 0.03490400833616247
53, 71, 0.03284006524989553
53, 72, 0.0371970305754645
53, 73, 0.039964655440865214
53, 74, 0.029616792682666152
53, 75, 0.034904648374282886
53, 76, 0.035233289485860575
53, 77, 0.03483842327933416
53, 78, 0.0349008299344629
53, 79, 0.03540302364911393
54, 55, 0.03934935748995659
54, 56, 0.04154457752445577
54, 57, 0.03926665423755767
54, 58, 0.03934757840784835
54, 59, 0.038406165259375326
54, 60, 0.03934976968153835
54, 61, 0.04097942569115465
54, 62, 0.0418412494419287
54, 63, 0.03925043474517333
54, 64, 0.03931702655054602
54, 65, 0.03934732386710066
54, 66, 0.038484686572378975
54, 67, 0.04002855174659703
54, 68, 0.037479000324736805
54, 69, 0.041424824640630346
54, 70, 0.03934931941516452
54, 71, 0.03633870003155481
54, 72, 0.03907826983481849
54, 73, 0.04199716410297684
54, 74, 0.03172117172575608
54, 75, 0.03934965377387842
54, 76, 0.03874518800325302
54, 77, 0.03917435413080119
54, 78, 0.03934424875727625
54, 79, 0.03777208947641952
55, 56, 0.0433613054866654
55, 57, 0.03747026795720072
55, 58, 0.02279746539348535
55, 59, 0.0367640313792106
55, 60, 0.012595081240651984
55, 61, 0.042339485494845966
55, 62, 0.04375869604687781
55, 63, 0.03913455489309591
55, 64, 0.032200989148290324
55, 65, 0.034824921913887086
55, 66, 0.03731470874847215
55, 67, 0.04066032204164894
55, 68, 0.033642449601752215
55, 69, 0.04307973072009676
55, 70, 0.009771642309194787
55, 71, 0.024767155547879546
55, 72, 0.03888187862553364
55, 73, 0.04414749542520156
55, 74, 0.02457969622043836
55, 75, 0.03419255919363849
55, 76, 0.03648333419176007
55, 77, 0.03213889408126744
55, 78, 0.02594958212354053
55, 79, 0.03597913831001972
56, 57, 0.04314369147771007
56, 58, 0.04335939578345441
56, 59, 0.04123444262874914
56, 60, 0.04336168029273567
56, 61, 0.04285288480898981
56, 62, 0.04356760082553166
56, 63, 0.04160308610214477
56, 64, 0.04331918976947401
56, 65, 0.04335761576520282
56, 66, 0.04106514899160167
56, 67, 0.0420905781272038
56, 68, 0.04056630178774142
56, 69, 0.043218270833903005
56, 70, 0.04336126170610593
56, 71, 0.04006583737756274
56, 72, 0.0409693525646411
56, 73, 0.04375849883929727
56, 74, 0.03454687185892132
56, 75, 0.04336130170555066
56, 76, 0.04211498380499604
56, 77, 0.04313457028896186
56, 78, 0.043355691188342274
56, 79, 0.04024996192843941
57, 58, 0.03743740311096579
57, 59, 0.03681807831909437
57, 60, 0.037478727713638624
57, 61, 0.04215828405000079
57, 62, 0.04354212086397204
57, 63, 0.03905014994852553
57, 64, 0.037005181592767215
57, 65, 0.037451168197429587
57, 66, 0.03732487569635665
57, 67, 0.04052868742930048
57, 68, 0.033976840096831676
57, 69, 0.042879837618557
57, 70, 0.03746959818445779
57, 71, 0.02669406193182426
57, 72, 0.038836575445424314
57, 73, 0.04390521653796119
57, 74, 0.025117694642724682
57, 75, 0.03747965760753067
57, 76, 0.0366318472228491
57, 77, 0.03561644904927189
57, 78, 0.03737801325718326
57, 79, 0.03605473713661359
58, 59, 0.03676152813348688
58, 60, 0.02446983703968453
58, 61, 0.0423376720746361
58, 62, 0.043756880278740605
58, 63, 0.03913252062630684
58, 64, 0.03202574942372877
58, 65, 0.03326822773331343
58, 66, 0.037312665458579815
58, 67, 0.0406585046046872
58, 68, 0.03364034073944041
58, 69, 0.04307792023367154
58, 70, 0.022941055967630204
58, 71, 0.024767687324596582
58, 72, 0.03888063793050282
58, 73, 0.044145537545611124
58, 74, 0.024579848898828322
58, 75, 0.029437272376485902
58, 76, 0.0364780934467388
58, 77, 0.03210581216091713
58, 78, 0.025919858954409906
58, 79, 0.03597762047845669
59, 60, 0.03676470299492679
59, 61, 0.04053200766071783
59, 62, 0.041613527440384164
59, 63, 0.038185820244415546
59, 64, 0.03672864701090197
59, 65, 0.036763209829727424
59, 66, 0.03707447765274652
59, 67, 0.039302219577830096
59, 68, 0.03533190966973013
59, 69, 0.041094604049120874
59, 70, 0.0367639817430422
59, 71, 0.033026176821289006
59, 72, 0.03826091094060854
59, 73, 0.04179755138278257
59, 74, 0.028842818869057707
59, 75, 0.036764883992776304
59, 76, 0.03667578478295928
59, 77, 0.03657258559998507
59, 78, 0.036757020926654733
59, 79, 0.036289747114150915
60, 61, 0.04233985480208616
60, 62, 0.043759047609518875
60, 63, 0.03913503130101553
60, 64, 0.03227414327357815
60, 65, 0.03541682016034776
60, 66, 0.037315238188514024
60, 67, 0.04066071825324432
60, 68, 0.03364317655634222
60, 69, 0.04308008957979887
60, 70, 0.015848964807701083
60, 71, 0.02476817330992529
60, 72, 0.038882172944150833
60, 73, 0.04414786965418084
60, 74, 0.024579942388656982
60, 75, 0.03819614529346607
60, 76, 0.036484767090937585
60, 77, 0.03215247909946983
60, 78, 0.02659043550083994
60, 79, 0.035979567956052415
61, 62, 0.04307822168062684
61, 63, 0.040999961022611144
61, 64, 0.042300957015836034
61, 65, 0.04233628024004077
61, 66, 0.040421615899041696
61, 67, 0.04154616908506318
61, 68, 0.0398236029015754
61, 69, 0.0427183844859741
61, 70, 0.04233944449821696
61, 71, 0.03920384995829209
61, 72, 0.040486119997859345
61, 73, 0.04325616242151718
61, 74, 0.03396797897199404
61, 75, 0.04233954564935208
61, 76, 0.04127118364790599
61, 77, 0.042131762733776716
61, 78, 0.04233418005946648
61, 79, 0.03964600502622308
62, 63, 0.04191642648859431
62, 64, 0.04371811683192106
62, 65, 0.04375508069980066
62, 66, 0.041421156870985965
62, 67, 0.04235702683140158
62, 68, 0.04099800469200199
62, 69, 0.04342562577646934
62, 70, 0.04375865421333336
62, 71, 0.04058981297355343
62, 72, 0.04124308756224725
62, 73, 0.04394822264771241
62, 74, 0.03510479730219273
62, 75, 0.043758669592697697
62, 76, 0.04251714802908221
62, 77, 0.04354009818152146
62, 78, 0.04375334856855017
62, 79, 0.04061717431762967
63, 64, 0.039098167320666795
63, 65, 0.03913234293747072
63, 66, 0.038293879368315534
63, 67, 0.03998190744594518
63, 68, 0.03714859533205553
63, 69, 0.04147417446782703
63, 70, 0.039134511574849505
63, 71, 0.035799477128206025
63, 72, 0.03897909914514435
63, 73, 0.04208517970746468
63, 74, 0.03107424248740484
63, 75, 0.039134917858635945
63, 76, 0.03850668013987724
63, 77, 0.03893807086611924
63, 78, 0.03912872343600245
63, 79, 0.037539630442570804
64, 65, 0.03263512689517878
64, 66, 0.03728373496312601
64, 67, 0.040624570932767286
64, 68, 0.03363017303192195
64, 69, 0.04304018287451273
64, 70, 0.03219848056821259
64, 71, 0.024899553408311435
64, 72, 0.03886005466074424
64, 73, 0.044103218990724086
64, 74, 0.024613192969574458
64, 75, 0.03237687732574378
64, 76, 0.036412755309146075
64, 77, 0.0321699786291257
64, 78, 0.031781193884776404
64, 79, 0.03596007262369896
65, 66, 0.03731362073051426
65, 67, 0.040657690747181
65, 68, 0.03364534392122324
65, 69, 0.04307631122734741
65, 70, 0.0347911487569566
65, 71, 0.024793131372536
65, 72, 0.03888061340417377
65, 73, 0.04414348914403592
65, 74, 0.02458614156387505
65, 75, 0.0357274420769142
65, 76, 0.03648220327858521
65, 77, 0.03222961193070718
65, 78, 0.03174309459426694
65, 79, 0.03597913998944529
66, 67, 0.03929608025354875
66, 68, 0.03585616019220407
66, 69, 0.040940762539852626
66, 70, 0.03731466742805364
66, 71, 0.034049868396685536
66, 72, 0.03833649532088795
66, 73, 0.041583127295297916
66, 74, 0.029790506751948356
66, 75, 0.03731531552346398
66, 76, 0.03709468275759955
66, 77, 0.037146563055131025
66, 78, 0.03730894972093296
66, 79, 0.036589497917210285
67, 68, 0.03846885629594203
67, 69, 0.041963887605831376
67, 70, 0.04066028207626252
67, 71, 0.03756039980489852
67, 72, 0.03965904446105162
67, 73, 0.042523213355077125
67, 74, 0.032641008180351934
67, 75, 0.04066050642081968
67, 76, 0.03982796431846766
67, 77, 0.04046727975173621
67, 78, 0.04065505520818164
67, 79, 0.03855207220615503
68, 69, 0.04043701859939058
68, 70, 0.03364241471892934
68, 71, 0.03055515386763261
68, 72, 0.037517380666454284
68, 73, 0.041166936398685613
68, 74, 0.027420727654582543
68, 75, 0.03364393444298118
68, 76, 0.03464954246092802
68, 77, 0.033570466727945426
68, 78, 0.03363685418498755
68, 79, 0.0351465007913537
69, 70, 0.043079689366115316
69, 71, 0.03993225102066339
69, 72, 0.04087702699694903
69, 73, 0.04360911196367792
69, 74, 0.03456852098863447
69, 75, 0.043079743920592425
69, 76, 0.04192040181983347
69, 77, 0.04286660573258498
69, 78, 0.043074414852906945
69, 79, 0.0401512388874008
70, 71, 0.024767216041053516
70, 72, 0.03888185236985514
70, 73, 0.04414745010850663
70, 74, 0.024579711605699696
70, 75, 0.03400898596296472
70, 76, 0.03648323138501655
70, 77, 0.03213843540906235
70, 78, 0.02597511177581448
70, 79, 0.0359791091819271
71, 72, 0.0366489410382085
71, 73, 0.04076584859214117
71, 74, 0.024616752460835428
71, 75, 0.02477249443314747
71, 76, 0.030706513785053655
71, 77, 0.025414613404753192
71, 78, 0.024770875097253318
71, 79, 0.033421058856959875
72, 73, 0.04136048682460116
72, 74, 0.03265300452045595
72, 75, 0.038882117960409225
72, 76, 0.038494003182108806
72, 77, 0.03876289124696805
72, 78, 0.03887832885657995
72, 79, 0.03775406198437962
73, 74, 0.035056274861412856
73, 75, 0.04414744381955841
73, 76, 0.04278004860555167
73, 77, 0.04390930018041419
73, 78, 0.044141720156664975
73, 79, 0.04074240055531031
74, 75, 0.024581010329311
74, 76, 0.026963667878846388
74, 77, 0.024752894797083067
74, 78, 0.024580676626130907
74, 79, 0.029729435971612008
75, 76, 0.03648524508058166
75, 77, 0.032172289444082756
75, 78, 0.028466209192922344
75, 79, 0.035979762081482375
76, 77, 0.036114614144199454
76, 78, 0.036468716408172105
76, 79, 0.036097285245805334
77, 78, 0.03205606753767942
77, 79, 0.0358739149475183
78, 79, 0.03597493003508996
