46
0, 1, 0.039814750805331096
0, 2, 0.03848241490418572
0, 3, 0.03767622826778901
0, 4, 0.04090728598568238
0, 5, 0.02348420580827017
0, 6, 0.04118272145394661
0, 7, 0.039718777478836925
0, 8, 0.0367517296711836
0, 9, 0.04164674118841496
0, 10, 0.04181368716377294
0, 11, 0.040819354446496925
0, 12, 0.04074835852516571
0, 13, 0.025766923220076152
0, 14, 0.04099666906321528
0, 15, 0.043079807507586165
0, 16, 0.035363248498422734
0, 17, 0.02915110842480324
0, 18, 0.029164415785141
0, 19, 0.04092733518513438
0, 20, 0.025463960189460233
0, 21, 0.04096021433560121
0, 22, 0.02715934852423806
0, 23, 0.028284487990966726
0, 24, 0.04016032007054546
0, 25, 0.02793364654916854
0, 26, 0.0405629624814768
0, 27, 0.04110515875456658
0, 28, 0.04143935855019658
0, 29, 0.05622090029563137
0, 30, 0.034136133814569945
0, 31, 0.039869743080260464
0, 32, 0.040461429218905255
0, 33, 0.03052509764343173
0, 34, 0.036246643082026284
0, 35, 0.039456287447465536
0, 36, 0.04107925170983012
0, 37, 0.04095742798444336
0, 38, 0.03401822419457138
0, 39, 0.027829053498244303
0, 40, 0.02876998896960651
0, 41, 0.028985679702152062
0, 42, 0.03993650047373541
0, 43, 0.03879822264481067
0, 44, 0.04075979520047107
0, 45, 0.047448422935982504
1, 2, 0.03764519739361047
1, 3, 0.03711203824780619
1, 4, 0.03901018034394826
1, 5, 0.024115931137495123
1, 6, 0.04019206919849898
1, 7, 0.03851882186054153
1, 8, 0.03669434979778395
1, 9, 0.04026766511778504
1, 10, 0.04050842727373913
1, 11, 0.03903603976786362
1, 12, 0.0389414693258103
1, 13, 0.02627049894435629
1, 14, 0.03906935149402514
1, 15, 0.042522605799533215
1, 16, 0.03538724213731482
1, 17, 0.029429887810859763
1, 18, 0.030215657401141568
1, 19, 0.03901930471447503
1, 20, 0.025653197947575725
1, 21, 0.03904212508802224
1, 22, 0.02738713567451195
1, 23, 0.02840028252208417
1, 24, 0.038698242804025874
1, 25, 0.028855819240219554
1, 26, 0.0393604005782214
1, 27, 0.03934963449692437
1, 28, 0.04038970579145253
1, 29, 0.054851657456082024
1, 30, 0.034355268215543376
1, 31, 0.03844494078492863
1, 32, 0.03960010673007631
1, 33, 0.0306834265070413
1, 34, 0.03622048751870985
1, 35, 0.03832608316237799
1, 36, 0.03984810078870567
1, 37, 0.03903866683922763
1, 38, 0.034268566524504315
1, 39, 0.02817899075216473
1, 40, 0.028900963609572543
1, 41, 0.02916228507595438
1, 42, 0.038566450544922366
1, 43, 0.03786304536146469
1, 44, 0.038968883170067824
1, 45, 0.0460458902169056
2, 3, 0.030175289534255845
2, 4, 0.03072340251984668
2, 5, 0.021988850940851533
2, 6, 0.039530285083514714
2, 7, 0.03352808508159513
2, 8, 0.03606144891406528
2, 9, 0.039306595763685656
2, 10, 0.03989620940607196
2, 11, 0.03230571231881424
2, 12, 0.031055767098991938
2, 13, 0.024454143251523456
2, 14, 0.0310566142663109
2, 15, 0.04277627732783938
2, 16, 0.03448353718531245
2, 17, 0.028253169774741797
2, 18, 0.024473695884010334
2, 19, 0.030693100622578226
2, 20, 0.025012812796845578
2, 21, 0.03084412741008674
2, 22, 0.02655175861209471
2, 23, 0.027958457693079784
2, 24, 0.03248074742411149
2, 25, 0.024659249993913095
2, 26, 0.03720923876709732
2, 27, 0.034908834903736266
2, 28, 0.039844545757129944
2, 29, 0.057136994604118134
2, 30, 0.03152339494606437
2, 31, 0.030457671631237204
2, 32, 0.03855350737301586
2, 33, 0.029949723054184932
2, 34, 0.035586773712502184
2, 35, 0.032847551611401196
2, 36, 0.03849788947069637
2, 37, 0.0307929336925248
2, 38, 0.031132498988097605
2, 39, 0.026811775153154367
2, 40, 0.028383576711470546
2, 41, 0.028445883756814852
2, 42, 0.03230708840604826
2, 43, 0.03139845560086021
2, 44, 0.03154942781717475
2, 45, 0.04771769251912309
3, 4, 0.02966038388828189
3, 5, 0.022020840253484393
3, 6, 0.03892617554808674
3, 7, 0.03261762615233124
3, 8, 0.03595944205984753
3, 9, 0.03839746742644086
3, 10, 0.03908004264219023
3, 11, 0.031114969144257005
3, 12, 0.02999318561328412
3, 13, 0.024464376490550298
3, 14, 0.0299295367573224
3, 15, 0.042543148509544576
3, 16, 0.03438775252750018
3, 17, 0.02823493338504768
3, 18, 0.02451574359087462
3, 19, 0.029629000405407308
3, 20, 0.025014674879530383
3, 21, 0.02975253844579573
3, 22, 0.026547936587333714
3, 23, 0.027952848562821014
3, 24, 0.031466643672941046
3, 25, 0.02468259244695042
3, 26, 0.036335113741899405
3, 27, 0.03357783610608347
3, 28, 0.03921523699768472
3, 29, 0.05676767314170011
3, 30, 0.03135686026854081
3, 31, 0.029644826415563586
3, 32, 0.03798972817032913
3, 33, 0.029928650309857103
3, 34, 0.03549844961149904
3, 35, 0.0319976877197815
3, 36, 0.037662035010403154
3, 37, 0.029708505378907415
3, 38, 0.030962954721448128
3, 39, 0.026803245103176138
3, 40, 0.028375484720083697
3, 41, 0.02843418943474253
3, 42, 0.03135540226245982
3, 43, 0.030709460142107944
3, 44, 0.03043457089383491
3, 45, 0.0471893455376343
4, 5, 0.021698681418095493
4, 6, 0.04122889480186106
4, 7, 0.03590044129750506
4, 8, 0.03625363441911203
4, 9, 0.04222444713980686
4, 10, 0.042426789928523716
4, 11, 0.037579445342842965
4, 12, 0.032523941630386785
4, 13, 0.024249611090427597
4, 14, 0.03472230440707181
4, 15, 0.04339919759863575
4, 16, 0.034632500380450626
4, 17, 0.028185223314937828
4, 18, 0.0234950704923967
4, 19, 0.02637972249208356
4, 20, 0.024950910244947635
4, 21, 0.030531608028650806
4, 22, 0.026484479542756463
4, 23, 0.027932777982357618
4, 24, 0.035217966472995216
4, 25, 0.02407259493783339
4, 26, 0.03986025216305925
4, 27, 0.04109834157447153
4, 28, 0.041645927557630295
4, 29, 0.058309526930157486
4, 30, 0.03160155449524477
4, 31, 0.02936009190756484
4, 32, 0.04006817517290127
4, 33, 0.029933326085117232
4, 34, 0.03574453721964963
4, 35, 0.03469951219325594
4, 36, 0.041050949856130274
4, 37, 0.029135215391239443
4, 38, 0.031168174587361586
4, 39, 0.026700754365272396
4, 40, 0.028356819960333297
4, 41, 0.02840881915169259
4, 42, 0.03448679581392681
4, 43, 0.03191881205741676
4, 44, 0.03515750336716803
4, 45, 0.049350209892931804
5, 6, 0.024489549525021543
5, 7, 0.022194590585991228
5, 8, 0.02853635589113976
5, 9, 0.02346860711165069
5, 10, 0.023861798456051485
5, 11, 0.02183074946437323
5, 12, 0.021736741602771243
5, 13, 0.022985725750516803
5, 14, 0.021712189993421803
5, 15, 0.030055190641480396
5, 16, 0.027432124724302558
5, 17, 0.02530585768203837
5, 18, 0.02200712877147146
5, 19, 0.021694916530320733
5, 20, 0.02415418372522712
5, 21, 0.021701636283441107
5, 22, 0.024936199804121446
5, 23, 0.026604226927133833
5, 24, 0.02194691315731898
5, 25, 0.022302064455812422
5, 26, 0.023011784296920197
5, 27, 0.02209658367212527
5, 28, 0.024493057614537996
5, 29, 0.037194485697327535
5, 30, 0.023851906664663067
5, 31, 0.021779594905936193
5, 32, 0.024312220585730567
5, 33, 0.02700422128754254
5, 34, 0.02865393020096193
5, 35, 0.02213154873555776
5, 36, 0.023418099579925855
5, 37, 0.02169858062038088
5, 38, 0.0235993898133293
5, 39, 0.024416688890037893
5, 40, 0.026702321748708187
5, 41, 0.0262635155588711
5, 42, 0.021961960811735605
5, 43, 0.022025933193301137
5, 44, 0.021773139628568736
5, 45, 0.028682755895272024
6, 7, 0.040361263468475926
6, 8, 0.037056453687556536
6, 9, 0.041670847362165704
6, 10, 0.04179796346903894
6, 11, 0.04115960387409094
6, 12, 0.04112457238301399
6, 13, 0.02662859481631244
6, 14, 0.04128355789531135
6, 15, 0.04297154840109651
6, 16, 0.03578896361388311
6, 17, 0.02972033148726142
6, 18, 0.03129480746628091
6, 19, 0.041241812701403265
6, 20, 0.025784930642187728
6, 21, 0.041261724513551874
6, 22, 0.027573556116080093
6, 23, 0.028508280822688182
6, 24, 0.040710124284391934
6, 25, 0.02966733614793352
6, 26, 0.040873843396674575
6, 27, 0.041324656649429456
6, 28, 0.041498925648982984
6, 29, 0.055187272466318146
6, 30, 0.035235360821004556
6, 31, 0.04054781008676326
6, 32, 0.040709625761479434
6, 33, 0.03088920147458816
6, 34, 0.0365544273614851
6, 35, 0.040188081755017764
6, 36, 0.04124131658919515
6, 37, 0.04126027021906268
6, 38, 0.03520574784182482
6, 39, 0.028486665005998783
6, 40, 0.029030906238531193
6, 41, 0.02934249603416798
6, 42, 0.040556090640640995
6, 43, 0.03974592580453136
6, 44, 0.04112766498827785
6, 45, 0.04672130194888076
7, 8, 0.03625359937877118
7, 9, 0.04060414386846982
7, 10, 0.040995168602601106
7, 11, 0.03652200322205574
7, 12, 0.03583807399864247
7, 13, 0.024649207147326966
7, 14, 0.03617939148839697
7, 15, 0.04301795987004899
7, 16, 0.03470122634435922
7, 17, 0.028405933164251496
7, 18, 0.02530456272605544
7, 19, 0.0359152099721649
7, 20, 0.02507850734402855
7, 21, 0.03603099016923301
7, 22, 0.026646311779108645
7, 23, 0.028011480838116967
7, 24, 0.03588557212188415
7, 25, 0.025200426179790684
7, 26, 0.038740635361741826
7, 27, 0.038083107713424755
7, 28, 0.040687475120136304
7, 29, 0.05729710518223273
7, 30, 0.03212419954964193
7, 31, 0.03451137390593248
7, 32, 0.03940024095182172
7, 33, 0.03005401818888867
7, 34, 0.03576218149070835
7, 35, 0.035477467712441334
7, 36, 0.03978006470192646
7, 37, 0.036003780758104224
7, 38, 0.03179252412258582
7, 39, 0.026975233370511054
7, 40, 0.028447826237036254
7, 41, 0.028536669680294096
7, 42, 0.0355790868860964
7, 43, 0.03412569953044619
7, 44, 0.036087379063066936
7, 45, 0.048112072501800524
8, 9, 0.036844629952676525
8, 10, 0.03698711149448567
8, 11, 0.0362814915290315
8, 12, 0.03624971184683668
8, 13, 0.029818162613767983
8, 14, 0.03626520921029786
8, 15, 0.039223872411933244
8, 16, 0.03549321361039533
8, 17, 0.031527844687999296
8, 18, 0.033784910012170245
8, 19, 0.03625436438281098
8, 20, 0.02746962194844725
8, 21, 0.03625909486102644
8, 22, 0.029389522279067767
8, 23, 0.029542878613407406
8, 24, 0.03624575936806458
8, 25, 0.03284082419222717
8, 26, 0.0365607736822221
8, 27, 0.03638250145671567
8, 28, 0.037106206722378486
8, 29, 0.04625923975088294
8, 30, 0.035150138007152575
8, 31, 0.03617639219438664
8, 32, 0.036869565434895175
8, 33, 0.0320112274716461
8, 34, 0.03599288569842425
8, 35, 0.03620832872870874
8, 36, 0.03674503563830162
8, 37, 0.03625800879157939
8, 38, 0.03513725921023326
8, 39, 0.030775018514208226
8, 40, 0.030146320703007285
8, 41, 0.03071538059087418
8, 42, 0.03622553207842172
8, 43, 0.036107274842889614
8, 44, 0.03626048329012861
8, 45, 0.03988477788007179
9, 10, 0.04244289950267932
9, 11, 0.04203369904626708
9, 12, 0.04201364093632233
9, 13, 0.025768293621712367
9, 14, 0.042318388592245806
9, 15, 0.0432779057403173
9, 16, 0.03545279171016407
9, 17, 0.029172693120004364
9, 18, 0.029259618917346197
9, 19, 0.04225045077683971
9, 20, 0.025463666403297933
9, 21, 0.042283729093590926
9, 22, 0.027165231500578858
9, 23, 0.028290304305193123
9, 24, 0.04121466247034678
9, 25, 0.027977328760839602
9, 26, 0.041273916548607265
9, 27, 0.04220807833609329
9, 28, 0.0419429088620376
9, 29, 0.056522719356811905
9, 30, 0.03432348276469236
9, 31, 0.04097656924803341
9, 32, 0.0409284511330122
9, 33, 0.030546235789857837
9, 34, 0.03632750972306301
9, 35, 0.04033655560016955
9, 36, 0.04173956967316796
9, 37, 0.04228271720396976
9, 38, 0.034217258124471295
9, 39, 0.02784330383560176
9, 40, 0.0287783195207321
9, 41, 0.028998160769749603
9, 42, 0.04095338720315762
9, 43, 0.039644363244166175
9, 44, 0.042002364759520947
9, 45, 0.04786141185756419
10, 11, 0.042257892246564406
10, 12, 0.042250098078729155
10, 13, 0.026108451919147072
10, 14, 0.0425025956750017
10, 15, 0.04327836674233792
10, 16, 0.03564303564554432
10, 17, 0.029400780671920052
10, 18, 0.030203962962693343
10, 19, 0.04244838432891721
10, 20, 0.025586739627210597
10, 21, 0.042475061525517124
10, 22, 0.027326712434701996
10, 23, 0.028377428812671666
10, 24, 0.04155601901477324
10, 25, 0.02871226980900431
10, 26, 0.04150454816208824
10, 27, 0.04238367294682659
10, 28, 0.04205016223190916
10, 29, 0.0561778322331754
10, 30, 0.03482713974902158
10, 31, 0.0413793790220729
10, 32, 0.04111426528324433
10, 33, 0.030692557644747095
10, 34, 0.03646809783602429
10, 35, 0.040771273405780344
10, 36, 0.04190077396100912
10, 37, 0.04247447760797674
10, 38, 0.03476385891514269
10, 39, 0.02810466055539161
10, 40, 0.028880552390046044
10, 41, 0.029139058698964087
10, 42, 0.041331046431692005
10, 43, 0.040184997820292084
10, 44, 0.042237258184302566
10, 45, 0.047638436560974634
11, 12, 0.03696480330536202
11, 13, 0.024360190739929743
11, 14, 0.038661220619282205
11, 15, 0.04335464778615538
11, 16, 0.034678448664200286
11, 17, 0.028252477244874463
11, 18, 0.024037032856652735
11, 19, 0.03770019802260407
11, 20, 0.02498607098395512
11, 21, 0.03814506669999059
11, 22, 0.026530869711708673
11, 23, 0.027956208238674344
11, 24, 0.036432273992669725
11, 25, 0.024399419916572688
11, 26, 0.0398378999665383
11, 27, 0.04071286727024694
11, 28, 0.04155692336226517
11, 29, 0.058121822572002005
11, 30, 0.031809385190219135
11, 31, 0.03329240124272805
11, 32, 0.040048231621346776
11, 33, 0.029972824454949802
11, 34, 0.03577354923687258
11, 35, 0.03555508819542049
11, 36, 0.04094873668690048
11, 37, 0.03806577332942533
11, 38, 0.03140977042515139
11, 39, 0.026780667994890327
11, 40, 0.02838437592678172
11, 41, 0.028447755756049378
11, 42, 0.03578928364971753
11, 43, 0.03329700377306648
11, 44, 0.03756781908748603
11, 45, 0.04914041727218792
12, 13, 0.024279662253052135
12, 14, 0.0349156190140328
12, 15, 0.043361134019938276
12, 16, 0.03463394360872237
12, 17, 0.028200820056205497
12, 18, 0.02364776949612194
12, 19, 0.032406275306010826
12, 20, 0.024960244198648042
12, 21, 0.03354030717596768
12, 22, 0.026496150714825067
12, 23, 0.02793827683843154
12, 24, 0.03519451296226462
12, 25, 0.024162611201488927
12, 26, 0.039690304970239634
12, 27, 0.04038359079503443
12, 28, 0.04153201785574158
12, 29, 0.05821904102819659
12, 30, 0.03163646493787602
12, 31, 0.0304585627168531
12, 32, 0.03998299675122513
12, 33, 0.02994137308977681
12, 34, 0.03574247422580865
12, 35, 0.034724809131244455
12, 36, 0.04088010860196675
12, 37, 0.033213595307647385
12, 38, 0.031211602299859562
12, 39, 0.02672071229770848
12, 40, 0.028363132008632767
12, 41, 0.028417715382756756
12, 42, 0.034550590872919236
12, 43, 0.032160797208708236
12, 44, 0.03511928756557644
12, 45, 0.049229982006553125
13, 14, 0.02426224203222666
13, 15, 0.031516640620142665
13, 16, 0.028791789239577988
13, 17, 0.02641488833562546
13, 18, 0.024114769318119317
13, 19, 0.02424669047746367
13, 20, 0.02477510163249658
13, 21, 0.024252817838966444
13, 22, 0.025749281833370694
13, 23, 0.02713290120413845
13, 24, 0.024448359678176764
13, 25, 0.024200766289648616
13, 26, 0.025355704363542838
13, 27, 0.024589719172753145
13, 28, 0.026638926293523404
13, 29, 0.03846773728304471
13, 30, 0.02581941605004086
13, 31, 0.02430304743370405
13, 32, 0.026456354464450577
13, 33, 0.027880491665731665
13, 34, 0.029873623542115823
13, 35, 0.02459149928264815
13, 36, 0.025712370052901952
13, 37, 0.02425019296368526
13, 38, 0.025612856212778198
13, 39, 0.025566440125515053
13, 40, 0.027317712734465677
13, 41, 0.027057314758951952
13, 42, 0.02445741599238234
13, 43, 0.02449100130511692
13, 44, 0.024310606219414325
13, 45, 0.030478248305641394
14, 15, 0.043413023292295065
14, 16, 0.03464583120174023
14, 17, 0.028194838595449426
14, 18, 0.02355643024003229
14, 19, 0.03484622249020666
14, 20, 0.02495504830124739
14, 21, 0.03754044742918156
14, 22, 0.026490420436555244
14, 23, 0.027936058252379825
14, 24, 0.0357524311946997
14, 25, 0.02411012117793581
14, 26, 0.03998045920501708
14, 27, 0.04152225359434205
14, 28, 0.04170129820176261
14, 29, 0.05831678144651119
14, 30, 0.03164206331647906
14, 31, 0.030331272827639116
14, 32, 0.04012466521378882
14, 33, 0.029939766632489505
14, 34, 0.035755108934280584
14, 35, 0.034999256926388826
14, 36, 0.041144529608133154
14, 37, 0.03702280955111657
14, 38, 0.03121334818845687
14, 39, 0.02671114637904671
14, 40, 0.028360793685263244
14, 41, 0.028414460294252177
14, 42, 0.03497142696128138
14, 43, 0.032246838698384524
14, 44, 0.03677411404321929
14, 45, 0.049371877908036724
15, 16, 0.038502369220914344
15, 17, 0.033255084698765265
15, 18, 0.03835780734896118
15, 19, 0.04340369115141259
15, 20, 0.028059303417112994
15, 21, 0.04340840147332819
15, 22, 0.030378679396150535
15, 23, 0.030174790150782397
15, 24, 0.04319005601768479
15, 25, 0.036537367720147
15, 26, 0.043038726683345505
15, 27, 0.043360164277545576
15, 28, 0.043066425104700636
15, 29, 0.05146938518472922
15, 30, 0.03978561104855228
15, 31, 0.0431739355928717
15, 32, 0.0427293063357507
15, 33, 0.03339468745828102
15, 34, 0.038737310105116565
15, 35, 0.04297202225288786
15, 36, 0.04311421914191074
15, 37, 0.04340850715271676
15, 38, 0.03990987956356874
15, 39, 0.03245332373224255
15, 40, 0.030936954722110686
15, 41, 0.03181712681617401
15, 42, 0.04313638258586164
15, 43, 0.04284294044810846
15, 44, 0.0433553843622831
15, 45, 0.045513672461856704
16, 17, 0.030691288991017873
16, 18, 0.03228524534024179
16, 19, 0.034632695378329664
16, 20, 0.026934783035639395
16, 21, 0.03463831150835773
16, 22, 0.028729909886555462
16, 23, 0.029121428493458817
16, 24, 0.03465929660343797
16, 25, 0.031440960035762765
16, 26, 0.03511377686530134
16, 27, 0.03481495077742012
16, 28, 0.03583830806216283
16, 29, 0.04600056074872477
16, 30, 0.0338554562250295
16, 31, 0.03456753148172075
16, 32, 0.03558359599069211
16, 33, 0.03137023579542112
16, 34, 0.03525263203076871
16, 35, 0.03464794131542741
16, 36, 0.035348157630364634
16, 37, 0.034636810578792206
16, 38, 0.033808512604293274
16, 39, 0.02987852568419682
16, 40, 0.02966525768999034
16, 41, 0.03010425749804008
16, 42, 0.034641427840553664
16, 43, 0.03453379939783358
16, 44, 0.034649668090593375
16, 45, 0.03903198335895474
17, 18, 0.02750271886794691
17, 19, 0.02818378906810944
17, 20, 0.025884097872858135
17, 21, 0.028188248263772996
17, 22, 0.02712119014867312
17, 23, 0.027996797197036447
17, 24, 0.028292842104447814
17, 25, 0.027296003450387074
17, 26, 0.028873151083950107
17, 27, 0.02840262799851484
17, 28, 0.029737334570728274
17, 29, 0.039307839800028534
17, 30, 0.028807222333878318
17, 31, 0.028196663387486012
17, 32, 0.02957775596901561
17, 33, 0.02921891596895939
17, 34, 0.03150498702899401
17, 35, 0.028363406843354543
17, 36, 0.029118285056021844
17, 37, 0.02818655571268923
17, 38, 0.02868513751219555
17, 39, 0.02746146952527085
17, 40, 0.028306682417050734
17, 41, 0.02832613008744474
17, 42, 0.02829315944835887
17, 43, 0.028284241483936413
17, 44, 0.028220325443530564
17, 45, 0.03268167914852392
18, 19, 0.023479964974005826
18, 20, 0.024855401576459383
18, 21, 0.02351001070918222
18, 22, 0.026206831525275805
18, 23, 0.027690293187870245
18, 24, 0.0244488912485255
18, 25, 0.02384089680448117
18, 26, 0.02789097913175327
18, 27, 0.02508159992621227
18, 28, 0.031375034713028396
18, 29, 0.05049781816727037
18, 30, 0.028086170328491786
18, 31, 0.023777092678984396
18, 32, 0.030763171764273945
18, 33, 0.029255857779739068
18, 34, 0.03356259684106095
18, 35, 0.025061864359174308
18, 36, 0.029021534634432432
18, 37, 0.023496899242396996
18, 38, 0.027648760621994034
18, 39, 0.02621219526600906
18, 40, 0.02803650577047904
18, 41, 0.02796114344049064
18, 42, 0.024489375031387928
18, 43, 0.024632132486899685
18, 44, 0.02379912038819225
18, 45, 0.03937327584359692
19, 20, 0.024950010802989926
19, 21, 0.02956014498705101
19, 22, 0.0264833744787755
19, 23, 0.02793227039169274
19, 24, 0.03523538433464688
19, 25, 0.0240637802934508
19, 26, 0.039882526163441706
19, 27, 0.04119849629541609
19, 28, 0.04165992415170516
19, 29, 0.05831952664292862
19, 30, 0.0315988127883014
19, 31, 0.029235986563930665
19, 32, 0.04007903676016167
19, 33, 0.029932625742790018
19, 34, 0.03574503922682811
19, 35, 0.03470454897412567
19, 36, 0.0410724653221026
19, 37, 0.027586853945026465
19, 38, 0.031164620848059234
19, 39, 0.026698868411675694
19, 40, 0.02835624266868363
19, 41, 0.02840800617043885
19, 42, 0.0344919738255953
19, 43, 0.03189901680480827
19, 44, 0.035210156431475195
19, 45, 0.04936387962776604
20, 21, 0.024952002817458248
20, 22, 0.025569765991745444
20, 23, 0.02657444019794849
20, 24, 0.025013546522283825
20, 25, 0.024861148674923818
20, 26, 0.02531859426815673
20, 27, 0.02506065652314383
20, 28, 0.025787707597263797
20, 29, 0.03135052426338993
20, 30, 0.02550007446697095
20, 31, 0.024966401367006924
20, 32, 0.02572178260171206
20, 33, 0.026792423807360244
20, 34, 0.02755168769761314
20, 35, 0.025059187487008746
20, 36, 0.02544429610103474
20, 37, 0.024951165151063995
20, 38, 0.025418680465647128
20, 39, 0.025437318921609175
20, 40, 0.02663575159534909
20, 41, 0.02636124710053554
20, 42, 0.02501616064150264
20, 43, 0.025025338687671213
20, 44, 0.02497012737397571
20, 45, 0.02735606394453499
21, 22, 0.026486186158817412
21, 23, 0.027933796112303125
21, 24, 0.03546200024803642
21, 25, 0.024082033241193596
21, 26, 0.03992801323360868
21, 27, 0.04135499669249397
21, 28, 0.041679857270232684
21, 29, 0.05832001269787266
21, 30, 0.031616759896033554
21, 31, 0.02969456297970888
21, 32, 0.04010026213640926
21, 33, 0.029935544741757206
21, 34, 0.03574940237625273
21, 35, 0.034831868166468716
21, 36, 0.04110675683313455
21, 37, 0.0325429069490616
21, 38, 0.031184766477919967
21, 39, 0.02670377512753783
21, 40, 0.028358081205229854
21, 41, 0.0284106146086358
21, 42, 0.03469987988352181
21, 43, 0.03204506245525428
21, 44, 0.03592175290328412
21, 45, 0.049369541865446544
22, 23, 0.027408669092196056
22, 24, 0.026563674119783765
22, 25, 0.026141616505653407
22, 26, 0.026966459507971708
22, 27, 0.02663148866123319
22, 28, 0.027580589930171998
22, 29, 0.03474135595088704
22, 30, 0.027084929800948343
22, 31, 0.026499737624764257
22, 32, 0.02748322399831959
22, 33, 0.028084378524495617
22, 34, 0.02943890893812892
22, 35, 0.026619187756198263
22, 36, 0.027134593880730654
22, 37, 0.02648505565076922
22, 38, 0.026986999355481215
22, 39, 0.026562320500608055
22, 40, 0.02759087647015799
22, 41, 0.027454462747773002
22, 42, 0.026565791855852738
22, 43, 0.026570342540977537
22, 44, 0.026509360445471947
22, 45, 0.02966241546260891
23, 24, 0.027970872672422143
23, 25, 0.027602329404585353
23, 26, 0.02818074682916221
23, 27, 0.0280087097813667
23, 28, 0.02851332276649777
23, 29, 0.03296514966925179
23, 30, 0.028190244658686105
23, 31, 0.027937390244800225
23, 32, 0.028455599796893515
23, 33, 0.02859130631207107
23, 34, 0.029572244242520116
23, 35, 0.027996611862913003
23, 36, 0.028271656935386642
23, 37, 0.027933211631362958
23, 38, 0.028139505117703082
23, 39, 0.027632055734464336
23, 40, 0.028123757909504086
23, 41, 0.028106888285086635
23, 42, 0.027971185745761254
23, 43, 0.027969164588403577
23, 44, 0.027945047743223903
23, 45, 0.029728292948397215
24, 25, 0.024651059154857952
24, 26, 0.03911739855606975
24, 27, 0.0387147250059139
24, 28, 0.041075098021510006
24, 29, 0.05777594333417821
24, 30, 0.03185758870852152
24, 31, 0.03325358497922758
24, 32, 0.0396596573447885
24, 33, 0.02999109256532762
24, 34, 0.035746509672362044
24, 35, 0.03508858627102312
24, 36, 0.04024978078180648
24, 37, 0.03540572139466196
24, 38, 0.03147816068528133
24, 39, 0.026835763174941508
24, 40, 0.028400796199568198
24, 41, 0.028470724441966088
24, 42, 0.03510336208097913
24, 43, 0.03327378921742376
24, 44, 0.0356735416592618
24, 45, 0.04867311063416271
25, 26, 0.02698749086880464
25, 27, 0.02505374032504842
25, 28, 0.029714386098202476
25, 29, 0.04736819515782923
25, 30, 0.027431768555738784
25, 31, 0.024233037656458484
25, 32, 0.029270883638987447
25, 33, 0.028995061342714564
25, 34, 0.032708292836121144
25, 35, 0.025041895682483956
25, 36, 0.027819685121521727
25, 37, 0.024074180086870643
25, 38, 0.027062142905996543
25, 39, 0.026108248447766932
25, 40, 0.027917500447723294
25, 41, 0.02780303561324294
25, 42, 0.024675608162430335
25, 43, 0.024762404762502632
25, 44, 0.024254106485615927
25, 45, 0.0365868212360746
26, 27, 0.040319117430928045
26, 28, 0.0411517417155797
26, 29, 0.056582525054163696
26, 30, 0.03343882295747203
26, 31, 0.03865881697348737
26, 32, 0.040078850670777925
26, 33, 0.030347022994698918
26, 34, 0.036061117888062544
26, 35, 0.038406123727595526
26, 36, 0.04063366943858117
26, 37, 0.03992245341275014
26, 38, 0.033255615432483045
26, 39, 0.027512051986868468
26, 40, 0.028647723769752907
26, 41, 0.02881612463685226
26, 42, 0.038862900590704255
26, 43, 0.03759172511636097
26, 44, 0.03972877728292687
26, 45, 0.047636765657892786
27, 28, 0.041698445115787255
27, 29, 0.05788279549844724
27, 30, 0.03230208722284687
27, 31, 0.03733951118846849
27, 32, 0.0402882439938101
27, 33, 0.030065588715181363
27, 34, 0.035871294538688946
27, 35, 0.03738217382372362
27, 36, 0.04123293839139223
27, 37, 0.041344158917952754
27, 38, 0.031969046056393675
27, 39, 0.026953567144009406
27, 40, 0.028446655520478373
27, 41, 0.02853564790602102
27, 42, 0.038134617611105925
27, 43, 0.03568438512838895
27, 44, 0.040456619690904944
27, 45, 0.04894932983361014
28, 29, 0.05532295713522543
28, 30, 0.035337915476928564
28, 31, 0.040924926583504634
28, 32, 0.040911161041933444
28, 33, 0.030903664525087665
28, 34, 0.03659836966433168
28, 35, 0.04051370494607357
28, 36, 0.04150372735484511
28, 37, 0.0416787378168237
28, 38, 0.03531463638929265
28, 39, 0.02850096099476385
28, 40, 0.02903763273805972
28, 41, 0.029352374764076195
28, 42, 0.04091316790823097
28, 43, 0.04006483224194399
28, 44, 0.04153067096795627
28, 45, 0.04689958937100688
29, 30, 0.05099012555806767
29, 31, 0.05790878441520244
29, 32, 0.05498502522106685
29, 33, 0.038114460076197246
29, 34, 0.0454134296280202
29, 35, 0.05728877386233609
29, 36, 0.056329544277892156
29, 37, 0.058323028129624116
29, 38, 0.05140444926094048
29, 39, 0.03874521629368191
29, 40, 0.03420213918356473
29, 41, 0.03607256599920225
29, 42, 0.05768431819086321
29, 43, 0.05719937061617877
29, 44, 0.05817670016484855
29, 45, 0.05552328934962913
30, 31, 0.031528993699787365
30, 32, 0.03478915954121488
30, 33, 0.030157385406781274
30, 34, 0.0348364066203104
30, 35, 0.03196875464697966
30, 36, 0.034083956375644105
30, 37, 0.03161090712733442
30, 38, 0.03140602465450842
30, 39, 0.027628855995356954
30, 40, 0.028630825142757683
30, 41, 0.02877891364057095
30, 42, 0.031830847176434564
30, 43, 0.03165473131253491
30, 44, 0.03170057921228574
30, 45, 0.04136228981238591
31, 32, 0.03945213113521318
31, 33, 0.02993131345888992
31, 34, 0.03568001538230662
31, 35, 0.03353299243955258
31, 36, 0.03995205060346242
31, 37, 0.029531010349571094
31, 38, 0.031105376952480262
31, 39, 0.026725585777434304
31, 40, 0.028360998944395147
31, 41, 0.02841449694678725
31, 42, 0.032902493218516564
31, 43, 0.03137200895435935
31, 44, 0.03168158854929962
31, 45, 0.04876135333334357
32, 33, 0.030787330663640176
32, 34, 0.03638265909624037
32, 35, 0.03921830328695709
32, 36, 0.040506561813365406
32, 37, 0.04009779444775917
32, 38, 0.03473094808773902
32, 39, 0.028336858048690173
32, 40, 0.028967317845144818
32, 41, 0.029254167298622607
32, 42, 0.039518223160244864
32, 43, 0.03876870435949632
32, 44, 0.039998517291179495
32, 45, 0.04634625279108672
33, 34, 0.03197650890344621
33, 35, 0.030025837092963335
33, 36, 0.030505443017221703
33, 37, 0.02993451187393438
33, 38, 0.030085761554131785
33, 39, 0.02865070258224124
33, 40, 0.02894764800348775
33, 41, 0.029110194354566445
33, 42, 0.029989129842577296
33, 43, 0.029971648203168656
33, 44, 0.02995310970379146
33, 45, 0.032988859911288915
34, 35, 0.035720332934523376
34, 36, 0.03623820926504711
34, 37, 0.035748346627230164
34, 38, 0.03481772835699745
34, 39, 0.030784393325086402
34, 40, 0.03016629559164103
34, 41, 0.03072375023318928
34, 42, 0.03572937392982417
34, 43, 0.03562818329063406
34, 44, 0.035753165741512986
34, 45, 0.039244179520302146
35, 36, 0.03950844077989657
35, 37, 0.0347984098381174
35, 38, 0.03162062917396942
35, 39, 0.026928609386199284
35, 40, 0.028429946489050964
35, 41, 0.028511447767373965
35, 42, 0.034806742130197466
35, 43, 0.03345724997882926
35, 44, 0.03503648019184015
35, 45, 0.048053469483811784
36, 37, 0.041104044538135744
36, 38, 0.03396037348426324
36, 39, 0.027789560138542398
36, 40, 0.028755182597684923
36, 41, 0.02896539075028527
36, 42, 0.040014764743995325
36, 43, 0.03882576282747216
36, 44, 0.04088971243501646
36, 45, 0.04755563627985072
37, 38, 0.031178047302591164
37, 39, 0.026701815773854415
37, 40, 0.0283573877232631
37, 41, 0.02840963266106556
37, 42, 0.03464467063797603
37, 43, 0.03199857878471168
37, 44, 0.0357533451274234
37, 45, 0.04937227652222966
38, 39, 0.02747977316913227
38, 40, 0.028573315360409097
38, 41, 0.028701397917537997
38, 42, 0.03145208398770389
38, 43, 0.03127577042802055
38, 44, 0.031285448981580574
38, 45, 0.04161884484018996
39, 40, 0.027888650038667712
39, 41, 0.027795587694578763
39, 42, 0.0268389271219342
39, 43, 0.026844097295341308
39, 44, 0.02674352316724854
39, 45, 0.03170561006247313
40, 41, 0.028378444742045802
40, 42, 0.028400845495446452
40, 43, 0.02839666196175931
40, 44, 0.028371136142573906
40, 45, 0.030466986867381605
41, 42, 0.028470717659820892
41, 43, 0.02846440335615662
41, 44, 0.02842903448547369
41, 45, 0.03127914600593342
42, 43, 0.03306480463145698
42, 44, 0.03503221407013332
42, 45, 0.048540191211982865
43, 44, 0.032604849076703635
43, 45, 0.047839812208106694
44, 45, 0.04918755414315149
