7
0, 1, 0.04287809168164326
0, 2, 0.041551338101881045
0, 3, 0.04105788828746183
0, 4, 0.041488804327855774
0, 5, 0.04302395016220367
0, 6, 0.043112798366350145
1, 2, 0.04289736191326257
1, 3, 0.04521536037977337
1, 4, 0.04549436743267586
1, 5, 0.04519478218730966
1, 6, 0.04420279147742095
2, 3, 0.041805350922495155
2, 4, 0.04204630901767088
2, 5, 0.043004148723264
2, 6, 0.043086878465986946
3, 4, 0.04476668193170712
3, 5, 0.044905241290710884
3, 6, 0.04384219887230643
4, 5, 0.04513421611106314
4, 6, 0.04395315687185376
5, 6, 0.04418892217616341
