23
0, 1, 0.016143591982273615
0, 2, 0.01621673014623263
0, 3, 0.0168750780748481
0, 4, 0.01608602597438816
0, 5, 0.01672407286310309
0, 6, 0.016875207031596715
0, 7, 0.01550922318423093
0, 8, 0.016875949759543155
0, 9, 0.016453678272327743
0, 10, 0.01716163185292007
0, 11, 0.016880364746537896
0, 12, 0.01571991705318911
0, 13, 0.016447520524727196
0, 14, 0.02089162852087691
0, 15, 0.015871757988197427
0, 16, 0.02090351521630634
0, 17, 0.01635445748312306
0, 18, 0.016679066020306683
0, 19, 0.01678651084077901
0, 20, 0.016896488397486795
0, 21, 0.01571860606787553
0, 22, 0.016875738193995942
1, 2, 0.015469534196699435
1, 3, 0.015391362340353784
1, 4, 0.015340523798615368
1, 5, 0.015939962935466286
1, 6, 0.015391523699980035
1, 7, 0.014730389117253015
1, 8, 0.015392186133086858
1, 9, 0.015667939519737287
1, 10, 0.01577537430632996
1, 11, 0.015397169309966149
1, 12, 0.01496040460927427
1, 13, 0.015703854095638826
1, 14, 0.020163332297979487
1, 15, 0.0150859545555258
1, 16, 0.020171605827980336
1, 17, 0.015612302826900385
1, 18, 0.015732474066302286
1, 19, 0.01542102233701995
1, 20, 0.016121214297227012
1, 21, 0.014912402111866976
1, 22, 0.015392224774983728
2, 3, 0.01555091117058026
2, 4, 0.015420302159512966
2, 5, 0.016019982995612445
2, 6, 0.015551066994036028
2, 7, 0.014817631923571627
2, 8, 0.015551730044091926
2, 9, 0.01574992693099738
2, 10, 0.01591980963200692
2, 11, 0.015556589597501691
2, 12, 0.015044055351084183
2, 13, 0.01578118901724488
2, 14, 0.02020879022325718
2, 15, 0.015171725682767527
2, 16, 0.020217228679769723
2, 17, 0.01569004721518979
2, 18, 0.01583092273257819
2, 19, 0.01556731420171688
2, 20, 0.016199129004218153
2, 21, 0.015001557387813579
2, 22, 0.01555174082879785
3, 4, 0.01529546208517575
3, 5, 0.016554932298130237
3, 6, 0.02821413370235201
3, 7, 0.014050688623199085
3, 8, 0.03353218282990802
3, 9, 0.01597778482976488
3, 10, 0.0218848617671925
3, 11, 0.03332964392535096
3, 12, 0.014536652736257073
3, 13, 0.01601605561924012
3, 14, 0.02578837725780036
3, 15, 0.014763329437996577
3, 16, 0.025871399188501863
3, 17, 0.015832530425217345
3, 18, 0.016333563105770367
3, 19, 0.015804658057616213
3, 20, 0.016925145884036537
3, 21, 0.014379433894437434
3, 22, 0.026915020669583133
4, 5, 0.01588119282745098
4, 6, 0.015295620996265543
4, 7, 0.01468984394994806
4, 8, 0.0152962594880488
4, 9, 0.015613177351011219
4, 10, 0.015675597760798625
4, 11, 0.015301138926973035
4, 12, 0.014917634976832518
4, 13, 0.015651521547573245
4, 14, 0.02004264394176349
4, 15, 0.01503985782340297
4, 16, 0.020050172362984512
4, 17, 0.01556138116014152
4, 18, 0.01566527328205588
4, 19, 0.015332043458688369
4, 20, 0.01606036558613584
4, 21, 0.014867712444466639
4, 22, 0.015296313331647235
5, 6, 0.01655508734027078
5, 7, 0.015255859431542448
5, 8, 0.016555916264622734
5, 9, 0.016262753990414373
5, 10, 0.016902731742373757
5, 11, 0.01656109426614197
5, 12, 0.015486879256127618
5, 13, 0.016266950087486333
5, 14, 0.021037300608491887
5, 15, 0.01564053809152845
5, 16, 0.021050922431196266
5, 17, 0.01616813763493664
5, 18, 0.016465765785762514
5, 19, 0.016483033851130483
5, 20, 0.01673921988253326
5, 21, 0.015470343209106015
5, 22, 0.016555734681406642
6, 7, 0.0140508819609736
6, 8, 0.032958359533403925
6, 9, 0.01597795053561889
6, 10, 0.021885472819260815
6, 11, 0.033032797670558604
6, 12, 0.01453682917703756
6, 13, 0.016016202960596925
6, 14, 0.02578833628557191
6, 15, 0.01476351524345441
6, 16, 0.02587135587725122
6, 17, 0.015832679940521757
6, 18, 0.01633381287496226
6, 19, 0.015806380234762253
6, 20, 0.01692529089639145
6, 21, 0.014379636688670221
6, 22, 0.026800363001762157
7, 8, 0.014051469182926497
7, 9, 0.014981675321025489
7, 10, 0.014530021696430303
7, 11, 0.014057021262888377
7, 12, 0.014296159547945456
7, 13, 0.015055697961053799
7, 14, 0.01954078575739084
7, 15, 0.014398190598332456
7, 16, 0.01954587741425607
7, 17, 0.014965290708144893
7, 18, 0.01489963989208515
7, 19, 0.014194253794437593
7, 20, 0.015445558606092435
7, 21, 0.014205686782288545
7, 22, 0.014051750169221772
8, 9, 0.015978726956244478
8, 10, 0.021903183078238884
8, 11, 0.036686929829324096
8, 12, 0.014537427178157073
8, 13, 0.016016899345013307
8, 14, 0.025789989322873453
8, 15, 0.014764177861075832
8, 16, 0.025873035033734147
8, 17, 0.015833357837431176
8, 18, 0.016335082045295244
8, 19, 0.015814146437027186
8, 20, 0.01692613596921154
8, 21, 0.01438030013033682
8, 22, 0.030333956283200694
9, 10, 0.0163603855800006
9, 11, 0.015984039107444455
9, 12, 0.015217553656483224
9, 13, 0.015995738482376436
9, 14, 0.020719090967700624
9, 15, 0.015359760930667595
9, 16, 0.0207308870478407
9, 17, 0.015898507044957613
9, 18, 0.01611290031114044
9, 19, 0.01595791995416483
9, 20, 0.016450778366606668
9, 21, 0.015183684633203512
9, 22, 0.015978657356469753
10, 11, 0.021952603599317118
10, 12, 0.014969089859289473
10, 13, 0.016358041601377524
10, 14, 0.02551526154450724
10, 15, 0.015213391297192846
10, 16, 0.02558953635585467
10, 17, 0.016182552008949812
10, 18, 0.016880063660809148
10, 19, 0.018312603997158686
10, 20, 0.01724397443719391
10, 21, 0.014874979872848505
10, 22, 0.02188605262347042
11, 12, 0.014542619975781592
11, 13, 0.016021635117048256
11, 14, 0.0257924158625866
11, 15, 0.014769712799181366
11, 16, 0.02587546173649321
11, 17, 0.01583810518613286
11, 18, 0.016343287985591797
11, 19, 0.01586858465568691
11, 20, 0.0169311204647662
11, 21, 0.014386219916969015
11, 22, 0.03145381704540258
12, 13, 0.01527746835703876
12, 14, 0.01968449843993856
12, 15, 0.014643197225493869
12, 16, 0.019690232530604944
12, 17, 0.015187947859864099
12, 18, 0.015187192967532686
12, 19, 0.01463548599017012
12, 20, 0.01567088545270527
12, 21, 0.01446028515602623
12, 22, 0.014537613030662524
13, 14, 0.02046479157925653
13, 15, 0.015414044757711902
13, 16, 0.02047457162512954
13, 17, 0.01592177319825499
13, 18, 0.016128147503159915
13, 19, 0.015995058352916154
13, 20, 0.016444396759146277
13, 21, 0.015249174653046812
13, 22, 0.016016830634869913
14, 15, 0.020016264547701706
14, 16, 0.02582910976140074
14, 17, 0.020344497578816408
14, 18, 0.0219691735387942
14, 19, 0.024838167539511166
14, 20, 0.021193507008405353
14, 21, 0.019947832259501655
14, 22, 0.025787909574273325
15, 16, 0.020024050901712127
15, 17, 0.015320563176016936
15, 18, 0.015359263604691897
15, 19, 0.014849582842543986
15, 20, 0.01583072729559203
15, 21, 0.014573191932150552
15, 22, 0.01476433620334321
16, 17, 0.02035360821299319
16, 18, 0.021992301892064747
16, 19, 0.02490333207102492
16, 20, 0.021207882894902233
16, 21, 0.019955426270378922
16, 22, 0.025870914126520116
17, 18, 0.016010011762850995
17, 19, 0.015826342872210533
17, 20, 0.01634553090945075
17, 21, 0.015154345525841604
17, 22, 0.01583332080415753
18, 19, 0.01625615143992369
18, 20, 0.016693853668864195
18, 21, 0.015143234526282561
18, 22, 0.016334864692835096
19, 20, 0.01682144409099555
19, 21, 0.01450425857898015
19, 22, 0.015813759122046696
20, 21, 0.015666328667388246
20, 22, 0.01692588683388351
21, 22, 0.014380540866948543
