9
0, 1, 0.035188837034819724
0, 2, 0.036068193928335615
0, 3, 0.03449711626048419
0, 4, 0.03458794700692099
0, 5, 0.03441377745196562
0, 6, 0.03485174934020285
0, 7, 0.03463536893673382
0, 8, 0.03465763553972425
1, 2, 0.03665635327294449
1, 3, 0.03535883702072154
1, 4, 0.03575189363853314
1, 5, 0.0351491891135861
1, 6, 0.035905765880323535
1, 7, 0.035867159664730315
1, 8, 0.035884988228779245
2, 3, 0.03649128377053863
2, 4, 0.03664715459306866
2, 5, 0.036411440164006395
2, 6, 0.03661466749752738
2, 7, 0.036676636539759055
2, 8, 0.03667602870839367
3, 4, 0.031940236796392615
3, 5, 0.032483458485530047
3, 6, 0.03429214478747872
3, 7, 0.032183599035088335
3, 8, 0.03249371798441162
4, 5, 0.03188756414427112
4, 6, 0.0345853493131819
4, 7, 0.029384720351201966
4, 8, 0.030711476908315487
5, 6, 0.03405709033082216
5, 7, 0.03208637391008231
5, 8, 0.03235007743337497
6, 7, 0.034786082395251265
6, 8, 0.034869930845330174
7, 8, 0.031260756747579846
