15
0, 1, 0.0514105715142841
0, 2, 0.05169287504464644
0, 3, 0.043082517400195273
0, 4, 0.04943766856025431
0, 5, 0.05186257144289377
0, 6, 0.05068090434602701
0, 7, 0.050923316440760896
0, 8, 0.05169668695955036
0, 9, 0.04609148657628198
0, 10, 0.04994282904021052
0, 11, 0.0516936156471361
0, 12, 0.05169508676083801
0, 13, 0.042911121663268686
0, 14, 0.04551781248090119
1, 2, 0.009627737107374785
1, 3, 0.009805258843992548
1, 4, 0.009647286554845563
1, 5, 0.05175037633084493
1, 6, 0.010571401713297814
1, 7, 0.008791323034090859
1, 8, 0.008952577341280266
1, 9, 0.04169121489749193
1, 10, 0.047890806927252026
1, 11, 0.008935359420470069
1, 12, 0.008916700663508522
1, 13, 0.030045359495664954
1, 14, 0.03970446490682257
2, 3, 0.009848749243947822
2, 4, 0.009826577345286837
2, 5, 0.052007666373758484
2, 6, 0.011200531842414214
2, 7, 0.009042493180519888
2, 8, 0.031019331699737945
2, 9, 0.04185660286793428
2, 10, 0.04815459204340892
2, 11, 0.02601608509719601
2, 12, 0.02777381528756751
2, 13, 0.03025160061853764
2, 14, 0.039892015172429546
3, 4, 0.009813033341167109
3, 5, 0.04400536823171343
3, 6, 0.009936346196838653
3, 7, 0.00975860678686916
3, 8, 0.009831263052815823
3, 9, 0.036617591617113074
3, 10, 0.04016564104038153
3, 11, 0.009830573993661525
3, 12, 0.009830212957260795
3, 13, 0.02469963539052432
3, 14, 0.034157290236021716
4, 5, 0.049942406048623086
4, 6, 0.010135476473677024
4, 7, 0.00949975291789261
4, 8, 0.009746954197323542
4, 9, 0.040534532688979406
4, 10, 0.046055984169955815
4, 11, 0.009743924774556727
4, 12, 0.009742226279792359
4, 13, 0.02869600139382882
4, 14, 0.038408310316018025
5, 6, 0.051083296786778455
5, 7, 0.05130548693207607
5, 8, 0.052011170205694714
5, 9, 0.04647872444562239
5, 10, 0.050198151758427574
5, 11, 0.05200837318876492
5, 12, 0.05200971414097454
5, 13, 0.043621004782255626
5, 14, 0.04597220700829909
6, 7, 0.010074904782889966
6, 8, 0.011034475200353049
6, 9, 0.04127276906073948
6, 10, 0.04721492998011253
6, 11, 0.01102430277645294
6, 12, 0.011022398215945592
6, 13, 0.02956602586562144
6, 14, 0.03923545248510362
7, 8, 0.008787419293623085
7, 9, 0.0414057043153435
7, 10, 0.047436233838935915
7, 11, 0.008781653733039402
7, 12, 0.00877444763288796
7, 13, 0.029697119996335227
7, 14, 0.0393819690980168
8, 9, 0.041858000408282865
8, 10, 0.048157751223853254
8, 11, 0.01587825376772633
8, 12, 0.017324765570967852
8, 13, 0.03025093317143231
8, 14, 0.03989334304445718
9, 10, 0.04454292583282364
9, 11, 0.04185619431922142
9, 12, 0.04185702762974389
9, 13, 0.03786708287170082
9, 14, 0.040967472817560247
10, 11, 0.04815487636325758
10, 12, 0.04815623797931793
10, 13, 0.040749016554582955
10, 14, 0.043796917739856146
11, 12, 0.012991250435883702
11, 13, 0.030248642586641384
11, 14, 0.03989128980902454
12, 13, 0.030249607520992667
12, 14, 0.03989222731954525
13, 14, 0.03616089962101421
