18
0, 1, 0.014898384727473908
0, 2, 0.014836434268322434
0, 3, 0.014827140695879424
0, 4, 0.014521403239178082
0, 5, 0.014782343885506442
0, 6, 0.014968246833825345
0, 7, 0.014880164162646353
0, 8, 0.01478865159321541
0, 9, 0.014888118103711196
0, 10, 0.01484553357634208
0, 11, 0.0148883636394033
0, 12, 0.014515558434816694
0, 13, 0.014595706245233705
0, 14, 0.01530674031946853
0, 15, 0.01488881645217005
0, 16, 0.014526181070308132
0, 17, 0.014419330536375551
1, 2, 0.013046621088001257
1, 3, 0.013656086269844426
1, 4, 0.014022101452991004
1, 5, 0.01441454446388822
1, 6, 0.015061008718513881
1, 7, 0.015622307869172401
1, 8, 0.01457763602331439
1, 9, 0.0184249435289354
1, 10, 0.014178905855615256
1, 11, 0.017776114727712615
1, 12, 0.013182923605699011
1, 13, 0.01265395794001183
1, 14, 0.015739625920371966
1, 15, 0.01935424897484064
1, 16, 0.013961538563490663
1, 17, 0.013694594099982173
2, 3, 0.012901243661888944
2, 4, 0.013954347001622411
2, 5, 0.014208036683300998
2, 6, 0.014996359650159247
2, 7, 0.012352235571164927
2, 8, 0.014441304279212691
2, 9, 0.01236193308376387
2, 10, 0.013327201271969024
2, 11, 0.012484351117077559
2, 12, 0.01305877002908423
2, 13, 0.012485658568694357
2, 14, 0.0156637136740953
2, 15, 0.01231884528551738
2, 16, 0.013885667884135658
2, 17, 0.013626706372203585
3, 4, 0.013964305041447427
3, 5, 0.014216706013182676
3, 6, 0.01498406811436602
3, 7, 0.013260797117494824
3, 8, 0.01443676594658549
3, 9, 0.013337088682620683
3, 10, 0.013571650171717122
3, 11, 0.01337835192771729
3, 12, 0.013139826033917253
3, 13, 0.012685429140435467
3, 14, 0.01563882664518761
3, 15, 0.013330902417716584
3, 16, 0.01389903905726941
3, 17, 0.013647405655061659
4, 5, 0.014096453432427004
4, 6, 0.014616609280908183
4, 7, 0.013997868198730341
4, 8, 0.014201566231053883
4, 9, 0.014005316761379685
4, 10, 0.013993970073543208
4, 11, 0.014006798962515244
4, 12, 0.013760572539537476
4, 13, 0.013756572549842846
4, 14, 0.015012874242314274
4, 15, 0.014005551578231083
4, 16, 0.013972576978609848
4, 17, 0.013846439456342056
5, 6, 0.014912679356408273
5, 7, 0.014344714426076639
5, 8, 0.014476961463337261
5, 9, 0.01436998854502696
5, 10, 0.014289840478452004
5, 11, 0.014372841566596737
5, 12, 0.013721358149663666
5, 13, 0.013700054695543855
5, 14, 0.015455815240096675
5, 15, 0.014371535459851092
5, 16, 0.014060953643809592
5, 17, 0.013868023046165131
6, 7, 0.01504254244186512
6, 8, 0.01490440716640963
6, 9, 0.015051011102388073
6, 10, 0.015001977606643853
6, 11, 0.01505110948046671
6, 12, 0.014643693503424234
6, 13, 0.014738104334378742
6, 14, 0.015388932015840972
6, 15, 0.015051809329241548
6, 16, 0.014626721110358605
6, 17, 0.014519071030102733
7, 8, 0.014534049292206561
7, 9, 0.013807406916579121
7, 10, 0.01379839983687684
7, 11, 0.014016468407173488
7, 12, 0.013123521716526235
7, 13, 0.012547797812709587
7, 14, 0.015720152252469546
7, 15, 0.013817937196267883
7, 16, 0.013933893827997633
7, 17, 0.01366798008506437
8, 9, 0.01455099418663528
8, 10, 0.014482542750425771
8, 11, 0.014552345993010172
8, 12, 0.013982509212113699
8, 13, 0.014027290377921962
8, 14, 0.01538642751495679
8, 15, 0.01455221190669818
8, 16, 0.01418083552864559
8, 17, 0.014016061378146974
9, 10, 0.013907383816652574
9, 11, 0.015920101837043298
9, 12, 0.013133107170650709
9, 13, 0.012553392659192794
9, 14, 0.015730774844831825
9, 15, 0.01749430483789079
9, 16, 0.013942115692604728
9, 17, 0.013674752338399475
10, 11, 0.01393349937468028
10, 12, 0.01322079710376715
10, 13, 0.012830677422305582
10, 14, 0.015654677946799294
10, 15, 0.013909916059427298
10, 16, 0.01393312905592137
10, 17, 0.0136822331960538
11, 12, 0.01313995329255797
11, 13, 0.012569947835071421
11, 14, 0.01573025377145926
11, 15, 0.01652543743425687
11, 16, 0.01394390816687184
11, 17, 0.013676900494161174
12, 13, 0.01291673133589999
12, 14, 0.015177902994904314
12, 15, 0.013131751984005107
12, 16, 0.013691349180268608
12, 17, 0.013506708800711736
13, 14, 0.015332101518812813
13, 15, 0.01254835101435945
13, 16, 0.013675348727014274
13, 17, 0.013460639161590168
14, 15, 0.01573199225746793
14, 16, 0.015045294814888721
14, 17, 0.014934393037761645
15, 16, 0.013942322833226918
15, 17, 0.013674697433377032
16, 17, 0.013803494087639532
