17
0, 1, 0.02917748430745206
0, 2, 0.01875142441040223
0, 3, 0.017841723522522678
0, 4, 0.027806585448944102
0, 5, 0.0161255415435495
0, 6, 0.03384384243744014
0, 7, 0.03755260221479792
0, 8, 0.027805489517865503
0, 9, 0.033273495082232186
0, 10, 0.027804619653267044
0, 11, 0.027716057475407126
0, 12, 0.027801155315610438
0, 13, 0.027797908069549397
0, 14, 0.027658798531269384
0, 15, 0.03552241915349596
0, 16, 0.02780573493896098
1, 2, 0.018788462047886492
1, 3, 0.017865724532972204
1, 4, 0.03092135151511631
1, 5, 0.016125072221547316
1, 6, 0.0344843060167947
1, 7, 0.03834938506452816
1, 8, 0.03092161429469945
1, 9, 0.033976477610180376
1, 10, 0.030926626939905416
1, 11, 0.030763552701755705
1, 12, 0.030923602031666393
1, 13, 0.03091768720084505
1, 14, 0.030702527364524914
1, 15, 0.036261054215908806
1, 16, 0.03092725356564314
2, 3, 0.01761917251052601
2, 4, 0.018108386009150792
2, 5, 0.016709243488055803
2, 6, 0.02259061092707043
2, 7, 0.023649418780875422
2, 8, 0.01810801783328039
2, 9, 0.022001385445880393
2, 10, 0.018106885082677472
2, 11, 0.018109571882141854
2, 12, 0.0181063990109937
2, 13, 0.01810648133473088
2, 14, 0.01810340524832162
2, 15, 0.02292789928958238
2, 16, 0.018107102306055684
3, 4, 0.017135489406018542
3, 5, 0.01621557893229267
3, 6, 0.021867880113054242
3, 7, 0.022918866790269096
3, 8, 0.017135092987208132
3, 9, 0.021252483321717676
3, 10, 0.0171338554300151
3, 11, 0.017137445872077446
3, 12, 0.01713334645202408
3, 13, 0.017133460051695838
3, 14, 0.017131085881592397
3, 15, 0.02219327516886258
3, 16, 0.01713408597728473
4, 5, 0.015267643367481269
4, 6, 0.03503761870766447
4, 7, 0.03954181064018123
4, 8, 0.03016748485403956
4, 9, 0.03452593906439251
4, 10, 0.031076757898873302
4, 11, 0.022885867830566207
4, 12, 0.03021866824969868
4, 13, 0.02884897410315248
4, 14, 0.017420151701036255
4, 15, 0.037142192968449755
4, 16, 0.031219094701036388
5, 6, 0.02063113719832371
5, 7, 0.02169918249737259
5, 8, 0.01526717491622755
5, 9, 0.019951253072548195
5, 10, 0.015265679452902716
5, 11, 0.015271208171907885
5, 12, 0.015265104496191298
5, 13, 0.015265284759125416
5, 14, 0.015264208348587638
5, 15, 0.02094526719944198
5, 16, 0.01526594573806001
6, 7, 0.03725673025180869
6, 8, 0.03503800129472141
6, 9, 0.03480301563644469
6, 10, 0.03504004574602526
6, 11, 0.035003546907595655
6, 12, 0.03503985498849867
6, 13, 0.03503856111806389
6, 14, 0.034996414169757094
6, 15, 0.03606121365259022
6, 16, 0.03503998155041036
7, 8, 0.0395425918447612
7, 9, 0.03718114024093731
7, 10, 0.03954612996138378
7, 11, 0.03949635114014248
7, 12, 0.039546251420049555
7, 13, 0.0395444963492025
7, 14, 0.03949172076560358
7, 15, 0.03836294357564157
7, 16, 0.039545880238491156
8, 9, 0.03452633307201365
8, 10, 0.031179890107793897
8, 11, 0.022685690889818814
8, 12, 0.030180906956296206
8, 13, 0.02860896972551436
8, 14, 0.016994387827651464
8, 15, 0.03714278476714339
8, 16, 0.03133598540389088
9, 10, 0.034528519758650206
9, 11, 0.03448779292069158
9, 12, 0.034528258229829134
9, 13, 0.03452681265603148
9, 14, 0.03447918048397653
9, 15, 0.03589390354376065
9, 16, 0.03452846874100026
10, 11, 0.02206799386267024
10, 12, 0.03391534000898154
10, 13, 0.028918960863868384
10, 14, 0.01543014182979427
10, 15, 0.03714564147330158
10, 16, 0.034880907424687406
11, 12, 0.021676011709114974
11, 13, 0.021643480523951136
11, 14, 0.01841753295584641
11, 15, 0.037101077598210866
11, 16, 0.022224339049527423
12, 13, 0.025340010788586744
12, 14, 0.014720698790932797
12, 15, 0.03714559189184903
12, 16, 0.0338097203574829
13, 14, 0.014957567985273614
13, 15, 0.03714401653663978
13, 16, 0.029555308100807493
14, 15, 0.03709481641093644
14, 16, 0.015742546454772924
15, 16, 0.037145485167632025
