60
0, 1, 0.02127763226512029
0, 2, 0.024116626589185935
0, 3, 0.030531537154209604
0, 4, 0.027643496204077564
0, 5, 0.027722162915563175
0, 6, 0.0244106937649262
0, 7, 0.022969565902796595
0, 8, 0.01941639721653062
0, 9, 0.0275764205745825
0, 10, 0.024793494293370424
0, 11, 0.023857974344384986
0, 12, 0.022355842986452934
0, 13, 0.02220684032017206
0, 14, 0.02583701674689086
0, 15, 0.026129611811652666
0, 16, 0.023976200442197126
0, 17, 0.029775846955129193
0, 18, 0.022651542733476946
0, 19, 0.02831452036921181
0, 20, 0.025416489078485063
0, 21, 0.030017836238433224
0, 22, 0.026945121801890775
0, 23, 0.021979705938990308
0, 24, 0.02333861968913522
0, 25, 0.025946013894997327
0, 26, 0.02328946506067211
0, 27, 0.0305558900756303
0, 28, 0.028366240984481934
0, 29, 0.023124436610587357
0, 30, 0.025044806482640136
0, 31, 0.02096215357839327
0, 32, 0.02484819772452642
0, 33, 0.02719070582802492
0, 34, 0.025953044629890516
0, 35, 0.030652707364904223
0, 36, 0.026079551557860053
0, 37, 0.02286479908734683
0, 38, 0.025838478793520945
0, 39, 0.03024829409740078
0, 40, 0.02097256052098477
0, 41, 0.022469949288315135
0, 42, 0.02223333015582133
0, 43, 0.026815468431624988
0, 44, 0.02256622313917943
0, 45, 0.024306150078771616
0, 46, 0.025004833557719354
0, 47, 0.020192113345710274
0, 48, 0.018604983535888676
0, 49, 0.03047637791768806
0, 50, 0.023680312493547965
0, 51, 0.02613493925704478
0, 52, 0.030552300059685837
0, 53, 0.020450889720016543
0, 54, 0.02918019028255691
0, 55, 0.025781368670897097
0, 56, 0.02601454774374963
0, 57, 0.023469153314053096
0, 58, 0.01918031523443975
0, 59, 0.01860708932619254
1, 2, 0.02167683232424465
1, 3, 0.027788129136736922
1, 4, 0.02516798735109249
1, 5, 0.02509711930240056
1, 6, 0.024399887504951808
1, 7, 0.022959077726878177
1, 8, 0.019405449214951187
1, 9, 0.02511212845972157
1, 10, 0.02455543618597993
1, 11, 0.022204792859729854
1, 12, 0.022194857264064317
1, 13, 0.020435611153989605
1, 14, 0.02304752887619532
1, 15, 0.02329456707158087
1, 16, 0.02190065638595685
1, 17, 0.025944267409342657
1, 18, 0.02264302547356576
1, 19, 0.025688342290906156
1, 20, 0.025100786486574655
1, 21, 0.028992497274337198
1, 22, 0.024696478956849177
1, 23, 0.02048790785787968
1, 24, 0.021200012911432
1, 25, 0.023616435301247452
1, 26, 0.02112658610521552
1, 27, 0.02767749791781996
1, 28, 0.026400486174901813
1, 29, 0.020986906053284696
1, 30, 0.02206315621321594
1, 31, 0.020133823351754298
1, 32, 0.022012108590561724
1, 33, 0.02477270454375549
1, 34, 0.02254626054247064
1, 35, 0.02745021673546177
1, 36, 0.023132304390050644
1, 37, 0.02097305940450988
1, 38, 0.02374025819442482
1, 39, 0.027699231603595716
1, 40, 0.019972271285150524
1, 41, 0.020471361678336155
1, 42, 0.02150330711236352
1, 43, 0.023963272816243948
1, 44, 0.020877131308373
1, 45, 0.022736794441554974
1, 46, 0.02292064588201739
1, 47, 0.019695747935989612
1, 48, 0.018534517212472033
1, 49, 0.027053698268906284
1, 50, 0.02242671319409577
1, 51, 0.024205525140571362
1, 52, 0.027736434576225585
1, 53, 0.019785305187933713
1, 54, 0.027460553383520207
1, 55, 0.024882111958529327
1, 56, 0.024404450795242266
1, 57, 0.021393400712617115
1, 58, 0.01910390078963301
1, 59, 0.01853004295172125
2, 3, 0.03281589039062414
2, 4, 0.029849590913769836
2, 5, 0.0301577925435436
2, 6, 0.02441573383687994
2, 7, 0.022974018415697822
2, 8, 0.01941465150236821
2, 9, 0.029774140607852155
2, 10, 0.02491317321687713
2, 11, 0.025289342199899523
2, 12, 0.02242393761270637
2, 13, 0.024761073290194703
2, 14, 0.029214278446239618
2, 15, 0.0294836545919455
2, 16, 0.02626756985688837
2, 17, 0.03413817256566686
2, 18, 0.022655045219932148
2, 19, 0.030663942971310712
2, 20, 0.02558112314439698
2, 21, 0.03065012985614746
2, 22, 0.028894959532923235
2, 23, 0.02359529761940472
2, 24, 0.02628205811123421
2, 25, 0.02819280031825713
2, 26, 0.026398430523943035
2, 27, 0.033018454054480714
2, 28, 0.029850770701970876
2, 29, 0.026320973602145
2, 30, 0.02996692761434887
2, 31, 0.02144183587213954
2, 32, 0.02927496861955527
2, 33, 0.029369541446918335
2, 34, 0.031842796693682715
2, 35, 0.03357899717177247
2, 36, 0.02980103806274066
2, 37, 0.025247440876006267
2, 38, 0.027701418043876536
2, 39, 0.032307981231086184
2, 40, 0.021704827613554335
2, 41, 0.025995058191262077
2, 42, 0.022639077119199453
2, 43, 0.02992292326330909
2, 44, 0.02446050968976525
2, 45, 0.025558529101748634
2, 46, 0.026992260128794947
2, 47, 0.020329076413503205
2, 48, 0.018322601933607238
2, 49, 0.033797446182567005
2, 50, 0.024575883181798677
2, 51, 0.027715092256468225
2, 52, 0.03293046344223627
2, 53, 0.020734461598818758
2, 54, 0.030388980131901645
2, 55, 0.026327467346019966
2, 56, 0.027209566422405972
2, 57, 0.026052477953092363
2, 58, 0.019147599242973642
2, 59, 0.018282266304690837
3, 4, 0.03226114709464435
3, 5, 0.03252122859646094
3, 6, 0.02445389669957386
3, 7, 0.023029301309261785
3, 8, 0.01973378871857674
3, 9, 0.03222849342660713
3, 10, 0.025653808971606247
3, 11, 0.03044262838571469
3, 12, 0.023429376485775106
3, 13, 0.032559466386017616
3, 14, 0.032857875828518276
3, 15, 0.032886287430620664
3, 16, 0.031791202646141596
3, 17, 0.03451898125014488
3, 18, 0.022704551312366223
3, 19, 0.032658015149374886
3, 20, 0.026413314984067186
3, 21, 0.03137082238157362
3, 22, 0.031727888151660916
3, 23, 0.03153337660625337
3, 24, 0.03253666628249112
3, 25, 0.03183999912292957
3, 26, 0.03267652652502825
3, 27, 0.033789724848689445
3, 28, 0.03168143667145253
3, 29, 0.03277365298107604
3, 30, 0.03362442280892755
3, 31, 0.029012610612806897
3, 32, 0.03338918111361565
3, 33, 0.03207870133322396
3, 34, 0.03408479638036492
3, 35, 0.034152453775920466
3, 36, 0.03312492084509541
3, 37, 0.032129137799191285
3, 38, 0.03132193138263827
3, 39, 0.03330142445856549
3, 40, 0.03040234853822712
3, 41, 0.03314762055329619
3, 42, 0.026963312978985462
3, 43, 0.03284054645477684
3, 44, 0.031633691221540645
3, 45, 0.03002299606405415
3, 46, 0.03138286187768656
3, 47, 0.02741598857035477
3, 48, 0.02607226040802654
3, 49, 0.034300851272947894
3, 50, 0.02903716379224447
3, 51, 0.03095551892331131
3, 52, 0.03372475465297099
3, 53, 0.028686393038936574
3, 54, 0.03173015475614667
3, 55, 0.028327987659687626
3, 56, 0.030200673129010234
3, 57, 0.032184959028959854
3, 58, 0.02193660090945069
3, 59, 0.02663560811856647
4, 5, 0.030557051253168387
4, 6, 0.024432313615744643
4, 7, 0.022999640261514246
4, 8, 0.01957877805313559
4, 9, 0.030304330015618195
4, 10, 0.025233679898334714
4, 11, 0.02787772230823086
4, 12, 0.02291158750403171
4, 13, 0.029230706670196064
4, 14, 0.030284824417246364
4, 15, 0.03038158529382582
4, 16, 0.02895720856888681
4, 17, 0.032629810085559464
4, 18, 0.022678255429575044
4, 19, 0.030842403833273316
4, 20, 0.025927689368159656
4, 21, 0.030709137492396305
4, 22, 0.029751073683230194
4, 23, 0.028274103071171904
4, 24, 0.029439411725113034
4, 25, 0.02952521678078132
4, 26, 0.029552404915015533
4, 27, 0.03236646354716047
4, 28, 0.030212632514170525
4, 29, 0.02960544735090216
4, 30, 0.030755295391711197
4, 31, 0.025975293701537464
4, 32, 0.030506469596268578
4, 33, 0.030076007513516766
4, 34, 0.03135068616475074
4, 35, 0.03264115964346904
4, 36, 0.03056178046713594
4, 37, 0.02898250143479172
4, 38, 0.02911429707747914
4, 39, 0.03193968981646408
4, 40, 0.02708702785855205
4, 41, 0.02982529901909879
4, 42, 0.024934919004441884
4, 43, 0.030527303461547896
4, 44, 0.02849124580761092
4, 45, 0.027709042149612974
4, 46, 0.028911962576130018
4, 47, 0.024563089858300174
4, 48, 0.02310655257846824
4, 49, 0.03268464452491407
4, 50, 0.026819155202816546
4, 51, 0.028951081175955174
4, 52, 0.032322775902910814
4, 53, 0.025583674153329797
4, 54, 0.03055674422662592
4, 55, 0.027153252666821757
4, 56, 0.028402500254304127
4, 57, 0.029164247681626964
4, 58, 0.020669334227630336
4, 59, 0.02351499294767865
5, 6, 0.024431621580144926
5, 7, 0.022998162427292745
5, 8, 0.019565809287142914
5, 9, 0.030510822166095117
5, 10, 0.025224656909026654
5, 11, 0.027961112716398423
5, 12, 0.022884393093119418
5, 13, 0.029506705775895706
5, 14, 0.030585121664269493
5, 15, 0.030681814229929875
5, 16, 0.02914850025711013
5, 17, 0.03306258354799218
5, 18, 0.022676850346632516
5, 19, 0.031074995587887268
5, 20, 0.025922542703926396
5, 21, 0.030778928090543937
5, 22, 0.029923133891467182
5, 23, 0.02842952644089417
5, 24, 0.02971348585603037
5, 25, 0.029716422315386064
5, 26, 0.029844521594409746
5, 27, 0.032645091864256744
5, 28, 0.03035621956175296
5, 29, 0.029910750581199484
5, 30, 0.031173252910227985
5, 31, 0.02593768899301324
5, 32, 0.03089017627268599
5, 33, 0.03027516267689737
5, 34, 0.03183148098076757
5, 35, 0.032966694947287885
5, 36, 0.030893222191115264
5, 37, 0.029206966671539162
5, 38, 0.029263142160767863
5, 39, 0.03217207750495952
5, 40, 0.02713159636539284
5, 41, 0.030185963313118527
5, 42, 0.024875063628467704
5, 43, 0.030811897434576626
5, 44, 0.028661096826897103
5, 45, 0.027771986797014512
5, 46, 0.029067443259643964
5, 47, 0.02445444694778604
5, 48, 0.02292736280814205
5, 49, 0.03304358350383515
5, 50, 0.02683227837030747
5, 51, 0.029072657177336786
5, 52, 0.03259279366477354
5, 53, 0.025520360241813263
5, 54, 0.030681830909210166
5, 55, 0.027167498984935524
5, 56, 0.02848077759310478
5, 57, 0.029396339568703734
5, 58, 0.020568668952127816
5, 59, 0.02334201406357918
6, 7, 0.02377851792643653
6, 8, 0.023668975454080025
6, 9, 0.024431927848526543
6, 10, 0.02443329567305805
6, 11, 0.0244141377231912
6, 12, 0.024331703545862508
6, 13, 0.02441178112338636
6, 14, 0.024420746669689884
6, 15, 0.024421810449413623
6, 16, 0.024415117733364668
6, 17, 0.02443542614159485
6, 18, 0.023578096840475266
6, 19, 0.024435881785814132
6, 20, 0.024453368954353603
6, 21, 0.024518618851016163
6, 22, 0.02442919310651081
6, 23, 0.024410182128278713
6, 24, 0.02441388805367719
6, 25, 0.024422643491895237
6, 26, 0.02441386864233549
6, 27, 0.02445187722352732
6, 28, 0.02444522471681446
6, 29, 0.024413603010019564
6, 30, 0.024417869764649745
6, 31, 0.024403069315271447
6, 32, 0.024417466398326343
6, 33, 0.024429610458946417
6, 34, 0.024419857603628116
6, 35, 0.024448032083499008
6, 36, 0.024421294859826737
6, 37, 0.02441260186403962
6, 38, 0.024422988093315272
6, 39, 0.02445450814267572
6, 40, 0.024406385851538422
6, 41, 0.02441274586228187
6, 42, 0.024399638308572117
6, 43, 0.024424902694318216
6, 44, 0.024411493338072805
6, 45, 0.024415916341283848
6, 46, 0.02441877356438921
6, 47, 0.024395778928180345
6, 48, 0.024386201855181398
6, 49, 0.024443933512771764
6, 50, 0.02441219331450982
6, 51, 0.024425766055664665
6, 52, 0.02445286436145659
6, 53, 0.024401019975032807
6, 54, 0.024461225727817074
6, 55, 0.024434005635454323
6, 56, 0.02442716646731604
6, 57, 0.02441397509974927
6, 58, 0.024323198711617203
6, 59, 0.024389381196784483
7, 8, 0.022320294490118894
7, 9, 0.02299911687124893
7, 10, 0.023072845765636712
7, 11, 0.022975160213791396
7, 12, 0.022938606624327673
7, 13, 0.022968389106505924
7, 14, 0.02298144143263991
7, 15, 0.02298299076518655
7, 16, 0.02297437358296712
7, 17, 0.02300108546733332
7, 18, 0.022799698609237595
7, 19, 0.02300430727827869
7, 20, 0.023084270625370683
7, 21, 0.023133341872375476
7, 22, 0.022995894733881268
7, 23, 0.022967198028259837
7, 24, 0.02297157195527701
7, 25, 0.02298573836277888
7, 26, 0.022971386879643143
7, 27, 0.023026089214739098
7, 28, 0.02302039102679164
7, 29, 0.0229708851193657
7, 30, 0.022976345328403952
7, 31, 0.022960539538069147
7, 32, 0.022975983242053726
7, 33, 0.022995884917027053
7, 34, 0.022978828302896638
7, 35, 0.02301991025068814
7, 36, 0.02298193752887649
7, 37, 0.022970115603861783
7, 38, 0.02298718197368072
7, 39, 0.023030811618988973
7, 40, 0.022963007250666006
7, 41, 0.02296923248588029
7, 42, 0.022963228280076766
7, 43, 0.02298765532556903
7, 44, 0.022969067531645907
7, 45, 0.02297893270752726
7, 46, 0.022980597893050198
7, 47, 0.022953142591679826
7, 48, 0.02294153370334681
7, 49, 0.023013730119921076
7, 50, 0.022975691525172082
7, 51, 0.022992229426312752
7, 52, 0.02302764407868636
7, 53, 0.02295796282001305
7, 54, 0.023044576349741348
7, 55, 0.023016296136064967
7, 56, 0.02299636282501958
7, 57, 0.02297212039018649
7, 58, 0.022884875588087727
7, 59, 0.022944570652254623
8, 9, 0.01957609627622673
8, 10, 0.02050965856812357
8, 11, 0.0194547966423911
8, 12, 0.019947532592360467
8, 13, 0.019382578980749077
8, 14, 0.019459609758069058
8, 15, 0.019468723007570354
8, 16, 0.019428892333285843
8, 17, 0.019558316467532845
8, 18, 0.022123185634945922
8, 19, 0.01960094575546122
8, 20, 0.020452016438762148
8, 21, 0.020386393311684868
8, 22, 0.019564467441327938
8, 23, 0.019386661393809373
8, 24, 0.01940254135246113
8, 25, 0.019499471883550987
8, 26, 0.019399916545666522
8, 27, 0.019712904999443906
8, 28, 0.019716046816271666
8, 29, 0.019395824301741277
8, 30, 0.019420783565199086
8, 31, 0.01938342031710194
8, 32, 0.019420834455481484
8, 33, 0.01955864717551226
8, 34, 0.0194314598685625
8, 35, 0.01967203674453849
8, 36, 0.01945962231997421
8, 37, 0.019397994103984524
8, 38, 0.01951680793841068
8, 39, 0.019747980832171812
8, 40, 0.019374963219233557
8, 41, 0.019382070174232432
8, 42, 0.019472256785152898
8, 43, 0.019497645156893218
8, 44, 0.019397321011884572
8, 45, 0.019488077108509947
8, 46, 0.019474099181732537
8, 47, 0.01937118862163532
8, 48, 0.019325825225901767
8, 49, 0.019634320390238196
8, 50, 0.019489795486479035
8, 51, 0.01955554655131821
8, 52, 0.01972289617656331
8, 53, 0.019372222105736175
8, 54, 0.019860890520607275
8, 55, 0.019799761752505564
8, 56, 0.019598785697295566
8, 57, 0.01940988936787794
8, 58, 0.019331785747407074
8, 59, 0.01932812503354006
9, 10, 0.025225922667331622
9, 11, 0.0278193849517582
9, 12, 0.022902216378769626
9, 13, 0.029145088300545956
9, 14, 0.030220898283077124
9, 15, 0.030319558638167557
9, 16, 0.028888677795525706
9, 17, 0.03258126821518736
9, 18, 0.022677792768694575
9, 19, 0.03079986920332892
9, 20, 0.02591860503568091
9, 21, 0.03069538838222425
9, 22, 0.02970583710930628
9, 23, 0.028194065378348173
9, 24, 0.029360957553063997
9, 25, 0.02947089706560607
9, 26, 0.029472646030794237
9, 27, 0.032332451205734976
9, 28, 0.03018014724967775
9, 29, 0.02952398223391345
9, 30, 0.03067989184226868
9, 31, 0.025907219418919877
9, 32, 0.030431537443671
9, 33, 0.030029531940497716
9, 34, 0.03127771740495621
9, 35, 0.03260416452812089
9, 36, 0.030497374722481617
9, 37, 0.028903921571610453
9, 38, 0.02906374488935563
9, 39, 0.0319079791629916
9, 40, 0.027008518794195555
9, 41, 0.029737489668173762
9, 42, 0.024893590951115978
9, 43, 0.030470850770966566
9, 44, 0.028414309449870334
9, 45, 0.027657776588743247
9, 46, 0.028854356733894925
9, 47, 0.0245020659836267
9, 48, 0.023044456154101504
9, 49, 0.03264445754520847
9, 50, 0.026771499110735265
9, 51, 0.02890626646910948
9, 52, 0.032289424605254156
9, 53, 0.02551448554892846
9, 54, 0.030531251841133124
9, 55, 0.02712975228300937
9, 56, 0.02836363135971308
9, 57, 0.029089215942493828
9, 58, 0.020646010235942824
9, 59, 0.023448479210935208
10, 11, 0.024861114794381717
10, 12, 0.023661593299986686
10, 13, 0.024829353456345935
10, 14, 0.02501582400964262
10, 15, 0.025037483927119054
10, 16, 0.024893121276306482
10, 17, 0.025324237556540577
10, 18, 0.022756652484955075
10, 19, 0.025306900133767875
10, 20, 0.025173717008950245
10, 21, 0.026479833940696966
10, 22, 0.025166635701855566
10, 23, 0.024790135050247842
10, 24, 0.02487317140954419
10, 25, 0.02504312468468975
10, 26, 0.024873627453198918
10, 27, 0.02562110748537754
10, 28, 0.025453012936868594
10, 29, 0.024868669827537264
10, 30, 0.024962634660837073
10, 31, 0.024627947178167093
10, 32, 0.024952762440735996
10, 33, 0.025179962014008763
10, 34, 0.025006820339939607
10, 35, 0.025558351525706784
10, 36, 0.02502917253489507
10, 37, 0.024843960472304735
10, 38, 0.025043195849648363
10, 39, 0.02565635665363519
10, 40, 0.02470471950212316
10, 41, 0.024852722178389644
10, 42, 0.02454300567154174
10, 43, 0.025098627894040996
10, 44, 0.024817877312806366
10, 45, 0.024890503439990164
10, 46, 0.0249622576138614
10, 47, 0.024470886266243743
10, 48, 0.02427161875228978
10, 49, 0.025484546499004595
10, 50, 0.0248061792623424
10, 51, 0.02508999144880891
10, 52, 0.025637353514329723
10, 53, 0.024584192299023214
10, 54, 0.02571848706137633
10, 55, 0.02514895368395475
10, 56, 0.025100937206030568
10, 57, 0.02487268046775927
10, 58, 0.02324983363439539
10, 59, 0.02433701339875096
11, 12, 0.02246655526461238
11, 13, 0.02397142313324709
11, 14, 0.026518307471049753
11, 15, 0.026740438793501804
11, 16, 0.024978487202388783
11, 17, 0.02975099573266144
11, 18, 0.022656652295532657
11, 19, 0.028467222509878206
11, 20, 0.025488076682713547
11, 21, 0.030004039910880357
11, 22, 0.027255349900506286
11, 23, 0.023540573732184985
11, 24, 0.0247003199198512
11, 25, 0.026462855912507844
11, 26, 0.024702209084630996
11, 27, 0.030459564129794052
11, 28, 0.028470190095977448
11, 29, 0.024618878378852106
11, 30, 0.026091604474578783
11, 31, 0.022223425263588774
11, 32, 0.025909746158178773
11, 33, 0.02748790800200299
11, 34, 0.02679952185216331
11, 35, 0.030533246456038304
11, 36, 0.02673682421869358
11, 37, 0.024283509662172638
11, 38, 0.02631469959611374
11, 39, 0.03019041127356718
11, 40, 0.0225674848802994
11, 41, 0.024310322339599812
11, 42, 0.022814934800947657
11, 43, 0.02725939881686525
11, 44, 0.023960269239668572
11, 45, 0.024927076147028302
11, 46, 0.025670923081812607
11, 47, 0.021312854485945273
11, 48, 0.019844807086415804
11, 49, 0.030367131357353562
11, 50, 0.024286664446420803
11, 51, 0.026513870461815518
11, 52, 0.03045874772103814
11, 53, 0.02178173111822818
11, 54, 0.029208849324009148
11, 55, 0.025967618220654444
11, 56, 0.026337765759576644
11, 57, 0.024706018032057582
11, 58, 0.019549041950464134
11, 59, 0.01997433710004415
12, 13, 0.022312832713610786
12, 14, 0.02256932107273172
12, 15, 0.022599090678833166
12, 16, 0.02243860273142309
12, 17, 0.022935298757011436
12, 18, 0.022637656296345784
12, 19, 0.022994812629242065
12, 20, 0.023846377331888553
12, 21, 0.024786489126932366
12, 22, 0.02284522668301643
12, 23, 0.022297671719130906
12, 24, 0.02237712176367924
12, 25, 0.02265719811725732
12, 26, 0.022372377497210504
12, 27, 0.023376308910206207
12, 28, 0.023268144692522173
12, 29, 0.02236159467580386
12, 30, 0.022465133236721516
12, 31, 0.022196494665746504
12, 32, 0.02245930910420445
12, 33, 0.022844033773574076
12, 34, 0.022511820677011234
12, 35, 0.023272120970174722
12, 36, 0.022577489955551158
12, 37, 0.02235113083123217
12, 38, 0.022687244632332158
12, 39, 0.02345185538769689
12, 40, 0.02222515866795768
12, 41, 0.022325576383749157
12, 42, 0.022304510250047746
12, 43, 0.02268840780983468
12, 44, 0.02233442120601399
12, 45, 0.022543197685214827
12, 46, 0.02256264934688168
12, 47, 0.02208230203993423
12, 48, 0.021882760564106787
12, 49, 0.023164096175929832
12, 50, 0.022494422658212034
12, 51, 0.02278185858619832
12, 52, 0.023402151685616917
12, 53, 0.022149825048444465
12, 54, 0.023650545929082563
12, 55, 0.02317889357780532
12, 56, 0.02285875974096657
12, 57, 0.022390786612944736
12, 58, 0.021328941827258353
12, 59, 0.02192396174994722
13, 14, 0.027738072927428352
13, 15, 0.02814962453874539
13, 16, 0.024263808302081163
13, 17, 0.03377136238648378
13, 18, 0.02265002486210326
13, 19, 0.030130868016863654
13, 20, 0.025484121595228233
13, 21, 0.030537937579128493
13, 22, 0.02821182679958699
13, 23, 0.02003258181855591
13, 24, 0.022928333724652483
13, 25, 0.02716518168496246
13, 26, 0.022764394453412166
13, 27, 0.03275622164387229
13, 28, 0.0294821450109667
13, 29, 0.02226175247671088
13, 30, 0.027402543782610467
13, 31, 0.019465140149171476
13, 32, 0.02669568293359048
13, 33, 0.028671914174718736
13, 34, 0.029949850073914538
13, 35, 0.03331559785261002
13, 36, 0.02834367945272276
13, 37, 0.02188786645086592
13, 38, 0.02680079458702235
13, 39, 0.032039696765905505
13, 40, 0.01855208970371287
13, 41, 0.01932285498233687
13, 42, 0.021926186708041587
13, 43, 0.028906680444961218
13, 44, 0.021416443359158814
13, 45, 0.02456687301581657
13, 46, 0.025762074649795363
13, 47, 0.018826082978069793
13, 48, 0.01677186983373686
13, 49, 0.033512035154273756
13, 50, 0.023695604980228425
13, 51, 0.02700135741230807
13, 52, 0.03267148670387407
13, 53, 0.018679163408252212
13, 54, 0.030140114720705033
13, 55, 0.026040205364858213
13, 56, 0.0266386185071527
13, 57, 0.023285479114128614
13, 58, 0.018808235941720333
13, 59, 0.016467538763415453
14, 15, 0.03029762837010575
14, 16, 0.027811945723388656
14, 17, 0.0339686688672185
14, 18, 0.02266171545393724
14, 19, 0.030989206452847806
14, 20, 0.02569651842303
14, 21, 0.030731608595975686
14, 22, 0.029437906387172266
14, 23, 0.026233136151125318
14, 24, 0.028372498150130415
14, 25, 0.029001909367343277
14, 26, 0.028553369061892302
14, 27, 0.03304147051270475
14, 28, 0.030133045775358313
14, 29, 0.028613540887445183
14, 30, 0.031040277259865502
14, 31, 0.023424569148373896
14, 32, 0.03051659741306431
14, 33, 0.02988692002050752
14, 34, 0.03230646616942456
14, 35, 0.03353587493198434
14, 36, 0.03061334737168551
14, 37, 0.027530200723826313
14, 38, 0.028469897486218098
14, 39, 0.032394917244064
14, 40, 0.024406338492262338
14, 41, 0.028916067310942945
14, 42, 0.02347050728934147
14, 43, 0.030546556401561915
14, 44, 0.02674162721724043
14, 45, 0.026527802533388486
14, 46, 0.02802880801902555
14, 47, 0.021994256067394247
14, 48, 0.020119192235379328
14, 49, 0.03371788293217322
14, 50, 0.025500867253703735
14, 51, 0.028352247538074034
14, 52, 0.03296196210790242
14, 53, 0.022825744180171314
14, 54, 0.03056950106498248
14, 55, 0.026642122072866724
14, 56, 0.027760188828352347
14, 57, 0.027970220703732708
14, 58, 0.019603119174829615
14, 59, 0.020320996393304876
15, 16, 0.02807474366042156
15, 17, 0.03398287275124241
15, 18, 0.02266310355504547
15, 19, 0.031068123250533427
15, 20, 0.025721057568381632
15, 21, 0.030753137610420533
15, 22, 0.02955155438045553
15, 23, 0.026631695228277793
15, 24, 0.028693990056673953
15, 25, 0.029159490758551784
15, 26, 0.02887944434768066
15, 27, 0.0330681244030574
15, 28, 0.030198689308475593
15, 29, 0.028952033074953195
15, 30, 0.031234821993574798
15, 31, 0.023760094137523093
15, 32, 0.03073191704794246
15, 33, 0.02999731201298972
15, 34, 0.032429138045128085
15, 35, 0.03355530163402411
15, 36, 0.030773944995634853
15, 37, 0.02787949875221565
15, 38, 0.028620333489163874
15, 39, 0.03242948691695435
15, 40, 0.02482698511809359
15, 41, 0.02930144830988673
15, 42, 0.02362903699043912
15, 43, 0.030677794569462766
15, 44, 0.02709753919519423
15, 45, 0.026709865902718396
15, 46, 0.02822111106400883
15, 47, 0.022287424008758338
15, 48, 0.020434841388434474
15, 49, 0.03373511847399167
15, 50, 0.025675637271765053
15, 51, 0.028480320661814388
15, 52, 0.03298934882463087
15, 53, 0.02317789858284365
15, 54, 0.030614471792912632
15, 55, 0.026707824434223166
15, 56, 0.027872019441692025
15, 57, 0.028276651195273415
15, 58, 0.019692346792399288
15, 59, 0.020672146075442634
16, 17, 0.0319857131142839
16, 18, 0.022655574415365278
16, 19, 0.02967409102185978
16, 20, 0.02554563334948182
16, 21, 0.030401819016593886
16, 22, 0.02815548631001181
16, 23, 0.023545197315806638
16, 24, 0.025368397400961126
16, 25, 0.02736873021921212
16, 26, 0.02540284495724367
16, 27, 0.031901745129319335
16, 28, 0.029269307553344937
16, 29, 0.02530243478931108
16, 30, 0.02768698338760574
16, 31, 0.02180022114728377
16, 32, 0.027326263634734994
16, 33, 0.028510374854975793
16, 34, 0.028866067737581425
16, 35, 0.03221511778817447
16, 36, 0.028187362531476592
16, 37, 0.024692577133901494
16, 38, 0.027060483768756905
16, 39, 0.03140324671441128
16, 40, 0.022135404668083412
16, 41, 0.02490217871843527
16, 42, 0.022705830531917704
16, 43, 0.028608159671313946
16, 44, 0.02417287710234796
16, 45, 0.025267398300738104
16, 46, 0.026354596187526225
16, 47, 0.02076007554242269
16, 48, 0.018986501058560763
16, 49, 0.03222285675651954
16, 50, 0.024442710454005086
16, 51, 0.02717952373385642
16, 52, 0.03185732338426282
16, 53, 0.021218406944632395
16, 54, 0.02990882428142969
16, 55, 0.02618354694075694
16, 56, 0.02683470277345266
16, 57, 0.02530400378179683
16, 58, 0.019298178695894008
16, 59, 0.019038458705575023
17, 18, 0.02267902320157963
17, 19, 0.03322723758297671
17, 20, 0.026063164250923598
17, 21, 0.0313442914998157
17, 22, 0.03181401355424838
17, 23, 0.03150676671177633
17, 24, 0.03358742307916645
17, 25, 0.032018979147073336
17, 26, 0.03392275601710183
17, 27, 0.03478782107530843
17, 28, 0.03172446647293667
17, 29, 0.03418211510314083
17, 30, 0.03600356607267894
17, 31, 0.027317307594977053
17, 32, 0.0354229296769315
17, 33, 0.03236138073833773
17, 34, 0.03702820392252218
17, 35, 0.035474919802860765
17, 36, 0.03451459173706839
17, 37, 0.03271748588399615
17, 38, 0.031187878330245635
17, 39, 0.033990511941921014
17, 40, 0.029382775807198728
17, 41, 0.03528072489224366
17, 42, 0.02542495915609306
17, 43, 0.03378019893276675
17, 44, 0.03170430528154117
17, 45, 0.02922803192445634
17, 46, 0.03126621176995133
17, 47, 0.025231054755661134
17, 48, 0.023351333483278103
17, 49, 0.035862117188016504
17, 50, 0.02791518439359553
17, 51, 0.030667071317276445
17, 52, 0.03466689790036475
17, 53, 0.026782182793734444
17, 54, 0.031776816083502454
17, 55, 0.02768160507694266
17, 56, 0.029676625944255845
17, 57, 0.0327969852998934
17, 58, 0.02055441705146082
17, 59, 0.023908473090623186
18, 19, 0.022682349087565664
18, 20, 0.022763835759425706
18, 21, 0.022799831373421887
18, 22, 0.022675033910233244
18, 23, 0.022649149183644357
18, 24, 0.022652894679537863
18, 25, 0.02266582551569188
18, 26, 0.022652702530989183
18, 27, 0.022701622769131412
18, 28, 0.02269720084876839
18, 29, 0.022652233810487137
18, 30, 0.02265699725966479
18, 31, 0.022643805044727804
18, 32, 0.022656710962691437
18, 33, 0.022674919830118982
18, 34, 0.022659151693722138
18, 35, 0.022695980519555188
18, 36, 0.022662108761231318
18, 37, 0.0226516604042078
18, 38, 0.02266727902677862
18, 39, 0.02270601397078252
18, 40, 0.022645620105468837
18, 41, 0.02265068577131167
18, 42, 0.02264750008712065
18, 43, 0.02266731039007997
18, 44, 0.022650816878949674
18, 45, 0.022660232442408782
18, 46, 0.022661302973219014
18, 47, 0.022637715906410324
18, 48, 0.02262770435322235
18, 49, 0.022690402237891514
18, 50, 0.022657695284398614
18, 51, 0.022671973708136738
18, 52, 0.022703037901942988
18, 53, 0.02264156503575016
18, 54, 0.02271906330595018
18, 55, 0.02269563515598706
18, 56, 0.02267603647030692
18, 57, 0.022653456869604856
18, 58, 0.022582610888822883
18, 59, 0.022630160943100285
19, 20, 0.02601514068323415
19, 21, 0.030865785913591737
19, 22, 0.030241884977248237
19, 23, 0.02908895111363861
19, 24, 0.03027236044648551
19, 25, 0.030107907943524827
19, 26, 0.030402474051066563
19, 27, 0.03278178764770104
19, 28, 0.030573019688231496
19, 29, 0.03047500321331237
19, 30, 0.03159929432726733
19, 31, 0.026622149645716128
19, 32, 0.03133674350421255
19, 33, 0.030586566184802884
19, 34, 0.03218920147902222
19, 35, 0.0330986576681435
19, 36, 0.03127939884465188
19, 37, 0.029802907768474586
19, 38, 0.029648891053052986
19, 39, 0.032319300117329516
19, 40, 0.02785633521985579
19, 41, 0.030768673571207876
19, 42, 0.025318763312420084
19, 43, 0.03115698315203603
19, 44, 0.029281050678978106
19, 45, 0.028225167707458136
19, 46, 0.029515451536927344
19, 47, 0.025121716689063472
19, 48, 0.023654435988942978
19, 49, 0.033182129861450846
19, 50, 0.027285928898946557
19, 51, 0.029422953644108657
19, 52, 0.03272924855167851
19, 53, 0.026233645800688737
19, 54, 0.030844234664141455
19, 55, 0.027387315889826454
19, 56, 0.028804502799670804
19, 57, 0.029953588519746693
19, 58, 0.02086570770940149
19, 59, 0.024107135805253133
20, 21, 0.02719272185649961
20, 22, 0.02584435458582646
20, 23, 0.025428013341191363
20, 24, 0.02553303140925777
20, 25, 0.02571163008064185
20, 26, 0.025535147827360945
20, 27, 0.02638053019743793
20, 28, 0.026151256205970835
20, 29, 0.025530660458285434
20, 30, 0.02564567439953948
20, 31, 0.025209021192625643
20, 32, 0.02563204433924063
20, 33, 0.02586561895998322
20, 34, 0.02570037600706675
20, 35, 0.026318140671921446
20, 36, 0.025714835637209665
20, 37, 0.025495488665355746
20, 38, 0.02570234231597625
20, 39, 0.026408901147278417
20, 40, 0.0253176503966026
20, 41, 0.025516584211525323
20, 42, 0.02505440063346053
20, 43, 0.025788479535592275
20, 44, 0.025460112678430076
20, 45, 0.025510611900355827
20, 46, 0.025615263096924305
20, 47, 0.025003678568445112
20, 48, 0.024758390456591492
20, 49, 0.026238883707865715
20, 50, 0.0253962973549821
20, 51, 0.025745254883298724
20, 52, 0.02639702997900407
20, 53, 0.025155510173012232
20, 54, 0.02643321253809183
20, 55, 0.025710740877403396
20, 56, 0.025737910509860813
20, 57, 0.025528216320738047
20, 58, 0.023455685226659473
20, 59, 0.024844501634170766
21, 22, 0.03051466899617968
21, 23, 0.030287034213740092
21, 24, 0.03056302210739336
21, 25, 0.03049018089488417
21, 26, 0.030592907419555202
21, 27, 0.031391984013840975
21, 28, 0.03061733665730124
21, 29, 0.03060944087858698
21, 30, 0.030851149522939703
21, 31, 0.02950446879017646
21, 32, 0.030797255763386558
21, 33, 0.030627362282419933
21, 34, 0.030976217565881738
21, 35, 0.03144607665394749
21, 36, 0.03080099163854248
21, 37, 0.030454953476302418
21, 38, 0.03033727890149827
21, 39, 0.03126898195376392
21, 40, 0.02996102800697343
21, 41, 0.030670660627363452
21, 42, 0.02848675297250865
21, 43, 0.03078387816615274
21, 44, 0.030324852214929563
21, 45, 0.029862163600579347
21, 46, 0.03032354820112583
21, 47, 0.028875153862288748
21, 48, 0.028331349094414295
21, 49, 0.03142674209858668
21, 50, 0.02946861621499939
21, 51, 0.030232952435672037
21, 52, 0.03138435391601939
21, 53, 0.029391434811341544
21, 54, 0.030734668777272527
21, 55, 0.028962841750341077
21, 56, 0.029951314766656217
21, 57, 0.030484868274354045
21, 58, 0.024864934416182677
21, 59, 0.028603303548024855
22, 23, 0.027397798217163455
22, 24, 0.028484792528957203
22, 25, 0.02885157080891733
22, 26, 0.02857242413766757
22, 27, 0.031805447183703456
22, 28, 0.02977856185503834
22, 29, 0.02860042196185727
22, 30, 0.029716845883113758
22, 31, 0.025362383121992293
22, 32, 0.02949826301086647
22, 33, 0.029467101748253302
22, 34, 0.03028543690751222
22, 35, 0.03201454398732807
22, 36, 0.029686148950767013
22, 37, 0.028065244389510725
22, 38, 0.02850950913235046
22, 39, 0.03143813855061131
22, 40, 0.026312096448281436
22, 41, 0.02872317999026088
22, 42, 0.02459110433892055
22, 43, 0.029759287004804232
22, 44, 0.027631296660518882
22, 45, 0.02716861366533884
22, 46, 0.028237508588716733
22, 47, 0.024074753879112804
22, 48, 0.0226673928250207
22, 49, 0.032002159515914085
22, 50, 0.02635386542990164
22, 51, 0.028421475346927252
22, 52, 0.031774907349527
22, 53, 0.02498153687716099
22, 54, 0.03020354086065334
22, 55, 0.026914642226538624
22, 56, 0.027964259107749082
22, 57, 0.028272463268203533
22, 58, 0.02053349081712698
22, 59, 0.023028827659721876
23, 24, 0.022298486918445118
23, 25, 0.026243676936180554
23, 26, 0.02214939632736708
23, 27, 0.03163606950208888
23, 28, 0.028866299601534688
23, 29, 0.021784389203141272
23, 30, 0.02510792991470919
23, 31, 0.019693777111883987
23, 32, 0.0247740419539903
23, 33, 0.02773896393217839
23, 34, 0.026686783874363882
23, 35, 0.031940621667099725
23, 36, 0.026613161294030966
23, 37, 0.021605373318295734
23, 38, 0.02606381487738821
23, 39, 0.0311304097396926
23, 40, 0.01910091806230915
23, 41, 0.020081463639140183
23, 42, 0.021859123440300283
23, 43, 0.027488457049123723
23, 44, 0.02128940725220061
23, 45, 0.024156352188785587
23, 46, 0.025019679642615717
23, 47, 0.01906963535983157
23, 48, 0.01721788363623032
23, 49, 0.03190884341656372
23, 50, 0.02343583079320079
23, 51, 0.026380328336746247
23, 52, 0.03159611343053415
23, 53, 0.019028323877978034
23, 54, 0.029643772529615357
23, 55, 0.025845373187975227
23, 56, 0.026185500987031627
23, 57, 0.022647401145372243
23, 58, 0.018865125536340864
23, 59, 0.017016559743749857
24, 25, 0.027629364358924748
24, 26, 0.024926045378531082
24, 27, 0.03272017753167479
24, 28, 0.029599123652129924
24, 29, 0.024724873463242075
24, 30, 0.028567077904875976
24, 31, 0.020716519996647285
24, 32, 0.02794134197821899
24, 33, 0.02893266286474145
24, 34, 0.030501021712330708
24, 35, 0.03323447064038257
24, 36, 0.0289246314440167
24, 37, 0.023930585571646047
24, 38, 0.027219920605894333
24, 39, 0.03204471484413417
24, 40, 0.020603430529367885
24, 41, 0.023758148480919936
24, 42, 0.0223463841398685
24, 43, 0.029274354749759285
24, 44, 0.023283353167603736
24, 45, 0.025098662267856207
24, 46, 0.026382361610096203
24, 47, 0.0197846334342147
24, 48, 0.01779386226835211
24, 49, 0.03340260112568491
24, 50, 0.02418517139022673
24, 51, 0.027326797249408178
24, 52, 0.03264146280455755
24, 53, 0.020000090249394052
24, 54, 0.03020548581601119
24, 55, 0.026180387328414417
24, 56, 0.026906383718105633
24, 57, 0.024886014172994877
24, 58, 0.019022427013600858
24, 59, 0.01767108714872286
25, 26, 0.027721595957068666
25, 27, 0.03193618326678304
25, 28, 0.029625121215448774
25, 29, 0.02773219547936954
25, 30, 0.02925844773671978
25, 31, 0.024087614818972765
25, 32, 0.028976187577712125
25, 33, 0.029179913926773094
25, 34, 0.03003086628995646
25, 35, 0.032199253774462255
25, 36, 0.02930856934415793
25, 37, 0.02709861312679571
25, 38, 0.02802664602798706
25, 39, 0.03150283036817521
25, 40, 0.02496009449908432
25, 41, 0.02779661390848667
25, 42, 0.023818252612940335
25, 43, 0.029457221669687807
25, 44, 0.02658901633834286
25, 45, 0.026478871156940597
25, 46, 0.027620924596388288
25, 47, 0.022803240410613664
25, 48, 0.0212200313097854
25, 49, 0.03220383351681188
25, 50, 0.025624744909346298
25, 51, 0.02799123669436193
25, 52, 0.0318975817658515
25, 53, 0.023625527921256544
25, 54, 0.03012564237572787
25, 55, 0.02661336969958798
25, 56, 0.027547805483875743
25, 57, 0.027414300209764826
25, 58, 0.019971691524498878
25, 59, 0.021498152112063403
26, 27, 0.03287443599939201
26, 28, 0.02967010805534536
26, 29, 0.0247325783927663
26, 30, 0.02890310572217533
26, 31, 0.020588499977369213
26, 32, 0.028202774515011853
26, 33, 0.02903871047440501
26, 34, 0.031015388311694054
26, 35, 0.033428773486343044
26, 36, 0.02914572268695987
26, 37, 0.02388248035657732
26, 38, 0.027286575530989263
26, 39, 0.03216588785302257
26, 40, 0.02039848369724983
26, 41, 0.02364868411144186
26, 42, 0.0223158035524567
26, 43, 0.02944972203628759
26, 44, 0.02320345002953834
26, 45, 0.025109306916009076
26, 46, 0.026438518502486658
26, 47, 0.019670095333470423
26, 48, 0.017644922599557897
26, 49, 0.03363238661601266
26, 50, 0.024176637463531478
26, 51, 0.02738251979679653
26, 52, 0.03278887930171781
26, 53, 0.01984961776159441
26, 54, 0.03026443204359914
26, 55, 0.026191841106365573
26, 56, 0.02694234431021399
26, 57, 0.02490137422935857
26, 58, 0.01899338444466542
26, 59, 0.017495416294992024
27, 28, 0.03173890125240653
27, 29, 0.03298320847437212
27, 30, 0.033900611447332425
27, 31, 0.02894751648731308
27, 32, 0.033642111150843194
27, 33, 0.03217736361183581
27, 34, 0.034399242659507445
27, 35, 0.03434738769009838
27, 36, 0.03333081869966536
27, 37, 0.032278342560155375
27, 38, 0.03138349560967263
27, 39, 0.033429365370607846
27, 40, 0.030420591200959517
27, 41, 0.033404368591104364
27, 42, 0.026850405050730265
27, 43, 0.03300704184738788
27, 44, 0.03174133369264657
27, 45, 0.030017443212882158
27, 46, 0.0314545844146637
27, 47, 0.027280904012222686
27, 48, 0.025878874695113532
27, 49, 0.03451879661687194
27, 50, 0.02898875643818979
27, 51, 0.03099346156768968
27, 52, 0.03388033760887646
27, 53, 0.028602630483934795
27, 54, 0.0317785926934671
27, 55, 0.02828572311537352
27, 56, 0.030203224498840466
27, 57, 0.03233396457155432
27, 58, 0.021793011201817626
27, 59, 0.026455848320441264
28, 29, 0.029703792783845422
28, 30, 0.03039716333850558
28, 31, 0.02718296107969401
28, 32, 0.030250562163981105
28, 33, 0.03001347951841745
28, 34, 0.03075376370652019
28, 35, 0.031889169965556116
28, 36, 0.03030864158521811
28, 37, 0.029313531858740968
28, 38, 0.02932478546457904
28, 39, 0.03145706937388772
28, 40, 0.028070731365023614
28, 41, 0.029836769510827265
28, 42, 0.025954038550388095
28, 43, 0.030306731378073867
28, 44, 0.028993383940770914
28, 45, 0.028291710338875682
28, 46, 0.029203373014879738
28, 47, 0.026016680778738453
28, 48, 0.024896124175145896
28, 49, 0.031872148058506654
28, 50, 0.027573466637824732
28, 51, 0.029184933650130963
28, 52, 0.03171660180036894
28, 53, 0.026910413338289828
28, 54, 0.030429675087264105
28, 55, 0.02753817428881788
28, 56, 0.028732307870817698
28, 57, 0.02942043956828181
28, 58, 0.021673401402256445
28, 59, 0.025305234810113594
29, 30, 0.029047172627006776
29, 31, 0.020353918883988242
29, 32, 0.028273671069833743
29, 33, 0.029081163972820897
29, 34, 0.03137109833280387
29, 35, 0.033571139974839875
29, 36, 0.029242902285380904
29, 37, 0.023619928614626442
29, 38, 0.027283646209002685
29, 39, 0.032246835296425164
29, 40, 0.0200159550397342
29, 41, 0.02310281705130195
29, 42, 0.022245653190432427
29, 43, 0.029532147321630217
29, 44, 0.022934717626715326
29, 45, 0.025054361485617918
29, 46, 0.026406079487078987
29, 47, 0.019479473582197104
29, 48, 0.017423517384503002
29, 49, 0.033803741543998164
29, 50, 0.0241132888949238
29, 51, 0.027382251206315614
29, 52, 0.03289213871977763
29, 53, 0.019591254080116575
29, 54, 0.030295749691951868
29, 55, 0.02618266923985975
29, 56, 0.02693491099330399
29, 57, 0.024734569486896354
29, 58, 0.01894881217844785
29, 59, 0.017234001606379896
30, 31, 0.022018772834397064
30, 32, 0.03235357653163497
30, 33, 0.030291185205080257
30, 34, 0.03587748920826944
30, 35, 0.034658414470879646
30, 36, 0.03182841066529238
30, 37, 0.027163091532929493
30, 38, 0.02855806137672581
30, 39, 0.03303354379577931
30, 40, 0.022651005677168053
30, 41, 0.029938458218032094
30, 42, 0.02291066473219274
30, 43, 0.03140366476573998
30, 44, 0.02598705030617879
30, 45, 0.026197932808547836
30, 46, 0.028008698340018266
30, 47, 0.02067732096634074
30, 48, 0.018534377362382996
30, 49, 0.03506770346864392
30, 50, 0.025053626913579895
30, 51, 0.028400499681009248
30, 52, 0.03377727388323326
30, 53, 0.021249965884546924
30, 54, 0.030806090886766047
30, 55, 0.026544855690515297
30, 56, 0.027711785935590344
30, 57, 0.027896763425981838
30, 58, 0.019207710214854422
30, 59, 0.01852583375931079
31, 32, 0.021942205144592816
31, 33, 0.025498338549061396
31, 34, 0.022766569548626263
31, 35, 0.028827377425339445
31, 36, 0.02355862980640764
31, 37, 0.020394080217186528
31, 38, 0.02419437435357075
31, 39, 0.028833651977425188
31, 40, 0.0190412558502079
31, 41, 0.019433938180746763
31, 42, 0.021391643739754836
31, 43, 0.02462402605284739
31, 44, 0.02029125456550911
31, 45, 0.022892446430886015
31, 46, 0.02317590396198286
31, 47, 0.0190400953362736
31, 48, 0.017622080001124186
31, 49, 0.02846620580390482
31, 50, 0.0224910180502154
31, 51, 0.024707905719789543
31, 52, 0.028986318443295637
31, 53, 0.019004429403649787
31, 54, 0.028224633207803076
31, 55, 0.025171752223531508
31, 56, 0.02485462903350331
31, 57, 0.021039434391831716
31, 58, 0.018871132393683293
31, 59, 0.01751690559607553
32, 33, 0.03004093324684569
32, 34, 0.034535553146697796
32, 35, 0.03433626219880624
32, 36, 0.031232708660368286
32, 37, 0.026674901196491855
32, 38, 0.02833864497784168
32, 39, 0.03282528108272437
32, 40, 0.02250190222569145
32, 41, 0.02872830779195235
32, 42, 0.022868058684431057
32, 43, 0.030981271631364153
32, 44, 0.025628938082201142
32, 45, 0.026053311492525166
32, 46, 0.027751984452406137
32, 47, 0.020651761392149692
32, 48, 0.018554763655743812
32, 49, 0.03468406442855916
32, 50, 0.024955064289358533
32, 51, 0.028227338878159935
32, 52, 0.03352993360423641
32, 53, 0.021197363762502978
32, 54, 0.030693480957600393
32, 55, 0.026495742153192146
32, 56, 0.02758956143265642
32, 57, 0.02741403299538537
32, 58, 0.019209275477516052
32, 59, 0.018549649625633154
33, 34, 0.030913239460994377
33, 35, 0.03243829773725937
33, 36, 0.03016494653947583
33, 37, 0.02846778452799311
33, 38, 0.028789363413674576
33, 39, 0.03175957361410406
33, 40, 0.026547098150403854
33, 41, 0.029262246806721376
33, 42, 0.024643032612647484
33, 43, 0.03018062241412459
33, 44, 0.027980656556073114
33, 45, 0.02736620388238101
33, 46, 0.028538018618951527
33, 47, 0.024125703942040222
33, 48, 0.022651067841445667
33, 49, 0.03246437590204722
33, 50, 0.02649418791046624
33, 51, 0.028662454654637445
33, 52, 0.032136979850851184
33, 53, 0.025094996385840722
33, 54, 0.03040314555610699
33, 55, 0.026996024899500495
33, 56, 0.028148893575631103
33, 57, 0.028676364652993357
33, 58, 0.020495212924790472
33, 59, 0.023029175532158937
34, 35, 0.03525654490052193
34, 36, 0.03319479418735854
34, 37, 0.02890511295351136
34, 38, 0.029195429021151832
34, 39, 0.033455311544389216
34, 40, 0.02385018214557344
34, 41, 0.03348163745940147
34, 42, 0.023213211037264685
34, 43, 0.0323844225743166
34, 44, 0.027457344116881457
34, 45, 0.026748154873447588
34, 46, 0.028803770733233328
34, 47, 0.021202495107116012
34, 48, 0.01900338176448671
34, 49, 0.035767705413360024
34, 50, 0.025497377047581052
34, 51, 0.028908145139478394
34, 52, 0.034257414916713504
34, 53, 0.021985229796604545
34, 54, 0.03107014389321528
34, 55, 0.026719783870480105
34, 56, 0.028094584053264076
34, 57, 0.029468670285212672
34, 58, 0.0193181010083339
34, 59, 0.019071394530165934
35, 36, 0.033883577120459814
35, 37, 0.032702456547906204
35, 38, 0.031559070258913524
35, 39, 0.033742278829916435
35, 40, 0.03050860162113397
35, 41, 0.03413048474217789
35, 42, 0.026619728349975013
35, 43, 0.03344739363808739
35, 44, 0.03205569851025662
35, 45, 0.03003388222734983
35, 46, 0.03166082294409946
35, 47, 0.026996341300270784
35, 48, 0.0254602201986208
35, 49, 0.03506182276846342
35, 50, 0.02890417323066184
35, 51, 0.031108383443013917
35, 52, 0.03426086801180198
35, 53, 0.028437883709761445
35, 54, 0.031902174493363925
35, 55, 0.02820835858710748
35, 56, 0.030232223883179324
35, 57, 0.032753366068534684
35, 58, 0.02150046741470923
35, 59, 0.026066208620587922
36, 37, 0.028004074463047864
36, 38, 0.028719440194284258
36, 39, 0.03263511075515666
36, 40, 0.024642319197521283
36, 41, 0.02971903042396032
36, 42, 0.023532682853202754
36, 43, 0.030966969181788557
36, 44, 0.027128617904578437
36, 45, 0.026705422471318817
36, 46, 0.028314116086967545
36, 47, 0.02205969725147883
36, 48, 0.020135418424861586
36, 49, 0.03411781871501809
36, 50, 0.02562886603165916
36, 51, 0.028556006285658346
36, 52, 0.03324069086719604
36, 53, 0.02293907651270522
36, 54, 0.03070796137476893
36, 55, 0.0267062108182406
36, 56, 0.0279100658297957
36, 57, 0.028435246481438355
36, 58, 0.01960414871481907
36, 59, 0.02034488857328332
37, 38, 0.026782365048010258
37, 39, 0.03167591804946698
37, 40, 0.020125057042157724
37, 41, 0.02237975850446073
37, 42, 0.022185399859112366
37, 43, 0.028567158828927706
37, 44, 0.022577451303088625
37, 45, 0.024758601814653714
37, 46, 0.02587224620664825
37, 47, 0.019570912883506743
37, 48, 0.01764277963110779
37, 49, 0.03278528723026423
37, 50, 0.023921936613691373
37, 51, 0.026969504115471422
37, 52, 0.03221606380102249
37, 53, 0.019704067154134385
37, 54, 0.02998543471718866
37, 55, 0.02605830202180216
37, 56, 0.02663763064516687
37, 57, 0.0240564980297085
37, 58, 0.018978174995704433
37, 59, 0.01750056539652379
38, 39, 0.031036700444083888
38, 40, 0.024972355581591204
38, 41, 0.027290375890393664
38, 42, 0.02389508868681867
38, 43, 0.028929153321134965
38, 44, 0.0263638709229777
38, 45, 0.026349402246833235
38, 46, 0.02733781971989585
38, 47, 0.023009902234083453
38, 48, 0.021554875446227268
38, 49, 0.0315025237019285
38, 50, 0.025578817669587566
38, 51, 0.027742088302468552
38, 52, 0.03136094756314896
38, 53, 0.023783052176434647
38, 54, 0.02986026235001502
38, 55, 0.0265520857515896
38, 56, 0.02737136278828434
38, 57, 0.027063098878148097
38, 58, 0.02011765360304093
38, 59, 0.02183833502066334
39, 40, 0.030100030427952555
39, 41, 0.03255753286134811
39, 42, 0.026925705838853318
39, 43, 0.032414384530174804
39, 44, 0.031231295532241063
39, 45, 0.029817933424140113
39, 46, 0.031066630786486762
39, 47, 0.02734178449740376
39, 48, 0.02606698748768349
39, 49, 0.03385387015662114
39, 50, 0.02889628793575988
39, 51, 0.030715915670977745
39, 52, 0.03337397972883224
39, 53, 0.0285269782593099
39, 54, 0.03154272399225874
39, 55, 0.028268062587108598
39, 56, 0.030024330320354668
39, 57, 0.03173893217782844
39, 58, 0.022014074564640124
39, 59, 0.02660026286545158
40, 41, 0.018354015889603677
40, 42, 0.021453191535107035
40, 43, 0.02582722962764707
40, 44, 0.020000792831977712
40, 45, 0.023316773791753984
40, 46, 0.023818485114648347
40, 47, 0.018622296546723285
40, 48, 0.016940203394549696
40, 49, 0.030286692583623823
40, 50, 0.022775700386566837
40, 51, 0.025453578571070275
40, 52, 0.030420788840849054
40, 53, 0.018449216546503423
40, 54, 0.02900994102582512
40, 55, 0.02549861946445335
40, 56, 0.025465616480046388
40, 57, 0.021090465014387723
40, 58, 0.018758736477494053
40, 59, 0.016718740047787343
41, 42, 0.021998442710962754
41, 43, 0.029901315981828592
41, 44, 0.021727603267814706
41, 45, 0.02485998757688852
41, 46, 0.026299245334354758
41, 47, 0.01876408609046924
41, 48, 0.016596382445309987
41, 49, 0.0344887552910641
41, 50, 0.02388855830528441
41, 51, 0.027395397468636083
41, 52, 0.03329084122252637
41, 53, 0.018576545730054676
41, 54, 0.03041543377035908
41, 55, 0.026154881857084807
41, 56, 0.02691802991933511
41, 57, 0.02399533688726203
41, 58, 0.018795582344859545
41, 59, 0.01623986120996656
42, 43, 0.024069048834197852
42, 44, 0.022088832634698654
42, 45, 0.023151106985132747
42, 46, 0.023334501713574377
42, 47, 0.020930015800849966
42, 48, 0.020029085946726654
42, 49, 0.026283583720026222
42, 50, 0.022882845178523622
42, 51, 0.024228929303614314
42, 52, 0.026908614628399698
42, 53, 0.021145584685193453
42, 54, 0.026894228177320526
42, 55, 0.024798886037072827
42, 56, 0.024380567172244627
42, 57, 0.02243087497811425
42, 58, 0.019674411317712817
42, 59, 0.02011804563063426
43, 44, 0.027850550293570368
43, 45, 0.027145578070691723
43, 46, 0.028623068058596816
43, 47, 0.023090655531743262
43, 48, 0.021331386222034173
43, 49, 0.03359878566736565
43, 50, 0.0261208363001457
43, 51, 0.02875213893552557
43, 52, 0.03293524138822186
43, 53, 0.0240975776850093
43, 54, 0.030680505523335937
43, 55, 0.026875927320672732
43, 56, 0.02812752931528843
43, 57, 0.028867682954023397
43, 58, 0.01996767622008288
43, 59, 0.02165377274444929
44, 45, 0.024476869777211637
44, 46, 0.025421375986000087
44, 47, 0.019533768312935313
44, 48, 0.017694995594974297
44, 49, 0.03204135978287755
44, 50, 0.023719513511109142
44, 51, 0.02661862434739922
44, 52, 0.031698824682655904
44, 53, 0.019646175501347264
44, 54, 0.02972944629127679
44, 55, 0.02594034833169558
44, 56, 0.026375016882653507
44, 57, 0.023480998619738812
44, 58, 0.018976178247661193
44, 59, 0.01756755079895852
45, 46, 0.025808241436231883
45, 47, 0.021992379435777455
45, 48, 0.020673564672277153
45, 49, 0.02984642946089095
45, 50, 0.02454485542365909
45, 51, 0.026520583736440013
45, 52, 0.03002656635437561
45, 53, 0.022516436526571645
45, 54, 0.029009545039480427
45, 55, 0.026002040471128657
45, 56, 0.026361153792355492
45, 57, 0.025080167420381355
45, 58, 0.019845617592537765
45, 59, 0.02085960489541513
46, 47, 0.022038615036660193
46, 48, 0.020464551876932288
46, 49, 0.03160757835541776
46, 50, 0.025026063435802503
46, 51, 0.027399827615334552
46, 52, 0.03142781116677837
46, 53, 0.02270466666854137
46, 54, 0.029801559476388857
46, 55, 0.026343437424965577
46, 56, 0.02705649979372466
46, 57, 0.026256669977083202
46, 58, 0.01973369011778882
46, 59, 0.02066749662459894
47, 48, 0.017568284060724068
47, 49, 0.026533176215106265
47, 50, 0.021750202420715653
47, 51, 0.02359066676663308
47, 52, 0.02735190111329646
47, 53, 0.018669533954854576
47, 54, 0.027190462688810164
47, 55, 0.024608676128602656
47, 56, 0.023897292808623738
47, 57, 0.02008049480539117
47, 58, 0.018787141564662744
47, 59, 0.017476011914061177
48, 49, 0.024889247628416915
48, 50, 0.020585029408477756
48, 51, 0.022279798430481956
48, 52, 0.02597731904783438
48, 53, 0.017276450892439954
48, 54, 0.026252277722601223
48, 55, 0.023950468228588505
48, 56, 0.02277663444523793
48, 57, 0.018177806511919317
48, 58, 0.01839069128411962
48, 59, 0.01631001697967904
49, 50, 0.02865129318743931
49, 51, 0.03102191212288347
49, 52, 0.034421599541371424
49, 53, 0.02803582293478709
49, 54, 0.03188929515076638
49, 55, 0.028058238970768954
49, 56, 0.030099976790878818
49, 57, 0.03284044439387245
49, 58, 0.02120347195551066
49, 59, 0.025496847485553076
50, 51, 0.025814692016414776
50, 52, 0.029017615307510385
50, 53, 0.022165741977410974
50, 54, 0.02837219979800568
50, 55, 0.025672761312720754
50, 56, 0.025771043305315634
50, 57, 0.024213830579920628
50, 58, 0.0198462101405112
50, 59, 0.02074225410221148
51, 52, 0.030981520086376394
51, 53, 0.024353949937583646
51, 54, 0.02970763339425775
51, 55, 0.026620252920464882
51, 56, 0.027410050179204337
51, 57, 0.02719307669675284
51, 58, 0.020435955387059744
51, 59, 0.022587947588016705
52, 53, 0.0286503507878044
52, 54, 0.03175976079515643
52, 55, 0.028308741484740857
52, 56, 0.030207273974542783
52, 57, 0.032271586074258396
52, 58, 0.021862739924510186
52, 59, 0.026548446743616616
53, 54, 0.02800968596560336
53, 55, 0.025017289074366903
53, 56, 0.024564875169500983
53, 57, 0.020377831582612093
53, 58, 0.018765093560025307
53, 59, 0.017134081922556044
54, 55, 0.028038818609715205
54, 56, 0.02927816396616084
54, 57, 0.030054639168511636
54, 58, 0.02259113937594881
54, 59, 0.026648907225355824
55, 56, 0.02653140915129169
55, 57, 0.026152774647230904
55, 58, 0.02183216897638738
55, 59, 0.024158849629138356
56, 57, 0.02681951871779105
56, 58, 0.02074484093117541
56, 59, 0.023068731058427303
57, 58, 0.019102196358469072
57, 59, 0.018118445964475528
58, 59, 0.01838508529107447
