64
0, 1, 0.04316916041666084
0, 2, 0.042509473652967936
0, 3, 0.04632188725045484
0, 4, 0.04054875444383987
0, 5, 0.042872825413397354
0, 6, 0.040715212352194656
0, 7, 0.03942618913485293
0, 8, 0.03960370445633283
0, 9, 0.037946821134436974
0, 10, 0.04390269420069554
0, 11, 0.042622119445607586
0, 12, 0.03681055053013808
0, 13, 0.04398593260612497
0, 14, 0.03641148007063128
0, 15, 0.028984928534584987
0, 16, 0.031153765929080413
0, 17, 0.04148125840791306
0, 18, 0.04118120934817754
0, 19, 0.040945810981087495
0, 20, 0.038998087333606754
0, 21, 0.03182433542773088
0, 22, 0.03110261002057807
0, 23, 0.04548939904951583
0, 24, 0.045000940097125984
0, 25, 0.03795035754273079
0, 26, 0.03340394139274249
0, 27, 0.028932355188223364
0, 28, 0.041696340576864166
0, 29, 0.03935030195627356
0, 30, 0.05116439820274012
0, 31, 0.0289643698007359
0, 32, 0.04370084381378927
0, 33, 0.0316804274604749
0, 34, 0.04006356822830404
0, 35, 0.04370383494442132
0, 36, 0.04271082436944418
0, 37, 0.04364407085198267
0, 38, 0.04437291817644895
0, 39, 0.03475352505375127
0, 40, 0.04236466358752594
0, 41, 0.03456424210431742
0, 42, 0.04260999208986771
0, 43, 0.04387642275727177
0, 44, 0.04134108670647846
0, 45, 0.044048509604452876
0, 46, 0.03859030534425344
0, 47, 0.04259883036469248
0, 48, 0.04400054767226467
0, 49, 0.04275938781439961
0, 50, 0.04445626072177531
0, 51, 0.041584470113400045
0, 52, 0.024615112491106202
0, 53, 0.04123484238469517
0, 54, 0.042361365320945366
0, 55, 0.042152436083832304
0, 56, 0.03844945165087841
0, 57, 0.03555470357176796
0, 58, 0.041155698945754764
0, 59, 0.041413170649595876
0, 60, 0.04024735578006198
0, 61, 0.0414258956372881
0, 62, 0.040476058491296145
0, 63, 0.037674463074641666
1, 2, 0.042919284336378136
1, 3, 0.04500727591649428
1, 4, 0.04188822137512894
1, 5, 0.04310888884374308
1, 6, 0.041995915806274264
1, 7, 0.04135162496532094
1, 8, 0.04125421713875575
1, 9, 0.040542812793341494
1, 10, 0.04367521336246795
1, 11, 0.04298177704798219
1, 12, 0.040120281563353975
1, 13, 0.043714463736458466
1, 14, 0.03973560332665017
1, 15, 0.04327007518896816
1, 16, 0.03939586266277823
1, 17, 0.04240099045928379
1, 18, 0.04221393248105135
1, 19, 0.04207520137250657
1, 20, 0.04105596257904789
1, 21, 0.042204350081263664
1, 22, 0.03987665757476647
1, 23, 0.04448406220733862
1, 24, 0.044266570994464266
1, 25, 0.0403995731405254
1, 26, 0.0391839642144996
1, 27, 0.04327754576402065
1, 28, 0.04250455677811274
1, 29, 0.04127306873271509
1, 30, 0.04777599614095559
1, 31, 0.043280208206243065
1, 32, 0.04356313399660077
1, 33, 0.04307817538697536
1, 34, 0.04165412588791751
1, 35, 0.04355927806418472
1, 36, 0.0430212263086398
1, 37, 0.043524865596897507
1, 38, 0.04393565236640414
1, 39, 0.042403476114590465
1, 40, 0.04286266965940001
1, 41, 0.04244479232368639
1, 42, 0.04298194424361272
1, 43, 0.0436584921104107
1, 44, 0.042307452982941654
1, 45, 0.04374477223998229
1, 46, 0.04093567929195316
1, 47, 0.04296009878399799
1, 48, 0.04370783421331527
1, 49, 0.04304571651045701
1, 50, 0.043974404805753424
1, 51, 0.04240185119606517
1, 52, 0.035363521328604604
1, 53, 0.042248917517517484
1, 54, 0.04282407684220994
1, 55, 0.04272940573100493
1, 56, 0.040816711498603823
1, 57, 0.039417490613548316
1, 58, 0.04220078725473814
1, 59, 0.04234395113110505
1, 60, 0.04172373196527708
1, 61, 0.04232855293210339
1, 62, 0.04181849501059795
1, 63, 0.04069142320795511
2, 3, 0.04457642235823969
2, 4, 0.04163068637785143
2, 5, 0.042787136603176616
2, 6, 0.04172785595848761
2, 7, 0.041120886838080684
2, 8, 0.0410514029778912
2, 9, 0.04036663445268876
2, 10, 0.04332509443677811
2, 11, 0.04265934946603867
2, 12, 0.03996290361244725
2, 13, 0.04335347730359456
2, 14, 0.03961012888131413
2, 15, 0.042593963744926785
2, 16, 0.039252196247877236
2, 17, 0.0421058475491338
2, 18, 0.04193844779382236
2, 19, 0.04181114756837162
2, 20, 0.04085108931439373
2, 21, 0.04170440524805222
2, 22, 0.039681390738692916
2, 23, 0.04405855157981003
2, 24, 0.04387319588728613
2, 25, 0.04024116507694051
2, 26, 0.03907490391036896
2, 27, 0.04260019421633956
2, 28, 0.04220565489507719
2, 29, 0.04105159678179421
2, 30, 0.04719723118085777
2, 31, 0.04260243150559811
2, 32, 0.04321886437764942
2, 33, 0.04243611450504694
2, 34, 0.041407809036899196
2, 35, 0.043202439939041846
2, 36, 0.04270392821532835
2, 37, 0.04316317319892352
2, 38, 0.04357026261141817
2, 39, 0.04188738161889553
2, 40, 0.0425363409919126
2, 41, 0.04192040563560161
2, 42, 0.042654014536859415
2, 43, 0.0433060471469139
2, 44, 0.04202393835929128
2, 45, 0.04337785116435479
2, 46, 0.040730281677737346
2, 47, 0.04264654144619897
2, 48, 0.0433295761720171
2, 49, 0.04272900481380041
2, 50, 0.04360134133865716
2, 51, 0.04212346712929285
2, 52, 0.03553941447553168
2, 53, 0.04196963029005307
2, 54, 0.042522702739717526
2, 55, 0.04242337836477418
2, 56, 0.0406225386565367
2, 57, 0.039308466869128575
2, 58, 0.0419259982780304
2, 59, 0.042058646391656504
2, 60, 0.041477174318862026
2, 61, 0.04205059669518336
2, 62, 0.041570693067683004
2, 63, 0.04048748668333306
3, 4, 0.0436621220717898
3, 5, 0.04471670086612046
3, 6, 0.04378496052145701
3, 7, 0.04322496909949305
3, 8, 0.04295980927811207
3, 9, 0.042459871513163924
3, 10, 0.04520983585034358
3, 11, 0.044642120809169426
3, 12, 0.042173102197629736
3, 13, 0.04528174714196529
3, 14, 0.041724789343776554
3, 15, 0.04642373476973702
3, 16, 0.04214871687103229
3, 17, 0.04416210779546171
3, 18, 0.043944686609001915
3, 19, 0.04380005771997675
3, 20, 0.04289583205179842
3, 21, 0.045276707955701226
3, 22, 0.04270997032254757
3, 23, 0.046047702093241105
3, 24, 0.04578153559171328
3, 25, 0.042231246088075554
3, 26, 0.04161489478371003
3, 27, 0.04643134525587893
3, 28, 0.04424040990983569
3, 29, 0.043119357211381215
3, 30, 0.0489309125952442
3, 31, 0.04643398272116141
3, 32, 0.045110733384757136
3, 33, 0.0462163056388889
3, 34, 0.0434727855529669
3, 35, 0.04516303108743934
3, 36, 0.04464065128497841
3, 37, 0.0451622627677392
3, 38, 0.045447469487747715
3, 39, 0.04541035496437805
3, 40, 0.04459133450336474
3, 41, 0.04546546417950684
3, 42, 0.04466967410600641
3, 43, 0.04520869660582661
3, 44, 0.04404332962539501
3, 45, 0.04532654192308291
3, 46, 0.0428584255750397
3, 47, 0.04458453055043097
3, 48, 0.04535012571803676
3, 49, 0.04465286757924315
3, 50, 0.04550433282484321
3, 51, 0.044065563509091125
3, 52, 0.03818486121608392
3, 53, 0.04398648640808353
3, 54, 0.044439538686441675
3, 55, 0.04440767572515057
3, 56, 0.042716522773504725
3, 57, 0.04149987322526204
3, 58, 0.04393341114901966
3, 59, 0.044073745202292756
3, 60, 0.04350705154974829
3, 61, 0.04402197403977552
3, 62, 0.04356181612134002
3, 63, 0.04277767144946879
4, 5, 0.04183801378359661
4, 6, 0.0407143854393908
4, 7, 0.040083967874408016
4, 8, 0.04011519226170449
4, 9, 0.03933630823554553
4, 10, 0.04239834946448001
4, 11, 0.04168300122768915
4, 12, 0.038872689638389586
4, 13, 0.04240431791802437
4, 14, 0.03856974076531721
4, 15, 0.040623144238578476
4, 16, 0.03780254628911984
4, 17, 0.0410923117087728
4, 18, 0.04095093006355489
4, 19, 0.040832711733377464
4, 20, 0.03984512567772515
4, 21, 0.03988067206910749
4, 22, 0.038160084253496956
4, 23, 0.04307707458177454
4, 24, 0.042933644455358154
4, 25, 0.03926404552523395
4, 26, 0.03781417967813959
4, 27, 0.04062857299310811
4, 28, 0.04120308910975216
4, 29, 0.04003351517141761
4, 30, 0.046343434898665256
4, 31, 0.04063057605262734
4, 32, 0.042288586650435826
4, 33, 0.04049378102126181
4, 34, 0.040390697636127536
4, 35, 0.04223682629016817
4, 36, 0.04175122704121046
4, 37, 0.042177754714785014
4, 38, 0.04264709196228132
4, 39, 0.040090340125908924
4, 40, 0.04152288184961653
4, 41, 0.04011102814502278
4, 42, 0.04166071373224415
4, 43, 0.042370124119971105
4, 44, 0.041029533597777036
4, 45, 0.042418145419637406
4, 46, 0.03968145717690735
4, 47, 0.041693260046306815
4, 48, 0.042332850565373316
4, 49, 0.04178288396075872
4, 50, 0.042664879653352056
4, 51, 0.0411687152067498
4, 52, 0.034229432354978696
4, 53, 0.04097660223859741
4, 54, 0.041580442259352424
4, 55, 0.04144654494370351
4, 56, 0.03959149320819728
4, 57, 0.03822887674891993
4, 58, 0.040937891663080206
4, 59, 0.04106640944787489
4, 60, 0.04047806873675352
4, 61, 0.04108088213917048
4, 62, 0.040591418850812036
4, 63, 0.03935498970986478
5, 6, 0.041936113148727916
5, 7, 0.04134484474951927
5, 8, 0.04125544755030721
5, 9, 0.04060261562718531
5, 10, 0.043489189725950964
5, 11, 0.042843881813732596
5, 12, 0.04021954780813308
5, 13, 0.04352090627549753
5, 14, 0.03986161694387263
5, 15, 0.04295612420895605
5, 16, 0.03960637981555097
5, 17, 0.04230728950885907
5, 18, 0.04213785439153846
5, 19, 0.04201100242866079
5, 20, 0.04107330646345103
5, 21, 0.04206964915673685
5, 22, 0.04004147815918741
5, 23, 0.044218486984169296
5, 24, 0.04402982985292174
5, 25, 0.04046745703690197
5, 26, 0.03938853140550795
5, 27, 0.04296227513807322
5, 28, 0.04240319675225743
5, 29, 0.04127285681602645
5, 30, 0.04728349378027528
5, 31, 0.04296447462196337
5, 32, 0.043385399924347666
5, 33, 0.04279879455607103
5, 34, 0.04162253239801088
5, 35, 0.04337537793904052
5, 36, 0.04288336633908344
5, 37, 0.043340249733621314
5, 38, 0.043729519776250635
5, 39, 0.04224189428704016
5, 40, 0.04272990259322813
5, 41, 0.04227616242203949
5, 42, 0.04284173542582019
5, 43, 0.04347204484332568
5, 44, 0.04222316866416489
5, 45, 0.04354664167700368
5, 46, 0.040963812558453966
5, 47, 0.04282708324193469
5, 48, 0.043505540780997755
5, 49, 0.042906811476863344
5, 50, 0.04376226922054355
5, 51, 0.042313313817213094
5, 52, 0.03593702721720219
5, 53, 0.042169558264221835
5, 54, 0.0427033507171918
5, 55, 0.042612185623105016
5, 56, 0.04085416186920368
5, 57, 0.03957449871634676
5, 58, 0.042125739199465204
5, 59, 0.04225684105902268
5, 60, 0.04168700848084621
5, 61, 0.042244584874633596
5, 62, 0.04177488762344832
5, 63, 0.040743637404344286
6, 7, 0.04016192282160129
6, 8, 0.04018582896364581
6, 9, 0.03940171400071046
6, 10, 0.04250275966266256
6, 11, 0.041781488232335046
6, 12, 0.0389342428136296
6, 13, 0.042511421823393965
6, 14, 0.0386236086708806
6, 15, 0.040792934648781524
6, 16, 0.037861656227679626
6, 17, 0.04118483742197859
6, 18, 0.04103874586812804
6, 19, 0.04091782785961229
6, 20, 0.03991690475343246
6, 21, 0.040015036444988994
6, 22, 0.03823045005961086
6, 23, 0.04319921307365053
6, 24, 0.04304809796209916
6, 25, 0.039324889359166025
6, 26, 0.03786552656033605
6, 27, 0.04079861378108352
6, 28, 0.04129639270537738
6, 29, 0.040109200951450645
6, 30, 0.04649971091707796
6, 31, 0.04080070363761342
6, 32, 0.04239168582817874
6, 33, 0.04065682583559564
6, 34, 0.040472068297762336
6, 35, 0.042343115304021316
6, 36, 0.041848335789445835
6, 37, 0.04228531041159571
6, 38, 0.042754977035211465
6, 39, 0.04022871405588176
6, 40, 0.04162254567644747
6, 41, 0.0402510102347843
6, 42, 0.04176059562076886
6, 43, 0.04247515203065672
6, 44, 0.04111924699418814
6, 45, 0.04252669831530745
6, 46, 0.039753700237002206
6, 47, 0.0417895152746387
6, 48, 0.04244428085663221
6, 49, 0.041879799053091325
6, 50, 0.0427746456363646
6, 51, 0.04125690791723197
6, 52, 0.03421622552693513
6, 53, 0.04106533542830432
6, 54, 0.04167379934446007
6, 55, 0.04154127545663476
6, 56, 0.03966102830233588
6, 57, 0.038279292740576364
6, 58, 0.04102555285961855
6, 59, 0.041156515590841825
6, 60, 0.040559348563607704
6, 61, 0.04116911183803329
6, 62, 0.040672813045792705
6, 63, 0.03942742367828973
7, 8, 0.03959492920367659
7, 9, 0.038745004119385675
7, 10, 0.04192864725546372
7, 11, 0.04117178677611416
7, 12, 0.03823524526967028
7, 13, 0.04192289234427676
7, 14, 0.03795649053138521
7, 15, 0.03949741865933879
7, 16, 0.03691087636856328
7, 17, 0.040547904360918915
7, 18, 0.04041815334982876
7, 19, 0.040302606831302185
7, 20, 0.039278808764634306
7, 21, 0.038817324492687925
7, 22, 0.0372321018012321
7, 23, 0.04259327061233179
7, 24, 0.04246836511766683
7, 25, 0.038703147180907005
7, 26, 0.03704527685530787
7, 27, 0.03950257790832653
7, 28, 0.04066719999477836
7, 29, 0.039464010086239565
7, 30, 0.04599103455206278
7, 31, 0.039504519945235496
7, 32, 0.04181476993628476
7, 33, 0.03938039697215826
7, 34, 0.0398292778334422
7, 35, 0.041743126970069384
7, 36, 0.041254327528731025
7, 37, 0.04167219966620506
7, 38, 0.04218436081155979
7, 39, 0.03905172439613561
7, 40, 0.040987850069691814
7, 41, 0.03906548502272252
7, 42, 0.04113974892436611
7, 43, 0.04189499066032203
7, 44, 0.04049453213478652
7, 45, 0.04193143117564726
7, 46, 0.03908639613136848
7, 47, 0.04119485018738513
7, 48, 0.04182463483262209
7, 49, 0.041290210409541034
7, 50, 0.042195573596412565
7, 51, 0.0406587701404422
7, 52, 0.033342134046138935
7, 53, 0.04044126093958299
7, 54, 0.041085745814215396
7, 55, 0.04093009177061846
7, 56, 0.03900508507912553
7, 57, 0.03758421651235512
7, 58, 0.04040451098381661
7, 59, 0.04053340164662219
7, 60, 0.0399288423522026
7, 61, 0.040560791414485424
7, 62, 0.04005588121567914
7, 63, 0.038702584373564185
8, 9, 0.03890922982995781
8, 10, 0.041785987596926276
8, 11, 0.041096994287445905
8, 12, 0.03846030436779657
8, 13, 0.04177751624773603
8, 14, 0.03819860525549306
8, 15, 0.03966289611825529
8, 16, 0.037376972295465175
8, 17, 0.040533378107439545
8, 18, 0.040416629112853424
8, 19, 0.0403122243270129
8, 20, 0.03938840504959254
8, 21, 0.03908513690101747
8, 22, 0.03767651752980692
8, 23, 0.04237504098484096
8, 24, 0.04227126687453055
8, 25, 0.03886315763456323
8, 26, 0.03743915183830081
8, 27, 0.03966718319837218
8, 28, 0.04064098677632302
8, 29, 0.03955681511168842
8, 30, 0.045479391531558735
8, 31, 0.03966879162285297
8, 32, 0.04168248219312732
8, 33, 0.03956455247379062
8, 34, 0.039886183810031006
8, 35, 0.04161314812902444
8, 36, 0.04117332688944236
8, 37, 0.041546823314966085
8, 38, 0.0420178274935532
8, 39, 0.039277532455387856
8, 40, 0.040929035605000226
8, 41, 0.03929043358334487
8, 42, 0.04106692194831866
8, 43, 0.04175422813158648
8, 44, 0.040485508567401074
8, 45, 0.04178367897863919
8, 46, 0.03921960759256408
8, 47, 0.04111952210114548
8, 48, 0.04168238531914417
8, 49, 0.04120631141146749
8, 50, 0.042025673061328185
8, 51, 0.0406345454781341
8, 52, 0.03416278330006911
8, 53, 0.04043746742306745
8, 54, 0.041021598836984204
8, 55, 0.040878939600679655
8, 56, 0.03914410385477689
8, 57, 0.03787176692082069
8, 58, 0.04040431393058699
8, 59, 0.040520587483632874
8, 60, 0.039975134356089605
8, 61, 0.04054562502913682
8, 62, 0.04008917390398494
8, 63, 0.038886687015404146
9, 10, 0.04118873820773617
9, 11, 0.04041241609700674
9, 12, 0.037472645452474536
9, 13, 0.04116465649516797
9, 14, 0.0372376469114844
9, 15, 0.03800588710477414
9, 16, 0.03593495109763819
9, 17, 0.03977663990735306
9, 18, 0.03967097906756089
9, 19, 0.039565713071393956
9, 20, 0.038548960658657525
9, 21, 0.0374792227304572
9, 22, 0.03619259748966081
9, 23, 0.04178879360398711
9, 24, 0.04170288882534503
9, 25, 0.03801012689025351
9, 26, 0.036197676941979826
9, 27, 0.03801010619009182
9, 28, 0.03990118589167462
9, 29, 0.03871990400944007
9, 30, 0.04520316374770087
9, 31, 0.03801174902054616
9, 32, 0.04107505317731704
9, 33, 0.03791839915127256
9, 34, 0.03907566312976133
9, 35, 0.040976391883325664
9, 36, 0.04051169460461121
9, 37, 0.04089124124975575
9, 38, 0.04144044422628247
9, 39, 0.03772271687611642
9, 40, 0.04020395307374535
9, 41, 0.03772606828127226
9, 42, 0.04036765329152376
9, 43, 0.04114843942998675
9, 44, 0.039739826416656354
9, 45, 0.0411642477898384
9, 46, 0.038329824691626845
9, 47, 0.040453381719466386
9, 48, 0.04102995630046011
9, 49, 0.04055189719761948
9, 50, 0.04144028641802001
9, 51, 0.039930723750862124
9, 52, 0.032579584237073564
9, 53, 0.0396891277491526
9, 54, 0.040356079743409844
9, 55, 0.040177097582263184
9, 56, 0.03826406726898861
9, 57, 0.03684782072561881
9, 58, 0.03965725533631255
9, 59, 0.039779308749582416
9, 60, 0.03918627018716342
9, 61, 0.03982363987224662
9, 62, 0.03932508791434264
9, 63, 0.03789507721238782
10, 11, 0.043383807894051496
10, 12, 0.040840947502448134
10, 13, 0.04404133995213146
10, 14, 0.04045891482354208
10, 15, 0.043989472548687056
10, 16, 0.04042414720657739
10, 17, 0.04287100886396565
10, 18, 0.042689181011156783
10, 19, 0.0425584975255584
10, 20, 0.04164269689481348
10, 21, 0.04304571776136917
10, 22, 0.040891723783321024
10, 23, 0.044750042918098976
10, 24, 0.044541311779161236
10, 25, 0.041025849677045916
10, 26, 0.04010856338376368
10, 27, 0.04399590598119895
10, 28, 0.04296037625740213
10, 29, 0.041847183352031025
10, 30, 0.0477261599086789
10, 31, 0.04399818169851487
10, 32, 0.04389703004436825
10, 33, 0.043821089812234454
10, 34, 0.04219359261253374
10, 35, 0.04390551569311626
10, 36, 0.043410577153871234
10, 37, 0.043880969667782925
10, 38, 0.04423482642274434
10, 39, 0.043202571095749966
10, 40, 0.04329017215229426
10, 41, 0.04324234657707065
10, 42, 0.0433905580010419
10, 43, 0.04398596057057668
10, 44, 0.04277746899784378
10, 45, 0.044072357741176765
10, 46, 0.04155701203288286
10, 47, 0.043355030437311294
10, 48, 0.04405078891869406
10, 49, 0.043430386036976416
10, 50, 0.044274230991493184
10, 51, 0.042845948455937886
10, 52, 0.03671480524941463
10, 53, 0.04272355163996567
10, 54, 0.043226436843253536
10, 55, 0.04315417949549817
10, 56, 0.04143870714232267
10, 57, 0.04019533492086505
10, 58, 0.042677471728366376
10, 59, 0.042809732436579595
10, 60, 0.04224798958417253
10, 61, 0.04278566513140106
10, 62, 0.042324637446064704
10, 63, 0.04138327243025062
11, 12, 0.04000864968223638
11, 13, 0.04341377803861246
11, 14, 0.03965159816903314
11, 15, 0.04270825246142095
11, 16, 0.03930670087051784
11, 17, 0.04216192995901498
11, 18, 0.04199204399140651
11, 19, 0.041863460389241124
11, 20, 0.040898795661552356
11, 21, 0.041799956457798555
11, 22, 0.039742424511603744
11, 23, 0.04412554716055333
11, 24, 0.04393617202279343
11, 25, 0.0402838548623424
11, 26, 0.03912106506853095
11, 27, 0.04271460785619595
11, 28, 0.04226177931097673
11, 29, 0.04110114050751633
11, 30, 0.04727474379494551
11, 31, 0.04271688696304453
11, 32, 0.04327714247214658
11, 33, 0.04254680610903093
11, 34, 0.041459574278772976
11, 35, 0.04326280699397353
11, 36, 0.042760366526064776
11, 37, 0.043224510766703646
11, 38, 0.04363026486115736
11, 39, 0.04198363290465814
11, 40, 0.04259523853721228
11, 41, 0.0420176855170613
11, 42, 0.042712512603465126
11, 43, 0.04336521840378962
11, 44, 0.04207844907035315
11, 45, 0.0434389720226188
11, 46, 0.040779218819261026
11, 47, 0.04270265641781054
11, 48, 0.043392712720175364
11, 49, 0.04278521184116509
11, 50, 0.043662395427062434
11, 51, 0.042176432722711314
11, 52, 0.035561427599078155
11, 53, 0.042023720914448545
11, 54, 0.042577414040923786
11, 55, 0.04247944946236759
11, 56, 0.040669969275372295
11, 57, 0.03934954631320795
11, 58, 0.04197954753736928
11, 59, 0.04211326010536681
11, 60, 0.04152846789969179
11, 61, 0.042103931424902076
11, 62, 0.04162155580561261
11, 63, 0.040538599922765324
12, 13, 0.04080655036922712
12, 14, 0.03665841228448159
12, 15, 0.03686790126157266
12, 16, 0.03501379776413683
12, 17, 0.03932630806945753
12, 18, 0.03922863715790847
12, 19, 0.03912319555722794
12, 20, 0.03804729554180152
12, 21, 0.03639922133030279
12, 22, 0.035235449210380604
12, 23, 0.041446573293597695
12, 24, 0.04137283600869619
12, 25, 0.03750145865131277
12, 26, 0.035425074127124166
12, 27, 0.0368719436987208
12, 28, 0.039461905271686394
12, 29, 0.0382192211934596
12, 30, 0.04505674668699538
12, 31, 0.03687357261285658
12, 32, 0.04072082696581161
12, 33, 0.036792500948450366
12, 34, 0.038591513078767445
12, 35, 0.04060288353294365
12, 36, 0.04012302698952184
12, 37, 0.04050534561465771
12, 38, 0.04110512740308727
12, 39, 0.036681349575679645
12, 40, 0.039773478353487504
12, 41, 0.03667643698754374
12, 42, 0.03995410665847674
12, 43, 0.04079509240612398
12, 44, 0.03929718989553915
12, 45, 0.040801749910450186
12, 46, 0.037794500853188286
12, 47, 0.040061883703183004
12, 48, 0.040645694022699796
12, 49, 0.04016793360847565
12, 50, 0.0410996673094999
12, 51, 0.03951569416763491
12, 52, 0.03158594727457862
12, 53, 0.039244885401009906
12, 54, 0.03996531642588998
12, 55, 0.039762521921206474
12, 56, 0.03773579851190885
12, 57, 0.036226782121847684
12, 58, 0.03921401039476651
12, 59, 0.03933951069036652
12, 60, 0.03871646478480626
12, 61, 0.0393967501300223
12, 62, 0.03887158332728295
12, 63, 0.037290744435609265
13, 14, 0.04041670517217295
13, 15, 0.04407737721602315
13, 16, 0.04036504182105049
13, 17, 0.042888965978911224
13, 18, 0.04270220610700452
13, 19, 0.04256822476918537
13, 20, 0.041630127343531435
13, 21, 0.04308485462938332
13, 22, 0.040846261343355596
13, 23, 0.04481499475739192
13, 24, 0.04459839600743188
13, 25, 0.040999175113657034
13, 26, 0.04004764923129899
13, 27, 0.04408416083397708
13, 28, 0.04298039335360266
13, 29, 0.041839511523691454
13, 30, 0.04785382992369364
13, 31, 0.04408655843772544
13, 32, 0.043937902168221896
13, 33, 0.04389965240412102
13, 34, 0.042194532070096324
13, 35, 0.043948096074586794
13, 36, 0.04344049724371959
13, 37, 0.0439237663308669
13, 38, 0.04428351392490495
13, 39, 0.04324808070951104
13, 40, 0.04331882967991481
13, 41, 0.04328991664154464
13, 42, 0.04342119982250128
13, 43, 0.04402922932086322
13, 44, 0.04279277237681638
13, 45, 0.04411883927168679
13, 46, 0.04154176203719399
13, 47, 0.04338361915195979
13, 48, 0.044098438644605664
13, 49, 0.04346058488277497
13, 50, 0.04432456023910745
13, 51, 0.04286230097927115
13, 52, 0.0365545072126803
13, 53, 0.042737497805523814
13, 54, 0.04325162702280008
13, 55, 0.04317847393115098
13, 56, 0.04142077314886429
13, 57, 0.04014499194272167
13, 58, 0.04269021594408669
13, 59, 0.04282580401012665
13, 60, 0.04225024886195674
13, 61, 0.042800801048354785
13, 62, 0.04232870328168577
13, 63, 0.041362147072907425
14, 15, 0.03646037243601743
14, 16, 0.03486161313659181
14, 17, 0.03899371125307042
14, 18, 0.03891035970146651
14, 19, 0.038813687942502395
14, 20, 0.037787446934921164
14, 21, 0.03607125045225319
14, 22, 0.035058006507381965
14, 23, 0.04100609500403765
14, 24, 0.04095616986968977
14, 25, 0.037277729235984006
14, 26, 0.035268025963755716
14, 27, 0.03646379485175686
14, 28, 0.03912553860085762
14, 29, 0.03794667789330337
14, 30, 0.04448565913741052
14, 31, 0.03646519426830943
14, 32, 0.040343708386543185
14, 33, 0.03639949629574024
14, 34, 0.03829875577078603
14, 35, 0.04021727062269547
14, 36, 0.039768893573222865
14, 37, 0.04011693519090975
14, 38, 0.04071050798052298
14, 39, 0.03633148613608906
14, 40, 0.039415583160872514
14, 41, 0.036324406372090765
14, 42, 0.039593594873381446
14, 43, 0.04041156841071046
14, 44, 0.03897280298238149
14, 45, 0.04040762149092881
14, 46, 0.03753714937457377
14, 47, 0.03971082145560284
14, 48, 0.04024454945839112
14, 49, 0.039813960523883196
14, 50, 0.04069938581560714
14, 51, 0.03919331242749168
14, 52, 0.031664110437951844
14, 53, 0.038923847185913234
14, 54, 0.03962364551707826
14, 55, 0.03941882246871444
14, 56, 0.03748626286616862
14, 57, 0.036049827726504266
14, 58, 0.038896332360748256
14, 59, 0.03901353915982555
14, 60, 0.03842236481280125
14, 61, 0.03907547365170802
14, 62, 0.03857532611082776
14, 63, 0.037041955060378086
15, 16, 0.031186904363855288
15, 17, 0.04156498574652607
15, 18, 0.04125838698381692
15, 19, 0.04101986529981568
15, 20, 0.03906184164560886
15, 21, 0.03201649653469755
15, 22, 0.031141907482348904
15, 23, 0.04559920266316906
15, 24, 0.04509810502443696
15, 25, 0.038003402854717525
15, 26, 0.03344822467065509
15, 27, 0.028869108612332377
15, 28, 0.04177989107576408
15, 29, 0.03941828352847474
15, 30, 0.051287977303966295
15, 31, 0.02920148632761664
15, 32, 0.04378681402352051
15, 33, 0.032637993392847287
15, 34, 0.04013682900172656
15, 35, 0.04379623120666487
15, 36, 0.04279355836195022
15, 37, 0.04373978436746356
15, 38, 0.044462391105568565
15, 39, 0.03509382535708871
15, 40, 0.042455446041609654
15, 41, 0.03491972444433
15, 42, 0.042699046125823294
15, 43, 0.043964648555797216
15, 44, 0.041420559575542824
15, 45, 0.04414240977640177
15, 46, 0.038656643485188436
15, 47, 0.04268085320180196
15, 48, 0.044101384582635475
15, 49, 0.04284136890257684
15, 50, 0.04454879788531949
15, 51, 0.04165950213971808
15, 52, 0.024573295619752373
15, 53, 0.04131329188991255
15, 54, 0.04243990184577834
15, 55, 0.042235121543058446
15, 56, 0.03851236861894838
15, 57, 0.03560099949940072
15, 58, 0.041232778960577636
15, 59, 0.041492838830881784
15, 60, 0.04031934761337349
15, 61, 0.04150209518812076
15, 62, 0.040546846300522695
15, 63, 0.03774479755859576
16, 17, 0.03837283963413448
16, 18, 0.038281978908158376
16, 19, 0.03815859584621614
16, 20, 0.036726173918123405
16, 21, 0.03134442274552083
16, 22, 0.031169856477702478
16, 23, 0.041184448330078026
16, 24, 0.04110479091787798
16, 25, 0.03608533265936056
16, 26, 0.03255101758822428
16, 27, 0.031188586625717284
16, 28, 0.0385645680651148
16, 29, 0.036925380897906424
16, 30, 0.04585756352243397
16, 31, 0.031189916915337693
16, 32, 0.04026724702030089
16, 33, 0.031252488180324396
16, 34, 0.037410033233951236
16, 35, 0.040088743889769754
16, 36, 0.03947853702897791
16, 37, 0.03994562026108057
16, 38, 0.04076627079911495
16, 39, 0.03198933410804887
16, 40, 0.03895838325178892
16, 41, 0.03190837160807484
16, 42, 0.039217650351685784
16, 43, 0.040359074799402685
16, 44, 0.03836129660151714
16, 45, 0.04035169761575851
16, 46, 0.03631283775535421
16, 47, 0.0393991337126539
16, 48, 0.04012067929626755
16, 49, 0.039542707613647976
16, 50, 0.040752209963438826
16, 51, 0.03869493761839562
16, 52, 0.02716597968221997
16, 53, 0.038295349391905334
16, 54, 0.039286116076672345
16, 55, 0.03898691532938971
16, 56, 0.036273738408369754
16, 57, 0.034199609391448484
16, 58, 0.03826222751544767
16, 59, 0.03841916591401849
16, 60, 0.037601959925732495
16, 61, 0.03852303012101362
16, 62, 0.03783333029921206
16, 63, 0.03545776635705446
17, 18, 0.041415342827556934
17, 19, 0.04128951695081098
17, 20, 0.04028827284159466
17, 21, 0.04070952445113644
17, 22, 0.03877413600339479
17, 23, 0.04359806272351995
17, 24, 0.04342765835498933
17, 25, 0.03967901074971138
17, 26, 0.03830731306305044
17, 27, 0.04157113141410398
17, 28, 0.041681845009356656
17, 29, 0.04048733858930112
17, 30, 0.046880509828635945
17, 31, 0.04157336751080203
17, 32, 0.04276017469844268
17, 33, 0.04141388020019453
17, 34, 0.04085390254117393
17, 35, 0.04272551921482312
17, 36, 0.04221999384599636
17, 37, 0.04267515884849638
17, 38, 0.04312449937304635
17, 39, 0.04091675935598924
17, 40, 0.04201610189763519
17, 41, 0.04094453695421393
17, 42, 0.04214763005678435
17, 43, 0.04284686321332366
17, 44, 0.0414994619051296
17, 45, 0.04290874870872628
17, 46, 0.04013958960777619
17, 47, 0.04216076240083991
17, 48, 0.04284061154802084
17, 49, 0.042249149222040316
17, 50, 0.04314987800978532
17, 51, 0.04162295014869524
17, 52, 0.03462865245403114
17, 53, 0.04144440249118449
17, 54, 0.04203936577791992
17, 55, 0.04191922446428278
17, 56, 0.04003911104050646
17, 57, 0.03865994846866843
17, 58, 0.041402235300919375
17, 59, 0.04153629093381148
17, 60, 0.04093516023659832
17, 61, 0.04154011874125493
17, 62, 0.04104215110270201
17, 63, 0.03984127176490145
18, 19, 0.04114538310407195
18, 20, 0.04017009594593019
18, 21, 0.04047263062386849
18, 22, 0.03866167328638031
18, 23, 0.043382712836967215
18, 24, 0.04322665178229875
18, 25, 0.03958156647334493
18, 26, 0.038230602682616854
18, 27, 0.04126404004739724
18, 28, 0.04152220719120587
18, 29, 0.04036176746255698
18, 30, 0.04659806402611332
18, 31, 0.04126610576495043
18, 32, 0.04258090912801979
18, 33, 0.041120603538518104
18, 34, 0.04071737972862885
18, 35, 0.04254050541783732
18, 36, 0.042052504255518
18, 37, 0.04248791537662771
18, 38, 0.04293594594069738
18, 39, 0.04067224560683239
18, 40, 0.04184433179813644
18, 41, 0.04069684515916186
18, 42, 0.041975236598978866
18, 43, 0.042663950735941696
18, 44, 0.041346649727956965
18, 45, 0.04271931527468642
18, 46, 0.040020949940368006
18, 47, 0.04199492142150072
18, 48, 0.04264602609800611
18, 49, 0.0420819592680294
18, 50, 0.04295785588407377
18, 51, 0.04147263790669811
18, 52, 0.03467668642583781
18, 53, 0.0412934624007931
18, 54, 0.04187897789608691
18, 55, 0.04175657245678589
18, 56, 0.039925509267618925
18, 57, 0.038583623179834534
18, 58, 0.041253306649749376
18, 59, 0.04138270034900886
18, 60, 0.04079862752860983
18, 61, 0.04138989956355043
18, 62, 0.040905188257354126
18, 63, 0.0397230103335942
19, 20, 0.04006108563360961
19, 21, 0.04026966126662834
19, 22, 0.03852545091187884
19, 23, 0.043235167294166155
19, 24, 0.043087354057194986
19, 25, 0.039482759035513924
19, 26, 0.03812387603138739
19, 27, 0.04102528130976276
19, 28, 0.041396345083893914
19, 29, 0.040249019487749164
19, 30, 0.046430056240961984
19, 31, 0.04102726735195225
19, 32, 0.04245108031026918
19, 33, 0.04088886575608029
19, 34, 0.040600185650542554
19, 35, 0.04240631153757271
19, 36, 0.04192624957098962
19, 37, 0.04235168594398856
19, 38, 0.04280269607693678
19, 39, 0.040467713209914234
19, 40, 0.04171286847375956
19, 41, 0.04049037451178329
19, 42, 0.0418446605416654
19, 43, 0.04253230108035583
19, 44, 0.0412240576005613
19, 45, 0.042583638641990315
19, 46, 0.03990928405082336
19, 47, 0.041869312170770535
19, 48, 0.04250614430266369
19, 49, 0.04195620193928419
19, 50, 0.04282242759445641
19, 51, 0.041353336879879465
19, 52, 0.03461804159434743
19, 53, 0.04117171841956431
19, 54, 0.04175624057487555
19, 55, 0.041630935524837445
19, 56, 0.039816936668368066
19, 57, 0.03848756349178403
19, 58, 0.04113267060170478
19, 59, 0.0412599118253048
19, 60, 0.040682460373284324
19, 61, 0.04126978257706969
19, 62, 0.04078997998066252
19, 63, 0.03960669232074669
20, 21, 0.038460681536366524
20, 22, 0.03702123632296917
20, 23, 0.042264447927842584
20, 24, 0.04215846985464628
20, 25, 0.03851885464551169
20, 26, 0.036879397824679395
20, 27, 0.03906644081939387
20, 28, 0.040405932695104764
20, 29, 0.03924396836200306
20, 30, 0.04558437773268523
20, 31, 0.03906818741102701
20, 32, 0.04153183582597131
20, 33, 0.03895973154430975
20, 34, 0.0395958613552531
20, 35, 0.04145195624902969
20, 36, 0.040985051581570744
20, 37, 0.04137766677088889
20, 38, 0.04189029338606851
20, 39, 0.03868516257752016
20, 40, 0.04071140423764691
20, 41, 0.03869541788341943
20, 42, 0.04086315190435642
20, 43, 0.04160739098433632
20, 44, 0.04024187396321261
20, 45, 0.04163504043349007
20, 46, 0.038873932307791265
20, 47, 0.04092757438625042
20, 48, 0.041520765612858127
20, 49, 0.04102152531340556
20, 50, 0.04189679256546128
20, 51, 0.0404104692747579
20, 52, 0.03332756880413795
20, 53, 0.04019093807728722
20, 54, 0.04082552824017281
20, 55, 0.04066594398300109
20, 56, 0.03879930246742641
20, 57, 0.03742265012782411
20, 58, 0.04015680673626584
20, 59, 0.04027985851661926
20, 60, 0.039695967857243684
20, 61, 0.04031210314492144
20, 62, 0.03982311494207919
20, 63, 0.03848843509366211
21, 22, 0.031335517175107325
21, 23, 0.04438769869905424
21, 24, 0.04402585579175729
21, 25, 0.03752648777648162
21, 26, 0.03326980248396028
21, 27, 0.0320283385395878
21, 28, 0.040920199851022826
21, 29, 0.03876912880763514
21, 30, 0.04982500056280146
21, 31, 0.03203562485847817
21, 32, 0.04285546842473928
21, 33, 0.032149490693594844
21, 34, 0.03941877270616865
21, 35, 0.042800560265547516
21, 36, 0.041916370653042594
21, 37, 0.042712646890422014
21, 38, 0.04348156713765857
21, 39, 0.033682952860608614
21, 40, 0.04150890202587041
21, 41, 0.03353487782561039
21, 42, 0.041762706842413976
21, 43, 0.043006862464645704
21, 44, 0.04060893356726357
21, 45, 0.04312386632280057
21, 46, 0.03804681045634517
21, 47, 0.041813244033960126
21, 48, 0.04301491476473058
21, 49, 0.04197046695724598
21, 50, 0.04353510428950003
21, 51, 0.04088382680734899
21, 52, 0.02551014905527668
21, 53, 0.0405141483444438
21, 54, 0.0416119143464499
21, 55, 0.04137185178137035
21, 56, 0.03793624918825046
21, 57, 0.0352680487330871
21, 58, 0.04044862073576016
21, 59, 0.040677441573791266
21, 60, 0.0396074151649937
21, 61, 0.040719219042994644
21, 62, 0.03983960386094586
21, 63, 0.03713869993948637
22, 23, 0.04174494782828542
22, 24, 0.04162390988144686
22, 25, 0.03633093444806175
22, 26, 0.032638283754284396
22, 27, 0.031143886367977155
22, 28, 0.038971149112673985
22, 29, 0.037238287020059394
22, 30, 0.04658293232706118
22, 31, 0.031145482466717785
22, 32, 0.04072817097327532
22, 33, 0.031222947688374986
22, 34, 0.03775251129549581
22, 35, 0.04056545469130049
22, 36, 0.03990843935555241
22, 37, 0.04042834202490582
22, 38, 0.04125143544292708
22, 39, 0.03208625517563118
22, 40, 0.039397463903363183
22, 41, 0.03199353411666141
22, 42, 0.03965952498323167
22, 43, 0.040829756710936034
22, 44, 0.038750044810963405
22, 45, 0.04084030085414397
22, 46, 0.03660171679874451
22, 47, 0.039824662406964376
22, 48, 0.04062358995894336
22, 49, 0.03997190949636858
22, 50, 0.04124712154321672
22, 51, 0.0390795487007248
22, 52, 0.026851266650366034
22, 53, 0.038679176171894585
22, 54, 0.039697514908343556
22, 55, 0.03940318510417736
22, 56, 0.03655242840172732
22, 57, 0.034366458528271915
22, 58, 0.03864106347420069
22, 59, 0.03881017613236685
22, 60, 0.03794664804944976
22, 61, 0.03890658926642312
22, 62, 0.03818118199367603
22, 63, 0.03572477118706114
23, 24, 0.045347472373035984
23, 25, 0.041582326944756054
23, 26, 0.04073873058775132
23, 27, 0.04560739487363036
23, 28, 0.04368689510382026
23, 29, 0.04249303121896526
23, 30, 0.04870611720902412
23, 31, 0.04561025203879739
23, 32, 0.04464376798615379
23, 33, 0.045379088016337346
23, 34, 0.04286708551410882
23, 35, 0.04468150600596018
23, 36, 0.04413636858038768
23, 37, 0.044670930848704674
23, 38, 0.045002440554249235
23, 39, 0.044548256385068284
23, 40, 0.04405237228183992
23, 41, 0.044603433114887826
23, 42, 0.04414582365306825
23, 43, 0.04474433752264874
23, 44, 0.04348306464896937
23, 45, 0.0448572085368486
23, 46, 0.04219829974844932
23, 47, 0.04407684064740732
23, 48, 0.04486429301960323
23, 49, 0.04415270060481902
23, 50, 0.04505613970449666
23, 51, 0.04352860371686299
23, 52, 0.03704834025668142
23, 53, 0.04342377331076266
23, 54, 0.04392975111842286
23, 55, 0.04387760139862404
23, 56, 0.04205942477624336
23, 57, 0.04074154582744263
23, 58, 0.043370472926214265
23, 59, 0.04351640876468213
23, 60, 0.0429138713388149
23, 61, 0.04347428374386449
23, 62, 0.04298328923760146
23, 63, 0.042060526328141605
24, 25, 0.04150986394634483
24, 26, 0.04069369768962
24, 27, 0.04510533834175298
24, 28, 0.043513965990037415
24, 29, 0.0423750402305204
24, 30, 0.04833467224763788
24, 31, 0.04510787137436396
24, 32, 0.044439186337543596
24, 33, 0.044905026975267805
24, 34, 0.042731405470866374
24, 35, 0.04446773175867565
24, 36, 0.043950857755670425
24, 37, 0.04445350701059379
24, 38, 0.04478284870647712
24, 39, 0.044177686090735274
24, 40, 0.043859766848072704
24, 41, 0.04422583158731136
24, 42, 0.04395234272046048
24, 43, 0.04453390344473336
24, 44, 0.04332119964883801
24, 45, 0.04463630596094263
24, 46, 0.04209123208675704
24, 47, 0.04389399015283831
24, 48, 0.044634952106924024
24, 49, 0.04396765547189508
24, 50, 0.044831020634000844
24, 51, 0.04337080358412572
24, 52, 0.03720410083601744
24, 53, 0.04326493678182739
24, 54, 0.043755660069817175
24, 55, 0.043699901400887114
24, 56, 0.041960679174985575
24, 57, 0.0407025324197303
24, 58, 0.043214900572472154
24, 59, 0.04335329538381183
24, 60, 0.042778276550398654
24, 61, 0.04331665392734565
24, 62, 0.04284704934841445
24, 63, 0.0419525227362812
25, 26, 0.03631227412733213
25, 27, 0.03800718906019411
25, 28, 0.03979771933942052
25, 29, 0.03868016536713826
25, 30, 0.04484415707462576
25, 31, 0.038008663348480826
25, 32, 0.04091760405981105
25, 33, 0.03792476386554082
25, 34, 0.03901653810307252
25, 35, 0.040818454377112116
25, 36, 0.04038090775616635
25, 37, 0.04073486942177599
25, 38, 0.04126480370837888
25, 39, 0.03774680273048185
25, 40, 0.04008235602870456
25, 41, 0.037750004097369186
25, 42, 0.0402393716777843
25, 43, 0.04098611402175881
25, 44, 0.03964603595368324
25, 45, 0.04099696747952165
25, 46, 0.038310625992767314
25, 47, 0.040325638777949674
25, 48, 0.040863936423312326
25, 49, 0.0404198653557135
25, 50, 0.041262149030656926
25, 51, 0.039830586816755616
25, 52, 0.0329232617102162
25, 53, 0.03959823187732028
25, 54, 0.04023493963791475
25, 55, 0.040061314286399495
25, 56, 0.03824876929081497
25, 57, 0.036910848041286824
25, 58, 0.039568533933953064
25, 59, 0.039683565663007916
25, 60, 0.039122209720277856
25, 61, 0.039727681270669904
25, 62, 0.03925491327874643
25, 63, 0.0379001929958702
26, 27, 0.033451086578715906
26, 28, 0.03847404821272621
26, 29, 0.03705470316966513
26, 30, 0.04489145320297966
26, 31, 0.03345249998434569
26, 32, 0.03997041479905269
26, 33, 0.033434145540349146
26, 34, 0.037474735161478714
26, 35, 0.03980164720180588
26, 36, 0.03927630199385159
26, 37, 0.03967070855615941
26, 38, 0.04040815721621797
26, 39, 0.03369443324875874
26, 40, 0.03881221930078637
26, 41, 0.03365560280437291
26, 42, 0.039040025705483664
26, 43, 0.04004803376510296
26, 44, 0.038298896520767976
26, 45, 0.04003162662595731
26, 46, 0.03653083448024489
26, 47, 0.039207065636415045
26, 48, 0.03981725459611334
26, 49, 0.03933395923650374
26, 50, 0.040389456389244516
26, 51, 0.038593273721767095
26, 52, 0.02895329463976834
26, 53, 0.03824182935040912
26, 54, 0.039111294335489016
26, 55, 0.038843713216143695
26, 56, 0.03649210531605675
26, 57, 0.03471506446375253
26, 58, 0.03821341790437642
26, 59, 0.03834924047445253
26, 60, 0.03764001963229534
26, 61, 0.038441678066880994
26, 62, 0.03784068684483088
26, 63, 0.03582575918240084
27, 28, 0.04178602991998692
27, 29, 0.03942320307191418
27, 30, 0.051297305659927565
27, 31, 0.02742103206536285
27, 32, 0.04379318279626124
27, 33, 0.03271888636978654
27, 34, 0.040142159201682154
27, 35, 0.04380307946290731
27, 36, 0.04279966340998518
27, 37, 0.04374687885137136
27, 38, 0.044469035706874875
27, 39, 0.035118309010193326
27, 40, 0.042462140069654083
27, 41, 0.03494531004490288
27, 42, 0.04270561832138806
27, 43, 0.04397118943750401
27, 44, 0.041426386694137694
27, 45, 0.04414937825369885
27, 46, 0.038661414553376516
27, 47, 0.042686902692862676
27, 48, 0.044108870566168454
27, 49, 0.0428474191857143
27, 50, 0.04455567335446009
27, 51, 0.04166500796871784
27, 52, 0.024569400726949134
27, 53, 0.04131904036467173
27, 54, 0.04244568682468426
27, 55, 0.0422412088364985
27, 56, 0.03851688622781629
27, 57, 0.03560419162024996
27, 58, 0.04123842408291231
27, 59, 0.041498682454624916
27, 60, 0.04032459076359244
27, 61, 0.041507682968800544
27, 62, 0.04055200817629462
27, 63, 0.03774981506438156
28, 29, 0.040604897371278384
28, 30, 0.04693299952067949
28, 31, 0.04178825701172869
28, 32, 0.042850731023350984
28, 33, 0.04162792006504679
28, 34, 0.04096848042689974
28, 35, 0.042819850010658494
28, 36, 0.042316937924932414
28, 37, 0.04277186435924608
28, 38, 0.043211594220837854
28, 39, 0.04112132357919735
28, 40, 0.04212100233248239
28, 41, 0.04115015803714849
28, 42, 0.042249359249334
28, 43, 0.042937315925721434
28, 44, 0.04160642784559497
28, 45, 0.04300105447220826
28, 46, 0.04026354635164219
28, 47, 0.04225821968690304
28, 48, 0.04293710043284124
28, 49, 0.042345190269448565
28, 50, 0.04323805247913623
28, 51, 0.041724645376955825
28, 52, 0.03483523542262726
28, 53, 0.04155164759678837
28, 54, 0.04213659184217127
28, 55, 0.04202101947897704
28, 56, 0.040161709151204435
28, 57, 0.03879947818066168
28, 58, 0.04150926623943091
28, 59, 0.041642731558631615
28, 60, 0.04104704353729234
28, 61, 0.04164407012694319
28, 62, 0.04115096029144474
28, 63, 0.03997788368769321
29, 30, 0.04583914488096021
29, 31, 0.0394250577280757
29, 32, 0.041735199361299984
29, 33, 0.03930705693292266
29, 34, 0.039783071926947695
29, 35, 0.04166188183235132
29, 36, 0.04118383270148774
29, 37, 0.04159069043535784
29, 38, 0.042098262694272845
29, 39, 0.038995958542050194
29, 40, 0.0409182454215818
29, 41, 0.03900881958406667
29, 42, 0.04106848871487474
29, 43, 0.041813354374065775
29, 44, 0.04043621462747278
29, 45, 0.04184692321998379
29, 46, 0.03905393610371797
29, 47, 0.04112547422922061
29, 48, 0.04173899012828615
29, 49, 0.04121952020933996
29, 50, 0.04210797652881113
29, 51, 0.04059969328482194
29, 52, 0.033436939242165044
29, 53, 0.04038408971707516
29, 54, 0.04101929948452674
29, 55, 0.04086423186358759
29, 56, 0.03897481279496138
29, 57, 0.03758152115387809
29, 58, 0.04034836077029302
29, 59, 0.04047443938837615
29, 60, 0.03988151534778858
29, 61, 0.040502675106627084
29, 62, 0.04000705882466408
29, 63, 0.03867582648863017
30, 31, 0.051300449900597136
30, 32, 0.047634850755539714
30, 33, 0.051020114561092275
30, 34, 0.046193455021742984
30, 35, 0.04777429844041264
30, 36, 0.047215512502179896
30, 37, 0.04782183734276445
30, 38, 0.04795715918096939
30, 39, 0.0499044499284154
30, 40, 0.04731357191206294
30, 41, 0.04998599280153553
30, 42, 0.04734379057631648
30, 43, 0.047747598405924435
30, 44, 0.04671432082777251
30, 45, 0.0479248847421455
30, 46, 0.04564968076556489
30, 47, 0.04716029977967123
30, 48, 0.04803898806500565
30, 49, 0.047211722670534986
30, 50, 0.04804728696414505
30, 51, 0.04664022858740817
30, 52, 0.04154209368242035
30, 53, 0.046653617132396644
30, 54, 0.04698699783527196
30, 55, 0.04703931803709475
30, 56, 0.04546385164657434
30, 57, 0.044352204918999445
30, 58, 0.04658811514835587
30, 59, 0.0467397577393244
30, 60, 0.0461845327129199
30, 61, 0.04663275590850456
30, 62, 0.046191702840991666
30, 63, 0.04576694075620682
31, 32, 0.04379544016695859
31, 33, 0.03276416728561867
31, 34, 0.04014414199238064
31, 35, 0.04380550664995837
31, 36, 0.04280185052655943
31, 37, 0.043749394791366115
31, 38, 0.0444713756201421
31, 39, 0.03512901642643864
31, 40, 0.0424645479098814
31, 41, 0.03495661638254104
31, 42, 0.042707975473984715
31, 43, 0.04397350374723267
31, 44, 0.041428511108788646
31, 45, 0.04415183968632259
31, 46, 0.03866324281940558
31, 47, 0.042689072735539874
31, 48, 0.0441115159507265
31, 49, 0.04284958548232271
31, 50, 0.04455809269480348
31, 51, 0.0416670085397405
31, 52, 0.02456874166974293
31, 53, 0.04132113930097909
31, 54, 0.042447767900667496
31, 55, 0.042243404253916275
31, 56, 0.03851862317444062
31, 57, 0.03560554578698262
31, 58, 0.041240487665252616
31, 59, 0.04150081072529049
31, 60, 0.04032653503413799
31, 61, 0.04150971774667626
31, 62, 0.04055391506747104
31, 63, 0.03775178291912974
32, 33, 0.04362081919965971
32, 34, 0.042081937593139586
32, 35, 0.043800297470762424
32, 36, 0.043306367577797225
32, 37, 0.043773702247713916
32, 38, 0.044134188415728234
32, 39, 0.043015019342520326
32, 40, 0.0431796293155486
32, 41, 0.04305368551682726
32, 42, 0.043282152927262424
32, 43, 0.043883849934372124
32, 44, 0.042668543809660446
32, 45, 0.043967856197135564
32, 46, 0.04144165524272059
32, 47, 0.04325072537551643
32, 48, 0.04394247853949014
32, 49, 0.043326868768538154
32, 50, 0.044172249913385
32, 51, 0.042741167439849244
32, 52, 0.036569004286627085
32, 53, 0.04261473312279342
32, 54, 0.043123189619404
32, 55, 0.043047313792437585
32, 56, 0.041325111583111786
32, 57, 0.040075877472056896
32, 58, 0.042569131367591974
32, 59, 0.04270105214270598
32, 60, 0.04213823197230162
32, 61, 0.04267929645004607
32, 62, 0.0422169833545623
32, 63, 0.041259183434508635
33, 34, 0.040012302563939256
33, 35, 0.043617913186399786
33, 36, 0.04263802503495581
33, 37, 0.04355539538904014
33, 38, 0.04428689023834368
33, 39, 0.03479843529531895
33, 40, 0.04228669774678847
33, 41, 0.0346292072931238
33, 42, 0.042532229036802455
33, 43, 0.043793587982729636
33, 44, 0.04127782897099449
33, 45, 0.04395967661624739
33, 46, 0.038553332482292944
33, 47, 0.04252716237284708
33, 48, 0.043905491841565995
33, 49, 0.04268701985969271
33, 50, 0.04436699146075382
33, 51, 0.041523465854510645
33, 52, 0.024781957187451697
33, 53, 0.04117296061049163
33, 54, 0.04229377063410057
33, 55, 0.042082355062492
33, 56, 0.038415361062846265
33, 57, 0.03555166540025573
33, 58, 0.04109530677702716
33, 59, 0.041349369546192775
33, 60, 0.04019586009915382
33, 61, 0.0413647624439888
33, 62, 0.04042410777852796
33, 63, 0.03764326040531256
34, 35, 0.04202157379309207
34, 36, 0.041534041957297416
34, 37, 0.04195734066190231
34, 38, 0.04244561145444304
34, 39, 0.03963936141718485
34, 40, 0.04128901574017093
34, 41, 0.039657171515960606
34, 42, 0.04143306387949508
34, 43, 0.04216300152561841
34, 44, 0.040795110616659025
34, 45, 0.04220610529119949
34, 46, 0.03941955680067374
34, 47, 0.04147535960162315
34, 48, 0.04211148255760744
34, 49, 0.041567554483551615
34, 50, 0.04246059836728162
34, 51, 0.040945263298347793
34, 52, 0.033834212357181696
34, 53, 0.04074197318511396
34, 54, 0.0413640179726062
34, 55, 0.041220592116807196
34, 56, 0.03933324540542202
34, 57, 0.03794386731076257
34, 58, 0.04070406603748749
34, 59, 0.04083288834495262
34, 60, 0.04023688790496829
34, 61, 0.04085295330999597
34, 62, 0.04035628251915008
34, 63, 0.03906788419555288
35, 36, 0.043293433694698735
35, 37, 0.04377800799462882
35, 38, 0.04415117759336436
35, 39, 0.042971511063846564
35, 40, 0.04316100531602871
35, 41, 0.043012489379091946
35, 42, 0.04326776322949203
35, 43, 0.043891938996736594
35, 44, 0.04263111777633193
35, 45, 0.04397927883711559
35, 46, 0.04135503647688726
35, 47, 0.04323576262260211
35, 48, 0.043953349756260224
35, 49, 0.04331476248793205
35, 50, 0.044190873901304925
35, 51, 0.04270780081777638
35, 52, 0.03624791032784226
35, 53, 0.04257536173529582
35, 54, 0.043103828849647904
35, 55, 0.04302445076585148
35, 56, 0.041235607139374846
35, 57, 0.03993474038422024
35, 58, 0.04252827015379834
35, 59, 0.04266491248126942
35, 60, 0.04208098221543006
35, 61, 0.0426431707341357
35, 62, 0.04216368878379493
35, 63, 0.04115840908137149
36, 37, 0.043256637191016654
36, 38, 0.04365150077179409
36, 39, 0.04209111706627397
36, 40, 0.042643174215463805
36, 41, 0.042124493623364095
36, 42, 0.04275681819390715
36, 43, 0.04339265805448519
36, 44, 0.04213735420528609
36, 45, 0.04346540306713189
36, 46, 0.04087179082831832
36, 47, 0.042745453210619476
36, 48, 0.04342122429449809
36, 49, 0.042825873947863226
36, 50, 0.04368320617806631
36, 51, 0.04223091807245693
36, 52, 0.035815446629346964
36, 53, 0.04208378934666508
36, 54, 0.04262247891909704
36, 55, 0.04252833188224132
36, 56, 0.04076350252925918
36, 57, 0.039478036681778676
36, 58, 0.042040324424437066
36, 59, 0.042171250564563494
36, 60, 0.04160011204111477
36, 61, 0.042160855265911824
36, 62, 0.041689766983462564
36, 63, 0.04064425216034612
37, 38, 0.04413128128362898
37, 39, 0.042890845738448674
37, 40, 0.04311923249725118
37, 41, 0.04293271458120418
37, 42, 0.0432288994071921
37, 43, 0.04386689591711228
37, 44, 0.042579895494151594
37, 45, 0.043955278969197036
37, 46, 0.04127569365780276
37, 47, 0.0431978642931
37, 48, 0.043927907108447954
37, 49, 0.043278616561866046
37, 50, 0.044171441312361975
37, 51, 0.04266003180517394
37, 52, 0.03603305095211233
37, 53, 0.04252314414465642
37, 54, 0.04306393415209019
37, 55, 0.042981580299632706
37, 56, 0.04115532536189806
37, 57, 0.03982516409811827
37, 58, 0.04247541644640988
37, 59, 0.04261444830982469
37, 60, 0.042019009985334706
37, 61, 0.042593444392960735
37, 62, 0.04210448353785322
37, 63, 0.04106861743151599
38, 39, 0.04363359399069065
38, 40, 0.04354509304371803
38, 41, 0.04367624819798467
38, 42, 0.043641058309328885
38, 43, 0.04422476871838191
38, 44, 0.043026148051618966
38, 45, 0.044317168980433586
38, 46, 0.041814203326759815
38, 47, 0.043595908989247686
38, 48, 0.0443043910339013
38, 49, 0.04366980685119174
38, 50, 0.04451412556654694
38, 51, 0.04308550910997568
38, 52, 0.037012309620026246
38, 53, 0.04297172599074312
38, 54, 0.04346427239382351
38, 55, 0.043399979798552486
38, 56, 0.041691411278090035
38, 57, 0.04045491285374157
38, 58, 0.04292433591148677
38, 59, 0.0430580104384203
38, 60, 0.0424959967104039
38, 61, 0.04302856026383672
38, 62, 0.04256826394998841
38, 63, 0.041658967359689464
39, 40, 0.04170847432719971
39, 41, 0.03504617559041813
39, 42, 0.041952600486335506
39, 43, 0.04316678288149983
39, 44, 0.04080987911702039
39, 45, 0.04328997585305431
39, 46, 0.038293575183912444
39, 47, 0.04198908279521435
39, 48, 0.04319391938129442
39, 49, 0.0421426096449509
39, 50, 0.043690492444925115
39, 51, 0.0410681711710766
39, 52, 0.026059249225547407
39, 53, 0.04071543793353463
39, 54, 0.041785886337168586
39, 55, 0.04155957461508618
39, 56, 0.03817604959506542
39, 57, 0.035554899014134465
39, 58, 0.04064866780813401
39, 59, 0.040876962711796076
39, 60, 0.039819122836085984
39, 61, 0.04091020881632081
39, 62, 0.04004168550920764
39, 63, 0.03743605542301021
40, 41, 0.04174268798056557
40, 42, 0.04258854006702209
40, 43, 0.04327001560806734
40, 44, 0.04193260864991968
40, 45, 0.043343800530370215
40, 46, 0.04057949458580835
40, 47, 0.042583477971186556
40, 48, 0.043292133682378615
40, 49, 0.04266966747299972
40, 50, 0.04357704206511753
40, 51, 0.04203974795985353
40, 52, 0.03510028702724801
40, 53, 0.04187623434616962
40, 54, 0.042455556650169625
40, 55, 0.04234969648153482
40, 56, 0.04047002455104754
40, 57, 0.039094054112405574
40, 58, 0.04183132476537445
40, 59, 0.04196892536670476
40, 60, 0.041363316391833924
40, 61, 0.041962647441601615
40, 62, 0.041462829945138044
40, 63, 0.040313526297900075
41, 42, 0.04198749804157028
41, 43, 0.0432069866339981
41, 44, 0.04083585875012628
41, 45, 0.04333297317493943
41, 46, 0.03830154504902496
41, 47, 0.042021738094810024
41, 48, 0.04323919063191511
41, 49, 0.042175954694900014
41, 50, 0.04373465801289318
41, 51, 0.041094160486136
41, 52, 0.025940338489119648
41, 53, 0.04074062325778579
41, 54, 0.04181640175981936
41, 55, 0.04159039303348233
41, 56, 0.03818285894944236
41, 57, 0.035541191530595095
41, 58, 0.04067311481831092
41, 59, 0.040903355266801306
41, 60, 0.039837707435511106
41, 61, 0.040935762574110225
41, 62, 0.04006122876571252
41, 63, 0.037437497444156226
42, 43, 0.04337172584214616
42, 44, 0.04206299547226978
42, 45, 0.04344690841110545
42, 46, 0.04073996879412758
42, 47, 0.042698144208112694
42, 48, 0.04340013463773948
42, 49, 0.0427820995939829
42, 50, 0.04367388585937292
42, 51, 0.04216320619758785
42, 52, 0.035407086612670884
42, 53, 0.04200735746017131
42, 54, 0.04257089717102696
42, 55, 0.04247102862173466
42, 56, 0.04062953183778138
42, 57, 0.03928414442722009
42, 58, 0.041962518840026976
42, 59, 0.042098433194840953
42, 60, 0.04150359096028443
42, 61, 0.04208928823912183
42, 62, 0.041598716787207855
42, 63, 0.04049170264048511
43, 44, 0.042752888357907005
43, 45, 0.044060407540983615
43, 46, 0.041519474857501334
43, 47, 0.043336598024805696
43, 48, 0.044038193744599795
43, 49, 0.04341276291446757
43, 50, 0.044264395437637744
43, 51, 0.04282291055690134
43, 52, 0.03661592356225716
43, 53, 0.04269850500008092
43, 54, 0.043207058710522696
43, 55, 0.04313346032365246
43, 56, 0.04140067970531373
43, 57, 0.04014383883164515
43, 58, 0.04265211967383897
43, 59, 0.042785500969928
43, 60, 0.04221841040602209
43, 61, 0.04276173849157717
43, 62, 0.04229630572362317
43, 63, 0.04134115847053695
44, 45, 0.04281106007683618
44, 46, 0.04009438442422521
44, 47, 0.042079291984604146
44, 48, 0.042740624252589635
44, 49, 0.04216648773390762
44, 50, 0.04304957340481251
44, 51, 0.041552352328515965
44, 52, 0.034709070666489615
44, 53, 0.04137471295692307
44, 54, 0.041961308685350696
44, 55, 0.041840802732629426
44, 56, 0.03999678831982247
44, 57, 0.038645333482404176
44, 58, 0.04133377461168508
44, 59, 0.041464726137708546
44, 60, 0.040875726492242734
44, 61, 0.04147011179656351
44, 62, 0.04098171855828661
44, 63, 0.03979929370789085
45, 46, 0.041545822860214084
45, 47, 0.04340788697956312
45, 48, 0.044132433918314076
45, 49, 0.04348555211819688
45, 50, 0.04435916292499974
45, 51, 0.04288066344615931
45, 52, 0.03649055139888339
45, 53, 0.042755113030801546
45, 54, 0.04327412764352754
45, 55, 0.043200923957962295
45, 56, 0.04142334926384421
45, 57, 0.04013235618894512
45, 58, 0.04270719548178697
45, 59, 0.042844440206224244
45, 60, 0.042262269235103914
45, 61, 0.0428187382873418
45, 62, 0.04234138588584999
45, 63, 0.04136421863565337
46, 47, 0.04081207595028637
46, 48, 0.04142328460726689
46, 49, 0.04091045855512456
46, 50, 0.04181978800654667
46, 51, 0.0402754495367939
46, 52, 0.03280714659319338
46, 53, 0.04004170804151344
46, 54, 0.040707658344682436
46, 55, 0.04053735440914742
46, 56, 0.038589553834328015
46, 57, 0.03714815958361129
46, 58, 0.04000705908650943
46, 59, 0.04013417105124548
46, 60, 0.03952678264881419
46, 61, 0.04017113532964387
46, 62, 0.03966223977574416
46, 63, 0.03824352042879373
47, 48, 0.04336161575787054
47, 49, 0.0427698234971653
47, 50, 0.04362680624210967
47, 51, 0.04217499802354869
47, 52, 0.035747883444045066
47, 53, 0.04202586247074172
47, 54, 0.042566861909918235
47, 55, 0.04247084398865614
47, 56, 0.040704880979320436
47, 57, 0.039418171472345165
47, 58, 0.041982721446586393
47, 59, 0.042113274088663034
47, 60, 0.041542362689964536
47, 61, 0.04210416197225663
47, 62, 0.041633031577981365
47, 63, 0.04058022254536838
48, 49, 0.04344240036904604
48, 50, 0.04434772106509419
48, 51, 0.04281552392342949
48, 52, 0.03611656553212973
48, 53, 0.042682722571247396
48, 54, 0.043223663290298094
48, 55, 0.04314591083397544
48, 56, 0.041298417083955465
48, 57, 0.03995285384256141
48, 58, 0.04263342051277605
48, 59, 0.04277538516951379
48, 60, 0.04217137968895364
48, 61, 0.04275034448158653
48, 62, 0.042255141340887425
48, 63, 0.041224467296468725
49, 50, 0.04370157422856823
49, 51, 0.04225838335349061
49, 52, 0.035899553372557236
49, 53, 0.04211321129594583
49, 54, 0.04264730419963916
49, 55, 0.04255460551643886
49, 56, 0.04080220272892312
49, 57, 0.03952652451188538
49, 58, 0.04206987019701604
49, 59, 0.04220011600977039
49, 60, 0.041632655460599285
49, 61, 0.04218915334429356
49, 62, 0.041721156763532066
49, 63, 0.04068738316567748
50, 51, 0.043108914402037166
50, 52, 0.03693348080483176
50, 53, 0.04299429449511647
50, 54, 0.04349289905467733
50, 55, 0.043428632401819704
50, 56, 0.04169504239546863
50, 57, 0.04043947229293467
50, 58, 0.042946083234839026
50, 59, 0.04308187110688248
50, 60, 0.04251148907292729
50, 61, 0.04305146803699295
50, 62, 0.04258453176808843
50, 63, 0.04166239892740642
51, 52, 0.03516545036171663
51, 53, 0.0415003554600437
51, 54, 0.0420601225942369
51, 55, 0.04194754330066205
51, 56, 0.04017845136318805
51, 57, 0.038886015705980874
51, 58, 0.041460304586362504
51, 59, 0.04158697262283617
51, 60, 0.041020374306049955
51, 61, 0.04158947169208943
51, 62, 0.04111979667080495
51, 63, 0.040006125489773024
52, 53, 0.03466198944465364
52, 54, 0.035708161307039445
52, 55, 0.03529961277217979
52, 56, 0.032851841443034456
52, 57, 0.030971555815349452
52, 58, 0.03465790804375595
52, 59, 0.03476612105622606
52, 60, 0.034070962660569845
52, 61, 0.034955500739512924
52, 62, 0.034348782882175154
52, 63, 0.03176167783641889
53, 54, 0.04190883757604614
53, 55, 0.041786749576267504
53, 56, 0.039945299082918925
53, 57, 0.038595498058610476
53, 58, 0.04128059316750285
53, 59, 0.041410934146896415
53, 60, 0.04082330000805546
53, 61, 0.04141753300197829
53, 62, 0.04093003459729076
53, 63, 0.03974333884773395
54, 55, 0.04234902332225973
54, 56, 0.04060375855749158
54, 57, 0.039332310264693304
54, 58, 0.041866894019557045
54, 59, 0.04199502542597012
54, 60, 0.04143190437142507
54, 61, 0.04198861036867068
54, 62, 0.04152334008163928
54, 63, 0.04047170200316882
55, 56, 0.04043285090809397
55, 57, 0.0391100651276012
55, 58, 0.0417440167549386
55, 59, 0.041875902491583794
55, 60, 0.04129322708652664
55, 61, 0.04187195352144227
55, 62, 0.04139034741372046
55, 63, 0.04027939180076412
56, 57, 0.0371030606567791
56, 58, 0.03991183290089808
56, 59, 0.040036006890347545
56, 60, 0.03943996220320493
56, 61, 0.0400745796734798
56, 62, 0.03957460444505373
56, 63, 0.03817277742325344
57, 58, 0.03856899188266275
57, 59, 0.03868799386598326
57, 60, 0.03807776536594677
57, 61, 0.03875968232487942
57, 62, 0.03824235415632967
57, 63, 0.036603497609708914
58, 59, 0.04136986148300062
58, 60, 0.04078556812474909
58, 61, 0.0413773543040091
58, 62, 0.04089241194347404
58, 63, 0.039707935432576134
59, 60, 0.040912739618737926
59, 61, 0.04150537035849315
59, 62, 0.041017874212991474
59, 63, 0.03984264853970014
60, 61, 0.0409306614476033
60, 62, 0.04044232760612586
60, 63, 0.03918977474491419
61, 62, 0.04103312440401425
61, 63, 0.03988973367144306
62, 63, 0.039342212570163286
