83
0, 1, 0.03187016329207606
0, 2, 0.015120184711746342
0, 3, 0.03139106812071206
0, 4, 0.028491610183575652
0, 5, 0.031249714667444545
0, 6, 0.019188472608338683
0, 7, 0.02731388668727707
0, 8, 0.02342718015315412
0, 9, 0.02586291586194363
0, 10, 0.018243585914000132
0, 11, 0.023434781377165276
0, 12, 0.03238187312290814
0, 13, 0.023223212135446827
0, 14, 0.026621493176692983
0, 15, 0.03405771657258433
0, 16, 0.0173536661735689
0, 17, 0.020376954717385314
0, 18, 0.023389761312125865
0, 19, 0.03155585403241093
0, 20, 0.02891171223496224
0, 21, 0.01975921564411152
0, 22, 0.027620885053145708
0, 23, 0.027263902669540648
0, 24, 0.017961738955005576
0, 25, 0.018337362752663518
0, 26, 0.030248539146956063
0, 27, 0.025281773289233058
0, 28, 0.02306159054983496
0, 29, 0.018449933923078785
0, 30, 0.023840006774863955
0, 31, 0.028576524244482992
0, 32, 0.025151198467347417
0, 33, 0.03338814101321377
0, 34, 0.02646055603593422
0, 35, 0.02568496110269226
0, 36, 0.025217180318282944
0, 37, 0.026329329692181557
0, 38, 0.03048723104318775
0, 39, 0.018556374079525435
0, 40, 0.023815470737417216
0, 41, 0.026628112302747687
0, 42, 0.026654657707290117
0, 43, 0.01695606573027078
0, 44, 0.023630342693997858
0, 45, 0.03100399312137276
0, 46, 0.022723093548907194
0, 47, 0.019546998963840236
0, 48, 0.022085678166306084
0, 49, 0.031037054920245014
0, 50, 0.021962706710848694
0, 51, 0.032895851948453333
0, 52, 0.027937468423101956
0, 53, 0.01581221915089892
0, 54, 0.026195984168036226
0, 55, 0.017862888341307805
0, 56, 0.033098513112578457
0, 57, 0.023890399834058128
0, 58, 0.015612066252658196
0, 59, 0.017632380357612547
0, 60, 0.02585548449480566
0, 61, 0.033636492787725125
0, 62, 0.02175370902747358
0, 63, 0.02644641461563461
0, 64, 0.02855867955938246
0, 65, 0.027657689468751065
0, 66, 0.02423778882787546
0, 67, 0.03264254724511862
0, 68, 0.023820937622374947
0, 69, 0.027137055051780583
0, 70, 0.02243429058722815
0, 71, 0.026134616054197247
0, 72, 0.018952630152390314
0, 73, 0.027094927866999026
0, 74, 0.02425635516864263
0, 75, 0.024379990497479603
0, 76, 0.018654950537328255
0, 77, 0.028128837005951625
0, 78, 0.030152817489006514
0, 79, 0.03192873142291112
0, 80, 0.0178158249021353
0, 81, 0.019905202325859087
0, 82, 0.024091354986143093
1, 2, 0.015286256239933536
1, 3, 0.03312428042669002
1, 4, 0.030866563803492703
1, 5, 0.0343013032615003
1, 6, 0.0216943159601915
1, 7, 0.031138207584551367
1, 8, 0.026671161436091474
1, 9, 0.0281917382759124
1, 10, 0.018269986222739773
1, 11, 0.03058816124088265
1, 12, 0.034772746979280136
1, 13, 0.025090635118526845
1, 14, 0.03660695234138878
1, 15, 0.037852677780983605
1, 16, 0.01736860065817006
1, 17, 0.02038342995073904
1, 18, 0.029501795530884344
1, 19, 0.03244722139929335
1, 20, 0.03382627295466608
1, 21, 0.020935737864998027
1, 22, 0.03181052644845955
1, 23, 0.03219514517016085
1, 24, 0.018008099965806282
1, 25, 0.018351410429422007
1, 26, 0.034728908573862176
1, 27, 0.026866753105405473
1, 28, 0.03713146436945824
1, 29, 0.018473624132463555
1, 30, 0.028653505382881805
1, 31, 0.029574473300865052
1, 32, 0.027497102076618284
1, 33, 0.037319354901102
1, 34, 0.028478340474859642
1, 35, 0.03391211720221863
1, 36, 0.03313313606668054
1, 37, 0.02898126739329406
1, 38, 0.03328927791123167
1, 39, 0.01964429280989873
1, 40, 0.030388872340941293
1, 41, 0.027822598720693717
1, 42, 0.034168182164088325
1, 43, 0.017046389522760105
1, 44, 0.03638052801262942
1, 45, 0.034073391083386494
1, 46, 0.02789416852929923
1, 47, 0.0237234413629758
1, 48, 0.025816931506777423
1, 49, 0.03371896142997612
1, 50, 0.0286482300478868
1, 51, 0.03448333905105879
1, 52, 0.031831782925204985
1, 53, 0.015928588927920186
1, 54, 0.03103904948954646
1, 55, 0.01787152128430852
1, 56, 0.035259655471599566
1, 57, 0.036100422784138386
1, 58, 0.01565879237726297
1, 59, 0.017673019492043557
1, 60, 0.030818730733120317
1, 61, 0.03473188952967203
1, 62, 0.022975991831813154
1, 63, 0.02897248778197489
1, 64, 0.030477862692891197
1, 65, 0.031158674611480933
1, 66, 0.025891726769778613
1, 67, 0.03524564559596432
1, 68, 0.03426089262908791
1, 69, 0.030445818253104818
1, 70, 0.03027562281163306
1, 71, 0.028299024454166315
1, 72, 0.026652836742646673
1, 73, 0.029581019906650394
1, 74, 0.02933762204273729
1, 75, 0.03305053949621619
1, 76, 0.01869039349664204
1, 77, 0.03139549908161268
1, 78, 0.03178730581757356
1, 79, 0.03403288969896157
1, 80, 0.017831586836791535
1, 81, 0.019914190007668295
1, 82, 0.0366365674983271
2, 3, 0.01592612270465043
2, 4, 0.015618061380061905
2, 5, 0.015522347781735809
2, 6, 0.01525046043493923
2, 7, 0.015363340599490802
2, 8, 0.015336699818909732
2, 9, 0.015553651243385666
2, 10, 0.01777982491432763
2, 11, 0.015152214637939136
2, 12, 0.015686787189692814
2, 13, 0.015562601515957047
2, 14, 0.01512546135551763
2, 15, 0.015433088379143698
2, 16, 0.017155080171043335
2, 17, 0.0201539308197249
2, 18, 0.015178231588671674
2, 19, 0.016745961142088955
2, 20, 0.01529688226518314
2, 21, 0.015549612883550968
2, 22, 0.01533504584049408
2, 23, 0.015278322537037889
2, 24, 0.017294845784636956
2, 25, 0.0180645646373274
2, 26, 0.015340450168430799
2, 27, 0.015771699134910756
2, 28, 0.015072989825321743
2, 29, 0.017998549192010868
2, 30, 0.015234875113734562
2, 31, 0.016418176385952547
2, 32, 0.015525638536790594
2, 33, 0.015414280509884434
2, 34, 0.015658712596687958
2, 35, 0.015149798637890349
2, 36, 0.015152624736800251
2, 37, 0.015500463324734842
2, 38, 0.015559385411927022
2, 39, 0.01545642839694502
2, 40, 0.015170596042599772
2, 41, 0.016091495251967482
2, 42, 0.015172630387593384
2, 43, 0.016263028601146864
2, 44, 0.015083702541666372
2, 45, 0.015516230669546945
2, 46, 0.015199790099430021
2, 47, 0.015167174674540174
2, 48, 0.015259292191165789
2, 49, 0.015593391994824924
2, 50, 0.015144381101598348
2, 51, 0.016043100848483816
2, 52, 0.015366138235771123
2, 53, 0.01548704599609103
2, 54, 0.01526986889227459
2, 55, 0.01771614173482687
2, 56, 0.01577036040799137
2, 57, 0.015088950414571688
2, 58, 0.015483333248730437
2, 59, 0.017101738543745332
2, 60, 0.015258463366806961
2, 61, 0.016510224613161508
2, 62, 0.015712186939763086
2, 63, 0.015528453451918896
2, 64, 0.01576431840452758
2, 65, 0.015403803639686835
2, 66, 0.015687184264700598
2, 67, 0.015632632995244897
2, 68, 0.015104971214068424
2, 69, 0.015417815705838608
2, 70, 0.015128295409620173
2, 71, 0.015604139134477793
2, 72, 0.015087086279342993
2, 73, 0.015555140025280707
2, 74, 0.01522900058016963
2, 75, 0.015132253446619741
2, 76, 0.017980266730982346
2, 77, 0.015441960629337241
2, 78, 0.015946413340859025
2, 79, 0.015774044824443015
2, 80, 0.017563343162373166
2, 81, 0.019630480417903214
2, 82, 0.01508722597479355
3, 4, 0.031025951256149206
3, 5, 0.03261678846883584
3, 6, 0.025595504938513102
3, 7, 0.031180786817423884
3, 8, 0.02894557883214918
3, 9, 0.029507433431617706
3, 10, 0.018361886231723145
3, 11, 0.03101847209198396
3, 12, 0.03301208427810546
3, 13, 0.027323903686838714
3, 14, 0.032443707299494515
3, 15, 0.03371518109269776
3, 16, 0.017423222382546615
3, 17, 0.020403409173828643
3, 18, 0.030620462403348588
3, 19, 0.03212434599996586
3, 20, 0.03215052106577732
3, 21, 0.02348968236478893
3, 22, 0.03145557758625534
3, 23, 0.031576297257286
3, 24, 0.01817078664397671
3, 25, 0.018400274205764088
3, 26, 0.03251392881561216
3, 27, 0.028346544952275156
3, 28, 0.032328078137535556
3, 29, 0.01855525229897183
3, 30, 0.030191387308344822
3, 31, 0.030007376519668335
3, 32, 0.029103161321141637
3, 33, 0.03350011719381599
3, 34, 0.029585493554107247
3, 35, 0.031940284567198524
3, 36, 0.031750300664150105
3, 37, 0.030032556416210013
3, 38, 0.03221437248769968
3, 39, 0.02229280871869396
3, 40, 0.030943163290680507
3, 41, 0.028799440118837366
3, 42, 0.032045926874243284
3, 43, 0.01737484258664838
3, 44, 0.032253871552386584
3, 45, 0.03251509008591819
3, 46, 0.029921017999023233
3, 47, 0.02775793649754956
3, 48, 0.028659238545054026
3, 49, 0.03243728449265028
3, 50, 0.030354563165732148
3, 51, 0.03318059371908311
3, 52, 0.03147370533963262
3, 53, 0.01637072578253835
3, 54, 0.031146590375927728
3, 55, 0.01790236639386184
3, 56, 0.03333373627984036
3, 57, 0.032226153429795956
3, 58, 0.015841822222568993
3, 59, 0.017818343853227475
3, 60, 0.03106384798153602
3, 61, 0.03360732949317407
3, 62, 0.025162752411263648
3, 63, 0.03000274730759619
3, 64, 0.03077803759106375
3, 65, 0.031188557095132723
3, 66, 0.027719058784346263
3, 67, 0.03315583608826741
3, 68, 0.03192789726333665
3, 69, 0.03085423172159426
3, 70, 0.030934053737880135
3, 71, 0.029521478739007723
3, 72, 0.029752231680012495
3, 73, 0.030332887013912527
3, 74, 0.030493790199405416
3, 75, 0.03170263856852404
3, 76, 0.01881064611583044
3, 77, 0.0312975176832266
3, 78, 0.03156768913788603
3, 79, 0.03273940714100972
3, 80, 0.01788790188635804
3, 81, 0.01994276332422607
3, 82, 0.03230847238446779
4, 5, 0.03080991786563235
4, 6, 0.02336280300177127
4, 7, 0.028998403632598826
4, 8, 0.026696083090252468
4, 9, 0.027673218647531594
4, 10, 0.01831292693344839
4, 11, 0.028227052712152492
4, 12, 0.031466790664388886
4, 13, 0.02556727743112461
4, 14, 0.029624609419532176
4, 15, 0.03183383855830452
4, 16, 0.01739497931006513
4, 17, 0.020391787598271604
4, 18, 0.027911647492497763
4, 19, 0.03129407942095955
4, 20, 0.02984981253395964
4, 21, 0.022041803915233388
4, 22, 0.029216505287399337
4, 23, 0.029197862578097814
4, 24, 0.018085030071749622
4, 25, 0.01837414412979745
4, 26, 0.030342611972217094
4, 27, 0.02683019339701411
4, 28, 0.02928466997543754
4, 29, 0.018511434771171398
4, 30, 0.027657994305122297
4, 31, 0.02899465103646314
4, 32, 0.02722747189200966
4, 33, 0.031563304612802386
4, 34, 0.02790742796051575
4, 35, 0.029178596592546804
4, 36, 0.028988606559052908
4, 37, 0.028107038807996285
4, 38, 0.030445291265299813
4, 39, 0.02088286837422719
4, 40, 0.02821461890335653
4, 41, 0.02757803290294379
4, 42, 0.02937065413458946
4, 43, 0.017207627891269905
4, 44, 0.02925174887186044
4, 45, 0.03069200406057892
4, 46, 0.027279861458563114
4, 47, 0.025090125889540123
4, 48, 0.026221423704185245
4, 49, 0.030731552655894463
4, 50, 0.0275238769147843
4, 51, 0.03199651832473575
4, 52, 0.02930759983001417
4, 53, 0.016153353922656315
4, 54, 0.028729488661526494
4, 55, 0.017886141732257634
4, 56, 0.03190682733720195
4, 57, 0.029244450999963176
4, 58, 0.0157520447096663
4, 59, 0.017742581545250144
4, 60, 0.02861254489432637
4, 61, 0.032724061637950476
4, 62, 0.023745644190002947
4, 63, 0.028125586436557173
4, 64, 0.029241767465515885
4, 65, 0.029094815460483345
4, 66, 0.026119736062870397
4, 67, 0.031548952188102504
4, 68, 0.02899370721070508
4, 69, 0.0287809884389967
4, 70, 0.0280516487393713
4, 71, 0.027765617740290658
4, 72, 0.026699850341182857
4, 73, 0.028501835416172006
4, 74, 0.027945181200858198
4, 75, 0.02886337964373071
4, 76, 0.01874562249504703
4, 77, 0.02928452257197189
4, 78, 0.030238319565073855
4, 79, 0.03128198884504416
4, 80, 0.01785833477858332
4, 81, 0.01992649564533232
4, 82, 0.029325266940480477
5, 6, 0.023534327450117236
5, 7, 0.030970813850832547
5, 8, 0.02775021418565954
5, 9, 0.02873731736118282
5, 10, 0.018302898759362165
5, 11, 0.03060793012085021
5, 12, 0.0336647640000257
5, 13, 0.026068795690823376
5, 14, 0.03327247255108048
5, 15, 0.03509669939927593
5, 16, 0.017388183549054175
5, 17, 0.020390496174337042
5, 18, 0.029968989226217997
5, 19, 0.03223518266937398
5, 20, 0.032547866785161784
5, 21, 0.022001139652807478
5, 22, 0.03139417950212464
5, 23, 0.03158751109805023
5, 24, 0.018066610198611856
5, 25, 0.018368868732932427
5, 26, 0.03313682720184886
5, 27, 0.027475110405716395
5, 28, 0.03312403518449857
5, 29, 0.018502823269511404
5, 30, 0.029365279121686905
5, 31, 0.02969945721744491
5, 32, 0.02819078169047975
5, 33, 0.034751398743860185
5, 34, 0.028914474545588185
5, 35, 0.03226216071721758
5, 36, 0.03190756852830106
5, 37, 0.029393110077348013
5, 38, 0.03252906796450774
5, 39, 0.020740613889239305
5, 40, 0.030494341110537733
5, 41, 0.02819133330476888
5, 42, 0.03244432402599557
5, 43, 0.017165705460554227
5, 44, 0.03294992284381573
5, 45, 0.03301067369168392
5, 46, 0.028905311952326186
5, 47, 0.025820672548878935
5, 48, 0.027230245953840507
5, 49, 0.03285153590336774
5, 50, 0.02949318116231324
5, 51, 0.033720064769515036
5, 52, 0.03142511064326094
5, 53, 0.01609029527431031
5, 54, 0.030885600110781862
5, 55, 0.01788255023998115
5, 56, 0.03408801288733859
5, 57, 0.03288466832487705
5, 58, 0.01572505358076063
5, 59, 0.017725292516009416
5, 60, 0.030747672272001356
5, 61, 0.03412027413997051
5, 62, 0.023886147547939798
5, 63, 0.02937265223210765
5, 64, 0.030509411678266568
5, 65, 0.030993459690740903
5, 66, 0.02666601040638282
5, 67, 0.033923817462297196
5, 68, 0.032267905690861465
5, 69, 0.03050130542765013
5, 70, 0.03044249969715229
5, 71, 0.028794674393779456
5, 72, 0.028411508060070402
5, 73, 0.02983511564377688
5, 74, 0.02982302618289904
5, 75, 0.0318247539689565
5, 76, 0.01873345994561658
5, 77, 0.031164898361673292
5, 78, 0.0315703922581868
5, 79, 0.03321558355691678
5, 80, 0.017851749540470627
5, 81, 0.01992432392524823
5, 82, 0.03305817663912743
6, 7, 0.02167627330994118
6, 8, 0.020577269948324522
6, 9, 0.022244763040743964
6, 10, 0.018242900352098957
6, 11, 0.01949464585862337
6, 12, 0.02478875162559364
6, 13, 0.02123305764563016
6, 14, 0.01952943845795234
6, 15, 0.023336362642852253
6, 16, 0.0173570362749202
6, 17, 0.020372572074452526
6, 18, 0.019684187379571293
6, 19, 0.027790809833138242
6, 20, 0.021446031016205677
6, 21, 0.01933074929055851
6, 22, 0.021540798593362824
6, 23, 0.021053146413757804
6, 24, 0.017964259579799097
6, 25, 0.018336615331243315
6, 26, 0.022004405209329926
6, 27, 0.022671218286973736
6, 28, 0.018735653473411447
6, 29, 0.018447902663093166
6, 30, 0.020145318967031492
6, 31, 0.025619043236338082
6, 32, 0.021891906020339753
6, 33, 0.023079682204184267
6, 34, 0.02283829438811608
6, 35, 0.01971974257593712
6, 36, 0.019703073761437734
6, 37, 0.022175728913677323
6, 38, 0.023594532213172925
6, 39, 0.018457322587585655
6, 40, 0.019691461651939284
6, 41, 0.02400454032416682
6, 42, 0.020037379113274738
6, 43, 0.016985729754151295
6, 44, 0.018881844015667594
6, 45, 0.023442690384865583
6, 46, 0.019704755504907367
6, 47, 0.018736196573327108
6, 48, 0.019849319356070545
6, 49, 0.023924992207956908
6, 50, 0.019218650192995807
6, 51, 0.026571859892514312
6, 52, 0.021818338362455003
6, 53, 0.015884601813025003
6, 54, 0.02081678415252954
6, 55, 0.017863605408949837
6, 56, 0.02542699082520126
6, 57, 0.018953612094368924
6, 58, 0.015644017034194307
6, 59, 0.017638353256584437
6, 60, 0.02067519495319482
6, 61, 0.02831669818373028
6, 62, 0.020727161053275794
6, 63, 0.022334725838235498
6, 64, 0.02398227567486616
6, 65, 0.02200750075952531
6, 66, 0.02199027669282956
6, 67, 0.02453716211068323
6, 68, 0.01911426027253281
6, 69, 0.021972728521908274
6, 70, 0.019175944217753444
6, 71, 0.0225274352062228
6, 72, 0.018364189349935493
6, 73, 0.02265316018023281
6, 74, 0.020186606005257988
6, 75, 0.01942788027074418
6, 76, 0.018649802639127626
6, 77, 0.0223461660058313
6, 78, 0.025213361137249094
6, 79, 0.02511605942874693
6, 80, 0.017817341821209507
6, 81, 0.0199004691750939
6, 82, 0.018946826366700566
7, 8, 0.025508051806816347
7, 9, 0.026964815558642784
7, 10, 0.018276991745852927
7, 11, 0.027028037191240667
7, 12, 0.03181280047652428
7, 13, 0.024582088288855913
7, 14, 0.029095086914749706
7, 15, 0.03251025378712356
7, 16, 0.01737353971448789
7, 17, 0.020384088473409404
7, 18, 0.026665915878325563
7, 19, 0.03141715595208928
7, 20, 0.029593577746580228
7, 21, 0.020993899641361884
7, 22, 0.028722734038945614
7, 23, 0.028641366624176
7, 24, 0.01802126352023828
7, 25, 0.01835505839120295
7, 26, 0.030327420642353022
7, 27, 0.026167449635192293
7, 28, 0.028422681600352287
7, 29, 0.01847955524182268
7, 30, 0.026476639175827876
7, 31, 0.028807624019125348
7, 32, 0.026411083299187427
7, 33, 0.03211794624876625
7, 34, 0.027324070730003154
7, 35, 0.02842726824829736
7, 36, 0.02814302917537383
7, 37, 0.027439678196381302
7, 38, 0.0304692856384355
7, 39, 0.019801270697649746
7, 40, 0.027062235303893595
7, 41, 0.027155992664251876
7, 42, 0.028761617128426967
7, 43, 0.01707806014140921
7, 44, 0.028396277803826375
7, 45, 0.03080907181418957
7, 46, 0.025895346430746178
7, 47, 0.02317528530486092
7, 48, 0.0247695438458737
7, 49, 0.030850622723636617
7, 50, 0.026034049977295932
7, 51, 0.03237138569387226
7, 52, 0.02887250196224749
7, 53, 0.015978031370809526
7, 54, 0.027977221462576418
7, 55, 0.017874067652493286
7, 56, 0.03236469476808131
7, 57, 0.028397753899601544
7, 58, 0.01567960689394557
7, 59, 0.01768554633772756
7, 60, 0.02779888761323033
7, 61, 0.03312853015286185
7, 62, 0.02284196340388778
7, 63, 0.02748702405602032
7, 64, 0.028970663274135826
7, 65, 0.028614633657072924
7, 66, 0.025315140178831626
7, 67, 0.03194897125943739
7, 68, 0.028036353828992187
7, 69, 0.028214317282961424
7, 70, 0.026703534379168375
7, 71, 0.027117040967445483
7, 72, 0.024699861347123358
7, 73, 0.027968590140518754
7, 74, 0.026840084899690256
7, 75, 0.02790603594849373
7, 76, 0.0186986824436696
7, 77, 0.028891702213901863
7, 78, 0.03020851418681269
7, 79, 0.03153862120589548
7, 80, 0.017836278035170124
7, 81, 0.019915444794175785
7, 82, 0.028527074868752028
8, 9, 0.025084292198494743
8, 10, 0.018267352247201062
8, 11, 0.023526483093195473
8, 12, 0.028851419275760785
8, 13, 0.023321070345885597
8, 14, 0.02433722065674743
8, 15, 0.028319685484254262
8, 16, 0.017369052071955472
8, 17, 0.02038065208661826
8, 18, 0.023501175832281954
8, 19, 0.030071586000908507
8, 20, 0.025871216037168535
8, 21, 0.020429990488543836
8, 22, 0.025550667912555964
8, 23, 0.025214699555361444
8, 24, 0.018005260737937387
8, 25, 0.018349836841726797
8, 26, 0.026539971405693853
8, 27, 0.02485167456370771
8, 28, 0.023482903771570803
8, 29, 0.018470545293919366
8, 30, 0.023704586602338273
8, 31, 0.027636108060542383
8, 32, 0.024620324885433836
8, 33, 0.027988818877367466
8, 34, 0.025563130375451184
8, 35, 0.02423185387724955
8, 36, 0.02411105195764333
8, 37, 0.025293629744544188
8, 38, 0.0275464960237547
8, 39, 0.019360650768565413
8, 40, 0.02367155114905695
8, 41, 0.025994475802767803
8, 42, 0.024586173948426614
8, 43, 0.017053120538997824
8, 44, 0.023590320677088467
8, 45, 0.02762212583382249
8, 46, 0.023179212308373817
8, 47, 0.021356615634740412
8, 48, 0.022736473834551334
8, 49, 0.027912506845371738
8, 50, 0.02293487317708677
8, 51, 0.03005091599322171
8, 52, 0.025783867261082134
8, 53, 0.015954606034105152
8, 54, 0.02477882758862868
8, 55, 0.01787116066932109
8, 56, 0.02946552421773994
8, 57, 0.023647199707157982
8, 58, 0.015671005094280654
8, 59, 0.017672488409140777
8, 60, 0.024613208818140334
8, 61, 0.03127819596382105
8, 62, 0.022099287302434534
8, 63, 0.025399323853230606
8, 64, 0.02699120123344438
8, 65, 0.025774640324961344
8, 66, 0.024069816901245173
8, 67, 0.02877912069048022
8, 68, 0.02364219020257361
8, 69, 0.025565643266127248
8, 70, 0.02317993113592706
8, 71, 0.025302974651079897
8, 72, 0.021822018953689334
8, 73, 0.025807832277694006
8, 74, 0.023891395479183047
8, 75, 0.02382424692226727
8, 76, 0.018684649865978033
8, 77, 0.02609705707610518
8, 78, 0.028243306491057975
8, 79, 0.02888869905673082
8, 80, 0.017831020244129463
8, 81, 0.019911018867227636
8, 82, 0.02368653212400409
9, 10, 0.018299249791223604
9, 11, 0.02578738418331383
9, 12, 0.02956096071340999
9, 13, 0.024474859171710987
9, 14, 0.026696061965791155
9, 15, 0.029345073557922742
9, 16, 0.017387828951758263
9, 17, 0.020387765248027562
9, 18, 0.025639077318166215
9, 19, 0.030332064334619654
9, 20, 0.027455071741428833
9, 21, 0.021424634924344026
9, 22, 0.027068418969755693
9, 23, 0.02690590766295439
9, 24, 0.018061623793825386
9, 25, 0.01836680121711479
9, 26, 0.027952185046764593
9, 27, 0.02575884583035103
9, 28, 0.026221267580637874
9, 29, 0.018498937004309195
9, 30, 0.025610096010662973
9, 31, 0.028100664820910764
9, 32, 0.02582275720602378
9, 33, 0.029087458595819342
9, 34, 0.02656167357365696
9, 35, 0.02647352076279196
9, 36, 0.026346154014909296
9, 37, 0.026510295977910846
9, 38, 0.0285132376465821
9, 39, 0.020350077553581338
9, 40, 0.02584021412440636
9, 41, 0.02665178379003843
9, 42, 0.026698392759399392
9, 43, 0.017166012344455212
9, 44, 0.026248601614743964
9, 45, 0.02863084639625314
9, 46, 0.025226183394523937
9, 47, 0.023461158853362328
9, 48, 0.024551809981348965
9, 49, 0.02880533304663507
9, 50, 0.02524179467441009
9, 51, 0.030459702879548512
9, 52, 0.027213668202005263
9, 53, 0.01610515000421518
9, 54, 0.026524714938397025
9, 55, 0.01788181313131731
9, 56, 0.030051113225536854
9, 57, 0.0262675020500082
9, 58, 0.01573307298656482
9, 59, 0.017722648692507878
9, 60, 0.02640415956644712
9, 61, 0.03147777184637844
9, 62, 0.023026258995350254
9, 63, 0.02656888224111469
9, 64, 0.02781184091363732
9, 65, 0.0271292582252911
9, 66, 0.02507041776553219
9, 67, 0.02953794701212467
9, 68, 0.026160780919013076
9, 69, 0.026908275003243828
9, 70, 0.025574126058651704
9, 71, 0.026375412552377218
9, 72, 0.024439795376284927
9, 73, 0.026918863929354143
9, 74, 0.025813750540849115
9, 75, 0.026178052239729063
9, 76, 0.01872660563006718
9, 77, 0.02735829813213903
9, 78, 0.028855379867879297
9, 79, 0.0295370134491142
9, 80, 0.017850467428272624
9, 81, 0.0199211260936066
9, 82, 0.02631623592899688
10, 11, 0.018247263665740025
10, 12, 0.01832780568133727
10, 13, 0.018292185487684492
10, 14, 0.01824618469112634
10, 15, 0.01829211387222849
10, 16, 0.01766690909206315
10, 17, 0.019937659340152555
10, 18, 0.01825000122128504
10, 19, 0.018489905314679568
10, 20, 0.01826968793088454
10, 21, 0.018265185976492262
10, 22, 0.018273626062351826
10, 23, 0.0182659162772199
10, 24, 0.018134525080588593
10, 25, 0.018301374863565364
10, 26, 0.0182765724813833
10, 27, 0.01832594259777922
10, 28, 0.018238709829823216
10, 29, 0.01834752972944616
10, 30, 0.01825679402842122
10, 31, 0.01842992302575383
10, 32, 0.018293984232683563
10, 33, 0.018289005889946842
10, 34, 0.018314438393474533
10, 35, 0.01824869394093307
10, 36, 0.018248738301509387
10, 37, 0.01829334495059733
10, 38, 0.018307382476849886
10, 39, 0.018241149075934233
10, 40, 0.018249637635862327
10, 41, 0.018374726697078254
10, 42, 0.018252061536030796
10, 43, 0.01793779002900081
10, 44, 0.018240071377334598
10, 45, 0.01830179571720533
10, 46, 0.018251342698035595
10, 47, 0.018240929119758394
10, 48, 0.018255983419437124
10, 49, 0.018312829314263708
10, 50, 0.01824479308925274
10, 51, 0.018381725193227488
10, 52, 0.01827805086464525
10, 53, 0.01776495428734682
10, 54, 0.018263820298465197
10, 55, 0.017953482095087014
10, 56, 0.018340908754123062
10, 57, 0.018240752057147563
10, 58, 0.0172490477463531
10, 59, 0.017994588836084912
10, 60, 0.018262051747873653
10, 61, 0.018455873255523305
10, 62, 0.01830006448604696
10, 63, 0.018297214589538223
10, 64, 0.018333492544565223
10, 65, 0.018282719542704797
10, 66, 0.018311235586799514
10, 67, 0.01832013802485057
10, 68, 0.018242460768530602
10, 69, 0.018283888500049996
10, 70, 0.018243810771511923
10, 71, 0.01830644566565673
10, 72, 0.018235704951114158
10, 73, 0.01830196752473938
10, 74, 0.018256696609634398
10, 75, 0.018245829933334876
10, 76, 0.018412716211971276
10, 77, 0.01828838784611882
10, 78, 0.018362810821635846
10, 79, 0.01834011019832957
10, 80, 0.017970839166127905
10, 81, 0.019468507214932734
10, 82, 0.01824064923567559
11, 12, 0.03176976840053207
11, 13, 0.023289307524274664
11, 14, 0.02607137315743535
11, 15, 0.03279233915071945
11, 16, 0.017355986184072258
11, 17, 0.02037758873362328
11, 18, 0.023583778970553863
11, 19, 0.03135894094332755
11, 20, 0.028291472922396237
11, 21, 0.01988938758172341
11, 22, 0.027267921749988627
11, 23, 0.026901662602310403
11, 24, 0.01796843661962176
11, 25, 0.018339295334699218
11, 26, 0.029472906660606084
11, 27, 0.025255511396519645
11, 28, 0.02363074452103284
11, 29, 0.018453143674161197
11, 30, 0.023939152327482827
11, 31, 0.028463047930122994
11, 32, 0.025120424470022086
11, 33, 0.03220106253285577
11, 34, 0.026361184668900514
11, 35, 0.02545485443938567
11, 36, 0.025097671079208437
11, 37, 0.02620846229287103
11, 38, 0.029979988523994486
11, 39, 0.01870195563451472
11, 40, 0.0239554963752413
11, 41, 0.026563662274163347
11, 42, 0.026236235600208272
11, 43, 0.01697072753465687
11, 44, 0.02396571712060262
11, 45, 0.030387775268417714
11, 46, 0.022968909742259312
11, 47, 0.02002986593587673
11, 48, 0.022316882550422128
11, 49, 0.030495872624375035
11, 50, 0.022398526694813563
11, 51, 0.03245533600896217
11, 52, 0.02757110510004911
11, 53, 0.01583335698635782
11, 54, 0.025992380233866203
11, 55, 0.017864150884918002
11, 56, 0.03247821145520532
11, 57, 0.024131143403415246
11, 58, 0.015620705633989498
11, 59, 0.017638492576388293
11, 60, 0.025694391685130262
11, 61, 0.03329646311630759
11, 62, 0.021837993508496516
11, 63, 0.026322863950259935
11, 64, 0.028340982558724227
11, 65, 0.0273593311129242
11, 66, 0.024255191720942627
11, 67, 0.03194653529568165
11, 68, 0.024044117084138995
11, 69, 0.026907747265421594
11, 70, 0.022862365873571062
11, 71, 0.026048029562160013
11, 72, 0.01993985819274003
11, 73, 0.026926159568496373
11, 74, 0.024307894744089106
11, 75, 0.024441138461243225
11, 76, 0.018659616993722053
11, 77, 0.027802249135124434
11, 78, 0.029878022547635157
11, 79, 0.03143031153233901
11, 80, 0.017818143472787092
11, 81, 0.01990616801058769
11, 82, 0.02427453307932624
12, 13, 0.02695162264569516
12, 14, 0.03406049846047348
12, 15, 0.035381156861007824
12, 16, 0.017402685548422548
12, 17, 0.02039622636578529
12, 18, 0.031158492622986943
12, 19, 0.03249257878290292
12, 20, 0.033272247893717154
12, 21, 0.022781973328108725
12, 22, 0.0322210301137655
12, 23, 0.03245202252925791
12, 24, 0.01811047842623076
12, 25, 0.018382129104113264
12, 26, 0.03374704477256437
12, 27, 0.02818275536910288
12, 28, 0.0340102973169663
12, 29, 0.01852505098253854
12, 30, 0.030516975187472598
12, 31, 0.030102559824284114
12, 32, 0.02906172698098612
12, 33, 0.03509337923750523
12, 34, 0.029651282529867488
12, 35, 0.03319278575236037
12, 36, 0.0328892058735671
12, 37, 0.030228201159735082
12, 38, 0.033075312881730955
12, 39, 0.02151356383974316
12, 40, 0.031638074572983337
12, 41, 0.02872992464512215
12, 42, 0.03331592144031984
12, 43, 0.017252633943387354
12, 44, 0.0338546268300293
12, 45, 0.03352949535004876
12, 46, 0.030155095326362232
12, 47, 0.027287441304180902
12, 48, 0.02847279793958836
12, 49, 0.033349210946825913
12, 50, 0.030796596455564578
12, 51, 0.034005416050707234
12, 52, 0.03221881882290738
12, 53, 0.01620496807687251
12, 54, 0.03184019633313322
12, 55, 0.01789082657059833
12, 56, 0.03440187787339231
12, 57, 0.033794115710039194
12, 58, 0.01577216244123105
12, 59, 0.01776417621201856
12, 60, 0.0317317344325049
12, 61, 0.034311977472017766
12, 62, 0.024620611844962274
12, 63, 0.030185026880418204
12, 64, 0.03110442781266091
12, 65, 0.031795016539642
12, 66, 0.02744245386744799
12, 67, 0.03429451915330469
12, 68, 0.03326418029813525
12, 69, 0.03133311780439654
12, 70, 0.03166945060178001
12, 71, 0.02957576555903679
12, 72, 0.029952350000519802
12, 73, 0.030599120206524534
12, 74, 0.03094294125698349
12, 75, 0.03285010036761391
12, 76, 0.018766399777253442
12, 77, 0.031917968682640206
12, 78, 0.03202811710778808
12, 79, 0.03360962442395353
12, 80, 0.017866851865232257
12, 81, 0.019932403408913002
12, 82, 0.03393687079575294
13, 14, 0.023693766221999934
13, 15, 0.026209675557531387
13, 16, 0.0173854990455251
13, 17, 0.02038421275329237
13, 18, 0.023284574555489476
13, 19, 0.02878407079164193
13, 20, 0.024699581438357876
13, 21, 0.020869960828897884
13, 22, 0.024574445721910337
13, 23, 0.024321983858595627
13, 24, 0.018050682829487543
13, 25, 0.018362903676581582
13, 26, 0.025119365634814858
13, 27, 0.024417382747889675
13, 28, 0.023232712886534827
13, 29, 0.01849199220760609
13, 30, 0.023425136667701612
13, 31, 0.026782555931628513
13, 32, 0.024148079643286937
13, 33, 0.02600318848600137
13, 34, 0.024862590935353025
13, 35, 0.02366449282187374
13, 36, 0.023604248289467177
13, 37, 0.024575396722768175
13, 38, 0.02600826856792691
13, 39, 0.019939312484215092
13, 40, 0.023377954969657857
13, 41, 0.025395198054758133
13, 42, 0.02386922564041404
13, 43, 0.017154668883263592
13, 44, 0.02329125987011245
13, 45, 0.025987531127647255
13, 46, 0.023099700870706577
13, 47, 0.021919998562030602
13, 48, 0.022817698286577443
13, 49, 0.026268689860047365
13, 50, 0.02295131905018675
13, 51, 0.02816367861368138
13, 52, 0.024742938420078204
13, 53, 0.016104570249963847
13, 54, 0.024071214443154097
13, 55, 0.017879939135220072
13, 56, 0.027437082254913564
13, 57, 0.02332249047133996
13, 58, 0.015734778612024745
13, 59, 0.017714727662500828
13, 60, 0.023967517533982317
13, 61, 0.02946545518378639
13, 62, 0.022260213871411843
13, 63, 0.024664214766993837
13, 64, 0.02589585061289333
13, 65, 0.024781067926734422
13, 66, 0.023814405583809133
13, 67, 0.02682448651942736
13, 68, 0.023329017656554207
13, 69, 0.02467234627401287
13, 70, 0.023090134727272137
13, 71, 0.024652432835262562
13, 72, 0.022311485640758154
13, 73, 0.024947437104284022
13, 74, 0.02353267425114728
13, 75, 0.02343948335046311
13, 76, 0.018715236376151554
13, 77, 0.025012789894354185
13, 78, 0.026888980378340668
13, 79, 0.027099775705721457
13, 80, 0.017847116687200404
13, 81, 0.019916782347541236
13, 82, 0.023340961225373012
14, 15, 0.03761607117955831
14, 16, 0.01735483635683621
14, 17, 0.020377926084506472
14, 18, 0.025456315358395397
14, 19, 0.032073626473168866
14, 20, 0.03188637838143605
14, 21, 0.019926494694584455
14, 22, 0.02969549780056066
14, 23, 0.02974738368410513
14, 24, 0.017966007826849935
14, 25, 0.018338775160493863
14, 26, 0.0332678338213407
14, 27, 0.025788804068877017
14, 28, 0.03384076188705058
14, 29, 0.018452378635071303
14, 30, 0.025418536878278088
14, 31, 0.02901521523957658
14, 32, 0.025924617805088007
14, 33, 0.0368776273983531
14, 34, 0.027217722903682934
14, 35, 0.030232129611739232
14, 36, 0.02920537082229403
14, 37, 0.027350330048305487
14, 38, 0.032175276407088484
14, 39, 0.01867711082750905
14, 40, 0.02625759098026017
14, 41, 0.027062249840520865
14, 42, 0.03105425560743592
14, 43, 0.016962379327091076
14, 44, 0.03243613889426284
14, 45, 0.03299214383417649
14, 46, 0.02421149553387358
14, 47, 0.020214970032463336
14, 48, 0.02297863275912489
14, 49, 0.03272759454167355
14, 50, 0.02387067466220075
14, 51, 0.033994254397301936
14, 52, 0.029890494780411198
14, 53, 0.015817544121096316
14, 54, 0.02833449743587163
14, 55, 0.017863662620341593
14, 56, 0.03469320839682129
14, 57, 0.032058485631739894
14, 58, 0.015614006697564128
14, 59, 0.017635819792917475
14, 60, 0.027978421815693818
14, 61, 0.034417646521925443
14, 62, 0.021995874664816156
14, 63, 0.027423832627883154
14, 64, 0.029452586649845656
14, 65, 0.02931212227118566
14, 66, 0.0247066017147809
14, 67, 0.03454925032596032
14, 68, 0.029367379195926625
14, 69, 0.028593777432422036
14, 70, 0.025065792227887195
14, 71, 0.026925013944397783
14, 72, 0.02031137501326077
14, 73, 0.02812544389646554
14, 74, 0.026049868689342903
14, 75, 0.028554901732063615
14, 76, 0.018658779728272002
14, 77, 0.02972597201272346
14, 78, 0.031027942589750494
14, 79, 0.0333118306307042
14, 80, 0.017817222287920247
14, 81, 0.019906443809109355
14, 82, 0.03320601553942366
15, 16, 0.01738137915256953
15, 17, 0.02038858845083573
15, 18, 0.031685233847731524
15, 19, 0.03279979506720042
15, 20, 0.035028644899436155
15, 21, 0.021791527027266538
15, 22, 0.03318502403170014
15, 23, 0.03367465041247399
15, 24, 0.018047139752489533
15, 25, 0.018363171874581755
15, 26, 0.03570709767993452
15, 27, 0.027757190561116724
15, 28, 0.038109147177882774
15, 29, 0.018493390983727983
15, 30, 0.030625313882439362
15, 31, 0.030073476832236823
15, 32, 0.028705630336873945
15, 33, 0.037778303865479194
15, 34, 0.029481946113266867
15, 35, 0.035536623522786755
15, 36, 0.03490893737166197
15, 37, 0.030202324562817826
15, 38, 0.03414811741092403
15, 39, 0.02046948504400459
15, 40, 0.03251736248092437
15, 41, 0.028478456448988925
15, 42, 0.0356522405737849
15, 43, 0.01712384525038691
15, 44, 0.037582473554163456
15, 45, 0.03490061367984513
15, 46, 0.030074173128908328
15, 47, 0.026029442187181614
15, 48, 0.02773950387723102
15, 49, 0.03450283035790875
15, 50, 0.031111939151363007
15, 51, 0.034937465059298
15, 52, 0.03313243977141219
15, 53, 0.016030511896582944
15, 54, 0.032679524472624906
15, 55, 0.017878830326964534
15, 56, 0.035772774749710266
15, 57, 0.03737469259558713
15, 58, 0.015700102520338634
15, 59, 0.017707508388751163
15, 60, 0.03252089790733088
15, 61, 0.03504661732859696
15, 62, 0.023806026145290357
15, 63, 0.030146518982711985
15, 64, 0.0313131700899921
15, 65, 0.03244041965687003
15, 66, 0.02686158715042557
15, 67, 0.035842552190536704
15, 68, 0.03599826895622173
15, 69, 0.0317515065737741
15, 70, 0.03266947722299096
15, 71, 0.029376261760756566
15, 72, 0.029712327153994474
15, 73, 0.030691806997689662
15, 74, 0.03128896231407809
15, 75, 0.03493827576705875
15, 76, 0.01871979557885307
15, 77, 0.032584886668071224
15, 78, 0.032436052319710106
15, 79, 0.03464942668104487
15, 80, 0.017844937462234645
15, 81, 0.019921437265665226
15, 82, 0.037742737596678406
16, 17, 0.01941388347825154
16, 18, 0.01735777696483854
16, 19, 0.017499681276429094
16, 20, 0.017368790233934325
16, 21, 0.01737498311880286
16, 22, 0.01737141531986042
16, 23, 0.0173667988004295
16, 24, 0.01749536663328349
16, 25, 0.017851953779886298
16, 26, 0.01737270451666722
16, 27, 0.017404983248576044
16, 28, 0.01735047474060888
16, 29, 0.01776704302056382
16, 30, 0.01736201737761318
16, 31, 0.01746606619528779
16, 32, 0.017384966887967982
16, 33, 0.017379635559833028
16, 34, 0.017396893418499662
16, 35, 0.01735648450616531
16, 36, 0.017356578789301424
16, 37, 0.01738392668431719
16, 38, 0.017391026168466828
16, 39, 0.017362745789050265
16, 40, 0.01735742396922746
16, 41, 0.017434108393562818
16, 42, 0.017358432967088822
16, 43, 0.017291305303438972
16, 44, 0.01735129914283865
16, 45, 0.01738757993537533
16, 46, 0.01735890103857209
16, 47, 0.017353898490206035
16, 48, 0.01736239639712447
16, 49, 0.01739413351163304
16, 50, 0.017354797841960444
16, 51, 0.017434434067792815
16, 52, 0.01737402772896954
16, 53, 0.01716724843065304
16, 54, 0.017365744628125703
16, 55, 0.01767270745418819
16, 56, 0.01741024811726389
16, 57, 0.017351708622138924
16, 58, 0.016913956677286034
16, 59, 0.017423511754918658
16, 60, 0.017364732966059695
16, 61, 0.017478028594800455
16, 62, 0.01739354420172776
16, 63, 0.017386261220653898
16, 64, 0.017407404522159307
16, 65, 0.01737693443649427
16, 66, 0.017396708756704116
16, 67, 0.017398094994528115
16, 68, 0.017352812933912838
16, 69, 0.01737780259326775
16, 70, 0.017353973608356877
16, 71, 0.017392140790748103
16, 72, 0.01734965172562495
16, 73, 0.01738888489695579
16, 74, 0.01736181376064273
16, 75, 0.017354878932730362
16, 76, 0.01772667503110708
16, 77, 0.01738024244942932
16, 78, 0.017424310509951715
16, 79, 0.017410094955870717
16, 80, 0.017574059765796356
16, 81, 0.018907674096004735
16, 82, 0.01735162209145687
17, 18, 0.020377990791685875
17, 19, 0.020431790581420684
17, 20, 0.020382964505432453
17, 21, 0.020372203809739007
17, 22, 0.02038349933083801
17, 23, 0.020381881137605078
17, 24, 0.020064144349278223
17, 25, 0.019710041288704006
17, 26, 0.020384636300210323
17, 27, 0.020392251452775657
17, 28, 0.02037624663311272
17, 29, 0.019946545879927842
17, 30, 0.020379219057279706
17, 31, 0.020416232028033044
17, 32, 0.020386331255815827
17, 33, 0.020387807467789374
17, 34, 0.020391042759713755
17, 35, 0.020378285701668032
17, 36, 0.020378219527086856
17, 37, 0.02038690257352298
17, 38, 0.02039127913849587
17, 39, 0.020364563769603036
17, 40, 0.020378065515746738
17, 41, 0.020402963422153607
17, 42, 0.02037906274691755
17, 43, 0.020128818637148143
17, 44, 0.020376518754360938
17, 45, 0.02039020188691065
17, 46, 0.020377914104860655
17, 47, 0.02037435692949949
17, 48, 0.020378091055652633
17, 49, 0.020392599727867753
17, 50, 0.020376748930623956
17, 51, 0.020408375906603146
17, 52, 0.02038447054965401
17, 53, 0.020109430571956383
17, 54, 0.020381221006096562
17, 55, 0.019260375713896948
17, 56, 0.020399321595548338
17, 57, 0.020376657848706882
17, 58, 0.019735696830689462
17, 59, 0.01997633299226563
17, 60, 0.02038079831501707
17, 61, 0.020425398701799612
17, 62, 0.020382326127549553
17, 63, 0.020387706127354906
17, 64, 0.020396073922318122
17, 65, 0.020385333746087357
17, 66, 0.02038851635292208
17, 67, 0.020394591653119583
17, 68, 0.0203769217041136
17, 69, 0.020385398250742683
17, 70, 0.020376808247951118
17, 71, 0.02038929744739975
17, 72, 0.020374525048848874
17, 73, 0.020388955213501612
17, 74, 0.020379359524416527
17, 75, 0.020377567765299986
17, 76, 0.020100099373669814
17, 77, 0.020386623794597082
17, 78, 0.0204030655446894
17, 79, 0.020398814486687435
17, 80, 0.01959652824348433
17, 81, 0.020177169844302595
17, 82, 0.020376664487544282
18, 19, 0.031139301165836582
18, 20, 0.02766032210246642
18, 21, 0.019971965360309405
18, 22, 0.026846258759246042
18, 23, 0.026461417700005412
18, 24, 0.01797347990150653
18, 25, 0.01834072835860584
18, 26, 0.028728861572623242
18, 27, 0.02517514475953177
18, 28, 0.02351446289837972
18, 29, 0.018455509448104028
18, 30, 0.023858705612435065
18, 31, 0.028319287245612022
18, 32, 0.025011423508026036
18, 33, 0.0311528563233502
18, 34, 0.026200662670444585
18, 35, 0.025051732475528752
18, 36, 0.024772443274076735
18, 37, 0.02601115561882425
18, 38, 0.029452456744849864
18, 39, 0.018803097792121727
18, 40, 0.02384710027996766
18, 41, 0.02646018871296297
18, 42, 0.025722408014118243
18, 43, 0.01698215250153486
18, 44, 0.023775863228340067
18, 45, 0.029769300595300256
18, 46, 0.022991979065486084
18, 47, 0.020293969611909247
18, 48, 0.022386037066869466
18, 49, 0.029941408970410407
18, 50, 0.022504356736568785
18, 51, 0.03199937151337898
18, 52, 0.027143529382797786
18, 53, 0.015850315738130078
18, 54, 0.02567427805825006
18, 55, 0.017865107228211514
18, 56, 0.03186136326193407
18, 57, 0.023907809493499906
18, 58, 0.015627689360281898
18, 59, 0.017643157386638353
18, 60, 0.02540625349143364
18, 61, 0.0329391111727673
18, 62, 0.021874709045638478
18, 63, 0.026126639306481698
18, 64, 0.02807698705155787
18, 65, 0.026993160911821246
18, 66, 0.02421301313647763
18, 67, 0.03126514943082196
18, 68, 0.023865438854682577
18, 69, 0.02660227398371938
18, 70, 0.022912212002642006
18, 71, 0.025894711833605318
18, 72, 0.020404900763929666
18, 73, 0.026691498662026657
18, 74, 0.024181130897284075
18, 75, 0.024214695249225676
18, 76, 0.018663017785512225
18, 77, 0.027417202208861347
18, 78, 0.02956922414890123
18, 79, 0.030917542475911962
18, 80, 0.017819902472844044
18, 81, 0.01990681229104012
18, 82, 0.024010877433221327
19, 20, 0.03195057524263233
19, 21, 0.025572082622188984
19, 22, 0.03157464114696003
19, 23, 0.03164348551127677
19, 24, 0.018394520225726983
19, 25, 0.01846888244350645
19, 26, 0.03214800980828885
19, 27, 0.02941618854871597
19, 28, 0.03200966656220766
19, 29, 0.018669214526909738
19, 30, 0.03088030706837089
19, 31, 0.03046119187401656
19, 32, 0.03007374391109789
19, 33, 0.03268185750372274
19, 34, 0.030345005033010103
19, 35, 0.03183126294826434
19, 36, 0.031736156336977156
19, 37, 0.03069293578085008
19, 38, 0.03201060251447407
19, 39, 0.02453483077334809
19, 40, 0.031315491905473
19, 41, 0.02962329277841269
19, 42, 0.03188559196323727
19, 43, 0.017814214731835965
19, 44, 0.031976575682869116
19, 45, 0.03217708020659103
19, 46, 0.03073890790843701
19, 47, 0.029435843516311937
19, 48, 0.029938880914978584
19, 49, 0.03214341734570707
19, 50, 0.03100464863654642
19, 51, 0.03266733113851341
19, 52, 0.03158305682656536
19, 53, 0.01695287051624271
19, 54, 0.03140959161433745
19, 55, 0.017945765312386414
19, 56, 0.03269959435296794
19, 57, 0.031964230968997615
19, 58, 0.016092426544369633
19, 59, 0.018018749695586863
19, 60, 0.03136558497928116
19, 61, 0.033035319581275535
19, 62, 0.02690515713924265
19, 63, 0.03066492920131522
19, 64, 0.031115409038020347
19, 65, 0.031417051534697836
19, 66, 0.02899498561352451
19, 67, 0.03256229322178287
19, 68, 0.03182265041880246
19, 69, 0.03121896131818226
19, 70, 0.031319276678956
19, 71, 0.03032176615618726
19, 72, 0.030699222436914562
19, 73, 0.030868522194921137
19, 74, 0.03105440072452198
19, 75, 0.03171218826539658
19, 76, 0.01897740601078807
19, 77, 0.031476732284747136
19, 78, 0.03162046121332256
19, 79, 0.03234798752845815
19, 80, 0.01796677993193472
19, 81, 0.01998321309376329
19, 82, 0.03200282600793503
20, 21, 0.020837520302783775
20, 22, 0.03003772065886545
20, 23, 0.030117716822090558
20, 24, 0.018007904320046484
20, 25, 0.018351220435242586
20, 26, 0.03228543139180136
20, 27, 0.02642655350391634
20, 28, 0.03134999392597823
20, 29, 0.018473224629343917
20, 30, 0.0272470756372217
20, 31, 0.02917034039354295
20, 32, 0.026818355407388843
20, 33, 0.03454732669769972
20, 34, 0.02780503569966157
20, 35, 0.03050191979380835
20, 36, 0.030019443536953485
20, 37, 0.028075823031789567
20, 38, 0.03180051692608848
20, 39, 0.01959284772560682
20, 40, 0.02826219683745698
20, 41, 0.02743683358623286
20, 42, 0.03087008380751471
20, 43, 0.017048281872591133
20, 44, 0.031141617297185464
20, 45, 0.032348379705925974
20, 46, 0.02653892521692764
20, 47, 0.02311249550792603
20, 48, 0.025023181534231508
20, 49, 0.03222304681271837
20, 50, 0.02686635402180459
20, 51, 0.03345607624082885
20, 52, 0.030152079173033884
20, 53, 0.015934263454304275
20, 54, 0.02920942865079248
20, 55, 0.017871516362398813
20, 56, 0.03381798780499784
20, 57, 0.0310733277790212
20, 58, 0.015661383681877944
20, 59, 0.017673210364275948
20, 60, 0.028997082131565054
20, 61, 0.033978769720822526
20, 62, 0.022798183650194436
20, 63, 0.028104577778198577
20, 64, 0.029667024644779223
20, 65, 0.02971486856760585
20, 66, 0.02549424504258611
20, 67, 0.033565097173029156
20, 68, 0.03024086210490273
20, 69, 0.02916509814298523
20, 70, 0.027913688880316714
20, 71, 0.02759857013448762
20, 72, 0.025119362303966573
20, 73, 0.02866263645671065
20, 74, 0.027754571931404372
20, 75, 0.029784410871033375
20, 76, 0.01868958426288847
20, 77, 0.02999604409415002
20, 78, 0.03097915449759542
20, 79, 0.032775467641735175
20, 80, 0.01783159463548291
20, 81, 0.019913669852736272
20, 82, 0.03133846662944429
21, 22, 0.02090929967384523
21, 23, 0.020647480709478607
21, 24, 0.018007954147401535
21, 25, 0.01834804025924126
21, 26, 0.02112059006010098
21, 27, 0.021817751953139338
21, 28, 0.019591425807677525
21, 29, 0.018465975136922667
21, 30, 0.020194820870670687
21, 31, 0.02402783961258792
21, 32, 0.021219599074291925
21, 33, 0.021660519014731355
21, 34, 0.021820396853107514
21, 35, 0.020004095808329916
21, 36, 0.01999447084141199
21, 37, 0.021346672701511086
21, 38, 0.022077156688633987
21, 39, 0.018935033658880298
21, 40, 0.019979508812609407
21, 41, 0.02282203307118801
21, 42, 0.020149267104806353
21, 43, 0.01710129139012635
21, 44, 0.019649281411413887
21, 45, 0.021953211990293466
21, 46, 0.019972668929172474
21, 47, 0.019435532741616673
21, 48, 0.020030894506405796
21, 49, 0.022269050828090282
21, 50, 0.019749365778467882
21, 51, 0.024112417753102515
21, 52, 0.021061858073338994
21, 53, 0.016075821628528546
21, 54, 0.020532661937818008
21, 55, 0.017872300231517466
21, 56, 0.023187790732994575
21, 57, 0.019678293352086387
21, 58, 0.01572825649671949
21, 59, 0.01768196146000251
21, 60, 0.02046097867128636
21, 61, 0.025592574422058034
21, 62, 0.020584236825409937
21, 63, 0.02144979944520274
21, 64, 0.02250745039024616
21, 65, 0.0211822747998508
21, 66, 0.02137303243637532
21, 67, 0.022591527335871445
21, 68, 0.019738942310400194
21, 69, 0.02117821449766509
21, 70, 0.019743419627005352
21, 71, 0.02161203124925816
21, 72, 0.019346394913893984
21, 73, 0.02163217686659576
21, 74, 0.02021623624459227
21, 75, 0.0198707163082691
21, 76, 0.01867372814112168
21, 77, 0.021375432763031957
21, 78, 0.023330549983303667
21, 79, 0.02305562326469768
21, 80, 0.017833428677130517
21, 81, 0.01990184874903332
21, 82, 0.019677484853101522
22, 23, 0.02898533980220059
22, 24, 0.018015169400753227
22, 25, 0.018353283670216138
22, 26, 0.03082181332210684
22, 27, 0.026213613006384532
22, 28, 0.028999907496585087
22, 29, 0.018476614022598068
22, 30, 0.026614199647365316
22, 31, 0.028904300614916948
22, 32, 0.026487441590397533
22, 33, 0.03276303699237706
22, 34, 0.027432405098223235
22, 35, 0.02887182699440656
22, 36, 0.02853964628509569
22, 37, 0.02758216269696935
22, 38, 0.030825209671536978
22, 39, 0.01970073552886218
22, 40, 0.0272938625229562
22, 41, 0.027219569566671577
22, 42, 0.02922840941835316
22, 43, 0.017064881311911948
22, 44, 0.028945108424281222
22, 45, 0.0312204890396968
22, 46, 0.025988323100113113
22, 47, 0.023067078053894755
22, 48, 0.024768253054191905
22, 49, 0.031222830431133733
22, 50, 0.026158039089904165
22, 51, 0.03268790867771262
22, 52, 0.02918307078388414
22, 53, 0.015959157233389382
22, 54, 0.02825167159171519
22, 55, 0.017872908272292026
22, 56, 0.03277863288642239
22, 57, 0.0289363049929085
22, 58, 0.0156717758733519
22, 59, 0.017679980903555662
22, 60, 0.028060751947399525
22, 61, 0.03338509476077047
22, 62, 0.0227948188917017
22, 63, 0.02762667532551477
22, 64, 0.029151626363854873
22, 65, 0.028880737458753927
22, 66, 0.025332955147492987
22, 67, 0.03239837307415937
22, 68, 0.028479874142301336
22, 69, 0.028439303068519474
22, 70, 0.02691764256577278
22, 71, 0.027221867137578674
22, 72, 0.024690516952175695
22, 73, 0.028133662293462078
22, 74, 0.02701563314715728
22, 75, 0.02829051098056603
22, 76, 0.018694416946713636
22, 77, 0.029165031709415007
22, 78, 0.030421847559574028
22, 79, 0.03188667967249764
22, 80, 0.01783415296161959
22, 81, 0.01991455083883293
22, 82, 0.029094763908704347
23, 24, 0.018001419872517625
23, 25, 0.018349199577067776
23, 26, 0.03100449204300053
23, 27, 0.026061628770934427
23, 28, 0.028874283713592082
23, 29, 0.018469786825328665
23, 30, 0.02626656142369005
23, 31, 0.028885640114124648
23, 32, 0.02628801545579785
23, 33, 0.03320061362448443
23, 34, 0.027309536061904723
23, 35, 0.028755936770395733
23, 36, 0.028366085517684218
23, 37, 0.027436717859794166
23, 38, 0.030948790573055072
23, 39, 0.019431347453849546
23, 40, 0.026952421921645993
23, 41, 0.027136137407180922
23, 42, 0.02918395399619072
23, 43, 0.017036588240202717
23, 44, 0.028812210733273436
23, 45, 0.031395978653186586
23, 46, 0.025549550507208058
23, 47, 0.022439658104337436
23, 48, 0.024326491287825453
23, 49, 0.03137912885132363
23, 50, 0.02565167825007547
23, 51, 0.032877468900167836
23, 52, 0.0291509537762674
23, 53, 0.01592051203091045
23, 54, 0.028094143117373245
23, 55, 0.01787031889007449
23, 56, 0.033038468844246854
23, 57, 0.028804396533997897
23, 58, 0.015655964093730896
23, 59, 0.017667669387931847
23, 60, 0.027876294730333605
23, 61, 0.03355245325971396
23, 62, 0.02257252761117699
23, 63, 0.027490320378855067
23, 64, 0.0291322750437311
23, 65, 0.028820772828493366
23, 66, 0.025137473926073822
23, 67, 0.03266568737782011
23, 68, 0.0282601373516754
23, 69, 0.02834067487903008
23, 70, 0.026471183224154076
23, 71, 0.027078546959845688
23, 72, 0.023920847337859853
23, 73, 0.02803453516756538
23, 74, 0.026700049416064336
23, 75, 0.028059019124732618
23, 76, 0.01868435972768778
23, 77, 0.02913552933788979
23, 78, 0.030474623748129096
23, 79, 0.03206504780941474
23, 80, 0.017829415927989898
23, 81, 0.019912216790037476
23, 82, 0.02900012091504162
24, 25, 0.01824545013882617
24, 26, 0.018019995874850113
24, 27, 0.018109690070902938
24, 28, 0.017952730984646625
24, 29, 0.01827781257899181
24, 30, 0.017985779062413932
24, 31, 0.01829110655188205
24, 32, 0.018052531186404604
24, 33, 0.018041704406810986
24, 34, 0.018088485269862974
24, 35, 0.017970643135820245
24, 36, 0.017970789006910265
24, 37, 0.018050849901807917
24, 38, 0.018074699631739858
24, 39, 0.01796771728661689
24, 40, 0.01797269786845818
24, 41, 0.018195301103087685
24, 42, 0.017976601445441262
24, 43, 0.01760278114585961
24, 44, 0.017955180439496468
24, 45, 0.01806469653359347
24, 46, 0.017976188568143533
24, 47, 0.01795880996111782
24, 48, 0.017985155834718096
24, 49, 0.018084243903112713
24, 50, 0.017964305700826428
24, 51, 0.018205319481883496
24, 52, 0.018023020166633538
24, 53, 0.017313579721887143
24, 54, 0.01799786621243798
24, 55, 0.017875474020256417
24, 56, 0.01813347032631964
24, 57, 0.017956402071945404
24, 58, 0.016748618345779873
24, 59, 0.01777683076608703
24, 60, 0.017994754301314482
24, 61, 0.018334865630062588
24, 62, 0.01806726473970047
24, 63, 0.018057729799210324
24, 64, 0.0181214903717062
24, 65, 0.01803142987789459
24, 66, 0.018084164825428538
24, 67, 0.018096888454890735
24, 68, 0.01795954471722449
24, 69, 0.01803365574974055
24, 70, 0.0179623137288442
24, 71, 0.01807437075389249
24, 72, 0.0179483429080114
24, 73, 0.018065977063610267
24, 74, 0.017985466755761736
24, 75, 0.017965625486528376
24, 76, 0.018344471833451066
24, 77, 0.018041439160755016
24, 78, 0.018172754160021218
24, 79, 0.01813228512326729
24, 80, 0.017848037899602726
24, 81, 0.01957506060082946
24, 82, 0.017956192638954226
25, 26, 0.018354884859715637
25, 27, 0.018380942093128627
25, 28, 0.018334814289303773
25, 29, 0.018375985950468975
25, 30, 0.018344306877743858
25, 31, 0.01843664494633572
25, 32, 0.018363980668406586
25, 33, 0.018361515224590137
25, 34, 0.018374883912190054
25, 35, 0.018340087063249487
25, 36, 0.018340103839329755
25, 37, 0.018363689803487755
25, 38, 0.01837123897486399
25, 39, 0.018334990879041443
25, 40, 0.018340549282599698
25, 41, 0.018407020766965376
25, 42, 0.01834187435406074
25, 43, 0.018141825151043678
25, 44, 0.018335532528593042
25, 45, 0.018368279183358985
25, 46, 0.01834140692639286
25, 47, 0.01833577094254776
25, 48, 0.018343795914213125
25, 49, 0.01837414281741758
25, 50, 0.018337959663988348
25, 51, 0.01841088390703313
25, 52, 0.018355631970932804
25, 53, 0.018046524236227456
25, 54, 0.018348071631128553
25, 55, 0.01804014609522949
25, 56, 0.018389115479478302
25, 57, 0.01833589191353779
25, 58, 0.017672170764436508
25, 59, 0.01815013733936021
25, 60, 0.01834713085192991
25, 61, 0.018450577478673267
25, 62, 0.01836686348177892
25, 63, 0.018365744513577194
25, 64, 0.01838508371535829
25, 65, 0.018358098476903766
25, 66, 0.018373066277927348
25, 67, 0.018378052611680646
25, 68, 0.018336786388862897
25, 69, 0.018358705136935875
25, 70, 0.018337464098038277
25, 71, 0.018370628124748985
25, 72, 0.018333124073765125
25, 73, 0.018368286325193026
25, 74, 0.018344268986556094
25, 75, 0.01833856212530701
25, 76, 0.018423360240961962
25, 77, 0.018361112270325594
25, 78, 0.018400746571382964
25, 79, 0.01838867411706285
25, 80, 0.01808713570427974
25, 81, 0.019277527060400514
25, 82, 0.01833584016809296
26, 27, 0.02678324982190374
26, 28, 0.03301697501648917
26, 29, 0.01847939711396952
26, 30, 0.02814842999641112
26, 31, 0.029396936753679284
26, 32, 0.027321792782193096
26, 33, 0.03524977691555843
26, 34, 0.02824199455121486
26, 35, 0.031757213872428115
26, 36, 0.03125281138713973
26, 37, 0.028628084990882183
26, 38, 0.03235449503773307
26, 39, 0.01985798506449534
26, 40, 0.029378069441378486
26, 41, 0.027709420913718717
26, 42, 0.0320485613742231
26, 43, 0.017071889484584362
26, 44, 0.03273566140564134
26, 45, 0.03294174538944523
26, 46, 0.027497740597837723
26, 47, 0.023954932136668577
26, 48, 0.025779149263104196
26, 49, 0.03275405897918403
26, 50, 0.028015050688829823
26, 51, 0.03378610802124863
26, 52, 0.030891517554074672
26, 53, 0.015964790453162167
26, 54, 0.030094268112114513
26, 55, 0.01787377437556508
26, 56, 0.03424974403092633
26, 57, 0.032634227966681445
26, 58, 0.01567370413310186
26, 59, 0.01768383047352576
26, 60, 0.02990065392477014
26, 61, 0.03421184151177169
26, 62, 0.023087547251850436
26, 63, 0.028634229709798203
26, 64, 0.03007690010105932
26, 65, 0.0303976215527089
26, 66, 0.025868054373131097
26, 67, 0.03407356990657616
26, 68, 0.03169355814008792
26, 69, 0.029821424057783298
26, 70, 0.029175109176846424
26, 71, 0.028064287751355936
26, 72, 0.026410345467049564
26, 73, 0.029182000186750025
26, 74, 0.028687868548445912
26, 75, 0.031094710619332108
26, 76, 0.01869880246228838
26, 77, 0.030639257719669435
26, 78, 0.031328945218048
26, 79, 0.033203377745980596
26, 80, 0.0178357163954525
26, 81, 0.019915995985434694
26, 82, 0.03291442225968529
27, 28, 0.025458317054048926
27, 29, 0.018522215866924558
27, 30, 0.025184003607647363
27, 31, 0.027512146951451193
27, 32, 0.02544698724362304
27, 33, 0.027574570529391402
27, 34, 0.026045174991535552
27, 35, 0.025679509885325802
27, 36, 0.025604281882505544
27, 37, 0.025937494502547353
27, 38, 0.02736213077246202
27, 39, 0.020857400221069817
27, 40, 0.025300519696084035
27, 41, 0.02625159599174584
27, 42, 0.025837346704568654
27, 43, 0.017269163146295917
27, 44, 0.025484386006175953
27, 45, 0.02739935992769031
27, 46, 0.024911017991442835
27, 47, 0.023660244346255157
27, 48, 0.02445318147042365
27, 49, 0.02758845696687012
27, 50, 0.02490019346291026
27, 51, 0.029114110289257287
27, 52, 0.026333966549734196
27, 53, 0.01625289690533296
27, 54, 0.02580922456395637
27, 55, 0.01789114222174047
27, 56, 0.028593497681005196
27, 57, 0.025500398761273406
27, 58, 0.01579645346069861
27, 59, 0.017766873566228858
27, 60, 0.025722661611499734
27, 61, 0.030182180048502205
27, 62, 0.023201388024829482
27, 63, 0.02599312498618473
27, 64, 0.027017855938860125
27, 65, 0.026307211259331782
27, 66, 0.024903235446312406
27, 67, 0.02811309535169574
27, 68, 0.02545134469422216
27, 69, 0.0261677596803163
27, 70, 0.0251062045238143
27, 71, 0.025885055449553964
27, 72, 0.024356380894978928
27, 73, 0.026257503056921042
27, 74, 0.025316916110775498
27, 75, 0.025484515082139184
27, 76, 0.018760045682890285
27, 77, 0.02648964512947972
27, 78, 0.027887839466015318
27, 79, 0.028246671755190966
27, 80, 0.01786751808679987
27, 81, 0.019928028822826363
27, 82, 0.02552735843581103
28, 29, 0.018445723424923913
28, 30, 0.024070266653833144
28, 31, 0.028874395668262262
28, 32, 0.02541231839485317
28, 33, 0.03725221340886154
28, 34, 0.02683597034004748
28, 35, 0.028225265074154585
28, 36, 0.027039216216259106
28, 37, 0.026829899197515498
28, 38, 0.031948604435928764
28, 39, 0.01835348928984782
28, 40, 0.024190409783023673
28, 41, 0.026846440495801174
28, 42, 0.029652664488617364
28, 43, 0.01693553081482204
28, 44, 0.026558347525452122
28, 45, 0.03281497383480732
28, 46, 0.022587731024307705
28, 47, 0.018753354868639167
28, 48, 0.02187032287453013
28, 49, 0.032556482619255145
28, 50, 0.02137551110161097
28, 51, 0.03395989808075229
28, 52, 0.029281736459009562
28, 53, 0.0157816218627984
28, 54, 0.027298726103676913
28, 55, 0.01786118676725398
28, 56, 0.03469355417603125
28, 57, 0.02709034603342497
28, 58, 0.015599552181646341
28, 59, 0.017624048306993535
28, 60, 0.026859056446323366
28, 61, 0.03440860618588318
28, 62, 0.021678575869853417
28, 63, 0.02693683198442847
28, 64, 0.029180424848110887
28, 65, 0.028732881306232236
28, 66, 0.02433042234345291
28, 67, 0.03453666072001457
28, 68, 0.02506659948180858
28, 69, 0.027999087744038274
28, 70, 0.02194503810852215
28, 71, 0.02649868940946366
28, 72, 0.01656251255016576
28, 73, 0.02768354065850848
28, 74, 0.024658755370053763
28, 75, 0.025679095069266637
28, 76, 0.018648893418155888
28, 77, 0.029229939207361274
28, 78, 0.030860467953155054
28, 79, 0.03322006948743953
28, 80, 0.017812692504514043
28, 81, 0.01990406383996856
28, 82, 0.029471754224505705
29, 30, 0.018461457872017313
29, 31, 0.018615078641902216
29, 32, 0.018494163476251563
29, 33, 0.018490595607167478
29, 34, 0.018512421501198948
29, 35, 0.01845454388061645
29, 36, 0.018454557690429356
29, 37, 0.018493832021209498
29, 38, 0.018506741708751297
29, 39, 0.018443818153466008
29, 40, 0.018455238402926913
29, 41, 0.01856560366385123
29, 42, 0.01845754923738581
29, 43, 0.018124008094981277
29, 44, 0.01844692423029395
29, 45, 0.018501825409810817
29, 46, 0.018456576674835166
29, 47, 0.018446894060752637
29, 48, 0.018460418397723125
29, 49, 0.018511625081913573
29, 50, 0.01845084784731941
29, 51, 0.018573093844842816
29, 52, 0.01848054669494639
29, 53, 0.017973632023213944
29, 54, 0.018467856845547557
29, 55, 0.018015578618489785
29, 56, 0.01853677210816496
29, 57, 0.018447525587505394
29, 58, 0.017446561472471176
29, 59, 0.01813954213073526
29, 60, 0.01846627348773232
29, 61, 0.0186392823955501
29, 62, 0.018497806977967123
29, 63, 0.01849725665929138
29, 64, 0.01852964303998148
29, 65, 0.018484642165356092
29, 66, 0.018508971095017673
29, 67, 0.01851825090706584
29, 68, 0.01844900636164888
29, 69, 0.01848561694327533
29, 70, 0.01845006764169115
29, 71, 0.01850531854310386
29, 72, 0.018442694338650013
29, 73, 0.018501550301921216
29, 74, 0.018461425708102407
29, 75, 0.018451968697445576
29, 76, 0.01852679861354168
29, 77, 0.01848969569688113
29, 78, 0.018555894761860477
29, 79, 0.018535952363173208
29, 80, 0.018063197679707488
29, 81, 0.019492779031332678
29, 82, 0.018447444096683654
30, 31, 0.02818402763395279
30, 32, 0.025038441391644777
30, 33, 0.030174377956076734
30, 34, 0.026129529717834
30, 35, 0.025113824800290258
30, 36, 0.024895896753509762
30, 37, 0.025940639941757326
30, 38, 0.02896219152510342
30, 39, 0.019048548058832427
30, 40, 0.02413329191113006
30, 41, 0.02640260731840966
30, 42, 0.025630728832478918
30, 43, 0.017008654271532406
30, 44, 0.024230111598125662
30, 45, 0.0291927423090825
30, 46, 0.023363718856219053
30, 47, 0.020931421694272017
30, 48, 0.022743747404403446
30, 49, 0.029404361068001955
30, 50, 0.023039516820688614
30, 51, 0.03147461582888778
30, 52, 0.026879661298329298
30, 53, 0.015888047630372912
30, 54, 0.025615572243903748
30, 55, 0.017867430635839166
30, 56, 0.031186345231989557
30, 57, 0.02431486934020032
30, 58, 0.015643182637163626
30, 59, 0.01765433982858888
30, 60, 0.025391309406788864
30, 61, 0.03249929745803378
30, 62, 0.022030646765734466
30, 63, 0.026047500487928837
30, 64, 0.02785215123817706
30, 65, 0.026772076137864836
30, 66, 0.02428318194692295
30, 67, 0.030558831452891077
30, 68, 0.024247856036137768
30, 69, 0.0264423283454612
30, 70, 0.02342765271037593
30, 71, 0.02584565253533116
30, 72, 0.021383614807005267
30, 73, 0.026556806723686523
30, 74, 0.024366043560581925
30, 75, 0.024475959125770694
30, 76, 0.01867168505426147
30, 77, 0.02715212364934439
30, 78, 0.02925451371242605
30, 79, 0.030372798465464926
30, 80, 0.01782416384570837
30, 81, 0.019908657602561497
30, 82, 0.024395076373043684
31, 32, 0.02785030588466688
31, 33, 0.029948500844903168
31, 34, 0.02821585136282749
31, 35, 0.028852603210069147
31, 36, 0.028777820286494078
31, 37, 0.028353213187494022
31, 38, 0.029548779746359236
31, 39, 0.023076999646938195
31, 40, 0.028454822768412807
31, 41, 0.02793278377938759
31, 42, 0.02893359454758761
31, 43, 0.017621828464941865
31, 44, 0.028865259390659564
31, 45, 0.029642454455481963
31, 46, 0.02801637692988295
31, 47, 0.026885222029104375
31, 48, 0.02742746845700033
31, 49, 0.02970085500595918
31, 50, 0.028156326220130236
31, 51, 0.030583473030363892
31, 52, 0.02895187674867882
31, 53, 0.01671368884380118
31, 54, 0.028677018688127012
31, 55, 0.017926063456803944
31, 56, 0.030367199369101733
31, 57, 0.028863895159860722
31, 58, 0.015992577010616297
31, 59, 0.017928321914190366
31, 60, 0.028624165851819955
31, 61, 0.03124408851226964
31, 62, 0.025292761658220312
31, 63, 0.028359572036375433
31, 64, 0.028982099712035695
31, 65, 0.028858296105188003
31, 66, 0.027075945987796283
31, 67, 0.03010540830610394
31, 68, 0.028773217778273283
31, 69, 0.028706886052458754
31, 70, 0.028392928253201593
31, 71, 0.02814284014644865
31, 72, 0.027814407438570162
31, 73, 0.028562629786887707
31, 74, 0.02832170353630154
31, 75, 0.028725684174760954
31, 76, 0.018896723180900563
31, 77, 0.02895550095871847
31, 78, 0.029581998831177053
31, 79, 0.03006432816041546
31, 80, 0.01793100979626516
31, 81, 0.019961862701062337
31, 82, 0.028892950911419777
32, 33, 0.02844849015538421
32, 34, 0.02618112873458567
32, 35, 0.025751452526093847
32, 36, 0.025637328844937888
32, 37, 0.026063363449937132
32, 38, 0.02799896063074201
32, 39, 0.020166163591466075
32, 40, 0.025189869372698508
32, 41, 0.02638532992296224
32, 42, 0.025986887294942904
32, 43, 0.01714923559657808
32, 44, 0.025453918717467574
32, 45, 0.028086128208276193
32, 46, 0.02464870016375125
32, 47, 0.02297553629250877
32, 48, 0.024067050401313753
32, 49, 0.02829497007294491
32, 50, 0.024606925236373523
32, 51, 0.030057041427858196
32, 52, 0.026647498045546038
32, 53, 0.016084735453258742
32, 54, 0.025923993076551247
32, 55, 0.0178801165559044
32, 56, 0.029567788234153465
32, 57, 0.025479136672490393
32, 58, 0.015724865661288317
32, 59, 0.017714792573333086
32, 60, 0.02580121723113172
32, 61, 0.0311527215216147
32, 62, 0.02279897167329861
32, 63, 0.026132874077455258
32, 64, 0.02741839615017987
32, 65, 0.02659408130267547
32, 66, 0.024760058656705265
32, 67, 0.02901313824184935
32, 68, 0.025404545134012694
32, 69, 0.026394273359699693
32, 70, 0.024895240851970354
32, 71, 0.025981637121920805
32, 72, 0.023800208733555546
32, 73, 0.026478961293677047
32, 74, 0.025223336142539875
32, 75, 0.025456894203857914
32, 76, 0.018719410301036958
32, 77, 0.026835105898446943
32, 78, 0.028481090912660555
32, 79, 0.02907683433693681
32, 80, 0.017847380605936075
32, 81, 0.01991918073284665
32, 82, 0.025521120788582017
33, 34, 0.02925264395897151
33, 35, 0.0348804767706425
33, 36, 0.03427028532107957
33, 37, 0.029913304688972686
33, 38, 0.03382927027111841
33, 39, 0.020349096931760405
33, 40, 0.03195634708099304
33, 41, 0.028334820440908348
33, 42, 0.035026571472624245
33, 43, 0.017113389849218983
33, 44, 0.036761595206653674
33, 45, 0.03455491497317173
33, 46, 0.029603433300806455
33, 47, 0.02563824153139501
33, 48, 0.02737392897312661
33, 49, 0.034192786416041066
33, 50, 0.030552228746079484
33, 51, 0.034733344597711414
33, 52, 0.03273182942927918
33, 53, 0.016017209107251174
33, 54, 0.03221661519963152
33, 55, 0.017877816848822146
33, 56, 0.03550527723809875
33, 57, 0.03656976870514959
33, 58, 0.015694748705567273
33, 59, 0.017702758057098675
33, 60, 0.032051226489904695
33, 61, 0.03489847397672396
33, 62, 0.02366751489020911
33, 63, 0.029868657776666918
33, 64, 0.031087651142314213
33, 65, 0.03207277355699252
33, 66, 0.026674157156659998
33, 67, 0.035532508522727956
33, 68, 0.03525627828874757
33, 69, 0.031402033535621085
33, 70, 0.032047062486907224
33, 71, 0.029133554152705778
33, 72, 0.02910989851865381
33, 73, 0.030415528595364467
33, 74, 0.0308181485722648
33, 75, 0.03426779963864659
33, 76, 0.018715607547579182
33, 77, 0.03223492858583316
33, 78, 0.03223569340145136
33, 79, 0.03439289937694592
33, 80, 0.01784308876977487
33, 81, 0.019920359096725328
33, 82, 0.0369261129454185
34, 35, 0.026995503149887783
34, 36, 0.026876592178379472
34, 37, 0.026844749174997726
34, 38, 0.028701472853988934
34, 39, 0.02075737485678276
34, 40, 0.026394556129773778
34, 41, 0.026849657102536242
34, 42, 0.027183731757771515
34, 43, 0.017220162078624618
34, 44, 0.026849759639351652
34, 45, 0.028817807975528218
34, 46, 0.025794558565720615
34, 47, 0.024127090361873438
34, 48, 0.025103803226478226
34, 49, 0.028965492233774755
34, 50, 0.025858847754026127
34, 51, 0.030470586653244796
34, 52, 0.027553790025363786
34, 53, 0.01617803518292773
34, 54, 0.026961544179119636
34, 55, 0.017886926580001107
34, 56, 0.030097718960123327
34, 57, 0.026861691765126393
34, 58, 0.015763486998330647
34, 59, 0.017746681771930558
34, 60, 0.026856324917328686
34, 61, 0.03143018625072058
34, 62, 0.02337533721574789
34, 63, 0.026890739713791762
34, 64, 0.028010011332953097
34, 65, 0.027460859732800984
34, 66, 0.025400114501307452
34, 67, 0.029634620830275318
34, 68, 0.026748770196000683
34, 69, 0.027249424305987868
34, 70, 0.026185124074833192
34, 71, 0.026683202492854333
34, 72, 0.02516411290858612
34, 73, 0.027213459065163054
34, 74, 0.026324957761309734
34, 75, 0.02673951834585003
34, 76, 0.018746434243834507
34, 77, 0.027660539494831275
34, 78, 0.028971965053839095
34, 79, 0.02962270712216626
34, 80, 0.017859798111006558
34, 81, 0.019925823669092766
34, 82, 0.026907677737785178
35, 36, 0.027685481140687983
35, 37, 0.02704391936686011
35, 38, 0.03137869230737059
35, 39, 0.01877449103391741
35, 40, 0.025660780502867058
35, 41, 0.026938275825805477
35, 42, 0.02910467580042444
35, 43, 0.016972956919933033
35, 44, 0.02816002748804665
35, 45, 0.032012445605748646
35, 46, 0.0240536386160455
35, 47, 0.020484796689132785
35, 48, 0.022983669448366394
35, 49, 0.031905977559693724
35, 50, 0.023721928883404037
35, 51, 0.03342866101591275
35, 52, 0.02910214731610094
35, 53, 0.015833331379126167
35, 54, 0.02759659853503169
35, 55, 0.01786454032038366
35, 56, 0.03384777571264936
35, 57, 0.02817772855790432
35, 58, 0.01562048462059688
35, 59, 0.01764011349017582
35, 60, 0.027278265923917067
35, 61, 0.034008571498539704
35, 62, 0.022024294832086597
35, 63, 0.027127117768249505
35, 64, 0.029106376332647885
35, 65, 0.028678656143723957
35, 66, 0.02463933350227896
35, 67, 0.03354348181735461
35, 68, 0.027212384109157887
35, 69, 0.028076524293761604
35, 70, 0.02461817569670994
35, 71, 0.026704545520620133
35, 72, 0.020835988023247466
35, 73, 0.02777998224457236
35, 74, 0.025633807154404803
35, 75, 0.02706882981698074
35, 76, 0.01866188946638368
35, 77, 0.029090881890397515
35, 78, 0.03064379165070244
35, 79, 0.03262058427936863
35, 80, 0.01781883765614224
35, 81, 0.019907024690581823
35, 82, 0.028604777497451644
36, 37, 0.02688483719546098
36, 38, 0.031084860616633223
36, 39, 0.01877322626167437
36, 40, 0.025323720167457816
36, 41, 0.026869435493176448
36, 42, 0.02845703564246481
36, 43, 0.016973702517610368
36, 44, 0.027112917836400453
36, 45, 0.03166533555856619
36, 46, 0.023862311461878786
36, 47, 0.02043651242954652
36, 48, 0.022878253205489932
36, 49, 0.031608234972455476
36, 50, 0.023486201033846178
36, 51, 0.033224920486821734
36, 52, 0.02878563819671888
36, 53, 0.015834938496321935
36, 54, 0.02727018471651619
36, 55, 0.017864572249759368
36, 56, 0.03355504137254099
36, 57, 0.027179906144516697
36, 58, 0.01562117622703508
36, 59, 0.017640311127974526
36, 60, 0.026958141612338064
36, 61, 0.033860542968957914
36, 62, 0.021998969382046794
36, 63, 0.026974025568174537
36, 64, 0.028955428965415662
36, 65, 0.02841107623321309
36, 66, 0.02457422807699389
36, 67, 0.03319924471040022
36, 68, 0.026486392824017487
36, 69, 0.027844009436779747
36, 70, 0.024279056041940802
36, 71, 0.02658218856065585
36, 72, 0.020723877431076603
36, 73, 0.02761459772780278
36, 74, 0.025380532423160185
36, 75, 0.026493964238341963
36, 76, 0.018661870558529907
36, 77, 0.028828538125701075
36, 78, 0.030489458943416717
36, 79, 0.03237052048242788
36, 80, 0.017818899705826046
36, 81, 0.01990695748161369
36, 82, 0.027514423232899127
37, 38, 0.029104235992891542
37, 39, 0.020232519699390886
37, 40, 0.02625653015095255
37, 41, 0.026849439476622647
37, 42, 0.02729298408478844
37, 43, 0.017142031651591578
37, 44, 0.026849053259097824
37, 45, 0.029273333444554593
37, 46, 0.02551233256970852
37, 47, 0.023504510838307215
37, 48, 0.02471518008403817
37, 49, 0.029419019704764928
37, 50, 0.025563241623553102
37, 51, 0.0310486893289054
37, 52, 0.027729034763090705
37, 53, 0.01606979514712855
37, 54, 0.026991354757613523
37, 55, 0.017879725983601505
37, 56, 0.030736550216515987
37, 57, 0.02686547392214409
37, 58, 0.015718012073542415
37, 59, 0.017712634367656833
37, 60, 0.026857609371882283
37, 61, 0.03199947585922777
37, 62, 0.023023463555308217
37, 63, 0.02689813010734478
37, 64, 0.02820043751566337
37, 65, 0.027603780145031582
37, 66, 0.02520441947922566
37, 67, 0.030241293534013686
37, 68, 0.026711932098170365
37, 69, 0.027339028713073928
37, 70, 0.025972153143353122
37, 71, 0.0266546336260924
37, 72, 0.02464756756703826
37, 73, 0.027281973832123163
37, 74, 0.026182659828404693
37, 75, 0.026701590857501456
37, 76, 0.018719327153375005
37, 77, 0.027844597574884934
37, 78, 0.02929508985204825
37, 79, 0.030144698359899913
37, 80, 0.017846642867238423
37, 81, 0.019919738407405463
37, 82, 0.02692892437375884
38, 39, 0.02084207964609984
38, 40, 0.02990082571561958
38, 41, 0.028074929557859802
38, 42, 0.031564307024588165
38, 43, 0.017183095068834833
38, 44, 0.03183075088746367
38, 45, 0.032386405701040684
38, 46, 0.028533214021307783
38, 47, 0.025738163718859723
38, 48, 0.027049181022704868
38, 49, 0.032290573625953126
38, 50, 0.02901052677065068
38, 51, 0.033273167368566635
38, 52, 0.030874784743202197
38, 53, 0.0161151628268751
38, 54, 0.030327913983915062
38, 55, 0.01788410210717952
38, 56, 0.0335018532883905
38, 57, 0.03178840655567391
38, 58, 0.015735501999381216
38, 59, 0.017732695861615355
38, 60, 0.03019794542718114
38, 61, 0.03376458735089898
38, 62, 0.023911010080090465
38, 63, 0.02909409802627874
38, 64, 0.03021247866213519
38, 65, 0.030513999768618096
38, 66, 0.026585197335596587
38, 67, 0.03327743604137117
38, 68, 0.03131284040018711
38, 69, 0.03007946064945521
38, 70, 0.029812802490478893
38, 71, 0.028578111439028147
38, 72, 0.028025309447556167
38, 73, 0.029528186432663757
38, 74, 0.029363242350825252
38, 75, 0.03098687070682155
38, 76, 0.018739123655903526
38, 77, 0.030689295478041743
38, 78, 0.031247156918068834
38, 79, 0.03270933384439614
38, 80, 0.017854589988157338
38, 81, 0.019925513557842646
38, 82, 0.031925679454227175
39, 40, 0.01879510704144274
39, 41, 0.02189275799012377
39, 42, 0.018913339121404506
39, 43, 0.01703399716544191
39, 44, 0.01841291766545261
39, 45, 0.02069784271603011
39, 46, 0.018839262795254295
39, 47, 0.018417129662697426
39, 48, 0.018969960516727856
39, 49, 0.021024442265747217
39, 50, 0.018593833571910384
39, 51, 0.0228806928815598
39, 52, 0.019853705543563503
39, 53, 0.016002400745608745
39, 54, 0.01933813798426164
39, 55, 0.017864713320082822
39, 56, 0.02190966547213634
39, 57, 0.018442400524656184
39, 58, 0.015698809181930035
39, 59, 0.017647983408811484
39, 60, 0.019270447069813252
39, 61, 0.02441110112726061
39, 62, 0.019839058347578733
39, 63, 0.020341109645572168
39, 64, 0.021385059687165177
39, 65, 0.01999182713563815
39, 66, 0.020439428797064223
39, 67, 0.021309726155396985
39, 68, 0.018513834668124916
39, 69, 0.020007429008822363
39, 70, 0.01856093893746607
39, 71, 0.02054433590995965
39, 72, 0.01822101211211105
39, 73, 0.020506979688504616
39, 74, 0.01905415946057664
39, 75, 0.01865304204770848
39, 76, 0.018640047030216975
39, 77, 0.020181847568777042
39, 78, 0.022186821466840593
39, 79, 0.021813296908086734
39, 80, 0.01781972370130486
39, 81, 0.019891796812990057
39, 82, 0.018438394755932726
40, 41, 0.02658084255400522
40, 42, 0.026365748020542697
40, 43, 0.016979656188632362
40, 44, 0.024443328501348324
40, 45, 0.03028335683363824
40, 46, 0.023221689393023565
40, 47, 0.020335670443794026
40, 48, 0.022522837467701666
40, 49, 0.030400349603165584
40, 50, 0.02275283748772237
40, 51, 0.03234999251791913
40, 52, 0.027581547981152813
40, 53, 0.015845738059824466
40, 54, 0.026089850323679133
40, 55, 0.017864951134345764
40, 56, 0.03233394350840345
40, 57, 0.02457342682722682
40, 58, 0.015625745002415977
40, 59, 0.017642323475268302
40, 60, 0.025809538029734617
40, 61, 0.033207791927734015
40, 62, 0.021912165368599936
40, 63, 0.026365546658721397
40, 64, 0.028328186547823788
40, 65, 0.02737740025166204
40, 66, 0.0243187183920441
40, 67, 0.03179572616137906
40, 68, 0.024435836246687836
40, 69, 0.026941937342133068
40, 70, 0.023243390698890337
40, 71, 0.026091161583424814
40, 72, 0.02048840036128719
40, 73, 0.02695147168159662
40, 74, 0.024494915338031015
40, 75, 0.024740371924495217
40, 76, 0.018662696586985997
40, 77, 0.027802077160173775
40, 78, 0.02983397628311009
40, 79, 0.03132566726786947
40, 80, 0.01781960961606822
40, 81, 0.019906863548452763
40, 82, 0.024712282513588098
41, 42, 0.027048680962883136
41, 43, 0.01743870616691678
41, 44, 0.026854038511855565
41, 45, 0.02812922390324534
41, 46, 0.02619699897193553
41, 47, 0.025080844062859906
41, 48, 0.025707757101772106
41, 49, 0.02825485214244527
41, 50, 0.026257201716589542
41, 51, 0.029444191992998872
41, 52, 0.027300069934775715
41, 53, 0.01647848242604779
41, 54, 0.026922658743796596
41, 55, 0.01790763893026028
41, 56, 0.029056272952540065
41, 57, 0.026860697713563392
41, 58, 0.015892624236588198
41, 59, 0.017843516463058495
41, 60, 0.026857513262711085
41, 61, 0.030325228668299082
41, 62, 0.024105189414374176
41, 63, 0.026880904331539557
41, 64, 0.027677178507392784
41, 65, 0.027248003125568302
41, 66, 0.025772422523707428
41, 67, 0.02869005751450861
41, 68, 0.026796566890117533
41, 69, 0.02711433062330002
41, 70, 0.02646234418414097
41, 71, 0.02673516196378148
41, 72, 0.025847694598104386
41, 73, 0.027102086492764355
41, 74, 0.026528128752422296
41, 75, 0.026790070872683546
41, 76, 0.018823654791154207
41, 77, 0.027381537629609286
41, 78, 0.028388879278844946
41, 79, 0.028756010746517135
41, 80, 0.017897542370924793
41, 81, 0.01994332716167154
41, 82, 0.026886350498004155
42, 43, 0.016984863591284566
42, 44, 0.029440493006417455
42, 45, 0.03220176310642832
42, 46, 0.02463887449185078
42, 47, 0.021014501015093886
42, 48, 0.02341546704942871
42, 49, 0.03207261304919789
42, 50, 0.024505705307446675
42, 51, 0.03350623898801451
42, 52, 0.029426385271101613
42, 53, 0.015849084882057673
42, 54, 0.028050973234742566
42, 55, 0.01786565227710561
42, 56, 0.033946482988285134
42, 57, 0.02939478087387678
42, 58, 0.015626833988339972
42, 59, 0.01764538011275098
42, 60, 0.02775401912269472
42, 61, 0.03405621596604788
42, 62, 0.022165617692385797
42, 63, 0.027362741218587984
42, 64, 0.029261356029792296
42, 65, 0.028977802545859955
42, 66, 0.024812638926037016
42, 67, 0.03367016564337307
42, 68, 0.028296037254789266
42, 69, 0.028370582506510433
42, 70, 0.025517393911720428
42, 71, 0.026910338550753678
42, 72, 0.02185036698652972
42, 73, 0.02800250252389788
42, 74, 0.02616792846720712
42, 75, 0.027955653461364756
42, 76, 0.018666361503208127
42, 77, 0.029360525827478143
42, 78, 0.03075864583462783
42, 79, 0.032738359403822324
42, 80, 0.017820870420058917
42, 81, 0.019908118852367256
42, 82, 0.029822547657440007
43, 44, 0.016940690030890646
43, 45, 0.017162126816557745
43, 46, 0.01698982145328016
43, 47, 0.01696197829851785
43, 48, 0.017012850052717358
43, 49, 0.017201649931454118
43, 50, 0.016964079428979255
43, 51, 0.017440720401066163
43, 52, 0.017080775756339935
43, 53, 0.016423962670278305
43, 54, 0.01703052656900164
43, 55, 0.01777918826659768
43, 56, 0.01729766285779314
43, 57, 0.016943244239986156
43, 58, 0.01604489641939514
43, 59, 0.017408375884041382
43, 60, 0.017024411747098393
43, 61, 0.017693566578562733
43, 62, 0.01720611839415708
43, 63, 0.017156119029454762
43, 64, 0.017281857130944715
43, 65, 0.01709868478614361
43, 66, 0.01722087894845392
43, 67, 0.01722505441274998
43, 68, 0.016950318853950295
43, 69, 0.017104245643294887
43, 70, 0.01695839928559984
43, 71, 0.01719183818344346
43, 72, 0.016932955207476046
43, 73, 0.017171601117360543
43, 74, 0.01700708509508643
43, 75, 0.016963266758878583
43, 76, 0.018153020085389916
43, 77, 0.017118650713926247
43, 78, 0.017381391291136312
43, 79, 0.01729696533286195
43, 80, 0.017680563153317962
43, 81, 0.019618820020349134
43, 82, 0.01694264173030717
44, 45, 0.03265137138840071
44, 46, 0.022826893201820297
44, 47, 0.019030535376662463
44, 48, 0.022039952622552983
44, 49, 0.03242601621734148
44, 50, 0.02180597349680618
44, 51, 0.03386339041998247
44, 52, 0.029220759314498614
44, 53, 0.01578879996715314
44, 54, 0.027318528767347833
44, 55, 0.017861645117450288
44, 56, 0.03453634356798739
44, 57, 0.027319340352230582
44, 58, 0.015602454407423966
44, 59, 0.017626249856774898
44, 60, 0.026901348839253148
44, 61, 0.03433848852976282
44, 62, 0.02172586447125967
44, 63, 0.026952737054470006
44, 64, 0.02915650060484497
44, 65, 0.028698898168504645
44, 66, 0.02437016909188292
44, 67, 0.03434646904856032
44, 68, 0.025603518517080644
44, 69, 0.027990197636529664
44, 70, 0.02248100112542941
44, 71, 0.026519252640647084
44, 72, 0.01741180528529409
44, 73, 0.027683932912199952
44, 74, 0.024806361452318775
44, 75, 0.02594054557605474
44, 76, 0.018650660409824084
44, 77, 0.029183092293189283
44, 78, 0.030815388458640916
44, 79, 0.033106065139364316
44, 80, 0.017813532875523428
44, 81, 0.01990446122276314
44, 82, 0.028686832595098088
45, 46, 0.02872921551528342
45, 47, 0.02568147493694353
45, 48, 0.027093173343632405
45, 49, 0.03271086448799883
45, 50, 0.02928866154581348
45, 51, 0.03361977082479516
45, 52, 0.03125838471595333
45, 53, 0.016085884885027393
45, 54, 0.030701467874234077
45, 55, 0.01788219432785931
45, 56, 0.033959370304470576
45, 57, 0.03259069382092897
45, 58, 0.01572328855164497
45, 59, 0.017723635301862953
45, 60, 0.03056219026258532
45, 61, 0.03404440064677693
45, 62, 0.02383295325494628
45, 63, 0.02925691147374213
45, 64, 0.030409675790831033
45, 65, 0.030839966913055773
45, 66, 0.026590222573802554
45, 67, 0.033778554554121994
45, 68, 0.03199531937443252
45, 69, 0.030356201645154
45, 70, 0.030214987324235446
45, 71, 0.028693419135064503
45, 72, 0.028202171364443345
45, 73, 0.029718395490539746
45, 74, 0.02964215729433025
45, 75, 0.031574480127723376
45, 76, 0.018731956489366874
45, 77, 0.0310167809280892
45, 78, 0.03147779292317868
45, 79, 0.03309472182311449
45, 80, 0.017851101199401146
45, 81, 0.019923922997779134
45, 82, 0.03275965599267724
46, 47, 0.020262580416589366
46, 48, 0.022146316622955194
46, 49, 0.028994817569500703
46, 50, 0.02210659756268762
46, 51, 0.03123272733316855
46, 52, 0.026292522076276876
46, 53, 0.01586354490482673
46, 54, 0.024903777279361692
46, 55, 0.017865638390614023
46, 56, 0.030860982476643983
46, 57, 0.02294650080925426
46, 58, 0.01563327918859584
46, 59, 0.0176458994765434
46, 60, 0.024663798042302947
46, 61, 0.032334235831482025
46, 62, 0.021805826089404914
46, 63, 0.025637741954049303
46, 64, 0.027541297467402127
46, 65, 0.026234502103858432
46, 66, 0.02399534820213482
46, 67, 0.03016784274095953
46, 68, 0.02300283787965216
46, 69, 0.02592761044944883
46, 70, 0.022388723820283667
46, 71, 0.025487283150793315
46, 72, 0.02033644868673533
46, 73, 0.02615593580778486
46, 74, 0.023616522763891486
46, 75, 0.023373167211242427
46, 76, 0.018664404991221656
46, 77, 0.026648065171435975
46, 78, 0.028993500439122837
46, 79, 0.03005025611684544
46, 80, 0.017820891428605674
46, 81, 0.019906835792604643
46, 82, 0.023005002725242293
47, 48, 0.020359831341460247
47, 49, 0.026173840571321005
47, 50, 0.0195444003586003
47, 51, 0.028976077695846567
47, 52, 0.023428044427169073
47, 53, 0.01583594417464836
47, 54, 0.02202594598498714
47, 55, 0.017862452939928917
47, 56, 0.028042034007556473
47, 57, 0.019163870779175973
47, 58, 0.015622766287815126
47, 59, 0.017631555639744004
47, 60, 0.02181281224148594
47, 61, 0.030535014508454108
47, 62, 0.02109809469987899
47, 63, 0.02367871100853618
47, 64, 0.02564755138570312
47, 65, 0.02359029026701603
47, 66, 0.02281787606489075
47, 67, 0.0270987848796342
47, 68, 0.0194444752637085
47, 69, 0.023463404421694208
47, 70, 0.019502870321492352
47, 71, 0.0237767882470858
47, 72, 0.018127171852358806
47, 73, 0.024119302998100615
47, 74, 0.021028975977611407
47, 75, 0.019974320841998513
47, 76, 0.018649426182914434
47, 77, 0.024028254550315407
47, 78, 0.027098177447497842
47, 79, 0.027485059030324808
47, 80, 0.017815127676740556
47, 81, 0.019902219003634564
47, 82, 0.019153708028496676
48, 49, 0.027449474649966183
48, 50, 0.02172904244705051
48, 51, 0.02982780127519045
48, 52, 0.025051078737765027
48, 53, 0.015901017241707293
48, 54, 0.02387535738352948
48, 55, 0.01786737850712739
48, 56, 0.029145678116410022
48, 57, 0.02212538084279755
48, 58, 0.015649086660339005
48, 59, 0.017654635579571774
48, 60, 0.02368649440220646
48, 61, 0.03115590699421779
48, 62, 0.02171941849169548
48, 63, 0.02484591802644734
48, 64, 0.026601238053569856
48, 65, 0.025092998435594455
48, 66, 0.023634338410039632
48, 67, 0.02836979309456704
48, 68, 0.022211500490849717
48, 69, 0.024900142224668183
48, 70, 0.021890926839796994
48, 71, 0.024807842933016185
48, 72, 0.020453667469140322
48, 73, 0.025277992571257988
48, 74, 0.02290962237359001
48, 75, 0.022517346808045798
48, 76, 0.018669649036137742
48, 77, 0.025463830197872784
48, 78, 0.027944929463123536
48, 79, 0.028549367747012156
48, 80, 0.017824111601977045
48, 81, 0.019907389887520884
48, 82, 0.022151820992093365
49, 50, 0.029522958682432675
49, 51, 0.033478016237818424
49, 52, 0.03125693443055087
49, 53, 0.016139121835342617
49, 54, 0.030759768811222797
49, 55, 0.017885894520844412
49, 56, 0.03375582727679814
49, 57, 0.032377695506265666
49, 58, 0.01574526941311112
49, 59, 0.017741091035866213
49, 60, 0.030636060519174526
49, 61, 0.03391671140267683
49, 62, 0.024104761133497677
49, 63, 0.029399250472364944
49, 64, 0.03046099325800096
49, 65, 0.03087676500029886
49, 66, 0.026821500175820124
49, 67, 0.033565697312578746
49, 68, 0.03188311832445616
49, 69, 0.030433493726098066
49, 70, 0.030348924484201418
49, 71, 0.028855806100959072
49, 72, 0.02857866974095824
49, 73, 0.029827942165241265
49, 74, 0.029813649762954288
49, 75, 0.03152835977577519
49, 76, 0.018746401147551744
49, 77, 0.03103675927570662
49, 78, 0.03146451330082001
49, 79, 0.03296251840673341
49, 80, 0.017857858767750135
49, 81, 0.01992735224968846
49, 82, 0.032517251216725745
50, 51, 0.031765681113033614
50, 52, 0.026505406988100902
50, 53, 0.015826743945339204
50, 54, 0.02486984317963768
50, 55, 0.017863395471404468
50, 56, 0.03154089010931193
50, 57, 0.0220094494838675
50, 58, 0.01561818949510542
50, 59, 0.0176350821310014
50, 60, 0.024579906113302637
50, 61, 0.032783494070103614
50, 62, 0.021649724671947396
50, 63, 0.025700319541737376
50, 64, 0.027763784644671014
50, 65, 0.026416326541579632
50, 66, 0.02392146186516097
50, 67, 0.030871881615315528
50, 68, 0.022207915426099213
50, 69, 0.026052577907309197
50, 70, 0.021616604019034893
50, 71, 0.02552652513708798
50, 72, 0.019099866728225254
50, 73, 0.026276094844559818
50, 74, 0.02332279674577802
50, 75, 0.02281190657001821
50, 76, 0.018656063455499902
50, 77, 0.026882016872499675
50, 78, 0.029311343249978854
50, 79, 0.030597235876864394
50, 80, 0.017816775827357592
50, 81, 0.01990507713255483
50, 82, 0.022067903995001584
51, 52, 0.03267458245607228
51, 53, 0.01645435438219796
51, 54, 0.03243718708538538
51, 55, 0.017908881189436156
51, 56, 0.034282920847131505
51, 57, 0.03382535202669162
51, 58, 0.015876183192022948
51, 59, 0.01784862035975343
51, 60, 0.032363869199290594
51, 61, 0.034245295010559285
51, 62, 0.02580542376606758
51, 63, 0.030995873308916295
51, 64, 0.031646578831372514
51, 65, 0.03233996619143291
51, 66, 0.02850376024557872
51, 67, 0.03419174829350111
51, 68, 0.03348519850443482
51, 69, 0.03197772751005209
51, 70, 0.03240147276914702
51, 71, 0.03043926980769732
51, 72, 0.031212727972243
51, 73, 0.031320390426909456
51, 74, 0.03180033625803848
51, 75, 0.03320533572293595
51, 76, 0.01883725727834223
51, 77, 0.0324184578511014
51, 78, 0.03236716275840046
51, 79, 0.033668405587636605
51, 80, 0.017899762622287787
51, 81, 0.019949629842896405
51, 82, 0.03391480291786613
52, 53, 0.015980532571742128
52, 54, 0.028448645537514798
52, 55, 0.01787438542796543
52, 56, 0.03275836552142594
52, 57, 0.02920786921552648
52, 58, 0.015680513227513168
52, 59, 0.017686974170491237
52, 60, 0.02826944987727725
52, 61, 0.03336222189690885
52, 62, 0.022932570257032703
52, 63, 0.027766891241047646
52, 64, 0.029229788302682348
52, 65, 0.02901556528293527
52, 66, 0.025472727067963916
52, 67, 0.03238938024307999
52, 68, 0.02876567671182907
52, 69, 0.02858410768927282
52, 70, 0.027255880704012844
52, 71, 0.02735528408367919
52, 72, 0.025141435593545185
52, 73, 0.02825854631882039
52, 74, 0.02727355499250812
52, 75, 0.028563975742606548
52, 76, 0.018700230577424353
52, 77, 0.029283167031515917
52, 78, 0.030462992678212508
52, 79, 0.031895019383326895
52, 80, 0.017836852859470086
52, 81, 0.019915935864395135
52, 82, 0.02935713030533869
53, 54, 0.015913909898529085
53, 55, 0.017711933177114437
53, 56, 0.01626369562713307
53, 57, 0.015792329752345315
53, 58, 0.01565119643726564
53, 59, 0.0171335963745515
53, 60, 0.015905948061829493
53, 61, 0.016785954883964904
53, 62, 0.016198310681311157
53, 63, 0.016089022337063327
53, 64, 0.016254380517111363
53, 65, 0.016005843255578803
53, 66, 0.016192082593300076
53, 67, 0.016167615026526427
53, 68, 0.015802764506434093
53, 69, 0.01601477811037662
53, 70, 0.015816918188521864
53, 71, 0.01614007394150345
53, 72, 0.01578660820832494
53, 73, 0.016108242054750335
53, 74, 0.015884676724068087
53, 75, 0.01582097307202697
53, 76, 0.017947151099604135
53, 77, 0.01603231654316342
53, 78, 0.016383374727652895
53, 79, 0.016265204311052137
53, 80, 0.01756157626709178
53, 81, 0.019582570166101314
53, 82, 0.01579128274183309
54, 55, 0.017869666817386085
54, 56, 0.03245115650933065
54, 57, 0.027344373609994997
54, 58, 0.01565341252361609
54, 59, 0.01766468677611404
54, 60, 0.027114338735721444
54, 61, 0.033222425865575764
54, 62, 0.022427743106559584
54, 63, 0.027061081924336886
54, 64, 0.02874549222545129
54, 65, 0.02819275027892586
54, 66, 0.024895491053916065
54, 67, 0.0319960562080858
54, 68, 0.026977001890986552
54, 69, 0.027763849798512583
54, 70, 0.025539818580766885
54, 71, 0.026715591819555323
54, 72, 0.023182567184857908
54, 73, 0.027591591390181074
54, 74, 0.025996989511436832
54, 75, 0.02692766817828348
54, 76, 0.018681396789966685
54, 77, 0.02852643720661907
54, 78, 0.0301012711461094
54, 79, 0.03153435575855532
54, 80, 0.017828232275745638
54, 81, 0.019911347295171966
54, 82, 0.027495810690467873
55, 56, 0.017895165972743935
55, 57, 0.017861873620268857
55, 58, 0.01749339310401301
55, 59, 0.017819490941343094
55, 60, 0.017869085192471004
55, 61, 0.017933777391258177
55, 62, 0.017883494971035297
55, 63, 0.017881033885874958
55, 64, 0.01789310973077347
55, 65, 0.01787598398480601
55, 66, 0.017886317950309063
55, 67, 0.01788824301100525
55, 68, 0.017862466379376944
55, 69, 0.01787642133478972
55, 70, 0.017863006965294245
55, 71, 0.01788423969787634
55, 72, 0.017860422215655744
55, 73, 0.01788257536144049
55, 74, 0.017867360940362936
55, 75, 0.0178636077139688
55, 76, 0.01801290248904204
55, 77, 0.017877867565382625
55, 78, 0.017902832414358683
55, 79, 0.017894987704564876
55, 80, 0.017843997095442286
55, 81, 0.018836712310517794
55, 82, 0.017861832953113502
56, 57, 0.03447414375610585
56, 58, 0.01579630991496378
56, 59, 0.017784490611845123
56, 60, 0.0323539268001727
56, 61, 0.03451871777600406
56, 62, 0.025014271421921478
56, 63, 0.03068074542706212
56, 64, 0.03150020063002269
56, 65, 0.032324738418418264
56, 66, 0.027880223150294692
56, 67, 0.03466000965828609
56, 68, 0.033956334001348835
56, 69, 0.031865563276480234
56, 70, 0.03240425705151761
56, 71, 0.030044184380153115
56, 72, 0.030778110929552162
56, 73, 0.031077840630533756
56, 74, 0.031607943544972705
56, 75, 0.033535789694102425
56, 76, 0.018783801690689002
56, 77, 0.03242505014821085
56, 78, 0.03236225417377318
56, 79, 0.03395469432625903
56, 80, 0.0178747642280755
56, 81, 0.019936740388313584
56, 82, 0.034610623586841194
57, 58, 0.015603880958411098
57, 59, 0.01762734523833206
57, 60, 0.026937198184101556
57, 61, 0.034310358877786114
57, 62, 0.021750281623183085
57, 63, 0.026967299986115658
57, 64, 0.029151517802011254
57, 65, 0.02869568870228826
57, 66, 0.02439244852113482
57, 67, 0.03427208983289828
57, 68, 0.02585129284708748
57, 69, 0.027996949576579392
57, 70, 0.022728493520267113
57, 71, 0.026534640756394737
57, 72, 0.017788433299043352
57, 73, 0.027691578678804587
57, 74, 0.024886949526201393
57, 75, 0.02608384457346962
57, 76, 0.018651546778329788
57, 77, 0.029173342437239732
57, 78, 0.0308001260107849
57, 79, 0.03306238595519633
57, 80, 0.01781395165474786
57, 81, 0.019904663153435052
57, 82, 0.028652504895745008
58, 59, 0.016658875564173708
58, 60, 0.015650194052674805
58, 61, 0.016016786734192573
58, 62, 0.015778147311924125
58, 63, 0.015726010373125304
58, 64, 0.01579443458097109
58, 65, 0.015691010922639245
58, 66, 0.015771390547032433
58, 67, 0.015756634622742335
58, 68, 0.0156081414961729
58, 69, 0.01569483788119951
58, 70, 0.015614067040352167
58, 71, 0.015747643876995173
58, 72, 0.015602064200663518
58, 73, 0.015733771918878474
58, 74, 0.01564170837634321
58, 75, 0.015615539153331878
58, 76, 0.01728059543267579
58, 77, 0.01570183987860095
58, 78, 0.015847944971485093
58, 79, 0.015797356264292114
58, 80, 0.0172336557529221
58, 81, 0.019149764844685377
58, 82, 0.01560344509443599
59, 60, 0.017661947395123015
59, 61, 0.017963948214592896
59, 62, 0.017732848982650103
59, 63, 0.017718814022483074
59, 64, 0.01777535712915044
59, 65, 0.01769461569322056
59, 66, 0.01774452924252651
59, 67, 0.01775200255599386
59, 68, 0.017630238613675762
59, 69, 0.017696776238458323
59, 70, 0.0176330657065468
59, 71, 0.01773407031625188
59, 72, 0.017621084399121387
59, 73, 0.01772598034261883
59, 74, 0.01765391647960413
59, 75, 0.017635729973479668
59, 76, 0.018165243514594063
59, 77, 0.01770349404931621
59, 78, 0.01782064411933804
59, 79, 0.017783755124356548
59, 80, 0.017759823016722392
59, 81, 0.01947284269315724
59, 82, 0.017627133074023124
60, 61, 0.03317209279576675
60, 62, 0.02235550946741175
60, 63, 0.02693304681765646
60, 64, 0.028648813282461327
60, 65, 0.028027694839432817
60, 66, 0.02480393587167343
60, 67, 0.03187960726457988
60, 68, 0.026602873780577917
60, 69, 0.02760494655980601
60, 70, 0.02522000779557231
60, 71, 0.026603020027587944
60, 72, 0.022853565418305046
60, 73, 0.027466728447311604
60, 74, 0.02576482937877444
60, 75, 0.026594250542262204
60, 76, 0.018679035711512828
60, 77, 0.028371801200532756
60, 78, 0.030020538087306696
60, 79, 0.031436769295895166
60, 80, 0.017827170279560062
60, 81, 0.019910756967468513
60, 82, 0.027083465190738856
61, 62, 0.027135269446905048
61, 63, 0.0319408157949107
61, 64, 0.03237926975607571
61, 65, 0.033086311758505835
61, 66, 0.029684755466202424
61, 67, 0.034464813569080495
61, 68, 0.034065720392909137
61, 69, 0.03279408462060124
61, 70, 0.033269936686059945
61, 71, 0.03143233860399569
61, 72, 0.03240551037123575
61, 73, 0.03219599671756356
61, 74, 0.03275593923321687
61, 75, 0.033854830354445975
61, 76, 0.018934682224440093
61, 77, 0.033132100601686844
61, 78, 0.032927003527509414
61, 79, 0.03403113068532736
61, 80, 0.017945047231140203
61, 81, 0.01997366992779552
61, 82, 0.03437313413091068
62, 63, 0.023109238043919268
62, 64, 0.02411817510903697
62, 65, 0.02300968678611533
62, 66, 0.022737748169180994
62, 67, 0.024467379147937323
62, 68, 0.021781278812241
62, 69, 0.022970091529907834
62, 70, 0.02169852784603896
62, 71, 0.02318879721010927
62, 72, 0.021231159833408536
62, 73, 0.023307091701565513
62, 74, 0.022080422984093327
62, 75, 0.02188227325439751
62, 76, 0.018721744014929226
62, 77, 0.02319208214251671
62, 78, 0.024927008531529685
62, 79, 0.024831001557686385
62, 80, 0.01785371423890193
62, 81, 0.019915406583972967
62, 82, 0.021756193191267124
63, 64, 0.028214384355422766
63, 65, 0.027643680614152143
63, 66, 0.025275051291432846
63, 67, 0.0301952866899701
63, 68, 0.02681707502011375
63, 69, 0.027386009942821865
63, 70, 0.02610017298244121
63, 71, 0.026707213280951908
63, 72, 0.024828353729157846
63, 73, 0.027323243306159487
63, 74, 0.02628350894446245
63, 75, 0.02680168673546536
63, 76, 0.018724351679060832
63, 77, 0.027875422250840595
63, 78, 0.029283678620582648
63, 79, 0.030107415554387805
63, 80, 0.017849032144212473
63, 81, 0.01992090140349215
63, 82, 0.02702823478843308
64, 65, 0.029053302403697374
64, 66, 0.026376505687202918
64, 67, 0.03115738281542162
64, 68, 0.028957340856340767
64, 69, 0.028787153834487152
64, 70, 0.028202088415602424
64, 71, 0.02788840251204105
64, 72, 0.02710048969111469
64, 73, 0.028542789965891418
64, 74, 0.028095302579005294
64, 75, 0.02885510253708458
64, 76, 0.018772291981022333
64, 77, 0.029215806732274644
64, 78, 0.03008852174999031
64, 79, 0.030969545128435593
64, 80, 0.017871051060885507
64, 81, 0.01993269546346094
64, 82, 0.029213773913936206
65, 66, 0.025479407343939095
65, 67, 0.03192344319423443
65, 68, 0.028347416756137632
65, 69, 0.028372556172156158
65, 70, 0.02707229238896579
65, 71, 0.027267881741488253
65, 72, 0.025195280810807883
65, 73, 0.02810639799486971
65, 74, 0.02712557329140381
65, 75, 0.028203611513456357
65, 76, 0.018706192412986215
65, 77, 0.029018001797476017
65, 78, 0.030245814032433024
65, 79, 0.031533573901393754
65, 80, 0.017839780326599563
65, 81, 0.019917225085764212
65, 82, 0.02881615351883714
66, 67, 0.027343417084465093
66, 68, 0.0243710048523164
66, 69, 0.02536025644975661
66, 70, 0.024088753880551088
66, 71, 0.02521895532016218
66, 72, 0.02335440893784261
66, 73, 0.025540815336245786
66, 74, 0.02439935009100795
66, 75, 0.02443846100275383
66, 76, 0.018740281479192687
66, 77, 0.025680214736471647
66, 78, 0.02728834421945621
66, 79, 0.02755149093429756
66, 80, 0.017858741554575393
66, 81, 0.01992288115610027
66, 82, 0.024414343853664654
67, 68, 0.033651556972233966
67, 69, 0.03142412116107703
67, 70, 0.03184148557062228
67, 71, 0.029554573129652928
67, 72, 0.02994749084358545
67, 73, 0.030632672449055563
67, 74, 0.031022375938570143
67, 75, 0.03316522622099084
67, 76, 0.018756405978431586
67, 77, 0.03205047786906928
67, 78, 0.03211767972283689
67, 79, 0.03381115074297917
67, 80, 0.01786213498229179
67, 81, 0.019930053562067413
67, 82, 0.03443860381461678
68, 69, 0.02772147909373755
68, 70, 0.022865721604983725
68, 71, 0.026425743949391428
68, 72, 0.01860367109536849
68, 73, 0.027508742090369024
68, 74, 0.024759023182909994
68, 75, 0.025541553275381036
68, 76, 0.01865368524080526
68, 77, 0.028817336221565872
68, 78, 0.030577356697931973
68, 79, 0.03264618106863916
68, 80, 0.017815042124530122
68, 81, 0.019905078906173112
68, 82, 0.02634974881434608
69, 70, 0.026626402917881792
69, 71, 0.027052894101382507
69, 72, 0.02490276483493732
69, 73, 0.027830184230173347
69, 74, 0.02676158655989266
69, 75, 0.02763448476106307
69, 76, 0.018707524731422294
69, 77, 0.028631799934638942
69, 78, 0.02996543730061708
69, 79, 0.031127444916100293
69, 80, 0.017840586682568084
69, 81, 0.01991738629124193
69, 82, 0.02809766086608936
70, 71, 0.025854095438989973
70, 72, 0.01894033033547463
70, 73, 0.02671775489868672
70, 74, 0.023777372014448694
70, 75, 0.023502163071617368
70, 76, 0.018655048445822744
70, 77, 0.027546354670787705
70, 78, 0.029781391152217007
70, 79, 0.03133544992385864
70, 80, 0.017816051578631035
70, 81, 0.019905063462819728
70, 82, 0.022836272698976916
71, 72, 0.024781250568239467
71, 73, 0.027042865217130486
71, 74, 0.026044231233843335
71, 75, 0.02643013945319853
71, 76, 0.01873598064016094
71, 77, 0.027482159599228707
71, 78, 0.02889101047611508
71, 79, 0.029551699258706796
71, 80, 0.017854896649383143
71, 81, 0.01992332961711227
71, 82, 0.026581663192512383
72, 73, 0.02541654697744198
72, 74, 0.021570650556593577
72, 75, 0.019805882721392665
72, 76, 0.01864386821783855
72, 77, 0.025741966712259565
72, 78, 0.028746073804078343
72, 79, 0.02985982525802158
72, 80, 0.0178113471960115
72, 81, 0.019901988672937423
72, 82, 0.01771975004060411
73, 74, 0.02680969552467031
73, 75, 0.027456679729502578
73, 76, 0.018730801506928647
73, 77, 0.02832526140366188
73, 78, 0.029590517798446556
73, 79, 0.0304866745086088
73, 80, 0.01785183905646819
73, 81, 0.019922609033585812
73, 82, 0.027759091473967268
74, 75, 0.02495015519155579
74, 76, 0.018671722694569386
74, 77, 0.027505465068336128
74, 78, 0.029508254727883414
74, 79, 0.030743995489242604
74, 80, 0.01782402905817131
74, 81, 0.019908799882837586
74, 82, 0.024986899283400494
75, 76, 0.01865802763419055
75, 77, 0.02864727481943891
75, 78, 0.030425665780683366
75, 79, 0.03232501941699372
75, 80, 0.01781713542083926
75, 81, 0.019906033180225016
75, 82, 0.02641356383143372
76, 77, 0.018713682413604067
76, 78, 0.018811228621544978
76, 79, 0.01878238429255877
76, 80, 0.018066272471969905
76, 81, 0.019644217262898774
76, 82, 0.01865144082918541
77, 78, 0.030367827528514097
77, 79, 0.031651808918163674
77, 80, 0.017843219884332177
77, 81, 0.0199190485302703
77, 82, 0.029291502231912733
78, 79, 0.031840236093631576
78, 80, 0.017888759365044044
78, 81, 0.019942472969039452
78, 82, 0.030864869776173608
79, 80, 0.0178744463418476
79, 81, 0.01993613754037432
79, 82, 0.033175607559166626
80, 81, 0.01912006606376372
80, 82, 0.017813875755191312
81, 82, 0.019904662200819948
