23
0, 1, 0.011286583766933898
0, 2, 0.011285284979963402
0, 3, 0.011290821351057386
0, 4, 0.011285199797278099
0, 5, 0.011288519860424095
0, 6, 0.01128653066682812
0, 7, 0.011283777670544977
0, 8, 0.011194667760846476
0, 9, 0.009933460080413323
0, 10, 0.011289636290786578
0, 11, 0.011285541866836227
0, 12, 0.011431823452795347
0, 13, 0.011027759008950111
0, 14, 0.011284875698062994
0, 15, 0.01126608795355781
0, 16, 0.011291204894063928
0, 17, 0.011284849106485313
0, 18, 0.011294676151069043
0, 19, 0.010533176394028242
0, 20, 0.011284553346040399
0, 21, 0.011288238169850754
0, 22, 0.011286738708534024
1, 2, 0.016752898914166647
1, 3, 0.015867472146473695
1, 4, 0.016477983335892253
1, 5, 0.020241444864183434
1, 6, 0.016117958979535503
1, 7, 0.01229509945656903
1, 8, 0.01090246405297387
1, 9, 0.008791397961022285
1, 10, 0.01831894219770136
1, 11, 0.015724288086719027
1, 12, 0.015563048322902007
1, 13, 0.007558064248418187
1, 14, 0.016070654252170555
1, 15, 0.008039092910226257
1, 16, 0.021571645481995225
1, 17, 0.016128289559525926
1, 18, 0.011676878913806577
1, 19, 0.006123817987478368
1, 20, 0.013984450523964388
1, 21, 0.013368271740878549
1, 22, 0.019467866005233984
2, 3, 0.015987932070045185
2, 4, 0.020644785706529827
2, 5, 0.02569297667302059
2, 6, 0.01674261862720699
2, 7, 0.009575080422698555
2, 8, 0.010897759649674595
2, 9, 0.008789623095297888
2, 10, 0.019870203315097507
2, 11, 0.01623700342714878
2, 12, 0.015564944215786197
2, 13, 0.007524065164226375
2, 14, 0.020389347472479336
2, 15, 0.007566846635552687
2, 16, 0.02580552828890404
2, 17, 0.021862612148515245
2, 18, 0.01163771599836484
2, 19, 0.006106442614223694
2, 20, 0.012015519699651632
2, 21, 0.013074093694141831
2, 22, 0.02989344142728954
3, 4, 0.015909387346098862
3, 5, 0.017431058718932937
3, 6, 0.015860337577909105
3, 7, 0.014279546818680355
3, 8, 0.010917671499031929
3, 9, 0.008797029454743135
3, 10, 0.016969102094899657
3, 11, 0.015690292587644095
3, 12, 0.01556587286996054
3, 13, 0.007663412637265604
3, 14, 0.015782057052256892
3, 15, 0.009223726189730056
3, 16, 0.018320908244097538
3, 17, 0.015795619534718662
3, 18, 0.011800503199263663
3, 19, 0.0061778576834418215
3, 20, 0.015065945935014799
3, 21, 0.014015835407855524
3, 22, 0.016868118448898645
4, 5, 0.025161948227302947
4, 6, 0.016461608692039345
4, 7, 0.009363668520641254
4, 8, 0.010897483941891946
4, 9, 0.008789561171922733
4, 10, 0.01966463241066566
4, 11, 0.01577706841044921
4, 12, 0.01556197690097848
4, 13, 0.007523150205510976
4, 14, 0.018164238216782886
4, 15, 0.0075532724669693865
4, 16, 0.02547805306422137
4, 17, 0.01903066336606933
4, 18, 0.011634818298788306
4, 19, 0.006106088034821181
4, 20, 0.011624141553742674
4, 21, 0.013030633033794788
4, 22, 0.028557127549177285
5, 6, 0.020287154622172336
5, 7, 0.015932943811656747
5, 8, 0.01090872292566143
5, 9, 0.008792795586623691
5, 10, 0.02167754159714904
5, 11, 0.02131282836593342
5, 12, 0.01563067756165714
5, 13, 0.0075786185142938415
5, 14, 0.025689557382857813
5, 15, 0.008342770918161988
5, 16, 0.026188437944902575
5, 17, 0.02615819287210057
5, 18, 0.011742514524414884
5, 19, 0.006131737202594945
5, 20, 0.019244487462886803
5, 21, 0.014290191543709434
5, 22, 0.028142394467248363
6, 7, 0.012229294316040966
6, 8, 0.010902277045169656
6, 9, 0.008791334027763534
6, 10, 0.018329825315723185
6, 11, 0.015699850514764073
6, 12, 0.015562639319356648
6, 13, 0.007556886874734212
6, 14, 0.01604273077950213
6, 15, 0.008023444767035008
6, 16, 0.02162195617446535
6, 17, 0.016101045501789032
6, 18, 0.011675241013699527
6, 19, 0.006123232826486225
6, 20, 0.013930182383575667
6, 21, 0.01335430391556378
6, 22, 0.019514463381162892
7, 8, 0.010893130046843783
7, 9, 0.00878893291808024
7, 10, 0.015493304300652412
7, 11, 0.010584914158473601
7, 12, 0.01548996475689174
7, 13, 0.007517752322858837
7, 14, 0.008190833672417713
7, 15, 0.007475749017269271
7, 16, 0.01839265111361269
7, 17, 0.008012192174916468
7, 18, 0.011584653155880089
7, 19, 0.006106026301447559
7, 20, 0.008590027717655666
7, 21, 0.01224986325437789
7, 22, 0.01336597688732179
8, 9, 0.009218413215687666
8, 10, 0.010912820464651618
8, 11, 0.010898802823741451
8, 12, 0.011387890712812198
8, 13, 0.01023696034435357
8, 14, 0.010896368722611105
8, 15, 0.010841072750364424
8, 16, 0.010917830340220593
8, 17, 0.01089626794911475
8, 18, 0.010961777450572887
8, 19, 0.009172468335245926
8, 20, 0.010895518968603402
8, 21, 0.010910126259194805
8, 22, 0.010902627325213838
9, 10, 0.008794426758155638
9, 11, 0.008790159298631948
9, 12, 0.008987367366418678
9, 13, 0.008714839566928017
9, 14, 0.008789216630781587
9, 15, 0.008783596162285603
9, 16, 0.00879545550629425
9, 17, 0.008789173138336862
9, 18, 0.008859232493994323
9, 19, 0.00845169259483641
9, 20, 0.008789299958930817
9, 21, 0.008796496417341879
9, 22, 0.0087909482999486
10, 11, 0.018508319056092206
10, 12, 0.015622594804885282
10, 13, 0.007610086048785724
10, 14, 0.01958552795311304
10, 15, 0.008721310765836484
10, 16, 0.022465161056241936
10, 17, 0.019682911259082562
10, 18, 0.011774296594922127
10, 19, 0.0061481343355972405
10, 20, 0.017294085297714607
10, 21, 0.014343323260332653
10, 22, 0.021503196008111878
11, 12, 0.015554097416678873
11, 13, 0.007535295125154104
11, 14, 0.014918973490898314
11, 15, 0.007727240264217302
11, 16, 0.022689053436081925
11, 17, 0.014967810722860242
11, 18, 0.011644479073863758
11, 19, 0.006112554231068565
11, 20, 0.012409440014170792
11, 21, 0.013068515039047365
11, 22, 0.020688720260434584
12, 13, 0.010148434220355091
12, 14, 0.01555686427764584
12, 15, 0.014575291525639137
12, 16, 0.015683160542125832
12, 17, 0.015557308031943485
12, 18, 0.0137609492548827
12, 19, 0.007743526401780232
12, 20, 0.015527744517886235
12, 21, 0.015408351246529419
12, 22, 0.015600308685488755
13, 14, 0.00751701885750063
13, 15, 0.007511405367293245
13, 16, 0.007624310538127127
13, 17, 0.0075161447292896215
13, 18, 0.008708149142732815
13, 19, 0.0065285681701084735
13, 20, 0.007521283409113279
13, 21, 0.0076668573859172565
13, 22, 0.007546191024413791
14, 15, 0.00746222141565526
14, 16, 0.025810759343362872
14, 17, 0.014537520534712309
14, 18, 0.011624384879905835
14, 19, 0.006103165122037407
14, 20, 0.010007259751583513
14, 21, 0.012905405029548437
14, 22, 0.031101658100774417
15, 16, 0.008947154803750454
15, 17, 0.007449076251123463
15, 18, 0.011034899008291361
15, 19, 0.006140296017166213
15, 20, 0.007525545562815366
15, 21, 0.00908617186320477
15, 22, 0.007891281108116469
16, 17, 0.026083478549741825
16, 18, 0.011828234740644279
16, 19, 0.006153073147261217
16, 20, 0.02126470899644753
16, 21, 0.0151310772620159
16, 22, 0.02737404518240138
17, 18, 0.011623609332133751
17, 19, 0.006102705223225794
17, 20, 0.00979331874099767
17, 21, 0.012900439259303408
17, 22, 0.03303692317303214
18, 19, 0.006930696157227015
18, 20, 0.01161178033378761
18, 21, 0.011707257407309596
18, 22, 0.011685613657577136
19, 20, 0.006106411598957901
19, 21, 0.006186158756775581
19, 22, 0.0061163682964483395
20, 21, 0.012645777398963751
20, 22, 0.017350038938196612
21, 22, 0.013699062998804802
