20
0, 1, 0.015541580020377362
0, 2, 0.01496875495101286
0, 3, 0.016210434463199672
0, 4, 0.017932766773159515
0, 5, 0.01334298271614179
0, 6, 0.019355683439878656
0, 7, 0.01948322529479307
0, 8, 0.012702309118328111
0, 9, 0.017269291371242463
0, 10, 0.019126216809974544
0, 11, 0.015672516550726056
0, 12, 0.014219347954024427
0, 13, 0.01297687600735736
0, 14, 0.020860409746657434
0, 15, 0.02164657904863585
0, 16, 0.016222572621211816
0, 17, 0.015631413781810193
0, 18, 0.014980890069249006
0, 19, 0.021168511973482903
1, 2, 0.014963398755319837
1, 3, 0.016210179288639055
1, 4, 0.014767846467643172
1, 5, 0.013309647098730884
1, 6, 0.014716503984375125
1, 7, 0.019482858900654425
1, 8, 0.012702171935962481
1, 9, 0.017226534692417795
1, 10, 0.016771039542954173
1, 11, 0.015672294203641423
1, 12, 0.014218574254135273
1, 13, 0.012641617328999486
1, 14, 0.020839825296454124
1, 15, 0.01801774921916007
1, 16, 0.01608342636034547
1, 17, 0.015585546649357
1, 18, 0.014970655361895489
1, 19, 0.019382842477606993
2, 3, 0.016164755719564265
2, 4, 0.014966757195907676
2, 5, 0.014805473508486908
2, 6, 0.014966750275520193
2, 7, 0.019327581230199495
2, 8, 0.012804174943514567
2, 9, 0.015318847367928122
2, 10, 0.01497484808762766
2, 11, 0.015647662368687164
2, 12, 0.014327181185883909
2, 13, 0.014945255215389412
2, 14, 0.017105609036640542
2, 15, 0.01497788856802616
2, 16, 0.01501886427506656
2, 17, 0.015039835347332223
2, 18, 0.014968455867606905
2, 19, 0.014997071700540276
3, 4, 0.016210350284663298
3, 5, 0.01619864160752886
3, 6, 0.016210375017996752
3, 7, 0.017898436788256773
3, 8, 0.014646336664887719
3, 9, 0.016217553147851275
3, 10, 0.016210588392344506
3, 11, 0.015935100501680937
3, 12, 0.015846488587906143
3, 13, 0.016209203915787392
3, 14, 0.016308930867087488
3, 15, 0.016210737859691612
3, 16, 0.016210265919529045
3, 17, 0.01620736325075849
3, 18, 0.016186217314491647
3, 19, 0.01621131585985947
4, 5, 0.013326943173954862
4, 6, 0.0171837274231026
4, 7, 0.019483126006399558
4, 8, 0.012702233233676913
4, 9, 0.017256185834387046
4, 10, 0.018297445418546977
4, 11, 0.01567243959581981
4, 12, 0.014219030133786947
4, 13, 0.012785418335715476
4, 14, 0.0208551144742126
4, 15, 0.020415233288699867
4, 16, 0.01617583591578304
4, 17, 0.01561536646985392
4, 18, 0.014977074917803628
4, 19, 0.02064404213799469
5, 6, 0.013318738208420854
5, 7, 0.01945988484674487
5, 8, 0.012705053312533887
5, 9, 0.01580140014401204
5, 10, 0.013424054460136805
5, 11, 0.015663308874735677
5, 12, 0.014202380442068238
5, 13, 0.013235167028992667
5, 14, 0.019674110547005814
5, 15, 0.013441967108171258
5, 16, 0.014174090097986185
5, 17, 0.01457467327157569
5, 18, 0.0146921342841424
5, 19, 0.013661017646893463
6, 7, 0.019483210983211836
6, 8, 0.012702176322654921
6, 9, 0.01726278257126838
6, 10, 0.018934514503509386
6, 11, 0.015672452882325723
6, 12, 0.014218961720590612
6, 13, 0.01264230197390561
6, 14, 0.020860564585532107
6, 15, 0.021827156058869077
6, 16, 0.01618932030824615
6, 17, 0.015617927581817233
6, 18, 0.014977072120805552
6, 19, 0.02120558351662159
7, 8, 0.01656556440501704
7, 9, 0.019468865039427997
7, 10, 0.019483176372488344
7, 11, 0.017593522770789013
7, 12, 0.018570111483375083
7, 13, 0.01948125148549595
7, 14, 0.019510690115834436
7, 15, 0.019483400550064957
7, 16, 0.01947772646165363
7, 17, 0.01946521511516787
7, 18, 0.019400509209767068
7, 19, 0.019483558066305348
8, 9, 0.012740954014309457
8, 10, 0.012702775014799238
8, 11, 0.014382374297046118
8, 12, 0.013031849830165986
8, 13, 0.012701941248732834
8, 14, 0.012915967350874314
8, 15, 0.012702841797346742
8, 16, 0.012709676006869735
8, 17, 0.01271993332517172
8, 18, 0.01275694139669535
8, 19, 0.012704106874655815
9, 10, 0.017281737102290202
9, 11, 0.015682829060281026
9, 12, 0.014310021943467142
9, 13, 0.017059608893413087
9, 14, 0.019989384864993825
9, 15, 0.0173073218044953
9, 16, 0.017037732473443035
9, 17, 0.016569567863925615
9, 18, 0.015564057848481815
9, 19, 0.01736928983402521
10, 11, 0.01567269578297926
10, 12, 0.014220597011517165
10, 13, 0.013906324811600968
10, 14, 0.020854025458967588
10, 15, 0.02042247568209215
10, 16, 0.016304959473889616
10, 17, 0.01566901053835982
10, 18, 0.014992460208068274
10, 19, 0.020601841961646872
11, 12, 0.015416813121456215
11, 13, 0.0156714788692799
11, 14, 0.015777490958732515
11, 15, 0.015672824423471295
11, 16, 0.015673248029750057
11, 17, 0.015672111975685146
11, 18, 0.01565939784087688
11, 19, 0.015673440425943142
12, 13, 0.014216219009276625
12, 14, 0.014805415850726162
12, 15, 0.014221022608458192
12, 16, 0.014233986001583496
12, 17, 0.014248939598114177
12, 18, 0.014280472165805967
12, 19, 0.01422472185673548
13, 14, 0.020747870089342632
13, 15, 0.014148587804469636
13, 16, 0.015624284193405545
13, 17, 0.015427037418045858
13, 18, 0.014936173738484614
13, 19, 0.015881685859682818
14, 15, 0.020866744420117173
14, 16, 0.020507558730127093
14, 17, 0.019880781345407886
14, 18, 0.018042040476027792
14, 19, 0.02086648730103753
15, 16, 0.016387959228920633
15, 17, 0.01569575169687308
15, 18, 0.014998280621130023
15, 19, 0.02167099017681066
16, 17, 0.015755892666920214
16, 18, 0.015071869375645947
16, 19, 0.016671963005193975
17, 18, 0.015101268571360656
17, 19, 0.01582024495736451
18, 19, 0.015034615420647329
