8
0, 1, 0.030728614388897433
0, 2, 0.0274758098829506
0, 3, 0.031410035183316705
0, 4, 0.031170174832583417
0, 5, 0.031091766508157835
0, 6, 0.035303537047282764
0, 7, 0.04891991870473477
1, 2, 0.027283642609747506
1, 3, 0.030583288449228935
1, 4, 0.02816044338502888
1, 5, 0.03022685595668812
1, 6, 0.036599040000947894
1, 7, 0.04896092160251832
2, 3, 0.027336211131778487
2, 4, 0.027311627392415314
2, 5, 0.027380740792449097
2, 6, 0.028417546060977777
2, 7, 0.04792728624306378
3, 4, 0.032840393747155194
3, 5, 0.03156003927071437
3, 6, 0.03669508885847989
3, 7, 0.0489589622188781
4, 5, 0.031109620452682667
4, 6, 0.03671438405210843
4, 7, 0.048960893573376185
5, 6, 0.03597619683121484
5, 7, 0.04894290484834213
6, 7, 0.04888378898535245
