15
0, 1, 0.024935384915363592
0, 2, 0.02494992830687579
0, 3, 0.037144783642892316
0, 4, 0.033054394854566085
0, 5, 0.03493356827269512
0, 6, 0.03386687487927294
0, 7, 0.03220108951878963
0, 8, 0.03288873037602046
0, 9, 0.035336688178587476
0, 10, 0.0327340626759136
0, 11, 0.030662337613222127
0, 12, 0.03543623172230914
0, 13, 0.03564108990578716
0, 14, 0.03170831452539508
1, 2, 0.024319510326748204
1, 3, 0.023458985261674312
1, 4, 0.023183200537492243
1, 5, 0.022454802351607434
1, 6, 0.02265969904496342
1, 7, 0.022618643700363792
1, 8, 0.03275536114907271
1, 9, 0.021705678212926426
1, 10, 0.0325523605781708
1, 11, 0.026117344053750255
1, 12, 0.02267020411718827
1, 13, 0.02447765301944908
1, 14, 0.03122196380116807
2, 3, 0.024794022720231415
2, 4, 0.02474155260492002
2, 5, 0.02468967943632631
2, 6, 0.02469906426742205
2, 7, 0.02467830892920429
2, 8, 0.032040075191429256
2, 9, 0.024631537937457627
2, 10, 0.031627054531565814
2, 11, 0.025189890880668045
2, 12, 0.0247120955885047
2, 13, 0.024895361081921006
2, 14, 0.0294544818481349
3, 4, 0.03396372314409735
3, 5, 0.03886302049667392
3, 6, 0.035882214795096574
3, 7, 0.03256551050065955
3, 8, 0.032891917308401776
3, 9, 0.042305322067182
3, 10, 0.032737893643358794
3, 11, 0.030497911314453112
3, 12, 0.03994841755005736
3, 13, 0.03822402419430829
3, 14, 0.031708599723173005
4, 5, 0.0311391737558512
4, 6, 0.030416994920391422
4, 7, 0.029035122284901634
4, 8, 0.03287209329412073
4, 9, 0.030681264218096662
4, 10, 0.032710940670316636
4, 11, 0.029624088877463674
4, 12, 0.0317741792585412
4, 13, 0.03319079386200008
4, 14, 0.0316376559944379
5, 6, 0.03197815651194934
5, 7, 0.02953327285115981
5, 8, 0.03288083104924204
5, 9, 0.034406376226392275
5, 10, 0.03272258761872315
5, 11, 0.029801659286233836
5, 12, 0.03499583600666743
5, 13, 0.035549107046135876
5, 14, 0.031663741168010004
6, 7, 0.02902494498621451
6, 8, 0.03287635623680044
6, 9, 0.031600151023756524
6, 10, 0.03271656733283115
6, 11, 0.029660536074612248
6, 12, 0.032866494391675855
6, 13, 0.03419023772203392
6, 14, 0.03164915396597163
7, 8, 0.03286659648559754
7, 9, 0.028591810610367956
7, 10, 0.032703317501045416
7, 11, 0.029275279045925046
7, 12, 0.03021160971662142
7, 13, 0.032207733508407596
7, 14, 0.03161466363870797
8, 9, 0.03288081082968953
8, 10, 0.03281307616180947
8, 11, 0.03282950636891022
8, 12, 0.03288328654174092
8, 13, 0.03288936831306761
8, 14, 0.032635626644421815
9, 10, 0.0327223849637804
9, 11, 0.029640992016173814
9, 12, 0.03628386302863092
9, 13, 0.036220833598407345
9, 14, 0.03165974783944063
10, 11, 0.03265522970621828
10, 12, 0.03272597570209014
10, 13, 0.03273475527868304
10, 14, 0.032448429343171555
11, 12, 0.029954808473277476
11, 13, 0.03058998361889997
11, 14, 0.031531872812884276
12, 13, 0.03616110731568783
12, 14, 0.03167363132469497
13, 14, 0.03170674472481562
