37
0, 1, 0.019605682912041518
0, 2, 0.019007193260015934
0, 3, 0.02078280869471057
0, 4, 0.012207727444316186
0, 5, 0.01772925981388537
0, 6, 0.01376476876915336
0, 7, 0.012060024232911151
0, 8, 0.01285172439977869
0, 9, 0.018241172618884666
0, 10, 0.013907946381358324
0, 11, 0.016632691237668487
0, 12, 0.012757653352758613
0, 13, 0.012607987350226979
0, 14, 0.018060904989755783
0, 15, 0.015192547793282425
0, 16, 0.017251442292626512
0, 17, 0.017423424487009856
0, 18, 0.012324971473962935
0, 19, 0.014021697025685332
0, 20, 0.015852886743358878
0, 21, 0.012309560103973822
0, 22, 0.019453396434023475
0, 23, 0.01339953219529513
0, 24, 0.018367059064592645
0, 25, 0.017882795835280185
0, 26, 0.017857854437980738
0, 27, 0.01827494306211436
0, 28, 0.013907812243970847
0, 29, 0.013800665108870498
0, 30, 0.016871968630931402
0, 31, 0.009760204185973736
0, 32, 0.019160467040253967
0, 33, 0.012928354608180244
0, 34, 0.018260759172504092
0, 35, 0.01570920975595981
0, 36, 0.01839381860579657
1, 2, 0.02365402170236308
1, 3, 0.02545317616655229
1, 4, 0.011177656747694551
1, 5, 0.020090651990809578
1, 6, 0.013679649092892434
1, 7, 0.011966922899952255
1, 8, 0.01283249893446597
1, 9, 0.024334597958182304
1, 10, 0.012717161397845577
1, 11, 0.01663329891574721
1, 12, 0.012545303727369317
1, 13, 0.012594201676285985
1, 14, 0.020740883086032842
1, 15, 0.01506650845595915
1, 16, 0.018321157602969682
1, 17, 0.019300029962216605
1, 18, 0.011721952553856772
1, 19, 0.013986891570342544
1, 20, 0.015567151187810341
1, 21, 0.012258314285081097
1, 22, 0.02277569874992586
1, 23, 0.013390494680019209
1, 24, 0.02520435668996623
1, 25, 0.020021279816321243
1, 26, 0.021347310853259825
1, 27, 0.021286843254937505
1, 28, 0.013853817645997763
1, 29, 0.013689343272466199
1, 30, 0.01707798668291149
1, 31, 0.008707823164610369
1, 32, 0.025670367677643358
1, 33, 0.012825348935638414
1, 34, 0.02249410191526259
1, 35, 0.01472622048924006
1, 36, 0.024727118118114306
2, 3, 0.024435465864665697
2, 4, 0.010961344086626213
2, 5, 0.018335074089787736
2, 6, 0.013651355879925864
2, 7, 0.011947969559267833
2, 8, 0.012827722100661704
2, 9, 0.021106144069765267
2, 10, 0.01230104112757965
2, 11, 0.016629316622544757
2, 12, 0.012493920328403662
2, 13, 0.012590993492899641
2, 14, 0.019166256696911688
2, 15, 0.014978289172407571
2, 16, 0.01702952742393662
2, 17, 0.017450816608724617
2, 18, 0.011591521763539593
2, 19, 0.013974107992519962
2, 20, 0.015160670610495171
2, 21, 0.01224725003458109
2, 22, 0.021734448670948286
2, 23, 0.013387847321610231
2, 24, 0.021818429274899926
2, 25, 0.018605999296937764
2, 26, 0.01899317398602371
2, 27, 0.019727321724583625
2, 28, 0.013834867266796568
2, 29, 0.013651847259756668
2, 30, 0.0165806876105279
2, 31, 0.008568130203075416
2, 32, 0.023395563026262698
2, 33, 0.0127992077167001
2, 34, 0.02028112040212797
2, 35, 0.013589237230089117
2, 36, 0.021636497162723648
3, 4, 0.012380469654376766
3, 5, 0.02238611454423835
3, 6, 0.013818714536691347
3, 7, 0.012074457339168012
3, 8, 0.012857960755026722
3, 9, 0.025026017188166747
3, 10, 0.014628603534086642
3, 11, 0.016648025981810127
3, 12, 0.012820267319120279
3, 13, 0.01261164588944631
3, 14, 0.022633944413941363
3, 15, 0.015438819041988211
3, 16, 0.02084331740689253
3, 17, 0.022011295986495517
3, 18, 0.012442493840033231
3, 19, 0.014048437534401874
3, 20, 0.01701448848371363
3, 21, 0.01231989253104151
3, 22, 0.023604577078259577
3, 23, 0.013403977072183632
3, 24, 0.025403976785929525
3, 25, 0.022060696957185513
3, 26, 0.023417500454641024
3, 27, 0.022953509753416687
3, 28, 0.013945903420980446
3, 29, 0.013872791944553228
3, 30, 0.018528658198674483
3, 31, 0.00965203957704551
3, 32, 0.02561145479563446
3, 33, 0.012963540750918462
3, 34, 0.023949209849835566
3, 35, 0.01821885940247771
3, 36, 0.025185757548557407
4, 5, 0.010457636259789432
4, 6, 0.013211189644254398
4, 7, 0.011761818963619698
4, 8, 0.012761814175142171
4, 9, 0.010186004930736202
4, 10, 0.01043395422508176
4, 11, 0.016515804099901
4, 12, 0.011951145879231623
4, 13, 0.0125494262109748
4, 14, 0.010688922349202526
4, 15, 0.013507381740350237
4, 16, 0.010580422760688286
4, 17, 0.010297551874541025
4, 18, 0.010808550376507926
4, 19, 0.013748041438218828
4, 20, 0.011550363907514669
4, 21, 0.012122675396898371
4, 22, 0.011772309711191167
4, 23, 0.013345210516121737
4, 24, 0.010200707387036
4, 25, 0.010732035615354798
4, 26, 0.010262344359065975
4, 27, 0.01078130971395517
4, 28, 0.013517076409327856
4, 29, 0.013087094227210586
4, 30, 0.011763558203441266
4, 31, 0.008837073268656662
4, 32, 0.010752916063573467
4, 33, 0.012469126514517835
4, 34, 0.010453463739110075
4, 35, 0.010086890113509148
4, 36, 0.010263789476041937
5, 6, 0.013587655007403747
5, 7, 0.011904467392711249
5, 8, 0.012816869836448362
5, 9, 0.014081485644035685
5, 10, 0.011343476610979295
5, 11, 0.01662065724950393
5, 12, 0.012376649950732696
5, 13, 0.012583685487202899
5, 14, 0.015755737064350954
5, 15, 0.014782480901294788
5, 16, 0.014173921873742421
5, 17, 0.01334450078817034
5, 18, 0.011290385874007183
5, 19, 0.013945439942698286
5, 20, 0.01425562278155392
5, 21, 0.012221944510539158
5, 22, 0.01956675005113263
5, 23, 0.013381871448606687
5, 24, 0.01449499332438927
5, 25, 0.015528325062237811
5, 26, 0.013816492042839528
5, 27, 0.016372880651729094
5, 28, 0.013792297514005283
5, 29, 0.013567414363361995
5, 30, 0.01548991084603572
5, 31, 0.008234421418199703
5, 32, 0.0186588837860889
5, 33, 0.012739778428357376
5, 34, 0.015500654972402276
5, 35, 0.010979825513191451
5, 36, 0.014970550511017736
6, 7, 0.012569381216960128
6, 8, 0.012924814966483362
6, 9, 0.013577556157728914
6, 10, 0.01343049742361479
6, 11, 0.01625276804240874
6, 12, 0.01314493279965569
6, 13, 0.012683256452746884
6, 14, 0.013611967983802419
6, 15, 0.013871061534756582
6, 16, 0.013586146593940312
6, 17, 0.013569775259933083
6, 18, 0.013163469826100388
6, 19, 0.013830963753975505
6, 20, 0.013618206393094898
6, 21, 0.0125984742351276
6, 22, 0.01373523920906965
6, 23, 0.01339800984347707
6, 24, 0.013580723724826015
6, 25, 0.013611801004868113
6, 26, 0.013576078364964252
6, 27, 0.013623492109795314
6, 28, 0.013705293373297593
6, 29, 0.013570695175504773
6, 30, 0.013678022968620501
6, 31, 0.0126743924113089
6, 32, 0.013636097500829678
6, 33, 0.013137191870757748
6, 34, 0.01359751049563432
6, 35, 0.013510404060097708
6, 36, 0.013585734162421717
7, 8, 0.012629631685605765
7, 9, 0.011889278500123094
7, 10, 0.011853280292898642
7, 11, 0.015813380714012667
7, 12, 0.012012523108186537
7, 13, 0.012482447481009401
7, 14, 0.011923014210674028
7, 15, 0.012398286803624621
7, 16, 0.01190998130063847
7, 17, 0.011891455191432674
7, 18, 0.011801728964900988
7, 19, 0.013120389854883957
7, 20, 0.011983985174195898
7, 21, 0.01209560207852333
7, 22, 0.012017066612238756
7, 23, 0.01319982516247086
7, 24, 0.011890948621545288
7, 25, 0.011925196307631813
7, 26, 0.011891992246806335
7, 27, 0.011931009634781416
7, 28, 0.012842263464887808
7, 29, 0.012450107020234425
7, 30, 0.01201134694201415
7, 31, 0.011441886298277136
7, 32, 0.011933002139888915
7, 33, 0.01224215749877716
7, 34, 0.011907339458655965
7, 35, 0.011861962273564388
7, 36, 0.011895241813133802
8, 9, 0.01281420780861412
8, 10, 0.012795805455007575
8, 11, 0.014901998403515622
8, 12, 0.012775288551622055
8, 13, 0.012675458762271465
8, 14, 0.012821239593991996
8, 15, 0.012914296904465394
8, 16, 0.012817367326826788
8, 17, 0.012813734464086776
8, 18, 0.012758764239381118
8, 19, 0.013121910840141651
8, 20, 0.01282919211477608
8, 21, 0.012634223600041026
8, 22, 0.012843566367275776
8, 23, 0.013179365124977449
8, 24, 0.012814688520528016
8, 25, 0.012821481800535066
8, 26, 0.01281437907176173
8, 27, 0.012823220038607403
8, 28, 0.01301050421020425
8, 29, 0.01289804344550807
8, 30, 0.012837991328279109
8, 31, 0.012662738836557507
8, 32, 0.012824577206790212
8, 33, 0.012801144604578098
8, 34, 0.01281810110407484
8, 35, 0.01280482251553864
8, 36, 0.012815636629552304
9, 10, 0.01089952176349307
9, 11, 0.016622385416858888
9, 12, 0.012341603539870908
9, 13, 0.012581701258541408
9, 14, 0.01633103265302966
9, 15, 0.014778660816855131
9, 16, 0.013774983404363388
9, 17, 0.01179356617493251
9, 18, 0.011160561732020674
9, 19, 0.013942097354792259
9, 20, 0.014173619058708157
9, 21, 0.01221402794668258
9, 22, 0.021276830516045245
9, 23, 0.013380790188769148
9, 24, 0.009763492175798954
9, 25, 0.015874855348252476
9, 26, 0.011902862023827043
9, 27, 0.017366459225395356
9, 28, 0.013786571211891358
9, 29, 0.013553796116234812
9, 30, 0.015571132790083264
9, 31, 0.007976091366163035
9, 32, 0.024214664926992778
9, 33, 0.012724591192126865
9, 34, 0.016292712012001432
9, 35, 0.009261323079254941
9, 36, 0.015094992009077402
10, 11, 0.016576165213621187
10, 12, 0.012205048550096912
10, 13, 0.012570844331029537
10, 14, 0.011757669005129813
10, 15, 0.014174814485192564
10, 16, 0.011500433201087627
10, 17, 0.011045308256594588
10, 18, 0.01111376616643343
10, 19, 0.013864445054940543
10, 20, 0.01260469181117797
10, 21, 0.012185389385666491
10, 22, 0.013565481808616798
10, 23, 0.013367464966413797
10, 24, 0.010934354463058004
10, 25, 0.011807996219845735
10, 26, 0.011014154710225071
10, 27, 0.011929520584550182
10, 28, 0.013678568527680474
10, 29, 0.013363662991978978
10, 30, 0.013062096928682865
10, 31, 0.008673458299048765
10, 32, 0.011975717594514724
10, 33, 0.012632243393784128
10, 34, 0.011381027120324131
10, 35, 0.01056933883315005
10, 36, 0.011052484107341469
11, 12, 0.016322719623582064
11, 13, 0.014396236287236554
11, 14, 0.01662324247731805
11, 15, 0.016546095357429385
11, 16, 0.016617998894689928
11, 17, 0.01661853113715966
11, 18, 0.016469508663269367
11, 19, 0.015991496224361666
11, 20, 0.016602603562242982
11, 21, 0.015468831771396479
11, 22, 0.01663660317767933
11, 23, 0.01468250929832929
11, 24, 0.016622994255213637
11, 25, 0.016622369324838033
11, 26, 0.016620797260065046
11, 27, 0.016624766701011755
11, 28, 0.016135848986461896
11, 29, 0.016333604776467777
11, 30, 0.0166164337216395
11, 31, 0.016398002572909548
11, 32, 0.016628897832313333
11, 33, 0.016115744907577233
11, 34, 0.016623427929435233
11, 35, 0.016606186191386353
11, 36, 0.01662334381663668
12, 13, 0.012568278254094602
12, 14, 0.012425122168764962
12, 15, 0.01324317628644941
12, 16, 0.012386555438017963
12, 17, 0.012342120793701027
12, 18, 0.012019317516125592
12, 19, 0.013629213239663329
12, 20, 0.012537887907044656
12, 21, 0.012237844930109489
12, 22, 0.0126679867385684
12, 23, 0.013331147634337303
12, 24, 0.012346501891021754
12, 25, 0.01242916607509328
12, 26, 0.012346285545551334
12, 27, 0.012446535503905285
12, 28, 0.013403700462292497
12, 29, 0.013048613742907344
12, 30, 0.012620517650250011
12, 31, 0.01120352506198536
12, 32, 0.012457322905564713
12, 33, 0.012599070422234944
12, 34, 0.012387321056982913
12, 35, 0.01225540117754558
12, 36, 0.012357539877902557
13, 14, 0.012586673390153938
13, 15, 0.012658067661695306
13, 16, 0.012584173258631206
13, 17, 0.012581555503449027
13, 18, 0.012549382306658934
13, 19, 0.01285535661098237
13, 20, 0.01259340346708143
13, 21, 0.01249966747815909
13, 22, 0.012601942032135462
13, 23, 0.013020262617060081
13, 24, 0.012582013611380711
13, 25, 0.012586890148974347
13, 26, 0.012581902364302554
13, 27, 0.012588009993078937
13, 28, 0.012756502195552572
13, 29, 0.012658363597692802
13, 30, 0.012598995751139947
13, 31, 0.01248383093524718
13, 32, 0.012588770045992511
13, 33, 0.012597720874331225
13, 34, 0.012584425124445478
13, 35, 0.012575811756549352
13, 36, 0.01258267205531451
14, 15, 0.014850682506194467
14, 16, 0.0151592588704225
14, 17, 0.014811235506152407
14, 18, 0.011422847454536075
14, 19, 0.013956114016403199
14, 20, 0.014578871644688459
14, 21, 0.012232527472706768
14, 22, 0.02000683346331179
14, 23, 0.013384188068226825
14, 24, 0.016755008061999463
14, 25, 0.016477578497288575
14, 26, 0.015567552616946345
14, 27, 0.01732736176285202
14, 28, 0.013808318605131938
14, 29, 0.013599671648288764
14, 30, 0.015841777164425107
14, 31, 0.008406626456729165
14, 32, 0.019685577094014684
14, 33, 0.012763804459626516
14, 34, 0.016928689561202
14, 35, 0.012094527856788042
14, 36, 0.0169764372486839
15, 16, 0.014756726072496168
15, 17, 0.014730010408153039
15, 18, 0.013348700145957395
15, 19, 0.014048813524425276
15, 20, 0.014697589182736006
15, 21, 0.012497969949261415
15, 22, 0.015189496674859235
15, 23, 0.013421269898211758
15, 24, 0.014790204691608242
15, 25, 0.014842466761788922
15, 26, 0.014761717400779436
15, 27, 0.01488556774344443
15, 28, 0.013963146104042755
15, 29, 0.013922296740720753
15, 30, 0.014906622448338874
15, 31, 0.012208466280329722
15, 32, 0.014947583246360694
15, 33, 0.013193982814516728
15, 34, 0.01482575188806701
15, 35, 0.01451555152364574
15, 36, 0.014802894188077686
16, 17, 0.013339215411754054
16, 18, 0.011343664497108764
16, 19, 0.013943825008463624
16, 20, 0.01418409627945449
16, 21, 0.012224445778761795
16, 22, 0.01847653164470528
16, 23, 0.013381840934558322
16, 24, 0.014007185253925704
16, 25, 0.015030401310900455
16, 26, 0.013654376276871582
16, 27, 0.01563140226720534
16, 28, 0.013790496292591206
16, 29, 0.01356557283696031
16, 30, 0.015290181464711547
16, 31, 0.008378140821448886
16, 32, 0.016954409802154645
16, 33, 0.01274290127317917
16, 34, 0.014814752793178818
16, 35, 0.01142916031927613
16, 36, 0.014322345556962037
17, 18, 0.011197792590878074
17, 19, 0.013937514621530204
17, 20, 0.014003660204413619
17, 21, 0.012214465759809856
17, 22, 0.019087599111749547
17, 23, 0.013380182548135602
17, 24, 0.012130073319800885
17, 25, 0.01467430638607339
17, 26, 0.012191941014762276
17, 27, 0.01547091667270191
17, 28, 0.013780452130662113
17, 29, 0.013543685448870461
17, 30, 0.0152006446888164
17, 31, 0.008120995484554517
17, 32, 0.017482778826023327
17, 33, 0.012722539515762969
17, 34, 0.014115356151958683
17, 35, 0.010125714855102552
17, 36, 0.01289608373736057
18, 19, 0.013705252221591815
18, 20, 0.011868043046929339
18, 21, 0.012135874910988572
18, 22, 0.012064936940525949
18, 23, 0.013338893739867524
18, 24, 0.011171054661383047
18, 25, 0.011442293110387775
18, 26, 0.011190831720891279
18, 27, 0.011478039799510807
18, 28, 0.013467763100233425
18, 29, 0.013038264591168898
18, 30, 0.012025344103551014
18, 31, 0.00963597441822903
18, 32, 0.011479844059709778
18, 33, 0.012474209803824432
18, 34, 0.011300893320052161
18, 35, 0.011030087369415896
18, 36, 0.011204340434771393
19, 20, 0.013951173515576112
19, 21, 0.013018788718252334
19, 22, 0.01401061807987374
19, 23, 0.013477441324648813
19, 24, 0.013943586690771486
19, 25, 0.013955724719747672
19, 26, 0.013940895739147726
19, 27, 0.013961288908379861
19, 28, 0.013881191117372828
19, 29, 0.013846016819366069
19, 30, 0.013980615768797345
19, 31, 0.013467651982721488
19, 32, 0.01396783328144426
19, 33, 0.013545916000738616
19, 34, 0.013950414241713104
19, 35, 0.013909038422319876
19, 36, 0.013945705695040314
20, 21, 0.012262459437346091
20, 22, 0.016005187100049004
20, 23, 0.013385896499830104
20, 24, 0.014228429534903842
20, 25, 0.014549932493577073
20, 26, 0.014121416915577084
20, 27, 0.014737392968161175
20, 28, 0.013806009032246007
20, 29, 0.013608592170301016
20, 30, 0.014858669956823565
20, 31, 0.009496624135046289
20, 32, 0.015023854453122546
20, 33, 0.012808279530867378
20, 34, 0.014437463908463106
20, 35, 0.013183837766521728
20, 36, 0.01429961716852753
21, 22, 0.012286397993788457
21, 23, 0.013156942762511082
21, 24, 0.012215050888677954
21, 25, 0.01223355594098767
21, 26, 0.012215193357613586
21, 27, 0.01223716808563182
21, 28, 0.01279580744264814
21, 29, 0.012519915600345715
21, 30, 0.012279946475944253
21, 31, 0.011917914583298234
21, 32, 0.012239012038790907
21, 33, 0.012366822463474663
21, 34, 0.012224030462519882
21, 35, 0.012196034601914462
21, 36, 0.012217446040795289
22, 23, 0.013396049458751988
22, 24, 0.02159477675421101
22, 25, 0.019587819626192614
22, 26, 0.02013436716226044
22, 27, 0.020354043340648793
22, 28, 0.013889892781692616
22, 29, 0.013762615733152512
22, 30, 0.01735326007574411
22, 31, 0.009234372652574787
22, 32, 0.022487607205360388
22, 33, 0.012885493245774909
22, 34, 0.020797791161833883
22, 35, 0.01597174745609542
22, 36, 0.02151932545456205
23, 24, 0.013381077214320827
23, 25, 0.013384215517322483
23, 26, 0.01338071232564571
23, 27, 0.013385273185604049
23, 28, 0.013430852510893975
23, 29, 0.013392596136700474
23, 30, 0.013391431189073806
23, 31, 0.013285896157596705
23, 32, 0.013386322634193638
23, 33, 0.013321368687739513
23, 34, 0.013382727447788073
23, 35, 0.013374749395687316
23, 36, 0.013381558418799296
24, 25, 0.016212363133612344
24, 26, 0.012528242144749591
24, 27, 0.017822393094709867
24, 28, 0.013788742065746984
24, 29, 0.013557992648934779
24, 30, 0.015651292452461177
24, 31, 0.00798081820218803
24, 32, 0.02584398207393645
24, 33, 0.012727205251439657
24, 34, 0.01717695013266326
24, 35, 0.009346561844879161
24, 36, 0.018455867403181773
25, 26, 0.015304515440323402
25, 27, 0.016977020125765876
25, 28, 0.013807941405691445
25, 29, 0.013599483421166972
25, 30, 0.015764886515371893
25, 31, 0.008457655335403741
25, 32, 0.018919549968719435
25, 33, 0.012765233834936345
25, 34, 0.016511945444602334
25, 35, 0.012196876482813687
25, 36, 0.016433233994673446
26, 27, 0.016371383898325622
26, 28, 0.013785127037802838
26, 29, 0.013551937725417152
26, 30, 0.015420417994582467
26, 31, 0.008061954537078014
26, 32, 0.019809646008313826
26, 33, 0.012725802837770136
26, 34, 0.015070887753112891
26, 35, 0.009880749046023669
26, 36, 0.01375105895801362
27, 28, 0.013816010471263239
27, 29, 0.013614939275267591
27, 30, 0.016029562976231437
27, 31, 0.008469301970669712
27, 32, 0.02039838621943577
27, 33, 0.012774640664605298
27, 34, 0.01766828555451712
27, 35, 0.012541251387846288
27, 36, 0.017961019994142523
28, 29, 0.013711391716841676
28, 30, 0.013848109544172262
28, 31, 0.013125643329132658
28, 32, 0.013825170932052764
28, 33, 0.013343723264172531
28, 34, 0.013799340762577054
28, 35, 0.013739280775336888
28, 36, 0.013791974264439847
29, 30, 0.013686720579872079
29, 31, 0.012418987167255662
29, 32, 0.013631602018323127
29, 33, 0.013067962231976168
29, 34, 0.013580402489250925
29, 35, 0.013465529683589075
29, 36, 0.013564673729567114
30, 31, 0.00954065440693354
30, 32, 0.016520744514611767
30, 33, 0.012854777729918455
30, 34, 0.015790388184228003
30, 35, 0.014051630279191617
30, 36, 0.0157172063461362
31, 32, 0.008383971348152336
31, 33, 0.012007241825657752
31, 34, 0.008194216839064733
31, 35, 0.008079806473838104
31, 36, 0.008030368152814892
32, 33, 0.0127818347923268
32, 34, 0.021608272780647548
32, 35, 0.012848676519963461
32, 36, 0.02491120672558503
33, 34, 0.012746299597363186
33, 35, 0.01267485036091488
33, 36, 0.012732489877826922
34, 35, 0.011036669735961938
34, 36, 0.01754396959010109
35, 36, 0.009828787253590824
