41
0, 1, 0.01670459113573016
0, 2, 0.015195603092913956
0, 3, 0.013085268190230107
0, 4, 0.006320997912990519
0, 5, 0.005633253357886142
0, 6, 0.008390120692592097
0, 7, 0.011326248100446232
0, 8, 0.00912035672414897
0, 9, 0.01018278787712193
0, 10, 0.00467973916329238
0, 11, 0.006314881210549381
0, 12, 0.008630402818927843
0, 13, 0.007415182199241128
0, 14, 0.011230813643177776
0, 15, 0.009402761691975
0, 16, 0.01630025610082284
0, 17, 0.013984149009252678
0, 18, 0.006215528593544015
0, 19, 0.006253700636481524
0, 20, 0.010888902053861895
0, 21, 0.005789656926593027
0, 22, 0.009348956498692055
0, 23, 0.009186683973648491
0, 24, 0.0153856550771809
0, 25, 0.009049911222255395
0, 26, 0.00994127587580556
0, 27, 0.00909880294942707
0, 28, 0.012844282588635132
0, 29, 0.010433942370445287
0, 30, 0.0157279162249681
0, 31, 0.014780576883963545
0, 32, 0.010006176735870542
0, 33, 0.008985509495848695
0, 34, 0.009064424386001161
0, 35, 0.010284536187124537
0, 36, 0.006870486494979769
0, 37, 0.010310609093494605
0, 38, 0.011300970279671802
0, 39, 0.016184972719861516
0, 40, 0.010980911981171213
1, 2, 0.016704336061781323
1, 3, 0.015420458530480248
1, 4, 0.016690275222107285
1, 5, 0.0166997459054996
1, 6, 0.016702592147953794
1, 7, 0.016698821505579657
1, 8, 0.014373431877949476
1, 9, 0.016683438000065165
1, 10, 0.016703140907864737
1, 11, 0.016696849084203446
1, 12, 0.016703871319058105
1, 13, 0.016393077107568044
1, 14, 0.014053003822867397
1, 15, 0.01667187743981437
1, 16, 0.016704399357950456
1, 17, 0.016661674309959133
1, 18, 0.016704157434695995
1, 19, 0.016700495492533936
1, 20, 0.01670446391386557
1, 21, 0.016704627346130298
1, 22, 0.014512294366917679
1, 23, 0.016704641375833006
1, 24, 0.016323209909610396
1, 25, 0.012996817129579829
1, 26, 0.014103082850235866
1, 27, 0.0140850860320685
1, 28, 0.01507088961454049
1, 29, 0.016671608501203066
1, 30, 0.016445115525711332
1, 31, 0.015775089423253993
1, 32, 0.013539239342023526
1, 33, 0.01658027382294516
1, 34, 0.013575956485854647
1, 35, 0.013528583008083597
1, 36, 0.016700342298733174
1, 37, 0.013321727092835757
1, 38, 0.013982165028938507
1, 39, 0.016694190900780923
1, 40, 0.01374314906460064
2, 3, 0.013086236884695833
2, 4, 0.007569492296759112
2, 5, 0.00888323457864163
2, 6, 0.011710265473548094
2, 7, 0.012026809824844617
2, 8, 0.009123501381390463
2, 9, 0.010517071676171318
2, 10, 0.01152121439948392
2, 11, 0.008380561677771445
2, 12, 0.013365433622076092
2, 13, 0.007465790599209346
2, 14, 0.011231810370368925
2, 15, 0.00968496251112738
2, 16, 0.016115054565168818
2, 17, 0.014004865027342632
2, 18, 0.0138087508809921
2, 19, 0.009523458848156263
2, 20, 0.014866676426677144
2, 21, 0.015337458976518059
2, 22, 0.009352125974999126
2, 23, 0.015401465309066284
2, 24, 0.015385733812574352
2, 25, 0.009051413462923506
2, 26, 0.00994322285038797
2, 27, 0.009101468467719764
2, 28, 0.012845080175556838
2, 29, 0.010635106614777493
2, 30, 0.015727798942220497
2, 31, 0.014780752085345359
2, 32, 0.010007519535974847
2, 33, 0.009071400523905895
2, 34, 0.009066454656252524
2, 35, 0.010285703138762505
2, 36, 0.009734276310340689
2, 37, 0.010311621001409185
2, 38, 0.01130187754738409
2, 39, 0.016178148988038973
2, 40, 0.010981836231819309
3, 4, 0.013068332979602092
3, 5, 0.013079340637986011
3, 6, 0.01308323331969738
3, 7, 0.013081893859241559
3, 8, 0.011314629935011717
3, 9, 0.013068230736196326
3, 10, 0.013083421653815451
3, 11, 0.01307610378937612
3, 12, 0.013084565433484473
3, 13, 0.01274875856411583
3, 14, 0.011915523672920864
3, 15, 0.013055403721675667
3, 16, 0.013089369132177902
3, 17, 0.013110875725208092
3, 18, 0.013084755142456729
3, 19, 0.013080405071973299
3, 20, 0.013085227054808258
3, 21, 0.013085313575979031
3, 22, 0.011457418883168523
3, 23, 0.013085340057716272
3, 24, 0.014063546251401141
3, 25, 0.010539963227027264
3, 26, 0.01141274604395952
3, 27, 0.011137639952672852
3, 28, 0.012947565788206506
3, 29, 0.013060057335957127
3, 30, 0.014134192863708152
3, 31, 0.014152650817957744
3, 32, 0.011177333889246596
3, 33, 0.012966788153710544
3, 34, 0.010842777814354762
3, 35, 0.011291918882433185
3, 36, 0.013080394311217913
3, 37, 0.011222476247673445
3, 38, 0.011927863584645806
3, 39, 0.013197238896873808
3, 40, 0.011694386646892749
4, 5, 0.006156720509774416
4, 6, 0.006642706347176281
4, 7, 0.008530889715206807
4, 8, 0.009111685186801312
4, 9, 0.009036614563554689
4, 10, 0.006186298261245337
4, 11, 0.006321788211536259
4, 12, 0.006480679131309503
4, 13, 0.007373478620833821
4, 14, 0.011223613191781267
4, 15, 0.008681542706022023
4, 16, 0.009630664943062119
4, 17, 0.013377645002774548
4, 18, 0.006321755880075908
4, 19, 0.006309416200744195
4, 20, 0.006442935892779772
4, 21, 0.006323834770628292
4, 22, 0.009339153282928473
4, 23, 0.00633506232585859
4, 24, 0.015355002420314614
4, 25, 0.009045911503950111
4, 26, 0.009933304226114813
4, 27, 0.009091530828918571
4, 28, 0.0128320346594503
4, 29, 0.00958476078738363
4, 30, 0.01569216838706717
4, 31, 0.014768101305731054
4, 32, 0.010000511217814489
4, 33, 0.008778653468947784
4, 34, 0.009058980185428658
4, 35, 0.010278958747878235
4, 36, 0.006457407483573588
4, 37, 0.010305715781823047
4, 38, 0.011294211519037983
4, 39, 0.015565172132233733
4, 40, 0.010974922231231858
5, 6, 0.006638462623286541
5, 7, 0.009694920509873726
5, 8, 0.009116921449437477
5, 9, 0.009645322513805468
5, 10, 0.005419953890392047
5, 11, 0.006065339144625075
5, 12, 0.00619094340830619
5, 13, 0.007393009369091435
5, 14, 0.011228207011235204
5, 15, 0.009069486901893627
5, 16, 0.012139246138087735
5, 17, 0.013762545831395896
5, 18, 0.005694568600264581
5, 19, 0.005930807067497114
5, 20, 0.006039551233452362
5, 21, 0.005637306309678563
5, 22, 0.009345130666094036
5, 23, 0.005672694692097041
5, 24, 0.015375172184262148
5, 25, 0.009048320382009005
5, 26, 0.009938261653677994
5, 27, 0.00909591857715885
5, 28, 0.012839982815784683
5, 29, 0.010067811986117045
5, 30, 0.01571571882250797
5, 31, 0.01477629435456543
5, 32, 0.010004041526801283
5, 33, 0.008898282794654867
5, 34, 0.009062260569793371
5, 35, 0.010282457685575905
5, 36, 0.0062551845844091075
5, 37, 0.01030878753613393
5, 38, 0.011298527980300382
5, 39, 0.015965278293337208
5, 40, 0.010978729554590843
6, 7, 0.010807129771324255
6, 8, 0.009120006327007164
6, 9, 0.01006487690439975
6, 10, 0.007171742948319045
6, 11, 0.006842944551140538
6, 12, 0.008524021228279142
6, 13, 0.007422592147966793
6, 14, 0.011230102134494848
6, 15, 0.009355603403295443
6, 16, 0.014250675150044998
6, 17, 0.013902074377738964
6, 18, 0.008097672888687617
6, 19, 0.0070952499963280145
6, 20, 0.008794542519224107
6, 21, 0.008431979404761236
6, 22, 0.009348459462922214
6, 23, 0.00849353501349095
6, 24, 0.015381531369664178
6, 25, 0.009049763873749676
6, 26, 0.00994070792145823
6, 27, 0.009098516903233376
6, 28, 0.012842837130685373
6, 29, 0.010348279010203937
6, 30, 0.01572305074777745
6, 31, 0.014778938606504633
6, 32, 0.010005762814473403
6, 33, 0.008978122102586977
6, 34, 0.009064219714148301
6, 35, 0.010284088285208522
6, 36, 0.007442727489431508
6, 37, 0.010310213119380419
6, 38, 0.011300295099207346
6, 39, 0.016095062525060946
6, 40, 0.01098034508454321
7, 8, 0.009125821776523838
7, 9, 0.010477449054518854
7, 10, 0.01066132203318153
7, 11, 0.009292564346228627
7, 12, 0.011136260722801742
7, 13, 0.007534670371418226
7, 14, 0.0112309703800895
7, 15, 0.009782732855700122
7, 16, 0.013278433596225657
7, 17, 0.013818941716033093
7, 18, 0.011141983196673328
7, 19, 0.009986622139247532
7, 20, 0.011351471441013406
7, 21, 0.011344185908105547
7, 22, 0.009354086682326979
7, 23, 0.011357822977781576
7, 24, 0.015374995433042346
7, 25, 0.009052577277339272
7, 26, 0.009943739794471341
7, 27, 0.009103465493235745
7, 28, 0.012842107202790212
7, 29, 0.010592127095445587
7, 30, 0.015714915800358723
7, 31, 0.01477662957135901
7, 32, 0.010007818444240497
7, 33, 0.00913309418479269
7, 34, 0.009068011842058611
7, 35, 0.010285731367259276
7, 36, 0.010065410652411382
7, 37, 0.01031162568262937
7, 38, 0.011301040636716385
7, 39, 0.015944410657593888
7, 40, 0.010981301333121812
8, 9, 0.009128182553709315
8, 10, 0.009119141415315241
8, 11, 0.009115660612102536
8, 12, 0.009120308609305376
8, 13, 0.008996727268645066
8, 14, 0.010553801448917691
8, 15, 0.00912326042626844
8, 16, 0.009131475542686836
8, 17, 0.00929028729361436
8, 18, 0.009120095050304535
8, 19, 0.009117835927351903
8, 20, 0.009120563945207438
8, 21, 0.00912038519192799
8, 22, 0.00923216456525071
8, 23, 0.009120419324831567
8, 24, 0.012117123155809864
8, 25, 0.009072532293194399
8, 26, 0.009600474324449933
8, 27, 0.009108701012045388
8, 28, 0.011440863804919679
8, 29, 0.009135924426264166
8, 30, 0.012088448711037569
8, 31, 0.012958399734726761
8, 32, 0.009712772320817688
8, 33, 0.009115616339793207
8, 34, 0.009086274109170454
8, 35, 0.009921449054309008
8, 36, 0.009118185652843582
8, 37, 0.009973599900641077
8, 38, 0.010637803912643393
8, 39, 0.009433664524325975
8, 40, 0.010436262045519132
9, 10, 0.009985841313142292
9, 11, 0.009465065657255843
9, 12, 0.010147299678187848
9, 13, 0.007653718014853774
9, 14, 0.01122722815820442
9, 15, 0.009734485108066918
9, 16, 0.011253474090585953
9, 17, 0.013344645864472062
9, 18, 0.01013424443737771
9, 19, 0.009762858379170902
9, 20, 0.010201374938911297
9, 21, 0.010187670401384102
9, 22, 0.009355391672846563
9, 23, 0.010192262887679956
9, 24, 0.0153443923064145
9, 25, 0.00905386598790491
9, 26, 0.009942585170097013
9, 27, 0.009105554058082992
9, 28, 0.012832560119733475
9, 29, 0.010342464049049177
9, 30, 0.015678517554527503
9, 31, 0.014764637253424546
9, 32, 0.010006856422393661
9, 33, 0.009186025165675321
9, 34, 0.009069707207329624
9, 35, 0.010284234718447183
9, 36, 0.009797747449063365
9, 37, 0.010310270843744099
9, 38, 0.011297427213791919
9, 39, 0.015366165513422186
9, 40, 0.010978525927825862
10, 11, 0.006083173013295494
10, 12, 0.006443502743333249
10, 13, 0.007405572778012059
10, 14, 0.011229969785997622
10, 15, 0.009278974457309633
10, 16, 0.014557925129684074
10, 17, 0.013914702357256569
10, 18, 0.005091484909084427
10, 19, 0.005878584322131435
10, 20, 0.006086754685358051
10, 21, 0.004670336657484212
10, 22, 0.009347621658344182
10, 23, 0.004797051748571471
10, 24, 0.0153824805750047
10, 25, 0.009049346035323008
10, 26, 0.009940255317406436
10, 27, 0.009097781224900342
10, 28, 0.012842937996444499
10, 29, 0.010305329672152568
10, 30, 0.015724233892848397
10, 31, 0.014779272560931402
10, 32, 0.010005455940214328
10, 33, 0.008953795463355957
10, 34, 0.009063656283668162
10, 35, 0.010283842422807627
10, 36, 0.006390526566185121
10, 37, 0.010310001721335138
10, 38, 0.01130018113596686
10, 39, 0.016117953883477594
10, 40, 0.010980200445560265
11, 12, 0.006595064855726092
11, 13, 0.0073921962398169885
11, 14, 0.011226918515102421
11, 15, 0.008965680518871715
11, 16, 0.011096076583363153
11, 17, 0.013643949858008843
11, 18, 0.006316565785156278
11, 19, 0.006298980477038644
11, 20, 0.006535944714783386
11, 21, 0.006320091715521352
11, 22, 0.009343647509409888
11, 23, 0.00634081266772143
11, 24, 0.015369062280474575
11, 25, 0.009047746738496234
11, 26, 0.009936961380471183
11, 27, 0.00909486554390829
11, 28, 0.012837656512486988
11, 29, 0.009926642335744662
11, 30, 0.015708561769065602
11, 31, 0.014773829447827461
11, 32, 0.01000311136091529
11, 33, 0.00886949359088836
11, 34, 0.009061477516419936
11, 35, 0.010281518781497072
11, 36, 0.006526473269506347
11, 37, 0.010307962032528898
11, 38, 0.011297314295157106
11, 39, 0.015840025518506114
11, 40, 0.010977671978079154
12, 13, 0.007419081525973025
12, 14, 0.011230584054269379
12, 15, 0.009392473685644633
12, 16, 0.015421210987916045
12, 17, 0.013955092586645634
12, 18, 0.007954838699715777
12, 19, 0.006746657811325381
12, 20, 0.00945585519299279
12, 21, 0.00874546514475144
12, 22, 0.009348856634681962
12, 23, 0.008902670424676792
12, 24, 0.015384184653165836
12, 25, 0.00904989539629201
12, 26, 0.009941120779339088
12, 27, 0.009098766082106817
12, 28, 0.012843786104217639
12, 29, 0.010407550169780112
12, 30, 0.015726176076051687
12, 31, 0.014779996355422787
12, 32, 0.010006061847377096
12, 33, 0.008984966929651585
12, 34, 0.009064401021036884
12, 35, 0.010284404865844221
12, 36, 0.007219213787478316
12, 37, 0.01031049251591268
12, 38, 0.011300751471672909
12, 39, 0.01615248024625571
12, 40, 0.010980732244010243
13, 14, 0.011094930539671775
13, 15, 0.007644260678900512
13, 16, 0.0075874646906482586
13, 17, 0.009493843328281272
13, 18, 0.007413894858685794
13, 19, 0.007402355530647407
13, 20, 0.007419248508974319
13, 21, 0.007415393485301802
13, 22, 0.009202893695988942
13, 23, 0.007415837196510827
13, 24, 0.014759348971233053
13, 25, 0.008991694692444274
13, 26, 0.009808448464906862
13, 27, 0.008994515509045176
13, 28, 0.012599147847077106
13, 29, 0.00781561477704295
13, 30, 0.015000658798101803
13, 31, 0.014516950042321277
13, 32, 0.009909584575772613
13, 33, 0.007919030757179028
13, 34, 0.008985854280539895
13, 35, 0.010186334423756629
13, 36, 0.007408763301953917
13, 37, 0.010223872527625077
13, 38, 0.011172581227341083
13, 39, 0.010681357722207538
13, 40, 0.010869138203437831
14, 15, 0.011222122832031904
14, 16, 0.01123455022896644
14, 17, 0.011277131293093408
14, 18, 0.011230595987992543
14, 19, 0.011228740952924154
14, 20, 0.011230846607005126
14, 21, 0.01123083407197093
14, 22, 0.010645109165657352
14, 23, 0.011230849862760801
14, 24, 0.012486368972754035
14, 25, 0.01014046538802764
14, 26, 0.010715653869984446
14, 27, 0.010466252439010656
14, 28, 0.01193834744119954
14, 29, 0.011226388710529629
14, 30, 0.012481375113607187
14, 31, 0.013001119705093727
14, 32, 0.010633071857692522
14, 33, 0.011192386121424971
14, 34, 0.010310865967880495
14, 35, 0.010747961493612004
14, 36, 0.01122881482533163
14, 37, 0.010729716102503945
14, 38, 0.011267274937717606
14, 39, 0.011337099815965599
14, 40, 0.011097649936383793
15, 16, 0.010318311464485712
15, 17, 0.012982082317664862
15, 18, 0.009374662045508513
15, 19, 0.009151865986702484
15, 20, 0.009421217272731227
15, 21, 0.009405758276732432
15, 22, 0.009349590316074746
15, 23, 0.00940910829771199
15, 24, 0.015320215851909446
15, 25, 0.009051626406853122
15, 26, 0.00993747018229929
15, 27, 0.009101442860680015
15, 28, 0.012823324249889061
15, 29, 0.009963266700474009
15, 30, 0.015650238982172153
15, 31, 0.014754816469928538
15, 32, 0.010003191040084672
15, 33, 0.009076922583679687
15, 34, 0.009066650255216356
15, 35, 0.010280527933862717
15, 36, 0.009183000173696424
15, 37, 0.010307009955330482
15, 38, 0.011292615774307659
15, 39, 0.014968764952917884
15, 40, 0.0109743368087967
16, 17, 0.01408270768718299
16, 18, 0.015726440369125884
16, 19, 0.012643558665320765
16, 20, 0.01613829344261102
16, 21, 0.016351555242457454
16, 22, 0.009360212948891729
16, 23, 0.016372217729331173
16, 24, 0.015387374854442065
16, 25, 0.009055218685946607
16, 26, 0.009948285012984337
16, 27, 0.009108225307257628
16, 28, 0.012847579252983118
16, 29, 0.011111865767240551
16, 30, 0.015729210305981525
16, 31, 0.01478176406524119
16, 32, 0.01001101969148211
16, 33, 0.009280590509711114
16, 34, 0.009071598092052446
16, 35, 0.010288776018405376
16, 36, 0.012654166651009581
16, 37, 0.010314288490116726
16, 38, 0.01130438126867533
16, 39, 0.016192487831145862
16, 40, 0.010984344516809798
17, 18, 0.013964287797576238
17, 19, 0.013800032393653116
17, 20, 0.013981128204219956
17, 21, 0.013985877442935583
17, 22, 0.009517956306288846
17, 23, 0.013986776136610767
17, 24, 0.015332611159742925
17, 25, 0.009132875994214909
17, 26, 0.010042596281889665
17, 27, 0.009243769779279239
17, 28, 0.012868771733029373
17, 29, 0.01310579328270092
17, 30, 0.01565402539566222
17, 31, 0.014767197672795688
17, 32, 0.010076265851266242
17, 33, 0.011461578392561816
17, 34, 0.009175817658120604
17, 35, 0.0103442814865397
17, 36, 0.013797897524064738
17, 37, 0.010362414579945998
17, 38, 0.011342790951166654
17, 39, 0.015222589073637658
17, 40, 0.011025273496516939
18, 19, 0.006262528781025191
18, 20, 0.008461107368496899
18, 21, 0.006293298183245316
18, 22, 0.009348660462822962
18, 23, 0.006628166652137299
18, 24, 0.015384724922636919
18, 25, 0.009049790741601572
18, 26, 0.00994103511202451
18, 27, 0.009098583620253878
18, 28, 0.01284391181003086
18, 29, 0.010401911747745088
18, 30, 0.015726830921872395
18, 31, 0.014780199077815945
18, 32, 0.010006005715717872
18, 33, 0.008978781205220636
18, 34, 0.00906426030458861
18, 35, 0.01028436777804874
18, 36, 0.006825068771809099
18, 37, 0.010310461362152492
18, 38, 0.011300765985043463
18, 39, 0.016165005882221847
18, 40, 0.010980730997377215
19, 20, 0.0066611287956083185
19, 21, 0.006263073941618854
19, 22, 0.00934611075521343
19, 23, 0.006302268551359417
19, 24, 0.015376866046097296
19, 25, 0.009048749273371398
19, 26, 0.009938970555976633
19, 27, 0.009096689359524153
19, 28, 0.01284076596124101
19, 29, 0.010146720006791895
19, 30, 0.015717665511060578
19, 31, 0.014777003051647409
19, 32, 0.010004539556038469
19, 33, 0.008921909428386181
19, 34, 0.009062842387005814
19, 35, 0.010282926341685586
19, 36, 0.006586898091985066
19, 37, 0.010309197025791432
19, 38, 0.011299025200874434
19, 39, 0.01599942942313235
19, 40, 0.010979186956954207
20, 21, 0.011432451901233848
20, 22, 0.009349157521261421
20, 23, 0.01187438476481112
20, 24, 0.015385436087023254
20, 25, 0.009050011283778824
20, 26, 0.009941385039173864
20, 27, 0.009098979182729009
20, 28, 0.012844261249364183
20, 29, 0.010444074055731235
20, 30, 0.01572764269864663
20, 31, 0.014780500264076187
20, 32, 0.010006250807929344
20, 33, 0.008991351737540452
20, 34, 0.009064559326883291
20, 35, 0.01028459575501137
20, 36, 0.0072046712606912595
20, 37, 0.010310660332961274
20, 38, 0.011300998785060416
20, 39, 0.016179530825508777
20, 40, 0.01098094760552485
21, 22, 0.009348987926178928
21, 23, 0.017776051749960123
21, 24, 0.015385733997895312
21, 25, 0.009049924437236546
21, 26, 0.009941300168507845
21, 27, 0.009098826869449732
21, 28, 0.012844315583677563
21, 29, 0.010437097636673208
21, 30, 0.015728007891088268
21, 31, 0.014780609224940155
21, 32, 0.010006193910324732
21, 33, 0.008986255319603224
21, 34, 0.009064442352600318
21, 35, 0.010284552787606632
21, 36, 0.006883368404729822
21, 37, 0.010310623631994592
21, 38, 0.011300989397643343
21, 39, 0.016186653126108744
21, 40, 0.010980929159393566
22, 23, 0.009349023521674245
22, 24, 0.012302994042634595
22, 25, 0.009143020048226142
22, 26, 0.009701715665566527
22, 27, 0.00921064368928085
22, 28, 0.011563084399957568
22, 29, 0.009362403856979212
22, 30, 0.012284246693081332
22, 31, 0.013083965012750696
22, 32, 0.009794880905600638
22, 33, 0.009335522537824815
22, 34, 0.0091725023373691
22, 35, 0.01000154785906472
22, 36, 0.009346454404336372
22, 37, 0.010046871826235594
22, 38, 0.010725422343423765
22, 39, 0.0096651943161428
22, 40, 0.010517976268343793
23, 24, 0.01538576895795974
23, 25, 0.009049940572578049
23, 26, 0.009941324207018926
23, 27, 0.00909885570855903
23, 28, 0.0128443354798071
23, 29, 0.010439919969054773
23, 30, 0.015728047055336283
23, 31, 0.014780624538119761
23, 32, 0.010006210671562462
23, 33, 0.008987181453161356
23, 34, 0.009064464207091224
23, 35, 0.010284568084186678
23, 36, 0.006918711581859702
23, 37, 0.010310636958655249
23, 38, 0.011301003999004328
23, 39, 0.016187338302682215
23, 40, 0.010980943032041725
24, 25, 0.010964691058309332
24, 26, 0.012087838429079234
24, 27, 0.011842749510026715
24, 28, 0.013750868853371354
24, 29, 0.015322148086204053
24, 30, 0.015546875443442524
24, 31, 0.014964136723763944
24, 32, 0.011686232530343234
24, 33, 0.015138140019127123
24, 34, 0.01140180856866858
24, 35, 0.011782130421091334
24, 36, 0.015376622030261817
24, 37, 0.011659930017182178
24, 38, 0.012469514985064134
24, 39, 0.01542433332535092
24, 40, 0.01219267417410132
25, 26, 0.009406073550278341
25, 27, 0.009067465116989826
25, 28, 0.01071390732141287
25, 29, 0.009057706148018813
25, 30, 0.010907117851486271
25, 31, 0.011908055618176927
25, 32, 0.009516731766234758
25, 33, 0.009048835728373153
25, 34, 0.009056091399616151
25, 35, 0.00967998822478443
25, 36, 0.009048917560117008
25, 37, 0.009736514670451158
25, 38, 0.010219202808622797
25, 39, 0.00920297185979532
25, 40, 0.010079127360878048
26, 27, 0.009556589497400382
26, 28, 0.011508863102380817
26, 29, 0.009945472301708001
26, 30, 0.01206309768139873
26, 31, 0.012841228655778938
26, 32, 0.009979526660856976
26, 33, 0.009916923196668209
26, 34, 0.009480136444303884
26, 35, 0.01015079623058353
26, 36, 0.009939165481960348
26, 37, 0.010178595180485417
26, 38, 0.010782890261263792
26, 39, 0.010140432147250503
26, 40, 0.010598029805268395
27, 28, 0.011281534078955475
27, 29, 0.009112192587021678
27, 30, 0.011802806414331972
27, 31, 0.012736216274732972
27, 32, 0.009670804822327411
27, 33, 0.009095427768769622
27, 34, 0.009079264789900265
27, 35, 0.009870484926093062
27, 36, 0.009096986464833265
27, 37, 0.009924520014781994
27, 38, 0.01055011635709987
27, 39, 0.009366110141934541
27, 40, 0.010361980146425294
28, 29, 0.012827068263357786
28, 30, 0.013796831228650308
28, 31, 0.013929076755101966
28, 32, 0.011284029854487277
28, 33, 0.012760095206147836
28, 34, 0.011007696073832358
28, 35, 0.01138114085443713
28, 36, 0.012840771179187868
28, 37, 0.011311632532125433
28, 38, 0.011948401119135938
28, 39, 0.012935544197817454
28, 40, 0.011738043596731423
29, 30, 0.015651698506128783
29, 31, 0.014756138404961275
29, 32, 0.01000873086429171
29, 33, 0.009341007823790692
29, 34, 0.009074852803668015
29, 35, 0.010285377687318633
29, 36, 0.010166508612263014
29, 37, 0.01031122064356396
29, 38, 0.011296510226896756
29, 39, 0.01501024882528024
29, 40, 0.010978259316114116
30, 31, 0.015045050099502291
30, 32, 0.011652462370895575
30, 33, 0.015436166547672285
30, 34, 0.011349442437727236
30, 35, 0.01175366884992117
30, 36, 0.01571735293341936
30, 37, 0.01163053672024358
30, 38, 0.01246424583733162
30, 39, 0.015752723336326706
30, 40, 0.012178933042601111
31, 32, 0.012443960172136906
31, 33, 0.014680845692254649
31, 34, 0.012345960290100216
31, 35, 0.012480503361002246
31, 36, 0.014776922877635436
31, 37, 0.012340634307021918
31, 38, 0.01296881161760608
31, 39, 0.014810920873299684
31, 40, 0.012750669265368704
32, 33, 0.009987888776661081
32, 34, 0.009595297167760086
32, 35, 0.010151544135208046
32, 36, 0.01000467260937064
32, 37, 0.010175561341519106
32, 38, 0.010694057283822861
32, 39, 0.010145024764726542
32, 40, 0.01053719705929542
33, 34, 0.009062641542695688
33, 35, 0.010263196647877558
33, 36, 0.00893162367233714
33, 37, 0.01029159901100467
33, 38, 0.01126425369645051
33, 39, 0.012996737700616386
33, 40, 0.01095092324173253
34, 35, 0.009778656010919169
34, 36, 0.009063069490819217
34, 37, 0.009834990507710846
34, 38, 0.010393373776787852
34, 39, 0.00926978325418588
34, 40, 0.010228189906375515
35, 36, 0.010283036538239542
35, 37, 0.010298485479820598
35, 38, 0.010802037609968687
35, 39, 0.010406109482957587
35, 40, 0.01064854583996289
36, 37, 0.010309292109845693
36, 38, 0.011299090742924199
36, 39, 0.01599349674231407
36, 40, 0.010979261168551266
37, 38, 0.010780787469820514
37, 39, 0.010416365304461462
37, 40, 0.01063794184349602
38, 39, 0.01139808293556769
38, 40, 0.011136612127966966
39, 40, 0.01107901087572763
