58
0, 1, 0.013052266149067768
0, 2, 0.013158712791091818
0, 3, 0.011320679743794672
0, 4, 0.013159829351025588
0, 5, 0.013192787858990192
0, 6, 0.013159494021885512
0, 7, 0.013155419295480543
0, 8, 0.013167930780370986
0, 9, 0.013460744163710299
0, 10, 0.013194273499526439
0, 11, 0.013157574030129546
0, 12, 0.012941464112880836
0, 13, 0.012660742343506708
0, 14, 0.013153251165011814
0, 15, 0.013160561193350054
0, 16, 0.013189799520049028
0, 17, 0.013690246805941896
0, 18, 0.013157148396613205
0, 19, 0.013163852691440197
0, 20, 0.013160660876784216
0, 21, 0.013163948996290982
0, 22, 0.013159093023514019
0, 23, 0.013152878706876982
0, 24, 0.013155067623192452
0, 25, 0.01509056915424022
0, 26, 0.013153683215842244
0, 27, 0.013863252851598376
0, 28, 0.01229198436797061
0, 29, 0.013179336354461705
0, 30, 0.013178544880600043
0, 31, 0.013154397347491383
0, 32, 0.013157916544171033
0, 33, 0.013160408376675889
0, 34, 0.013157532072747365
0, 35, 0.013154088422265843
0, 36, 0.014220607481190733
0, 37, 0.012961540656971771
0, 38, 0.013189229474462306
0, 39, 0.013154225368429936
0, 40, 0.013177278100834655
0, 41, 0.013158101698261674
0, 42, 0.013167543404791189
0, 43, 0.013156312150385291
0, 44, 0.013155568600296015
0, 45, 0.013153246093869968
0, 46, 0.013250563997828898
0, 47, 0.013154039219810882
0, 48, 0.01315319272027974
0, 49, 0.013153667708775123
0, 50, 0.013166614355336517
0, 51, 0.013166810335326129
0, 52, 0.013153301174418477
0, 53, 0.013210448886796552
0, 54, 0.013229304344860603
0, 55, 0.014500571109661098
0, 56, 0.013162554060701727
0, 57, 0.013158165578951435
1, 2, 0.012413606844685008
1, 3, 0.010151342297951362
1, 4, 0.012423680653024462
1, 5, 0.012649328955384665
1, 6, 0.01241843826519445
1, 7, 0.012389652110110266
1, 8, 0.01247740005788403
1, 9, 0.013587016759659771
1, 10, 0.012661764969531527
1, 11, 0.012406520456329541
1, 12, 0.01249745297183084
1, 13, 0.012209472651013815
1, 14, 0.012374110197259583
1, 15, 0.012424703597087187
1, 16, 0.012632448298332589
1, 17, 0.013955165482967831
1, 18, 0.012402284522678437
1, 19, 0.012450319838996127
1, 20, 0.012426224656589418
1, 21, 0.012453089688803902
1, 22, 0.012415399908791718
1, 23, 0.012371919529310065
1, 24, 0.012390722148738844
1, 25, 0.01638449455216468
1, 26, 0.012383394306434066
1, 27, 0.014248595400548254
1, 28, 0.01082229393262776
1, 29, 0.012556233824812796
1, 30, 0.012555722627982182
1, 31, 0.012383783826709382
1, 32, 0.012407588136842979
1, 33, 0.01242709988298796
1, 34, 0.012407050041612461
1, 35, 0.012382679961190347
1, 36, 0.014824513568331069
1, 37, 0.012221689386382293
1, 38, 0.012626257024981795
1, 39, 0.012381915175114897
1, 40, 0.012543321559647307
1, 41, 0.012410900767256086
1, 42, 0.01247429076932055
1, 43, 0.012397652442560709
1, 44, 0.012392771115013938
1, 45, 0.012375360520362654
1, 46, 0.013220750238249453
1, 47, 0.012381903118852552
1, 48, 0.012373609467348758
1, 49, 0.012377128945758003
1, 50, 0.012468812568145124
1, 51, 0.01247083326111303
1, 52, 0.012374633902266011
1, 53, 0.012803556504899921
1, 54, 0.012914676881829998
1, 55, 0.015246957241861417
1, 56, 0.01244010498442328
1, 57, 0.0124172461661122
2, 3, 0.009900279050062731
2, 4, 0.02045864596658672
2, 5, 0.027769233611189468
2, 6, 0.024259796983809492
2, 7, 0.023027458150051004
2, 8, 0.026081853812916417
2, 9, 0.01377104623826806
2, 10, 0.025377735779119046
2, 11, 0.021055901090060253
2, 12, 0.012544507426049676
2, 13, 0.012191941058642304
2, 14, 0.022453506271905795
2, 15, 0.027718849621737207
2, 16, 0.02401199446367142
2, 17, 0.014165601008455707
2, 18, 0.022797904520091783
2, 19, 0.023202180293568266
2, 20, 0.02545455180414629
2, 21, 0.021079395989874034
2, 22, 0.024627426252914426
2, 23, 0.021066248498266927
2, 24, 0.018280308271502694
2, 25, 0.016962431053209097
2, 26, 0.01647746216173405
2, 27, 0.014501637317302809
2, 28, 0.010302374679372313
2, 29, 0.027791457980317943
2, 30, 0.02249782976525961
2, 31, 0.02006227969522936
2, 32, 0.023278507355640538
2, 33, 0.021250069556106508
2, 34, 0.02013495894976336
2, 35, 0.018699158320633416
2, 36, 0.015140962389347694
2, 37, 0.012150171010916524
2, 38, 0.026016504965489212
2, 39, 0.020976490817125798
2, 40, 0.025723807408213017
2, 41, 0.020498553625698475
2, 42, 0.026798710924246755
2, 43, 0.020524173890119006
2, 44, 0.019780934604458743
2, 45, 0.01978539167446652
2, 46, 0.013358284500822621
2, 47, 0.01909275445032838
2, 48, 0.02267647071694059
2, 49, 0.022505363276863786
2, 50, 0.02488853396296408
2, 51, 0.023993542363536933
2, 52, 0.022017916282185163
2, 53, 0.01694150612147773
2, 54, 0.01900325404746923
2, 55, 0.015596445120238682
2, 56, 0.024632305966860314
2, 57, 0.017190924200914514
3, 4, 0.009902473510931086
3, 5, 0.00993173419813346
3, 6, 0.00990067773455054
3, 7, 0.009896799212242204
3, 8, 0.00990851770464919
3, 9, 0.011596568662972907
3, 10, 0.00993474191638162
3, 11, 0.009899671683831828
3, 12, 0.01065292361734705
3, 13, 0.010918079331052606
3, 14, 0.009894644949169189
3, 15, 0.00990104687225562
3, 16, 0.009931431545388768
3, 17, 0.011900794112915296
3, 18, 0.009898647948125098
3, 19, 0.009905458704146755
3, 20, 0.009901561960886186
3, 21, 0.009906666576741966
3, 22, 0.00990018956864203
3, 23, 0.009894507651153996
3, 24, 0.009898219599958347
3, 25, 0.01304947326877874
3, 26, 0.009898097317875481
3, 27, 0.012038025234876511
3, 28, 0.00999239559265939
3, 29, 0.009918909916715301
3, 30, 0.009921204496907072
3, 31, 0.009896494657964567
3, 32, 0.00989931866526881
3, 33, 0.009902689374522473
3, 34, 0.009900047627612533
3, 35, 0.009896729361593222
3, 36, 0.012387190822438065
3, 37, 0.010231059326245916
3, 38, 0.009929332012629374
3, 39, 0.009896011897696292
3, 40, 0.009917798701287705
3, 41, 0.009900508545674357
3, 42, 0.00990793384210441
3, 43, 0.009898486869866571
3, 44, 0.009897961066311087
3, 45, 0.009895263067622045
3, 46, 0.011368978864883243
3, 47, 0.009896472389514724
3, 48, 0.009894547574193977
3, 49, 0.00989507350841918
3, 50, 0.009907614807425335
3, 51, 0.009908153653401572
3, 52, 0.009894774409618515
3, 53, 0.009979978709265593
3, 54, 0.00998798821861878
3, 55, 0.012685500614652446
3, 56, 0.009903647874688854
3, 57, 0.009903578683451179
4, 5, 0.025969230723391145
4, 6, 0.021325330477754884
4, 7, 0.01996129290992861
4, 8, 0.023395175038754917
4, 9, 0.013771836478583209
4, 10, 0.024167024935243166
4, 11, 0.019373223676115183
4, 12, 0.012547277925216229
4, 13, 0.012193504517496415
4, 14, 0.019154500674814143
4, 15, 0.02312923022053679
4, 16, 0.02298157657404874
4, 17, 0.014166118900141337
4, 18, 0.020211729421680653
4, 19, 0.021274666480098892
4, 20, 0.022109139671343897
4, 21, 0.01991264430625123
4, 22, 0.02143382031284198
4, 23, 0.01854056502930099
4, 24, 0.01749487010432099
4, 25, 0.01696159132071701
4, 26, 0.016216125304195396
4, 27, 0.01450200791388753
4, 28, 0.010308444158572065
4, 29, 0.025367922152844075
4, 30, 0.021518483299883002
4, 31, 0.01841402016601779
4, 32, 0.020577786986027476
4, 33, 0.019774562843950485
4, 34, 0.018838122589917784
4, 35, 0.01765208153930717
4, 36, 0.015141031921670624
4, 37, 0.012157335086620091
4, 38, 0.024529187629448838
4, 39, 0.0188154315092783
4, 40, 0.023836943823993866
4, 41, 0.019109193823610447
4, 42, 0.02377299617312657
4, 43, 0.01892545470005595
4, 44, 0.018426044119914258
4, 45, 0.018083990339969793
4, 46, 0.013359344338355308
4, 47, 0.017862109664973473
4, 48, 0.01921223861694255
4, 49, 0.01929874811046932
4, 50, 0.022552589662393988
4, 51, 0.022015894161955797
4, 52, 0.019014180111219605
4, 53, 0.016891956035135245
4, 54, 0.018871105718529284
4, 55, 0.015596317805715113
4, 56, 0.021963499267181098
4, 57, 0.016876456653760932
5, 6, 0.028427965913460834
5, 7, 0.02849421744522336
5, 8, 0.02864956515027975
5, 9, 0.013803669536334795
5, 10, 0.027179769243049948
5, 11, 0.02691349411941247
5, 12, 0.012612389184097104
5, 13, 0.012226602692212265
5, 14, 0.02875057430691143
5, 15, 0.029783860627345622
5, 16, 0.026247042351302038
5, 17, 0.014193777521807218
5, 18, 0.028047504911108582
5, 19, 0.027306793279242434
5, 20, 0.028863985758604757
5, 21, 0.025754829807557354
5, 22, 0.0286513945429379
5, 23, 0.02824942946660965
5, 24, 0.025382606777059995
5, 25, 0.016988184929451686
5, 26, 0.023797666370129016
5, 27, 0.014529747410401061
5, 28, 0.01039436311091083
5, 29, 0.029179791910781825
5, 30, 0.02553696373305731
5, 31, 0.027133294204721447
5, 32, 0.02816237135666396
5, 33, 0.02646967593306916
5, 34, 0.02624333588256507
5, 35, 0.026194486092266205
5, 36, 0.015166929298029515
5, 37, 0.01230648943368702
5, 38, 0.02778252086443152
5, 39, 0.027759903812515148
5, 40, 0.027982009990595295
5, 41, 0.026385288545250327
5, 42, 0.029041535463189137
5, 43, 0.026861392431905672
5, 44, 0.026534490987999457
5, 45, 0.02738269266862634
5, 46, 0.013393552365045882
5, 47, 0.026549068690728518
5, 48, 0.02885338802017135
5, 49, 0.028663822712529822
5, 50, 0.02807169083923335
5, 51, 0.027513872575317063
5, 52, 0.02855500217690456
5, 53, 0.018368227397776896
5, 54, 0.020420000806115595
5, 55, 0.015620252286534951
5, 56, 0.028280177199967536
5, 57, 0.022947750423891723
6, 7, 0.025266415731918884
6, 8, 0.027319482910777213
6, 9, 0.013771871322693943
6, 10, 0.025855374793719816
6, 11, 0.02226630108259443
6, 12, 0.01254591620628535
6, 13, 0.012192617290594477
6, 14, 0.025381756976964476
6, 15, 0.030168443098575266
6, 16, 0.024451481499079233
6, 17, 0.014166358996596733
6, 18, 0.024528882692676675
6, 19, 0.02424867180829729
6, 20, 0.02728374076168342
6, 21, 0.0218020852245797
6, 22, 0.02650145606802621
6, 23, 0.023501084432537272
6, 24, 0.019152247074902814
6, 25, 0.016963487447689208
6, 26, 0.017077692978130603
6, 27, 0.014502433975305543
6, 28, 0.0103036445794358
6, 29, 0.028743310089003257
6, 30, 0.022977100253690368
6, 31, 0.02155311647158068
6, 32, 0.024998822293638832
6, 33, 0.022213591067582625
6, 34, 0.021143831879258414
6, 35, 0.019831677745329367
6, 36, 0.01514177375597596
6, 37, 0.012153219726308812
6, 38, 0.026599174672826152
6, 39, 0.022832256279899422
6, 40, 0.026520156135927363
6, 41, 0.02152447426453495
6, 42, 0.028178834314503007
6, 43, 0.021782391905592488
6, 44, 0.02096125299675938
6, 45, 0.021501483099339882
6, 46, 0.013359119695684285
6, 47, 0.020354476667395916
6, 48, 0.02575870190007466
6, 49, 0.025229815976805993
6, 50, 0.02602366579002129
6, 51, 0.02498294746120046
6, 52, 0.024697389242603587
6, 53, 0.017006772738735635
6, 54, 0.019093138980527825
6, 55, 0.015597241807933903
6, 56, 0.026045126135382735
6, 57, 0.017628743168915325
7, 8, 0.027214514609611263
7, 9, 0.013767998765869028
7, 10, 0.025700999768429853
7, 11, 0.020570135042547313
7, 12, 0.012537726289849949
7, 13, 0.012188429031181646
7, 14, 0.022713520764237535
7, 15, 0.031423670077124356
7, 16, 0.02418951755706692
7, 17, 0.01416303197420328
7, 18, 0.023097494771850493
7, 19, 0.023468407289487098
7, 20, 0.027088314938585375
7, 21, 0.020826739800989598
7, 22, 0.025949003699379226
7, 23, 0.01966091527609226
7, 24, 0.016971647319434464
7, 25, 0.0169605801264143
7, 26, 0.015062190355891531
7, 27, 0.014499129608195532
7, 28, 0.010292299247235645
7, 29, 0.02889199697981228
7, 30, 0.02252521327040297
7, 31, 0.01878968370611179
7, 32, 0.02382769835196667
7, 33, 0.02094840083105504
7, 34, 0.019410684456517734
7, 35, 0.01711499555872891
7, 36, 0.015138749437434875
7, 37, 0.012134178095216436
7, 38, 0.026485359034440686
7, 39, 0.020020548608293626
7, 40, 0.026345462632892377
7, 41, 0.019901290178338922
7, 42, 0.028280340443351877
7, 43, 0.01975872265548329
7, 44, 0.01871717326824302
7, 45, 0.0179710422033669
7, 46, 0.013354911691503308
7, 47, 0.017516213654506597
7, 48, 0.023310243623022423
7, 49, 0.02279297122119178
7, 50, 0.02563669051703103
7, 51, 0.02443266750693843
7, 52, 0.0216950067292789
7, 53, 0.01682460606275761
7, 54, 0.01891753450161276
7, 55, 0.015594488851807498
7, 56, 0.02553425744769454
7, 57, 0.016380716043773363
8, 9, 0.01377993549514191
8, 10, 0.026342653610580056
8, 11, 0.02456277956069997
8, 12, 0.012562771744598354
8, 13, 0.01220121883633647
8, 14, 0.027621452427507076
8, 15, 0.03009709442259145
8, 16, 0.02509413095508345
8, 17, 0.014173315094248375
8, 18, 0.02646557667947068
8, 19, 0.025658447091577868
8, 20, 0.028196190879825497
8, 21, 0.023452036472167474
8, 22, 0.02772798909204683
8, 23, 0.026482465958062733
8, 24, 0.022038598251237454
8, 25, 0.01696978483551024
8, 26, 0.019942994846766815
8, 27, 0.014509367005818816
8, 28, 0.010326608110008169
8, 29, 0.02898313124215336
8, 30, 0.023916764758277285
8, 31, 0.024556734873314078
8, 32, 0.026733367139707035
8, 33, 0.02415686300191486
8, 34, 0.02354486423487162
8, 35, 0.023023918167299255
8, 36, 0.015148165114925534
8, 37, 0.01219221018443664
8, 38, 0.027062398536184685
8, 39, 0.025655890740320982
8, 40, 0.02714378432538791
8, 41, 0.023813541396861072
8, 42, 0.0286591373914548
8, 43, 0.024344303947645186
8, 44, 0.023743533952259276
8, 45, 0.02483684517536311
8, 46, 0.013367847900067096
8, 47, 0.023555320647653512
8, 48, 0.02785649593002495
8, 49, 0.027454694705626594
8, 50, 0.0269958054263743
8, 51, 0.02612548844534253
8, 52, 0.027184187577387726
8, 53, 0.017384049666360712
8, 54, 0.019468355792692755
8, 55, 0.015603092236682999
8, 56, 0.027190170362454497
8, 57, 0.019663378143375626
9, 10, 0.013804701715331333
9, 11, 0.013769849826087562
9, 12, 0.013347266363974085
9, 13, 0.012964702619646737
9, 14, 0.013765959956728658
9, 15, 0.013773040410148788
9, 16, 0.013800222127551899
9, 17, 0.013975717225574212
9, 18, 0.013769593462155514
9, 19, 0.013775862575028155
9, 20, 0.013773034527949254
9, 21, 0.013775686996468637
9, 22, 0.013771515713314657
9, 23, 0.01376555393550848
9, 24, 0.013767244106272204
9, 25, 0.015384932413814122
9, 26, 0.013765642009741504
9, 27, 0.014150817245557654
9, 28, 0.012726619849967521
9, 29, 0.013790887502940068
9, 30, 0.013789406927138897
9, 31, 0.01376686745224484
9, 32, 0.013770337978601586
9, 33, 0.013772467074133963
9, 34, 0.013769710354565826
9, 35, 0.013766447181077706
9, 36, 0.01450090834613746
9, 37, 0.013462290443023309
9, 38, 0.01380005173894103
9, 39, 0.013766780450744342
9, 40, 0.01378872840225688
9, 41, 0.013770271201008462
9, 42, 0.013779618785835872
9, 43, 0.01376864662765545
9, 44, 0.013767896379756084
9, 45, 0.01376580586379584
9, 46, 0.013564801681646272
9, 47, 0.013766450762407593
9, 48, 0.01376591441752268
9, 49, 0.01376634813375102
9, 50, 0.013778600506981655
9, 51, 0.013778702485793855
9, 52, 0.013765987866817032
9, 53, 0.013812993751015112
9, 54, 0.013833289545314497
9, 55, 0.014771266183074583
9, 56, 0.013774765871020049
9, 57, 0.013769611489281589
10, 11, 0.024747442759299524
10, 12, 0.012616060347827378
10, 13, 0.012228713923531302
10, 14, 0.025743907820072937
10, 15, 0.026802246986867024
10, 16, 0.0250225853951876
10, 17, 0.014194440972184804
10, 18, 0.025494275799720415
10, 19, 0.0252527656173441
10, 20, 0.026199670460342363
10, 21, 0.024133525048713945
10, 22, 0.0259858912821883
10, 23, 0.025406260825527407
10, 24, 0.023589950253281207
10, 25, 0.01698695049983082
10, 26, 0.02241128195140369
10, 27, 0.014530204326064413
10, 28, 0.010402540004334318
10, 29, 0.02707695259286189
10, 30, 0.024281064360839714
10, 31, 0.02475912364778308
10, 32, 0.025606270901179454
10, 33, 0.02454244845535716
10, 34, 0.02428177415725631
10, 35, 0.02411402741217026
10, 36, 0.015166969886209494
10, 37, 0.012315714131788448
10, 38, 0.026233268381433122
10, 39, 0.025163213692058897
10, 40, 0.026133648756861545
10, 41, 0.024401780837277707
10, 42, 0.02660337496167744
10, 43, 0.02466037388199637
10, 44, 0.02440685154768762
10, 45, 0.02486794116679725
10, 46, 0.013394954484247499
10, 47, 0.024352105890890725
10, 48, 0.025804880089632515
10, 49, 0.02571339180409855
10, 50, 0.02588881364604941
10, 51, 0.02549731140187738
10, 52, 0.025623669567841213
10, 53, 0.018250779189278397
10, 54, 0.02019458347434525
10, 55, 0.015620022649389519
10, 56, 0.025884637968475867
10, 57, 0.021884260909415275
11, 12, 0.012542442052449698
11, 13, 0.012190945714894109
11, 14, 0.01945707325960406
11, 15, 0.024983813673104108
11, 16, 0.02343000014080234
11, 17, 0.014164505221474697
11, 18, 0.02080485856578934
11, 19, 0.02190609341569992
11, 20, 0.023333081691549764
11, 21, 0.02015647552976333
11, 22, 0.022473538075567956
11, 23, 0.018495673443615048
11, 24, 0.017198305658317117
11, 25, 0.016960929083642707
11, 26, 0.01570634878414819
11, 27, 0.014500488432248356
11, 28, 0.010300455404620846
11, 29, 0.026587034340050587
11, 30, 0.021866420540816823
11, 31, 0.018334568321708277
11, 32, 0.021289292435763718
11, 33, 0.02005403800580053
11, 34, 0.018895161264282496
11, 35, 0.017339741901263455
11, 36, 0.01513979725061468
11, 37, 0.012145684457962123
11, 38, 0.025255360633935933
11, 39, 0.01889693231376366
11, 40, 0.024705499799162277
11, 41, 0.019238398177297507
11, 42, 0.02512216538906815
11, 43, 0.019020889458501434
11, 44, 0.01836354866071381
11, 45, 0.017852760415736885
11, 46, 0.013357069248408678
11, 47, 0.0175995519387369
11, 48, 0.01955763050113373
11, 49, 0.019663067719004137
11, 50, 0.0234872839714466
11, 51, 0.022757671577884275
11, 52, 0.019226004602735696
11, 53, 0.016849739223172993
11, 54, 0.018878215364245995
11, 55, 0.015595304204498254
11, 56, 0.022936357174712856
11, 57, 0.01661274415972174
12, 13, 0.012301661071845176
12, 14, 0.012533323986719485
12, 15, 0.012547759236631187
12, 16, 0.012607531281629373
12, 17, 0.013652466382391955
12, 18, 0.012541297229809135
12, 19, 0.012554964469075633
12, 20, 0.012548155255515095
12, 21, 0.012555673913493028
12, 22, 0.012545060720135413
12, 23, 0.012532677399569857
12, 24, 0.01253784361323731
12, 25, 0.015484012180339601
12, 26, 0.012535623968345372
12, 27, 0.013875869639443377
12, 28, 0.011514994528634923
12, 29, 0.012585439317462114
12, 30, 0.012585226456856257
12, 31, 0.012535985905205908
12, 32, 0.01254281274277341
12, 33, 0.01254828465360907
12, 34, 0.012542552227717638
12, 35, 0.012535613647201458
12, 36, 0.014335169562796592
12, 37, 0.012407650326013313
12, 38, 0.01260570300925162
12, 39, 0.0125354900575832
12, 40, 0.012581696208257265
12, 41, 0.012543658543337645
12, 42, 0.012561895173571338
12, 43, 0.012539914071031461
12, 44, 0.012538505169226558
12, 45, 0.012533607477166834
12, 46, 0.013064288423592014
12, 47, 0.012535415899781625
12, 48, 0.012533186757701195
12, 49, 0.012534176803174205
12, 50, 0.012560290400494374
12, 51, 0.01256084599816235
12, 52, 0.012533463160560714
12, 53, 0.01266088742420286
12, 54, 0.012694032846580121
12, 55, 0.014687628318699656
12, 56, 0.01255209039274655
12, 57, 0.012545190495149417
13, 14, 0.01218616717214284
13, 15, 0.01219347655009519
13, 16, 0.012224464008695939
13, 17, 0.013220411539266059
13, 18, 0.01219028089033804
13, 19, 0.012197329550751505
13, 20, 0.012193733429795033
13, 21, 0.012197838549676125
13, 22, 0.012192165993704193
13, 23, 0.012185864183449973
13, 24, 0.012188712618269785
13, 25, 0.014572121402808782
13, 26, 0.01218772897273179
13, 27, 0.013385957291829365
13, 28, 0.011629798440634066
13, 29, 0.012212770826967737
13, 30, 0.012213076119560459
13, 31, 0.012187624201689652
13, 32, 0.012191048223677805
13, 33, 0.012193976468967752
13, 34, 0.012191055413434484
13, 35, 0.01218750100988078
13, 36, 0.013746973353607323
13, 37, 0.012174689491048664
13, 38, 0.012223307100721122
13, 39, 0.012187330153230834
13, 40, 0.012210966736570758
13, 41, 0.012191611028496557
13, 42, 0.012200741659524884
13, 43, 0.012189654685565028
13, 44, 0.012188957292133217
13, 45, 0.012186390956437294
13, 46, 0.012745247689849347
13, 47, 0.012187373202368379
13, 48, 0.012186091751301647
13, 49, 0.012186607122252308
13, 50, 0.012199994418982367
13, 51, 0.012200325255475564
13, 52, 0.012186248668977422
13, 53, 0.012256244981209285
13, 54, 0.01227198331018849
13, 55, 0.014036673629198658
13, 56, 0.012195783636932864
13, 57, 0.012192782226987909
14, 15, 0.03486417099139406
14, 16, 0.02414863044925975
14, 17, 0.014161293404882263
14, 18, 0.02234364867531496
14, 19, 0.023217719555456977
14, 20, 0.02785110315013596
14, 21, 0.02033055426358094
14, 22, 0.026355088748347615
14, 23, 0.011980525158363897
14, 24, 0.015376224226570603
14, 25, 0.016959164497373475
14, 26, 0.013660064195858869
14, 27, 0.014497414397562018
14, 28, 0.010286020101345142
14, 29, 0.029339394104689758
14, 30, 0.022365525287637765
14, 31, 0.016241546235094415
14, 32, 0.023400778591564787
14, 33, 0.020244189945062933
14, 34, 0.018259191398321228
14, 35, 0.014835283665837943
14, 36, 0.015137201255743003
14, 37, 0.012123870518249112
14, 38, 0.02659101188971106
14, 39, 0.017067114495692162
14, 40, 0.026487977132641432
14, 41, 0.0188602050708365
14, 42, 0.028949837260846375
14, 43, 0.018274371830968122
14, 44, 0.016990375003880346
14, 45, 0.013856785847245114
14, 46, 0.01335268006948035
14, 47, 0.015011105943926205
14, 48, 0.01677628659176013
14, 49, 0.019121306071368582
14, 50, 0.02575639208237223
14, 51, 0.024357615079984483
14, 52, 0.0158441545130744
14, 53, 0.016733024187799674
14, 54, 0.018836117128149407
14, 55, 0.015593094910271152
14, 56, 0.025679210491557303
14, 57, 0.015624868214286861
15, 16, 0.025310176867881087
15, 17, 0.014167455452678291
15, 18, 0.028828252269698488
15, 19, 0.026521410238033217
15, 20, 0.03182786545366693
15, 21, 0.023264998554160234
15, 22, 0.03122129922623101
15, 23, 0.030742760720567145
15, 24, 0.020951271128408333
15, 25, 0.016965184243098917
15, 26, 0.018206847010077156
15, 27, 0.014503605134562395
15, 28, 0.010304919857742961
15, 29, 0.030788133763989273
15, 30, 0.02391032217021165
15, 31, 0.025133494514618642
15, 32, 0.02924809625545822
15, 33, 0.024266111275484784
15, 34, 0.023309384448249724
15, 35, 0.02233288338671371
15, 36, 0.015142999778547243
15, 37, 0.012157083825340817
15, 38, 0.027777280161708374
15, 39, 0.02764821977018555
15, 40, 0.0281840946424735
15, 41, 0.023736410192201074
15, 42, 0.031344272687244636
15, 43, 0.024639863494957396
15, 44, 0.023597089880685818
15, 45, 0.025865846108193997
15, 46, 0.013360275053055128
15, 47, 0.02323215311448394
15, 48, 0.0360448353304716
15, 49, 0.03363611969231015
15, 50, 0.02852973818751357
15, 51, 0.02711128035796162
15, 52, 0.03297039161163708
15, 53, 0.01711337939126712
15, 54, 0.0192477961779586
15, 55, 0.015598466754166403
15, 56, 0.02931989897057513
15, 57, 0.018424371392489577
16, 17, 0.014190456013458147
16, 18, 0.024066803346894674
16, 19, 0.024034465796868253
16, 20, 0.02478606635574744
16, 21, 0.02304442938416881
16, 22, 0.024553601804953338
16, 23, 0.023845886978299174
16, 24, 0.022353092739170282
16, 25, 0.016982383824826117
16, 26, 0.021293895275380986
16, 27, 0.014526125920488343
16, 28, 0.010392606161127265
16, 29, 0.025969707722183853
16, 30, 0.023415334258507347
16, 31, 0.02334339279825706
16, 32, 0.024187638207851896
16, 33, 0.02332565765003183
16, 34, 0.02302292858592985
16, 35, 0.022777319181412743
16, 36, 0.015163010298002714
16, 37, 0.012296616238930802
16, 38, 0.025334087477648957
16, 39, 0.023685557961392944
16, 40, 0.02508110340329752
16, 41, 0.023143040026969288
16, 42, 0.025317556752755814
16, 43, 0.02331766814907519
16, 44, 0.023075661642580996
16, 45, 0.023398092547954313
16, 46, 0.013390256459825986
16, 47, 0.022981043032944112
16, 48, 0.024198558183656682
16, 49, 0.02413806051236406
16, 50, 0.024661182801955124
16, 51, 0.02431703067608777
16, 52, 0.024047626121270642
16, 53, 0.018003861759540867
16, 54, 0.019900329635902953
16, 55, 0.015616257779850443
16, 56, 0.024560670537301064
16, 57, 0.020937334249120133
17, 18, 0.014164373083776407
17, 19, 0.014169698447878992
17, 20, 0.014167390611337862
17, 21, 0.014169388957700407
17, 22, 0.014166068628702134
17, 23, 0.014160913619214543
17, 24, 0.014162133414481684
17, 25, 0.015493645993067831
17, 26, 0.014160586436190841
17, 27, 0.014327762220133886
17, 28, 0.013101453863972415
17, 29, 0.014182792918794323
17, 30, 0.014181089560191438
17, 31, 0.014161964794808324
17, 32, 0.014165021335846295
17, 33, 0.01416670844473342
17, 34, 0.014164326153772394
17, 35, 0.014161528326742497
17, 36, 0.014654325111683878
17, 37, 0.013820974451508308
17, 38, 0.014190528679043784
17, 39, 0.014161935552923315
17, 40, 0.014180817340206712
17, 41, 0.014164819606229149
17, 42, 0.014173073477098919
17, 43, 0.014163469157401635
17, 44, 0.01416279865255699
17, 45, 0.01416107215641225
17, 46, 0.013792653685014153
17, 47, 0.01416156137324292
17, 48, 0.014161260240180142
17, 49, 0.014161622294153508
17, 50, 0.014172118240266682
17, 51, 0.01417215585933143
17, 52, 0.014161305702631471
17, 53, 0.014197399634628642
17, 54, 0.014216267211497415
17, 55, 0.014905177074093475
17, 56, 0.014168837800541616
17, 57, 0.014163824209989673
18, 19, 0.023252075813253253
18, 20, 0.0259424527465208
18, 21, 0.020935998076769952
18, 22, 0.02498989128646257
18, 23, 0.02052474828295045
18, 24, 0.017719385207021487
18, 25, 0.016961520221526496
18, 26, 0.015867473007790144
18, 27, 0.014500435798313206
18, 28, 0.010297647531202164
18, 29, 0.028199927423960314
18, 30, 0.022484520141439847
18, 31, 0.019530712146480184
18, 32, 0.02337766515684002
18, 33, 0.02107768900855627
18, 34, 0.019797224939023073
18, 35, 0.018046624586675733
18, 36, 0.015139896536794602
18, 37, 0.012142617537507254
18, 38, 0.02618894648881183
18, 39, 0.02055517548798234
18, 40, 0.025943388085640763
18, 41, 0.02020925460931557
18, 42, 0.027305020870167302
18, 43, 0.020168884268287113
18, 44, 0.019316784225839944
18, 45, 0.019087375947121597
18, 46, 0.013356680645324732
18, 47, 0.018448717033730775
18, 48, 0.022646283200998808
18, 49, 0.02242200194935989
18, 50, 0.025126494230276485
18, 51, 0.024118605208527828
18, 52, 0.021769491444141257
18, 53, 0.016884671810226348
18, 54, 0.018959501248395173
18, 55, 0.01559549881744729
18, 56, 0.024899915676486487
18, 57, 0.016822855452030185
19, 20, 0.025080256592290472
19, 21, 0.021656188833969307
19, 22, 0.02449949170204043
19, 23, 0.022357457264329566
19, 24, 0.019712763535718134
19, 25, 0.016965684274805635
19, 26, 0.018039071408753264
19, 27, 0.014505670416310979
19, 28, 0.010317421015836475
19, 29, 0.027162522264514447
19, 30, 0.02270961442143514
19, 31, 0.021392619928184704
19, 32, 0.023573697933590636
19, 33, 0.021923639385336605
19, 34, 0.021138925405651827
19, 35, 0.020263672519344016
19, 36, 0.015144585516329375
19, 37, 0.012174623681029841
19, 38, 0.025791798481797443
19, 39, 0.02212301089831142
19, 40, 0.025477392924609578
19, 41, 0.02140990072249483
19, 42, 0.02617817749887494
19, 43, 0.021565137481998068
19, 44, 0.02101545520260569
19, 45, 0.02134630715598981
19, 46, 0.013363568737218468
19, 47, 0.020626387932172894
19, 48, 0.023357324091464158
19, 49, 0.02321987253607885
19, 50, 0.02474042234797842
19, 51, 0.02404112572931212
19, 52, 0.02293969575518673
19, 53, 0.01713711220198039
19, 54, 0.019169347325566227
19, 55, 0.015599695025207048
19, 56, 0.02452485921224841
19, 57, 0.018247979243689084
20, 21, 0.022433877668141925
20, 22, 0.027918360981023335
20, 23, 0.02568350108530353
20, 24, 0.020044434765140316
20, 25, 0.01696464762761505
20, 26, 0.0177662244001751
20, 27, 0.014503487342388226
20, 28, 0.010306298523354808
20, 29, 0.029375080071371854
20, 30, 0.02336720943368521
20, 31, 0.022942752830952484
20, 32, 0.026373547358200508
20, 33, 0.02305162254997026
20, 34, 0.022073950512642694
20, 35, 0.020966123946730007
20, 36, 0.015142791839740995
20, 37, 0.012158275110645836
20, 38, 0.02700958354758555
20, 39, 0.02448957916108861
20, 40, 0.027088852789135556
20, 41, 0.022452492780191444
20, 42, 0.029132557870388532
20, 43, 0.02292283890301366
20, 44, 0.022073379279952936
20, 45, 0.02313091201781283
20, 46, 0.01336034336472605
20, 47, 0.02159191634575795
20, 48, 0.028336394749434324
20, 49, 0.027515397347442846
20, 50, 0.026864870190165646
20, 51, 0.02574221561427659
20, 52, 0.026996339248500766
20, 53, 0.01707862913963776
20, 54, 0.019180185505467854
20, 55, 0.015598206707393172
20, 56, 0.027106798452378972
20, 57, 0.018105680365268457
21, 22, 0.021905813305461586
21, 23, 0.019822811238271263
21, 24, 0.01852088992333578
21, 25, 0.01696413958425871
21, 26, 0.01728232121791751
21, 27, 0.01450522126056961
21, 28, 0.010320600808107984
21, 29, 0.025164923832231536
21, 30, 0.02172438592642202
21, 31, 0.01950807954835575
21, 32, 0.021217668838750987
21, 33, 0.020394990629994492
21, 34, 0.01965640460322337
21, 35, 0.018789929883629427
21, 36, 0.015143908570814749
21, 37, 0.012176966156057996
21, 38, 0.024457075937116577
21, 39, 0.019906268815312753
21, 40, 0.023827660757096126
21, 41, 0.01988012266407506
21, 42, 0.023770660834412902
21, 43, 0.019821539127235627
21, 44, 0.01940497313112029
21, 45, 0.01933250051633329
21, 46, 0.013363576187855128
21, 47, 0.019008159376058164
21, 48, 0.02038934664096921
21, 49, 0.020408003917737106
21, 50, 0.022737658370511664
21, 51, 0.0222681562772144
21, 52, 0.02019833612551158
21, 53, 0.01704247777976371
21, 54, 0.01899742584217894
21, 55, 0.015598890904735532
21, 56, 0.022278444058631747
21, 57, 0.01763305856972765
22, 23, 0.024110593994499614
22, 24, 0.019163611388615057
22, 25, 0.01696335531477741
22, 26, 0.0170012642952261
22, 27, 0.01450215911295146
22, 28, 0.010302249278583942
22, 29, 0.029080095889887567
22, 30, 0.023065549586149446
22, 31, 0.021769996129315117
22, 32, 0.025482091725249376
22, 33, 0.022372052177536527
22, 34, 0.021263838623466858
22, 35, 0.019892258537918265
22, 36, 0.015141547558042031
22, 37, 0.012151162622632381
22, 38, 0.02677106348719447
22, 39, 0.023218713544259764
22, 40, 0.02675779895379037
22, 41, 0.02166442712867352
22, 42, 0.0286674109532972
22, 43, 0.021973176634104166
22, 44, 0.021094285498065656
22, 45, 0.021753993227801784
22, 46, 0.013358714357265222
22, 47, 0.02045930197190274
22, 48, 0.026836952889369436
22, 49, 0.026102110494595415
22, 50, 0.02635774548290515
22, 51, 0.025241230990381683
22, 52, 0.025504665220161503
22, 53, 0.016998742917730195
22, 54, 0.01909391113155201
22, 55, 0.015597053835846444
22, 56, 0.026472531266130903
22, 57, 0.017592053175995007
23, 24, 0.01485906744851966
23, 25, 0.016958584422205738
23, 26, 0.013362925909618451
23, 27, 0.01449700959005547
23, 28, 0.01028555428411892
23, 29, 0.028541899329570217
23, 30, 0.022038933267248467
23, 31, 0.015133948066022453
23, 32, 0.021560750095270715
23, 33, 0.019519119949938688
23, 34, 0.0175385620555938
23, 35, 0.014150311252411497
23, 36, 0.015136778960548767
23, 37, 0.0121225122882186
23, 38, 0.026163339737990184
23, 39, 0.015407976027253582
23, 40, 0.025863772434345077
23, 41, 0.018106754730358037
23, 42, 0.027599871368157825
23, 43, 0.01730487782442841
23, 44, 0.01615577570359428
23, 45, 0.012740847292581655
23, 46, 0.01335227753856717
23, 47, 0.014211003841190641
23, 48, 0.011202350476392231
23, 49, 0.01475485872151212
23, 50, 0.024763946295004256
23, 51, 0.023547414133725332
23, 52, 0.012547341955186175
23, 53, 0.01669709152542516
23, 54, 0.01878383254291821
23, 55, 0.015592673894891235
23, 56, 0.024308058467650877
23, 57, 0.015381689687169362
24, 25, 0.01695778982620709
24, 26, 0.014305145530148848
24, 27, 0.014498014126803854
24, 28, 0.010295930829195183
24, 29, 0.02450955944538375
24, 30, 0.020702891097409925
24, 31, 0.01561309206764678
24, 32, 0.018198724857989415
24, 33, 0.018012984563218495
24, 34, 0.0167986846698539
24, 35, 0.015094138098814602
24, 36, 0.015137309983739343
24, 37, 0.01213561928819715
24, 38, 0.023879075468869315
24, 39, 0.015756656501051895
24, 40, 0.022917156449501395
24, 41, 0.017111440071293938
24, 42, 0.022377225370256333
24, 43, 0.016569493956810726
24, 44, 0.01603139978219177
24, 45, 0.014903370200587053
24, 46, 0.01335440400880559
24, 47, 0.015178694706981254
24, 48, 0.015361790726944819
24, 49, 0.01571490656408704
24, 50, 0.021135568737691172
24, 51, 0.020646888027863592
24, 52, 0.01534547506614347
24, 53, 0.01666109968409625
24, 54, 0.01862675592045434
24, 55, 0.015592882691354722
24, 56, 0.02018830470970509
24, 57, 0.015526418597008491
25, 26, 0.01695507234457057
25, 27, 0.01568086940344964
25, 28, 0.015005402728108986
25, 29, 0.01697860076604806
25, 30, 0.01697363603794574
25, 31, 0.016958884170865537
25, 32, 0.016962155757148184
25, 33, 0.01696248945970875
25, 34, 0.016960297587460024
25, 35, 0.016957898664870165
25, 36, 0.015995274080268646
25, 37, 0.016085711967659698
25, 38, 0.01698422080530519
25, 39, 0.016959223173417956
25, 40, 0.016975906227636
25, 41, 0.01696082168702449
25, 42, 0.016969819204827014
25, 43, 0.01696000501903339
25, 44, 0.016959211222956856
25, 45, 0.0169582593115159
25, 46, 0.015229869824583797
25, 47, 0.016958167621016155
25, 48, 0.01695918322763843
25, 49, 0.016959415203067044
25, 50, 0.016968338950673043
25, 51, 0.01696796971189877
25, 52, 0.01695908169299991
25, 53, 0.016955690519276256
25, 54, 0.016983499863772438
25, 55, 0.016216994854850092
25, 56, 0.016965588218215737
25, 57, 0.016956515729819745
26, 27, 0.014496325771022327
26, 28, 0.010295216856078924
26, 29, 0.022525417134429345
26, 30, 0.01964632063653076
26, 31, 0.01423078614045704
26, 32, 0.016272027041359542
26, 33, 0.016595997632542117
26, 34, 0.015491955443537337
26, 35, 0.013956280469327781
26, 36, 0.01513547958048906
26, 37, 0.012131261482270193
26, 38, 0.022497152674891368
26, 39, 0.014215237828199858
26, 40, 0.021255945484857083
26, 41, 0.01575329861065607
26, 42, 0.020113618958772794
26, 43, 0.015140588926022049
26, 44, 0.014725553957017015
26, 45, 0.013576108120598266
26, 46, 0.013352875950410046
26, 47, 0.013967544442428606
26, 48, 0.013622374887994632
26, 49, 0.013955992961965126
26, 50, 0.01923116722849724
26, 51, 0.01893532618709666
26, 52, 0.013684032032744552
26, 53, 0.01650656559473743
26, 54, 0.018394130923754245
26, 55, 0.015591014902109141
26, 56, 0.01815917088143239
26, 57, 0.01483794063188442
27, 28, 0.013330404321191137
27, 29, 0.01451883954291391
27, 30, 0.014516760907115353
27, 31, 0.014497984778679047
27, 32, 0.014501087317906728
27, 33, 0.014502636045828238
27, 34, 0.01450025774140889
27, 35, 0.014497484086004146
27, 36, 0.014823528211371749
27, 37, 0.014094949678447847
27, 38, 0.014526395538354837
27, 39, 0.01449799628635293
27, 40, 0.01451676970337813
27, 41, 0.014500758165776917
27, 42, 0.014509154352718085
27, 43, 0.01449945734555311
27, 44, 0.014498768283727823
27, 45, 0.014497115477459051
27, 46, 0.013970417369495482
27, 47, 0.0144975436126296
27, 48, 0.014497386765278454
27, 49, 0.014497736967279164
27, 50, 0.014508133805844977
27, 51, 0.014508126426769925
27, 52, 0.014497416206286504
27, 53, 0.01452937041121303
27, 54, 0.01454936965141273
27, 55, 0.015071629940598357
27, 56, 0.014504888622262081
27, 57, 0.0144993872701166
28, 29, 0.010357062665240733
28, 30, 0.01036273660691949
28, 31, 0.010291209854121163
28, 32, 0.010299627358710352
28, 33, 0.010309176868253075
28, 34, 0.010301429080196822
28, 35, 0.010291739635016792
28, 36, 0.013830709616416876
28, 37, 0.010924096856601848
28, 38, 0.010387045391735046
28, 39, 0.01028989175127885
28, 40, 0.010353548160168974
28, 41, 0.010302800624424732
28, 42, 0.010324970896754014
28, 43, 0.010296986379198497
28, 44, 0.010295394469473071
28, 45, 0.010287646154219092
28, 46, 0.012401646791577018
28, 47, 0.010291050287327328
28, 48, 0.010285747257910535
28, 49, 0.010287265385006232
28, 50, 0.010323862804094325
28, 51, 0.010325325499701435
28, 52, 0.010286375067629113
28, 53, 0.010521002304297377
28, 54, 0.01054778559265162
28, 55, 0.014222904721423152
28, 56, 0.010312308597551528
28, 57, 0.010310849301680695
29, 30, 0.02507089944279076
29, 31, 0.026863258620519352
29, 32, 0.02836489988283914
29, 33, 0.026025245855758914
29, 34, 0.02568413286871478
29, 35, 0.025550451636285994
29, 36, 0.015156947033872126
29, 37, 0.012244377012166735
29, 38, 0.02779674311389224
29, 39, 0.02778112911013359
29, 40, 0.02805461726727629
29, 41, 0.02588137001946236
29, 42, 0.0295365880147209
29, 43, 0.026501159217662332
29, 44, 0.02604132576834166
29, 45, 0.027217074196982584
29, 46, 0.01337966411856934
29, 47, 0.02603477624551762
29, 48, 0.029509027641049106
29, 49, 0.029189915401746112
29, 50, 0.028196214879418608
29, 51, 0.027446366645291036
29, 52, 0.02902214601791748
29, 53, 0.017882719927883903
29, 54, 0.019973663243836762
29, 55, 0.015611165790846013
29, 56, 0.028505006973747797
29, 57, 0.021733931487022035
30, 31, 0.021626236522993076
30, 32, 0.022641508090282553
30, 33, 0.02187940009449039
30, 34, 0.02146404379063145
30, 35, 0.02105860547727251
30, 36, 0.01515431976290154
30, 37, 0.012245592625055188
30, 38, 0.024545635213753633
30, 39, 0.02195561467855584
30, 40, 0.024107451903430468
30, 41, 0.021606420237920004
30, 42, 0.02413964205337391
30, 43, 0.02169745768865152
30, 44, 0.021424037178795943
30, 45, 0.021616209928225865
30, 46, 0.013378595108350001
30, 47, 0.021252941519803524
30, 48, 0.02241268683170686
30, 49, 0.02237882083674237
30, 50, 0.023432744119573704
30, 51, 0.023085638961834215
30, 52, 0.022266399542253967
30, 53, 0.017556579710078814
30, 54, 0.01944629311476582
30, 55, 0.01560826210008923
30, 56, 0.023202978226636844
30, 57, 0.01951726122250525
31, 32, 0.02021539648266316
31, 33, 0.019165455722244398
31, 34, 0.017639107943910996
31, 35, 0.015342068628981157
31, 36, 0.015137542313558015
31, 37, 0.012130576502565379
31, 38, 0.025315105866148713
31, 39, 0.016582383390829073
31, 40, 0.024719659902833004
31, 41, 0.018064435027322762
31, 42, 0.025235416176202303
31, 43, 0.017501982475949692
31, 44, 0.016699586353467005
31, 45, 0.015134926730937625
31, 46, 0.013353801291054082
31, 47, 0.01549331886755283
31, 48, 0.016252736398346908
31, 49, 0.016838357479195914
31, 50, 0.023276289846793505
31, 51, 0.02244067075982812
31, 52, 0.016115942604344048
31, 53, 0.016720711350616643
31, 54, 0.018764619827089157
31, 55, 0.015593277419232726
31, 56, 0.022531990499331096
31, 57, 0.015711494165753136
32, 33, 0.021449986257602593
32, 34, 0.020243664688627976
32, 35, 0.01864906751551964
32, 36, 0.015140507252602239
32, 37, 0.012146100656890478
32, 38, 0.02631559252615165
32, 39, 0.02133019129510208
32, 40, 0.026123066657971566
32, 41, 0.02064422786674746
32, 42, 0.02757709913682923
32, 43, 0.020707437628387292
32, 44, 0.019867646604625002
32, 45, 0.01991507415415241
32, 46, 0.013357478894868553
32, 47, 0.01909344545128452
32, 48, 0.02373172226385757
32, 49, 0.023390891853828668
32, 50, 0.0254114553687633
32, 51, 0.02439475033280978
32, 52, 0.022785209744470816
32, 53, 0.016924250665694165
32, 54, 0.01900244320954125
32, 55, 0.015596064924226738
32, 56, 0.025267748851647596
32, 57, 0.017088746955014573
33, 34, 0.019433186115138515
33, 35, 0.018271900600562174
33, 36, 0.015141686755466437
33, 37, 0.012159455007737165
33, 38, 0.024973505293813078
33, 39, 0.019676564471755302
33, 40, 0.024397981196743596
33, 41, 0.019715525435727414
33, 42, 0.024597911885859552
33, 43, 0.019614243429774043
33, 44, 0.019077786266727192
33, 45, 0.018888911905721704
33, 46, 0.013359969908625502
33, 47, 0.018529899565680547
33, 48, 0.02032899244125096
33, 49, 0.020359385010399075
33, 50, 0.0232584401336929
33, 51, 0.022650462224746332
33, 52, 0.020055699559477894
33, 53, 0.016945535911408956
33, 54, 0.018947182035723664
33, 55, 0.015596970397089712
33, 56, 0.02276716628832827
33, 57, 0.01717859937397575
34, 35, 0.01684508233743946
34, 36, 0.01513948697227239
34, 37, 0.012146212682683524
34, 38, 0.024688935628150676
34, 39, 0.01803550715129678
34, 40, 0.023983907825441433
34, 41, 0.018639300595093045
34, 42, 0.023987037166973393
34, 43, 0.018343945457326944
34, 44, 0.01776780595713646
34, 45, 0.01714457914685244
34, 46, 0.013356991668487467
34, 47, 0.017042790640704283
34, 48, 0.018312539449147576
34, 49, 0.018482582781934535
34, 50, 0.022586645460804775
34, 51, 0.021981480340781318
34, 52, 0.01811522365015411
34, 53, 0.016812504621901595
34, 54, 0.018811336219380803
34, 55, 0.015594951682734599
34, 56, 0.021910467910672474
34, 57, 0.016406140666972407
35, 36, 0.015136957959725857
35, 37, 0.012130065230893864
35, 38, 0.024522499952962816
35, 39, 0.015490168251753146
35, 40, 0.023681825283187578
35, 41, 0.017219378030254764
35, 42, 0.02350196452960792
35, 43, 0.016570601380046627
35, 44, 0.01590657070081865
35, 45, 0.014358820604688126
35, 46, 0.013353438731695916
35, 47, 0.014819948003300526
35, 48, 0.014795946263478887
35, 49, 0.015351768006205925
35, 50, 0.02193427776309673
35, 51, 0.0212996913057081
35, 52, 0.014820238670527673
35, 53, 0.01666273965040666
35, 54, 0.018668570892166808
35, 55, 0.01559265635308668
35, 56, 0.020973338118228
35, 57, 0.015413747928643721
36, 37, 0.01464273180548609
36, 38, 0.015163626500488829
36, 39, 0.015137628938564825
36, 40, 0.015154850583153814
36, 41, 0.015139964382426114
36, 42, 0.015148021666436884
36, 43, 0.015138849637782314
36, 44, 0.015138175585013442
36, 45, 0.015136779089623978
36, 46, 0.014333078486573864
36, 47, 0.015137062556365351
36, 48, 0.015137185924721032
36, 49, 0.015137488819588178
36, 50, 0.015146952931923112
36, 51, 0.015146862313724176
36, 52, 0.01513718338455121
36, 53, 0.01515915023968567
36, 54, 0.015179830796173693
36, 55, 0.015371645574771562
36, 56, 0.015144006796497604
36, 57, 0.015137992383341762
37, 38, 0.012291617188704296
37, 39, 0.012129208945294847
37, 40, 0.012236212424956934
37, 41, 0.012148728251869216
37, 42, 0.012190046752276648
37, 43, 0.012139821695492962
37, 44, 0.012136668022114066
37, 45, 0.012124951948969136
37, 46, 0.013115193807253667
37, 47, 0.012129464573414902
37, 48, 0.012123522672458968
37, 49, 0.012125877862166588
37, 50, 0.012186675004741692
37, 51, 0.01218817917904176
37, 52, 0.012124250018545191
37, 53, 0.012429561535488133
37, 54, 0.012499796354068267
37, 55, 0.01505059690738715
37, 56, 0.012167593932516835
37, 57, 0.012154228577777832
38, 39, 0.025825625069204283
38, 40, 0.026698247557068167
38, 41, 0.02482807158419213
38, 42, 0.027388595851133676
38, 43, 0.02516512843587764
38, 44, 0.024863409456178705
38, 45, 0.025470512747303744
38, 46, 0.013389796609196996
38, 47, 0.024815482020034328
38, 48, 0.02667176137810929
38, 49, 0.026541271445344825
38, 50, 0.026527721663114463
38, 51, 0.026051769776888375
38, 52, 0.026434010682124483
38, 53, 0.018139996021896213
38, 54, 0.020135469121780096
38, 55, 0.015617079630040595
38, 56, 0.026582664977120685
38, 57, 0.021890423700088348
39, 40, 0.025408163081624417
39, 41, 0.018510213121407756
39, 42, 0.0265206345480674
39, 43, 0.017985385168167813
39, 44, 0.017049479064520878
39, 45, 0.015317215125287997
39, 46, 0.01335364995420649
39, 47, 0.015684207180769898
39, 48, 0.017142787627615005
39, 49, 0.017802557454597044
39, 50, 0.024201814281348228
39, 51, 0.023192196537040403
39, 52, 0.016804778386946256
39, 53, 0.01673998512569737
39, 54, 0.018807966926841273
39, 55, 0.015593410064460309
39, 56, 0.023649244484935453
39, 57, 0.015788932068875057
40, 41, 0.024171132582759953
40, 42, 0.02758058421889472
40, 43, 0.024563840129650513
40, 44, 0.024157607401406156
40, 45, 0.02490305273243731
40, 46, 0.013377468679424912
40, 47, 0.02405526106429953
40, 48, 0.026606974520216514
40, 49, 0.026417034602500167
40, 50, 0.02644187204314305
40, 51, 0.025830194425449416
40, 52, 0.026258632424768114
40, 53, 0.017718018000228958
40, 54, 0.01975365163672818
40, 55, 0.015609114634134683
40, 56, 0.02650516274057001
40, 57, 0.020764723095035034
41, 42, 0.024271122647231833
41, 43, 0.018708499227093136
41, 44, 0.01812991084817884
41, 45, 0.017622499732801104
41, 46, 0.013357586611216917
41, 47, 0.017439683581088668
41, 48, 0.018927270959848832
41, 49, 0.01905537666303293
41, 50, 0.022852012980657574
41, 51, 0.022229202700977984
41, 52, 0.01869413225474447
41, 53, 0.01684432316068138
41, 54, 0.018848144804764246
41, 55, 0.015595399971991828
41, 56, 0.022232041832701145
41, 57, 0.01659454806617976
42, 43, 0.024917320160590894
42, 44, 0.024264532067372856
42, 45, 0.02561939525192925
42, 46, 0.013367465616557361
42, 47, 0.024105169156669364
42, 48, 0.029244201525489188
42, 49, 0.028706868663487276
42, 50, 0.02759192086940573
42, 51, 0.026631552795589018
42, 52, 0.028411982964214468
42, 53, 0.017388818153706836
42, 54, 0.019490068526554754
42, 55, 0.0156029978194448
42, 56, 0.027917118173284516
42, 57, 0.019777667630584632
43, 44, 0.017679978512493977
43, 45, 0.016852563977984316
43, 46, 0.01335576476038345
43, 47, 0.016789722483848142
43, 48, 0.01834892466626772
43, 49, 0.018575728752010898
43, 50, 0.023223209036910105
43, 51, 0.022483599886940375
43, 52, 0.018078359830201344
43, 53, 0.01679240738914965
43, 54, 0.018821414705189
43, 55, 0.015594438849892771
43, 56, 0.022576505405102223
43, 57, 0.01624171585050794
44, 45, 0.01594817131385604
44, 46, 0.013354981911131934
44, 47, 0.01607149072954509
44, 48, 0.01702160383853919
44, 49, 0.01735784555001062
44, 50, 0.022653658070081892
44, 51, 0.021969989922202345
44, 52, 0.01686585583461415
44, 53, 0.01674387690226065
44, 54, 0.01876068200618959
44, 55, 0.015593794603405361
44, 56, 0.02188347410772545
44, 57, 0.015939997082519395
45, 46, 0.013352623548636524
45, 47, 0.014428058198626248
45, 48, 0.013705456080706108
45, 49, 0.014955780733641153
45, 50, 0.02341828585831139
45, 51, 0.02249313193683718
45, 52, 0.013928480154170125
45, 53, 0.016679639700138783
45, 54, 0.018735083912893403
45, 55, 0.015592605589696468
45, 56, 0.022620985195936815
45, 57, 0.01536227905332638
46, 47, 0.013353405218028599
46, 48, 0.01335262314881514
46, 49, 0.013353107604547687
46, 50, 0.013366459592220771
46, 51, 0.013366632920426726
46, 52, 0.013352724976104199
46, 53, 0.013409188966585932
46, 54, 0.01342947180583843
46, 55, 0.014615256351935819
46, 56, 0.013362275041732215
46, 57, 0.013357404806742055
47, 48, 0.014972155068123827
47, 49, 0.015591268653923506
47, 50, 0.02238893690410309
47, 51, 0.021681823629794487
47, 52, 0.014983018417059823
47, 53, 0.016677849195051987
47, 54, 0.018698863727433464
47, 55, 0.01559278699523029
47, 56, 0.02147775621559706
47, 57, 0.015470638940788067
48, 49, 0.01985366076707189
48, 50, 0.02594472476819379
48, 51, 0.02449862020066275
48, 52, 0.015802520490462896
48, 53, 0.016733932882204774
48, 54, 0.01884037382947931
48, 55, 0.015593087995573766
48, 56, 0.02594628904207889
48, 57, 0.015621048806976904
49, 50, 0.025665294213680183
49, 51, 0.02432265127345086
49, 52, 0.01798173277274045
49, 53, 0.01674950121019108
49, 54, 0.018849507812721326
49, 55, 0.015593351248296231
49, 56, 0.025555954528436158
49, 57, 0.015773088903162296
50, 51, 0.025260810424245758
50, 52, 0.025397699441224924
50, 53, 0.017296224345645834
50, 54, 0.019357470822252573
50, 55, 0.01560192978777555
50, 56, 0.02606732855295261
50, 57, 0.019136854342748748
51, 52, 0.02408146264653865
51, 53, 0.017271418489597002
51, 54, 0.01930686275521274
51, 55, 0.015601788035909713
51, 56, 0.025148495962318225
51, 57, 0.01891711842659898
52, 53, 0.016728262622469434
52, 54, 0.018824909613624263
52, 55, 0.01559306483889158
52, 56, 0.025180794059941572
52, 57, 0.01560682784416936
53, 54, 0.017692302254069227
53, 55, 0.015607914557676303
53, 56, 0.017134431549565624
53, 57, 0.016607699341370477
54, 55, 0.015628426307552932
54, 56, 0.01921101785402594
54, 57, 0.018417613802688845
55, 56, 0.015599264913780591
55, 57, 0.015593097750019401
56, 57, 0.018357785301880696
