17
0, 1, 0.026819805321634735
0, 2, 0.02677616401277289
0, 3, 0.02732382774009056
0, 4, 0.027021828445180786
0, 5, 0.02732747098003814
0, 6, 0.027321498231469028
0, 7, 0.026820997272740895
0, 8, 0.024444431374482333
0, 9, 0.024607187486067925
0, 10, 0.02799515337112287
0, 11, 0.027325214575889965
0, 12, 0.027325033574560818
0, 13, 0.02732680413419974
0, 14, 0.02732676682552574
0, 15, 0.026840147810886318
0, 16, 0.02713262947444185
1, 2, 0.026456765194222874
1, 3, 0.02653919206285005
1, 4, 0.026405637328038106
1, 5, 0.026540962606388493
1, 6, 0.02653820267197922
1, 7, 0.026569153124582745
1, 8, 0.024791567521720802
1, 9, 0.024870939328467404
1, 10, 0.027662056691275312
1, 11, 0.026539825166710915
1, 12, 0.02654055672987255
1, 13, 0.026540639594245973
1, 14, 0.02654074549893133
1, 15, 0.026406392887267306
1, 16, 0.026460934213739865
2, 3, 0.026331146859065315
2, 4, 0.026155168318590567
2, 5, 0.026333645423859166
2, 6, 0.026329813794369165
2, 7, 0.026499187577813155
2, 8, 0.02419515939750271
2, 9, 0.024376559631893332
2, 10, 0.027733978456126223
2, 11, 0.02633202231022758
2, 12, 0.026333412037479142
2, 13, 0.026333189978589987
2, 14, 0.026333393474864294
2, 15, 0.02622034013588926
2, 16, 0.026230213458539837
3, 4, 0.023829212066682856
3, 5, 0.0228749996541354
3, 6, 0.022590029295848614
3, 7, 0.02659080479759339
3, 8, 0.021147009468996444
3, 9, 0.02237611911444429
3, 10, 0.02815581567886348
3, 11, 0.021820250423184112
3, 12, 0.025213565227821418
3, 13, 0.02265535577973226
3, 14, 0.02367524862337856
3, 15, 0.025962414471063865
3, 16, 0.02444626408659152
4, 5, 0.02384767983982924
4, 6, 0.02382945680977131
4, 7, 0.026477878849333062
4, 8, 0.021413675870541955
4, 9, 0.02248359726150067
4, 10, 0.02805860940457516
4, 11, 0.02383278858641358
4, 12, 0.023899327574304588
4, 13, 0.023844369265114355
4, 14, 0.02385452288601206
4, 15, 0.02565542904424307
4, 16, 0.02411423673239499
5, 6, 0.02329559876525704
5, 7, 0.02659227294549338
5, 8, 0.021147409780941026
5, 9, 0.022376943495584983
5, 10, 0.028156806133425145
5, 11, 0.022974580761298175
5, 12, 0.026203511531482107
5, 13, 0.025065465581119235
5, 14, 0.02587528931773637
5, 15, 0.02596763533133686
5, 16, 0.024474980819555122
6, 7, 0.026589975532885484
6, 8, 0.021149102510280005
6, 9, 0.02237694131065876
6, 10, 0.028155114688760065
6, 11, 0.022576973798766484
6, 12, 0.024971103007685434
6, 13, 0.023138868929382973
6, 14, 0.023739766862196896
6, 15, 0.02595988875519294
6, 16, 0.024441010813830006
7, 8, 0.02505143029009797
7, 9, 0.025095577763922686
7, 10, 0.02761034163272066
7, 11, 0.02659133228569345
7, 12, 0.02659188907849115
7, 13, 0.026592005052214113
7, 14, 0.026592085339572278
7, 15, 0.026466483762351122
7, 16, 0.02652438170900749
8, 9, 0.02186275179951411
8, 10, 0.026931403156611126
8, 11, 0.021146490427738057
8, 12, 0.021159887089593245
8, 13, 0.021147352852187877
8, 14, 0.021149379529269062
8, 15, 0.023026159302352515
8, 16, 0.0214033577696413
9, 10, 0.026838352491398418
9, 11, 0.02237604734265712
9, 12, 0.022383716151410733
9, 13, 0.022376802003850324
9, 14, 0.022377959934155728
9, 15, 0.02350469953531584
9, 16, 0.02249502737661588
10, 11, 0.02815621193778791
10, 12, 0.02815577959876449
10, 13, 0.02815662443874211
10, 14, 0.028156556496253825
10, 15, 0.02789583220911391
10, 16, 0.028092587604160238
11, 12, 0.025486410504063403
11, 13, 0.02264931918823509
11, 14, 0.023972875580819605
11, 15, 0.025964169986163084
11, 16, 0.024453450597869
12, 13, 0.025993690047248042
12, 14, 0.0261139494548545
12, 15, 0.025968528293713135
12, 16, 0.024524341526371077
13, 14, 0.025276532883214336
13, 15, 0.025966685023939114
13, 16, 0.02446978563659942
14, 15, 0.025967330685480548
14, 16, 0.024480613475719636
15, 16, 0.025793983462542976
