12
0, 1, 0.02048154741706632
0, 2, 0.018202311963589565
0, 3, 0.018563929414707567
0, 4, 0.01870451956534385
0, 5, 0.01827357567995974
0, 6, 0.01928111476742796
0, 7, 0.01777872510096049
0, 8, 0.01805083284359438
0, 9, 0.015884532536042682
0, 10, 0.0179618240326187
0, 11, 0.016886281384310215
1, 2, 0.019069282713729204
1, 3, 0.020482603005804286
1, 4, 0.02048281356455166
1, 5, 0.020482340729977268
1, 6, 0.01973282283471055
1, 7, 0.01876263430156019
1, 8, 0.018953378286877962
1, 9, 0.019111128454305272
1, 10, 0.01890217031163252
1, 11, 0.018264024352224767
2, 3, 0.018202033841288625
2, 4, 0.018202083963179943
2, 5, 0.01820189505401304
2, 6, 0.018746850759521167
2, 7, 0.017982834358192753
2, 8, 0.01812485852380203
2, 9, 0.017722252516386428
2, 10, 0.018079964555339705
2, 11, 0.01754794206443239
3, 4, 0.016830544943699264
3, 5, 0.015304689406834156
3, 6, 0.019281271798656966
3, 7, 0.01777830523204392
3, 8, 0.018050506037661507
3, 9, 0.01587985019071352
3, 10, 0.017961459491333688
3, 11, 0.01688545838873342
4, 5, 0.014283492441240329
4, 6, 0.019281357684133905
4, 7, 0.017778338280824868
4, 8, 0.0180505492105143
4, 9, 0.015879733552685252
4, 10, 0.01796150002219426
4, 11, 0.01688546292949318
5, 6, 0.019281125351781662
5, 7, 0.017778179618930433
5, 8, 0.018050373911718116
5, 9, 0.015879403812616294
5, 10, 0.017961327125206976
5, 11, 0.016885330766616562
6, 7, 0.0185108132208156
6, 8, 0.01865994399726601
6, 9, 0.01858907139304848
6, 10, 0.0186176656521803
6, 11, 0.018102376416560886
7, 8, 0.017912326410246066
7, 9, 0.017407300259975243
7, 10, 0.017868122782759562
7, 11, 0.017350269911274318
8, 9, 0.017615586701579818
8, 10, 0.01800620707187471
8, 11, 0.01748291760239148
9, 10, 0.01754166270419551
9, 11, 0.016675565739160476
10, 11, 0.01743506827525067
