62
0, 1, 0.020777815983521374
0, 2, 0.00722391288725251
0, 3, 0.009708378855246922
0, 4, 0.02173554668166608
0, 5, 0.002490614266859283
0, 6, 0.012155683910129705
0, 7, 0.007923694035433672
0, 8, 0.0056552775282638825
0, 9, 0.010970820316659734
0, 10, 0.00805527597585709
0, 11, 0.004411785523932178
0, 12, 0.007396685828762832
0, 13, 0.007988833465244944
0, 14, 0.0038889189418337263
0, 15, 0.0029437051761476447
0, 16, 0.0037755348473787306
0, 17, 0.009209778214186495
0, 18, 0.008011924551357569
0, 19, 0.0022186884442190534
0, 20, 0.006059904896718256
0, 21, 0.0029577949705712208
0, 22, 0.011450316034351227
0, 23, 0.005583484043594273
0, 24, 0.016468509458428354
0, 25, 0.007326340731420906
0, 26, 0.007270806348033387
0, 27, 0.02247264641400337
0, 28, 0.012571633613688994
0, 29, 0.007656646002134512
0, 30, 0.009261229546984627
0, 31, 0.008084121066130602
0, 32, 0.008764805313295855
0, 33, 0.02170377805988122
0, 34, 0.008742274916127224
0, 35, 0.015716371924925532
0, 36, 0.0014801709904237541
0, 37, 0.005076354689669771
0, 38, 0.006783983974704259
0, 39, 0.01206096796588038
0, 40, 0.0063399739960552275
0, 41, 0.0013002302534394507
0, 42, 0.010503322284478568
0, 43, 0.020228374593757256
0, 44, 0.007350996740292423
0, 45, 0.003944855210414374
0, 46, 0.007297947828430446
0, 47, 0.012011279029251573
0, 48, 0.007673779955412824
0, 49, 0.006270273821715596
0, 50, 0.008971368099947322
0, 51, 0.008804303854580656
0, 52, 0.001748527771419441
0, 53, 0.009616202757958532
0, 54, 0.001600530696385563
0, 55, 0.00900874175745056
0, 56, 0.0059485726517520725
0, 57, 0.0073673681251118575
0, 58, 0.004545402176047356
0, 59, 0.006138419767027033
0, 60, 0.005963966518481861
0, 61, 0.008906340800955889
1, 2, 0.0072513612354136395
1, 3, 0.009730357599614735
1, 4, 0.02173248379083484
1, 5, 0.009289078417168875
1, 6, 0.01937147819192902
1, 7, 0.007962599868750721
1, 8, 0.005731459982790882
1, 9, 0.019907851183695945
1, 10, 0.008084418491959726
1, 11, 0.004444450527752719
1, 12, 0.007534980500247823
1, 13, 0.009315859632037736
1, 14, 0.003915680517695715
1, 15, 0.003291965818706881
1, 16, 0.003806502297659162
1, 17, 0.009941650260700085
1, 18, 0.008038804753533565
1, 19, 0.002247843933921241
1, 20, 0.00630304116535032
1, 21, 0.0029865008745755756
1, 22, 0.016273455770375804
1, 23, 0.005612314587465971
1, 24, 0.020374377477365622
1, 25, 0.007355202691807334
1, 26, 0.007300201975644191
1, 27, 0.02095404593867417
1, 28, 0.020749910796205213
1, 29, 0.00768682030239747
1, 30, 0.009287233992920722
1, 31, 0.019500262339245577
1, 32, 0.008788202461595472
1, 33, 0.020921918911397316
1, 34, 0.010253968208352329
1, 35, 0.02085606601897079
1, 36, 0.0015152574289965502
1, 37, 0.006520846206594825
1, 38, 0.006810654233000804
1, 39, 0.020226411516465283
1, 40, 0.0063726817608113825
1, 41, 0.0013352775413945747
1, 42, 0.011712030428358259
1, 43, 0.02089919034965003
1, 44, 0.0073771356973297885
1, 45, 0.003992382490061245
1, 46, 0.007326273722105576
1, 47, 0.020843115597388533
1, 48, 0.0077034851327255184
1, 49, 0.019516514020621083
1, 50, 0.008998946089685224
1, 51, 0.015854628158713725
1, 52, 0.0017784154019691643
1, 53, 0.009649106510697652
1, 54, 0.0025839992682213575
1, 55, 0.015552653053042157
1, 56, 0.005988767844165387
1, 57, 0.0073954857271996905
1, 58, 0.004571031566312843
1, 59, 0.006210321146240556
1, 60, 0.005999039973392898
1, 61, 0.008938092290262621
2, 3, 0.008479747241669899
2, 4, 0.012303724864835424
2, 5, 0.007207561841274005
2, 6, 0.007225880278335875
2, 7, 0.007504273066339342
2, 8, 0.006775309611378697
2, 9, 0.007224611413891725
2, 10, 0.007614029421796954
2, 11, 0.005808707014825331
2, 12, 0.007251905788230394
2, 13, 0.007236967772976651
2, 14, 0.0053540504316648635
2, 15, 0.006828801372280366
2, 16, 0.005409841156556933
2, 17, 0.007281834155156969
2, 18, 0.007610275124496828
2, 19, 0.004407850838301726
2, 20, 0.007098386552313083
2, 21, 0.004849794191614218
2, 22, 0.007231917500898598
2, 23, 0.006377302439882404
2, 24, 0.007226320080568037
2, 25, 0.007273571091158152
2, 26, 0.007246438731001909
2, 27, 0.007224623676491111
2, 28, 0.007223978343339649
2, 29, 0.007426475147132091
2, 30, 0.008187889637938772
2, 31, 0.007223979646908553
2, 32, 0.008009838407357
2, 33, 0.00722415237998746
2, 34, 0.007244977884054221
2, 35, 0.007223950146559745
2, 36, 0.004201202503791764
2, 37, 0.0071816210124363115
2, 38, 0.006997221045631237
2, 39, 0.007224581421401538
2, 40, 0.006806797153113764
2, 41, 0.004091225371569472
2, 42, 0.007273168012202568
2, 43, 0.007224246861004312
2, 44, 0.007288642692254331
2, 45, 0.005856394594016812
2, 46, 0.007260171935953588
2, 47, 0.007223840500588037
2, 48, 0.007436113816826199
2, 49, 0.007223564225177691
2, 50, 0.00803582058278581
2, 51, 0.00722604075813786
2, 52, 0.004143282849114622
2, 53, 0.008198715889953568
2, 54, 0.007020797947480539
2, 55, 0.007226698483440888
2, 56, 0.006678918409239374
2, 57, 0.007294322667368784
2, 58, 0.005719537009178922
2, 59, 0.006907702881860228
2, 60, 0.006643336546539301
2, 61, 0.007949113143797827
3, 4, 0.013858579150856006
3, 5, 0.00968413524009289
3, 6, 0.00970933604513795
3, 7, 0.009002499046094901
3, 8, 0.008567590038188537
3, 9, 0.009708588328537916
3, 10, 0.008941515108187855
3, 11, 0.0070720783110043055
3, 12, 0.009339005203731598
3, 13, 0.009679273179901826
3, 14, 0.00647716570696735
3, 15, 0.009096419536076246
3, 16, 0.006619941332588164
3, 17, 0.009694041211658695
3, 18, 0.008885729062561456
3, 19, 0.005535135980942551
3, 20, 0.009322922004182834
3, 21, 0.005988387498551716
3, 22, 0.009711596463886184
3, 23, 0.007602359254738756
3, 24, 0.009710136754992979
3, 25, 0.008564822892388278
3, 26, 0.008546844058145488
3, 27, 0.009709012013603828
3, 28, 0.009708420897302044
3, 29, 0.008758779442048555
3, 30, 0.009499201033680774
3, 31, 0.009707915055544353
3, 32, 0.0092322201049696
3, 33, 0.009708622811101117
3, 34, 0.009695104651790023
3, 35, 0.009708437123800075
3, 36, 0.0054233819744566696
3, 37, 0.009619342283566368
3, 38, 0.008217965194771835
3, 39, 0.009708697648766723
3, 40, 0.00813758816912091
3, 41, 0.005307957545480707
3, 42, 0.009720028869430485
3, 43, 0.00970869022120445
3, 44, 0.008519237593466445
3, 45, 0.007335583707467278
3, 46, 0.008538625917344929
3, 47, 0.009708344734447873
3, 48, 0.008759417406228995
3, 49, 0.009707598034253013
3, 50, 0.009369903672917887
3, 51, 0.00970703682825402
3, 52, 0.005273092087000856
3, 53, 0.009671262801305865
3, 54, 0.009421803388999507
3, 55, 0.00970718530558674
3, 56, 0.008122094795858946
3, 57, 0.008570984499535724
3, 58, 0.006836688889331115
3, 59, 0.008684850149477901
3, 60, 0.008003608039057404
3, 61, 0.009366903653883662
4, 5, 0.02161412561582006
4, 6, 0.021728477074371366
4, 7, 0.014084997910838956
4, 8, 0.014878910773936153
4, 9, 0.02173159108015588
4, 10, 0.013233020364159192
4, 11, 0.010425305840491146
4, 12, 0.01793355067333069
4, 13, 0.021302067198319202
4, 14, 0.009185552070305057
4, 15, 0.018752164139961426
4, 16, 0.009643349337754313
4, 17, 0.02107268781141423
4, 18, 0.012936659781820185
4, 19, 0.007978757358046965
4, 20, 0.018865488822967496
4, 21, 0.0085972603631907
4, 22, 0.021699327501440328
4, 23, 0.011003963260159714
4, 24, 0.021733398582629567
4, 25, 0.012561558722411043
4, 26, 0.012574050644676841
4, 27, 0.02173617705608942
4, 28, 0.0217354244247187
4, 29, 0.012999399602594443
4, 30, 0.01393724993903832
4, 31, 0.02172980617270049
4, 32, 0.013186921805131164
4, 33, 0.021736098532935087
4, 34, 0.02140307256156917
4, 35, 0.021735857744211315
4, 36, 0.008094223624349157
4, 37, 0.02113906575566826
4, 38, 0.011813860978001177
4, 39, 0.021733072181679372
4, 40, 0.012131293810750137
4, 41, 0.007926598080663563
4, 42, 0.021425931351919232
4, 43, 0.02173599661505248
4, 44, 0.012257407805533669
4, 45, 0.011586496414441537
4, 46, 0.012473947650772635
4, 47, 0.02173581904847405
4, 48, 0.012962404364042956
4, 49, 0.021730025399300523
4, 50, 0.013858929280319345
4, 51, 0.021701585266346107
4, 52, 0.007647194217357096
4, 53, 0.014938745260099017
4, 54, 0.02042716645843821
4, 55, 0.02169733136227864
4, 56, 0.012567589235332077
4, 57, 0.012510972167351739
4, 58, 0.00963320208929853
4, 59, 0.014986383241794524
4, 60, 0.012062154877849392
4, 61, 0.014236565688112941
5, 6, 0.0034957190134426337
5, 7, 0.007895741520856854
5, 8, 0.005627871429682658
5, 9, 0.0029373340184143328
5, 10, 0.008033608532080416
5, 11, 0.00440506273838467
5, 12, 0.007310749202593687
5, 13, 0.007081941746778432
5, 14, 0.0038849700510722703
5, 15, 0.0029262431479191516
5, 16, 0.0037713430611799707
5, 17, 0.008518678872725182
5, 18, 0.007992156606384165
5, 19, 0.0022191798403877424
5, 20, 0.005959659978398107
5, 21, 0.0029562986096563883
5, 22, 0.0056799289719699116
5, 23, 0.005573367250830116
5, 24, 0.0034606606996025217
5, 25, 0.007308651243880913
5, 26, 0.007253065967161251
5, 27, 0.0027309895063149067
5, 28, 0.002522053045430917
5, 29, 0.007636421351190139
5, 30, 0.009235339853265637
5, 31, 0.002791037815438045
5, 32, 0.008744076587153855
5, 33, 0.0025549220209214723
5, 34, 0.007514334578399033
5, 35, 0.0024890864529059195
5, 36, 0.001482996416288828
5, 37, 0.004688044235148498
5, 38, 0.006769995196951201
5, 39, 0.00286046229784734
5, 40, 0.00632503133050743
5, 41, 0.0013035708570707145
5, 42, 0.009028760137357993
5, 43, 0.0025963399921299654
5, 44, 0.007334864444466244
5, 45, 0.00393756007209708
5, 46, 0.007280722527845132
5, 47, 0.0024485568687131706
5, 48, 0.007653778479186799
5, 49, 0.002631046065864392
5, 50, 0.00894571224973895
5, 51, 0.004308206124702955
5, 52, 0.0017502602666604936
5, 53, 0.009580682249722755
5, 54, 0.0016675637870940997
5, 55, 0.004556674723297581
5, 56, 0.0059324732709647885
5, 57, 0.007349937971643306
5, 58, 0.004539728655893367
5, 59, 0.006107734782692262
5, 60, 0.005949839666343272
5, 61, 0.00887726001205275
6, 7, 0.007926218819193587
6, 8, 0.005661746901172789
6, 9, 0.011734006123372975
6, 10, 0.008057126192013792
6, 11, 0.004414832805097377
6, 12, 0.00740643848150667
6, 13, 0.008081479055484347
6, 14, 0.0038915011335628985
6, 15, 0.0029796905399444087
6, 16, 0.0037785443146232897
6, 17, 0.009248360395602733
6, 18, 0.008013643083538509
6, 19, 0.002221767157529499
6, 20, 0.006079980245106817
6, 21, 0.0029607165968323634
6, 22, 0.01157269073116965
6, 23, 0.005585941561798025
6, 24, 0.01392893457917877
6, 25, 0.007328382042947567
6, 26, 0.007272900748505399
6, 27, 0.013442143891552372
6, 28, 0.012203257390303732
6, 29, 0.007658684292575632
6, 30, 0.009262516976152128
6, 31, 0.010598189288991361
6, 32, 0.008766105838393792
6, 33, 0.012765520119073084
6, 34, 0.008835896328894956
6, 35, 0.012349861069519772
6, 36, 0.0014840005405163583
6, 37, 0.005214642138887071
6, 38, 0.006786000729651712
6, 39, 0.012135122939157736
6, 40, 0.006342570486336987
6, 41, 0.001304084196668849
6, 42, 0.010545528903671858
6, 43, 0.01285156141640432
6, 44, 0.007352839098048473
6, 45, 0.003949429599877294
6, 46, 0.007299958704342583
6, 47, 0.012160679950877258
6, 48, 0.007675781467857734
6, 49, 0.010120390217399754
6, 50, 0.008972833292035635
6, 51, 0.009532147125981159
6, 52, 0.0017517518692961344
6, 53, 0.009617678469213398
6, 54, 0.001711709932900175
6, 55, 0.00962400825253633
6, 56, 0.005951889982610558
6, 57, 0.007369345829519982
6, 58, 0.004547770312460824
6, 59, 0.006144256801800504
6, 60, 0.00596685616773796
6, 61, 0.008908053197026347
7, 8, 0.007074065232398878
7, 9, 0.00792453443072021
7, 10, 0.007998540426666794
7, 11, 0.005808258254341026
7, 12, 0.007804874910686797
7, 13, 0.007925177749255751
7, 14, 0.005276230221076275
7, 15, 0.007266398343747427
7, 16, 0.005335137474023817
7, 17, 0.00797893979702719
7, 18, 0.007975671681877143
7, 19, 0.004170125260792683
7, 20, 0.007638516884222362
7, 21, 0.004684273235244145
7, 22, 0.007933667685415565
7, 23, 0.006485414811039998
7, 24, 0.00792703603005927
7, 25, 0.007573994843231886
7, 26, 0.0075437553545716655
7, 27, 0.007924730076887172
7, 28, 0.007923782442098131
7, 29, 0.007771826488853425
7, 30, 0.008690319406807803
7, 31, 0.007923566080448587
7, 32, 0.00843577456914547
7, 33, 0.007924056306219833
7, 34, 0.007940491046041132
7, 35, 0.007923759142279944
7, 36, 0.003901571081724252
7, 37, 0.007840756852292014
7, 38, 0.007224189943725915
7, 39, 0.007924549303196742
7, 40, 0.00701797124007393
7, 41, 0.003773189391872216
7, 42, 0.007981185307070945
7, 43, 0.007924186808483112
7, 44, 0.007575001895694922
7, 45, 0.005867261742690345
7, 46, 0.007554212306374495
7, 47, 0.007923601593769888
7, 48, 0.007780683376253098
7, 49, 0.007922983437355308
7, 50, 0.008515362311400317
7, 51, 0.007925400652511478
7, 52, 0.00386073972628612
7, 53, 0.008781731221423596
7, 54, 0.0075882375214934555
7, 55, 0.007926170257693774
7, 56, 0.006882123223847857
7, 57, 0.0075948884256257536
7, 58, 0.005704002416401157
7, 59, 0.007244183669004772
7, 60, 0.00682434797303486
7, 61, 0.008445580413084859
8, 9, 0.005657785296535976
8, 10, 0.0073072571028803225
8, 11, 0.004763896727278395
8, 12, 0.00622405776525856
8, 13, 0.005752853190979329
8, 14, 0.00431062533688268
8, 15, 0.005105789495723471
8, 16, 0.00427371636547193
8, 17, 0.005903517997410952
8, 18, 0.007319376379362295
8, 19, 0.0030343200257945254
8, 20, 0.00574865142919832
8, 21, 0.0036101895863542874
8, 22, 0.005682628290473896
8, 23, 0.0056029487718982215
8, 24, 0.0056622494498602075
8, 25, 0.006828470354146652
8, 26, 0.006784639304720966
8, 27, 0.005657152946634067
8, 28, 0.005655476457140915
8, 29, 0.007031010634436232
8, 30, 0.00814935548351234
8, 31, 0.005656296844434005
8, 32, 0.007901063157287867
8, 33, 0.005655860098653832
8, 34, 0.0057603063593793654
8, 35, 0.005655335415134801
8, 36, 0.002586175143508338
8, 37, 0.005627245130946065
8, 38, 0.006474920547057708
8, 39, 0.005657487144724729
8, 40, 0.00612790686763927
8, 41, 0.002445149704842704
8, 42, 0.00583318993964677
8, 43, 0.005656136388730449
8, 44, 0.0068796672335459195
8, 45, 0.004558465320035465
8, 46, 0.006815678996365451
8, 47, 0.0056550375835208565
8, 48, 0.007049022988544645
8, 49, 0.005655115604893115
8, 50, 0.007924474891783894
8, 51, 0.0056660880539918775
8, 52, 0.0026757355476986332
8, 53, 0.008158695283100247
8, 54, 0.005308027945182104
8, 55, 0.005668519462554145
8, 56, 0.005845971092567022
8, 57, 0.006865531206443061
8, 58, 0.004809547121824066
8, 59, 0.00589973165420251
8, 60, 0.005865313069255197
8, 61, 0.007782274460368359
9, 10, 0.008055882493192076
9, 11, 0.004413016388631113
9, 12, 0.007400103794845628
9, 13, 0.008019785472834998
9, 14, 0.0038899759132220374
9, 15, 0.00295875945027824
9, 16, 0.00377677001763176
9, 17, 0.009220050993181132
9, 18, 0.008012490796408199
9, 19, 0.0022199902504296144
9, 20, 0.006067559687847498
9, 21, 0.002959014657689254
9, 22, 0.011391311037498856
9, 23, 0.005584439108741721
9, 24, 0.014126089009482075
9, 25, 0.007327059690700632
9, 26, 0.0072715472773217495
9, 27, 0.013418323070242537
9, 28, 0.011105253167731251
9, 29, 0.00765734336347402
9, 30, 0.009261564992200249
9, 31, 0.009281442219127389
9, 32, 0.008765187673020883
9, 33, 0.012118350182127107
9, 34, 0.008770306299005591
9, 35, 0.011297992755009515
9, 36, 0.0014818080426411016
9, 37, 0.005131637921774225
9, 38, 0.006784722233510587
9, 39, 0.01138825620544675
9, 40, 0.006340948995505698
9, 41, 0.001301881708091627
9, 42, 0.010507141183942073
9, 43, 0.012308469828143532
9, 44, 0.007351644316019712
9, 45, 0.00394672537929517
9, 46, 0.007298657678886507
9, 47, 0.01089569219835073
9, 48, 0.007674463604192272
9, 49, 0.008445768339553694
9, 50, 0.008971780340773648
9, 51, 0.0090429374735417
9, 52, 0.001749900794655563
9, 53, 0.009616540190889181
9, 54, 0.0016482259509683198
9, 55, 0.009199231730585403
9, 56, 0.005949842261378062
9, 57, 0.007368062351488283
9, 58, 0.004546355112733268
9, 59, 0.006140634515615502
9, 60, 0.005965071639234741
9, 61, 0.008906829731392002
10, 11, 0.006110035377813939
10, 12, 0.007936506943276
10, 13, 0.008053847939022094
10, 14, 0.005594356064735929
10, 15, 0.007528171729501
10, 16, 0.005673410578915816
10, 17, 0.008093165084196993
10, 18, 0.008032620424296994
10, 19, 0.004596654110111731
10, 20, 0.007815483856305233
10, 21, 0.005065259862224378
10, 22, 0.008062540616185032
10, 23, 0.00670407935104536
10, 24, 0.008057766764308416
10, 25, 0.007678901241578352
10, 26, 0.00765302823522587
10, 27, 0.00805605559661947
10, 28, 0.008055341480069752
10, 29, 0.007856314061068303
10, 30, 0.0086628593037787
10, 31, 0.008055146825405587
10, 32, 0.008438860801147639
10, 33, 0.008055550504333216
10, 34, 0.008065971764898825
10, 35, 0.008055326542935164
10, 36, 0.004394641027607279
10, 37, 0.007989206828629424
10, 38, 0.00736145582714081
10, 39, 0.00805590221414487
10, 40, 0.0071933210396818706
10, 41, 0.004277215946131674
10, 42, 0.00809675450916905
10, 43, 0.008055647655623875
10, 44, 0.0076745288026755475
10, 45, 0.006217235216737804
10, 46, 0.00766029674955001
10, 47, 0.008055208321034507
10, 48, 0.007863489225526881
10, 49, 0.008054711692948148
10, 50, 0.008508959180251024
10, 51, 0.008056357592843198
10, 52, 0.0043179959703166645
10, 53, 0.008738056696756244
10, 54, 0.007792955017006475
10, 55, 0.00805690969454374
10, 56, 0.007091271992473267
10, 57, 0.007696106287320914
10, 58, 0.005978793949185365
10, 59, 0.007447168472852623
10, 60, 0.007027629649916078
10, 61, 0.00844791157529641
11, 12, 0.004892123226344225
11, 13, 0.004472507916997037
11, 14, 0.004120192123784461
11, 15, 0.00427767587487665
11, 16, 0.0040790214532658575
11, 17, 0.0045501060764697775
11, 18, 0.006165580589098455
11, 19, 0.003184773412241311
11, 20, 0.00458709842001508
11, 21, 0.003607172865162033
11, 22, 0.004424957333933588
11, 23, 0.005012558794334031
11, 24, 0.004414843805825693
11, 25, 0.00581745914878403
11, 26, 0.005780486141693272
11, 27, 0.004412558239441953
11, 28, 0.004411875261472215
11, 29, 0.005920772485814194
11, 30, 0.006690857782664412
11, 31, 0.004412455801560675
11, 32, 0.006618112500570242
11, 33, 0.004412010906128449
11, 34, 0.0044712877415475855
11, 35, 0.00441179738330549
11, 36, 0.0028783250073921556
11, 37, 0.004424439065597978
11, 38, 0.005626036961376165
11, 39, 0.004412828393843141
11, 40, 0.005315191387532095
11, 41, 0.002776175931709038
11, 42, 0.004502163233072789
11, 43, 0.004412132753503703
11, 44, 0.005900961953558635
11, 45, 0.0042183907117998255
11, 46, 0.00581881722988137
11, 47, 0.004411672152186793
11, 48, 0.005940440287601826
11, 49, 0.004411943612534794
11, 50, 0.006515762617911477
11, 51, 0.004417796868219693
11, 52, 0.0029217213903148316
11, 53, 0.006516364374333408
11, 54, 0.004311343685507265
11, 55, 0.0044190115700859746
11, 56, 0.005063435437813693
11, 57, 0.005854341883156658
11, 58, 0.004486302276006801
11, 59, 0.004909859600382743
11, 60, 0.005121838729297354
11, 61, 0.006335053471920375
12, 13, 0.007445086934491719
12, 14, 0.004352394569562343
12, 15, 0.005866791571805516
12, 16, 0.004314978846922782
12, 17, 0.007639354858298761
12, 18, 0.007908433010288875
12, 19, 0.002898200930526978
12, 20, 0.006883980223694512
12, 21, 0.003552985398970637
12, 22, 0.007435875437414143
12, 23, 0.005862880380120657
12, 24, 0.00740884056293305
12, 25, 0.007338227247181664
12, 26, 0.007292429081447966
12, 27, 0.007400319843301942
12, 28, 0.007397014556753712
12, 29, 0.0076095212278482925
12, 30, 0.008929462187911486
12, 31, 0.0073968356604997626
12, 32, 0.008549504879437016
12, 33, 0.007397921620335385
12, 34, 0.007487434989297235
12, 35, 0.007396885522762479
12, 36, 0.0023610087739057944
12, 37, 0.007179322775852878
12, 38, 0.006878614384370387
12, 39, 0.007400001060987069
12, 40, 0.006528667496464902
12, 41, 0.0021998927061004144
12, 42, 0.007622666270434731
12, 43, 0.007398398527326092
12, 44, 0.007358072628099066
12, 45, 0.004682120806387462
12, 46, 0.007314394475776567
12, 47, 0.00739632678390894
12, 48, 0.007624147958853903
12, 49, 0.007394732526665021
12, 50, 0.008683178771173326
12, 51, 0.007406325628727285
12, 52, 0.002489724282657158
12, 53, 0.009127088261216734
12, 54, 0.006459645470946574
12, 55, 0.0074094993686482655
12, 56, 0.006247689327143367
12, 57, 0.007372156487300537
12, 58, 0.004920844131097132
12, 59, 0.006542228824355506
12, 60, 0.006229325927811436
12, 61, 0.008598055240670678
13, 14, 0.003944373544976967
13, 15, 0.003684605232021768
13, 16, 0.003840928823875556
13, 17, 0.008758036977777845
13, 18, 0.008011385478701982
13, 19, 0.002296164741120074
13, 20, 0.006303551249667037
13, 21, 0.0030270103052704805
13, 22, 0.008326206730949116
13, 23, 0.005622269611081119
13, 24, 0.008113517774460502
13, 25, 0.007338291381712003
13, 26, 0.007283952443993955
13, 27, 0.008028144684143463
13, 28, 0.00799216555689976
13, 29, 0.007662990944763113
13, 30, 0.009236740887938303
13, 31, 0.007983219979386785
13, 32, 0.0087518419059159
13, 33, 0.00800264984730134
13, 34, 0.008321707577968442
13, 35, 0.007991347885037315
13, 36, 0.0015811687926329961
13, 37, 0.006432702181677493
13, 38, 0.006803425121744817
13, 39, 0.00802065484037444
13, 40, 0.006371572535372188
13, 41, 0.0014029707981145377
13, 42, 0.009156742670061058
13, 43, 0.0080075727654352
13, 44, 0.007361447339297136
13, 45, 0.004041408677702086
13, 46, 0.00731016312552049
13, 47, 0.007985365549500717
13, 48, 0.007679706214222783
13, 49, 0.00796137177285964
13, 50, 0.008951780471228767
13, 51, 0.008044285816522558
13, 52, 0.0018323215520242451
13, 53, 0.009575586196099146
13, 54, 0.003635133923290782
13, 55, 0.008069928692939776
13, 56, 0.005995247712492054
13, 57, 0.007378318909347636
13, 58, 0.004591782935588026
13, 59, 0.006213844686426217
13, 60, 0.006004531748760355
13, 61, 0.008885438098636681
14, 15, 0.003818993630242542
14, 16, 0.0038360715366068826
14, 17, 0.00401141689277584
14, 18, 0.005661305577593446
14, 19, 0.0030503865545634386
14, 20, 0.0040763852504469445
14, 21, 0.0034271893841746927
14, 22, 0.0039001565916998568
14, 23, 0.004660211011634408
14, 24, 0.0038914473260899087
14, 25, 0.005350253025395399
14, 26, 0.005314857489169992
14, 27, 0.0038895427969460783
14, 28, 0.0038889938816236364
14, 29, 0.005427285198809876
14, 30, 0.006108152896561785
14, 31, 0.003889540226115416
14, 32, 0.006079615904014319
14, 33, 0.0038890962163019493
14, 34, 0.003942013849391746
14, 35, 0.0038889246771430714
14, 36, 0.002767844125518411
14, 37, 0.003907066738630943
14, 38, 0.005204064200452335
14, 39, 0.0038898032922404565
14, 40, 0.004898013741378083
14, 41, 0.0026774351174722166
14, 42, 0.003967059586874135
14, 43, 0.003889197154867432
14, 44, 0.005443759615995064
14, 45, 0.003908886156116607
14, 46, 0.005355605366302421
14, 47, 0.00388882276358945
14, 48, 0.005447474577505113
14, 49, 0.0038891185716482778
14, 50, 0.005946327913651303
14, 51, 0.0038942693727124457
14, 52, 0.002814351834507702
14, 53, 0.005894600626712096
14, 54, 0.0038234929908637296
14, 55, 0.0038953175950848244
14, 56, 0.004648654475587754
14, 57, 0.005387413454131542
14, 58, 0.004217708385844179
14, 59, 0.0044366286997399845
14, 60, 0.00472093855205104
14, 61, 0.005758135451761121
15, 16, 0.003705526325971214
15, 17, 0.00437406912565281
15, 18, 0.007527529569601287
15, 19, 0.0022715773453112534
15, 20, 0.004634404136406142
15, 21, 0.0029565341647375325
15, 22, 0.003099741926334326
15, 23, 0.005353541504121635
15, 24, 0.00297765182040429
15, 25, 0.006900028651417149
15, 26, 0.006844438054026969
15, 27, 0.0029517722862101663
15, 28, 0.0029447299238381775
15, 29, 0.007168762626147772
15, 30, 0.008618818631026934
15, 31, 0.002953508965942089
15, 32, 0.00824689857736974
15, 33, 0.0029458935451207513
15, 34, 0.0036507031744392408
15, 35, 0.002943693695865202
15, 36, 0.0016026195331578668
15, 37, 0.0032923697236857358
15, 38, 0.006448455056241395
15, 39, 0.002956073202552501
15, 40, 0.0059927368917325795
15, 41, 0.0014364632152193755
15, 42, 0.003930135202301698
15, 43, 0.0029472560274059817
15, 44, 0.006958562269075348
15, 45, 0.0038199695978860023
15, 46, 0.006882312947762537
15, 47, 0.0029423573179842436
15, 48, 0.007190413089015496
15, 49, 0.0029478865832212923
15, 50, 0.008339298803412882
15, 51, 0.0030229584144994552
15, 52, 0.0018358411561926263
15, 53, 0.008756841128554611
15, 54, 0.002580058182263919
15, 55, 0.0030376505165257382
15, 56, 0.005587966610944779
15, 57, 0.006945978397967746
15, 58, 0.0044274792340149765
15, 59, 0.005504333013602531
15, 60, 0.005642594510580309
15, 61, 0.008200880613643383
16, 17, 0.003918888340235371
16, 18, 0.005742761058038491
16, 19, 0.0029396931600697857
16, 20, 0.003999446178030127
16, 21, 0.0033415087076699456
16, 22, 0.0037886466796854513
16, 23, 0.004661300734630173
16, 24, 0.0037784669297799486
16, 25, 0.0054072633520974
16, 26, 0.005369357659731552
16, 27, 0.00377625475173723
16, 28, 0.0037756219355420543
16, 29, 0.005492536785324915
16, 30, 0.006229197968650152
16, 31, 0.0037762714070920076
16, 32, 0.006190411224176462
16, 33, 0.0037757382667311305
16, 34, 0.0038379079911435156
16, 35, 0.0037755405245472272
16, 36, 0.0026272529450016213
16, 37, 0.0037983584565100884
16, 38, 0.0052467749636753505
16, 39, 0.0037765657250644954
16, 40, 0.004918933035222535
16, 41, 0.0025308391161614043
16, 42, 0.003866758366619329
16, 43, 0.00377585537458233
16, 44, 0.005505436667675043
16, 45, 0.0038417557916254775
16, 46, 0.005412497279055176
16, 47, 0.0037754227215424947
16, 48, 0.005513985173162719
16, 49, 0.0037757828560565326
16, 50, 0.006055622935500031
16, 51, 0.003781829548569785
16, 52, 0.002687285834365848
16, 53, 0.006010067960028767
16, 54, 0.0037043268481196626
16, 55, 0.0037830552039754277
16, 56, 0.004648897123441503
16, 57, 0.005446792551883931
16, 58, 0.004187934922558126
16, 59, 0.004413747462900962
16, 60, 0.004727285335597737
16, 61, 0.005857130923690345
17, 18, 0.008048155836119257
17, 19, 0.0023784171926478984
17, 20, 0.006687725309102908
17, 21, 0.003104138279086389
17, 22, 0.009342302296044443
17, 23, 0.005682921383787786
17, 24, 0.009273007819691374
17, 25, 0.007384440460027116
17, 26, 0.007331454700929218
17, 27, 0.009231673344147798
17, 28, 0.00921135446861154
17, 29, 0.007707860978041976
17, 30, 0.009259469280518065
17, 31, 0.009197725172785484
17, 32, 0.008777222664469588
17, 33, 0.009217993366080245
17, 34, 0.009058179741239271
17, 35, 0.009211607782928632
17, 36, 0.0016839438709832656
17, 37, 0.007556682888478176
17, 38, 0.006850714229593118
17, 39, 0.009222823454213075
17, 40, 0.006433402796500508
17, 41, 0.0015066571788842323
17, 42, 0.009643809908866716
17, 43, 0.009220448468557836
17, 44, 0.007403158959829837
17, 45, 0.004157257492103861
17, 46, 0.007355742984130354
17, 47, 0.009208369530627964
17, 48, 0.007723727961328813
17, 49, 0.009186408299409792
17, 50, 0.008979259756261446
17, 51, 0.009188514619368158
17, 52, 0.0019189965811820461
17, 53, 0.009599048669934428
17, 54, 0.004989378319343241
17, 55, 0.00919664274615793
17, 56, 0.006074894862530906
17, 57, 0.0074229389093502214
17, 58, 0.004652369230437343
17, 59, 0.006347804569954637
17, 60, 0.00607428977720988
17, 61, 0.008917820163512741
18, 19, 0.004697842949688868
18, 20, 0.007794200601915683
18, 21, 0.005151434296566861
18, 22, 0.008018688161288971
18, 23, 0.006735367463865275
18, 24, 0.008014224957697666
18, 25, 0.007672386760272826
18, 26, 0.007647531882232883
18, 27, 0.00801264225685449
18, 28, 0.008011985164110644
18, 29, 0.007842082381235052
18, 30, 0.008615014362405202
18, 31, 0.008011815653987626
18, 32, 0.008403133566165248
18, 33, 0.008012176691793119
18, 34, 0.00802239521153029
18, 35, 0.008011970623194961
18, 36, 0.004511981324641841
18, 37, 0.007951973610456504
18, 38, 0.007367528532707618
18, 39, 0.008012506349107806
18, 40, 0.0072070017548032834
18, 41, 0.004398290721700061
18, 42, 0.008050776835502314
18, 43, 0.008012266447778247
18, 44, 0.0076684986190079804
18, 45, 0.006277661364571315
18, 46, 0.007654601606518693
18, 47, 0.00801186168960709
18, 48, 0.007849054567631535
18, 49, 0.00801141405995961
18, 50, 0.008466869480904487
18, 51, 0.008012982252789243
18, 52, 0.0044288299735577115
18, 53, 0.008680562084917189
18, 54, 0.007771652954474471
18, 55, 0.00801349895742699
18, 56, 0.007110781950442788
18, 57, 0.007688971869218238
18, 58, 0.006032254036609598
18, 59, 0.0074512633093678764
18, 60, 0.00704870321793391
18, 61, 0.008405887239727163
19, 20, 0.002548085788783774
19, 21, 0.0025835386821474833
19, 22, 0.0022323031246564364
19, 23, 0.003743667716352506
19, 24, 0.002221515810489748
19, 25, 0.004380221748674108
19, 26, 0.004339135410540522
19, 27, 0.0022193405882920147
19, 28, 0.002218774540955727
19, 29, 0.004428632144443228
19, 30, 0.005114359902022576
19, 31, 0.0022195875225699954
19, 32, 0.005146987386709943
19, 33, 0.0022188591507936893
19, 34, 0.0022895244404167545
19, 35, 0.002218682476572157
19, 36, 0.0018763318810098174
19, 37, 0.0022622521972730943
19, 38, 0.00428364323971151
19, 39, 0.0022197449043911198
19, 40, 0.003907561810093503
19, 41, 0.0017905823156300778
19, 42, 0.0023158057230958547
19, 43, 0.0022189726574531913
19, 44, 0.004513608589922622
19, 45, 0.0028354324007566155
19, 46, 0.004394135336679636
19, 47, 0.0022185734224941587
19, 48, 0.004454583192423544
19, 49, 0.002219121448122449
19, 50, 0.004939344466167539
19, 51, 0.002225826358718602
19, 52, 0.0019834841783515356
19, 53, 0.004795962766523902
19, 54, 0.0022009745637196843
19, 55, 0.0022271309304683086
19, 56, 0.003587713218367773
19, 57, 0.004426736268882451
19, 58, 0.003379604340084279
19, 59, 0.0031674340719527183
19, 60, 0.003713355418940409
19, 61, 0.004697776883616745
20, 21, 0.0032298889328761667
20, 22, 0.006143353047960958
20, 23, 0.005631775243928996
20, 24, 0.006082171833434583
20, 25, 0.007182572393655445
20, 26, 0.007131585627329939
20, 27, 0.006066037831296307
20, 28, 0.0060605342607905595
20, 29, 0.007464000702640622
20, 30, 0.00888182792271916
20, 31, 0.0060625526027343005
20, 32, 0.00848365357251737
20, 33, 0.006061850295252639
20, 34, 0.0063403090535246375
20, 35, 0.00606012697139647
20, 36, 0.0019288878541303624
20, 37, 0.005918688907140495
20, 38, 0.006709958033720834
20, 39, 0.006066765180522742
20, 40, 0.006306452488998788
20, 41, 0.001762246869529554
20, 42, 0.006558262779417278
20, 43, 0.006062731929623576
20, 44, 0.007216630309262071
20, 45, 0.004250000170423321
20, 46, 0.007159979812318775
20, 47, 0.006059159684995931
20, 48, 0.0074815232639649865
20, 49, 0.006058762869710463
20, 50, 0.008615746347899751
20, 51, 0.006090794260054032
20, 52, 0.002118246197919894
20, 53, 0.00908505285465639
20, 54, 0.005002867912016986
20, 55, 0.006098074294015535
20, 56, 0.005963866589494697
20, 57, 0.0072219673907663665
20, 58, 0.004675675170201051
20, 59, 0.006120247544290001
20, 60, 0.005975655375054232
20, 61, 0.00851502575546807
21, 22, 0.0029706330486903194
21, 23, 0.004163959271698494
21, 24, 0.0029605487429013866
21, 25, 0.004833067620983872
21, 26, 0.004794159800097308
21, 27, 0.0029584484475279225
21, 28, 0.002957877902825528
21, 29, 0.004895581506946843
21, 30, 0.005587552323481465
21, 31, 0.0029585884113234717
21, 32, 0.0055911647114616735
21, 33, 0.0029579723148281576
21, 34, 0.003022158543508649
21, 35, 0.002957794141307201
21, 36, 0.0022638079623852076
21, 37, 0.002990847724955039
21, 38, 0.004711997675247829
21, 39, 0.0029587967528897133
21, 40, 0.004364135147008404
21, 41, 0.002175035963158716
21, 42, 0.0030484426454924825
21, 43, 0.00295808261302781
21, 44, 0.00494922166261429
21, 45, 0.003316057904243567
21, 46, 0.004843114124927119
21, 47, 0.002957685948890745
21, 48, 0.0049191355176888265
21, 49, 0.0029581322786562695
21, 50, 0.005416677791771398
21, 51, 0.0029642821897896024
21, 52, 0.002345524970310009
21, 53, 0.005315247211576255
21, 54, 0.0029182470105935114
21, 55, 0.002965499467380851
21, 56, 0.004072831701690631
21, 57, 0.004875734891011329
21, 58, 0.0037597614277020443
21, 59, 0.0037422097952957323
21, 60, 0.004175431362694723
21, 61, 0.005197470391930278
22, 23, 0.0055939123009882885
22, 24, 0.012079079485949988
22, 25, 0.0073346151340678315
22, 26, 0.007279312725718553
22, 27, 0.011758137146065188
22, 28, 0.011464334822018423
22, 29, 0.007664800567066207
22, 30, 0.009265835124317001
22, 31, 0.011053346579065537
22, 32, 0.008769684752324838
22, 33, 0.01158323251218007
22, 34, 0.009061694761817809
22, 35, 0.011489415331122755
22, 36, 0.00149719492774748
22, 37, 0.005628534932667524
22, 38, 0.0067923055078378996
22, 39, 0.01149168449744875
22, 40, 0.006350811884129609
22, 41, 0.0013173835253754203
22, 42, 0.010607045424021277
22, 43, 0.011608824443844963
22, 44, 0.007358459050642315
22, 45, 0.003964731538071509
22, 46, 0.007306107508006058
22, 47, 0.011445840067004252
22, 48, 0.007681781725353038
22, 49, 0.0109233905758434
22, 50, 0.008976767489163632
22, 51, 0.010304330837792064
22, 52, 0.0017628359768256088
22, 53, 0.009621234840082402
22, 54, 0.002076132463327489
22, 55, 0.01031279209864757
22, 56, 0.005962538669758861
22, 57, 0.007375372909097399
22, 58, 0.004555623047241526
22, 59, 0.006162851555481432
22, 60, 0.005976131102560219
22, 61, 0.008912686531113982
23, 24, 0.005586119496791966
23, 25, 0.006401722145262769
23, 26, 0.006369650431459263
23, 27, 0.00558419000186315
23, 28, 0.005583559350392797
23, 29, 0.0065211503039889354
23, 30, 0.0072649632886503425
23, 31, 0.00558388157837687
23, 32, 0.007155116268041064
23, 33, 0.00558370252581643
23, 34, 0.005624719178565759
23, 35, 0.005583505174977761
23, 36, 0.0034897756966827797
23, 37, 0.005573956942317544
23, 38, 0.0061825474328585615
23, 39, 0.005584323205343188
23, 40, 0.005928217789025485
23, 41, 0.0033868866746133066
23, 42, 0.005652870129135014
23, 43, 0.005583806968558478
23, 44, 0.006456310974828403
23, 45, 0.004925457243605483
23, 46, 0.006397313098021802
23, 47, 0.005583392931508834
23, 48, 0.006536367296969672
23, 49, 0.005583435407451278
23, 50, 0.0071036735831398225
23, 51, 0.005587647099280489
23, 52, 0.0034865678088298775
23, 53, 0.007164653354046394
23, 54, 0.005448176419432861
23, 55, 0.00558857737764661
23, 56, 0.005733659784555289
23, 57, 0.0064312810918823096
23, 58, 0.005016853504154755
23, 59, 0.005737701001905963
23, 60, 0.005752631459622241
23, 61, 0.006963780400530655
24, 25, 0.0073288645919284846
24, 26, 0.007273381139380533
24, 27, 0.01803936304864336
24, 28, 0.016404773163729246
24, 29, 0.0076592586142772
24, 30, 0.009263352349745043
24, 31, 0.012529573904840418
24, 32, 0.00876675383883567
24, 33, 0.017482829809296194
24, 34, 0.008883459463322578
24, 35, 0.016918261587319003
24, 36, 0.0014836082105501346
24, 37, 0.005221212426745917
24, 38, 0.006786351575352145
24, 39, 0.015004402726935548
24, 40, 0.006342912072074681
24, 41, 0.001303671460604093
24, 42, 0.01060642289820617
24, 43, 0.017443516498132073
24, 44, 0.007353280423936711
24, 45, 0.003949345969884256
24, 46, 0.007300426787350512
24, 47, 0.01672564156654847
24, 48, 0.007676350494123045
24, 49, 0.01204777415039218
24, 50, 0.008973646876385572
24, 51, 0.010001441382460643
24, 52, 0.0017514448085265777
24, 53, 0.009618848083086547
24, 54, 0.0017010665618811753
24, 55, 0.01005002500133721
24, 56, 0.005952219088751355
24, 57, 0.007369823804322881
24, 58, 0.004547794835670931
24, 59, 0.006144925594858124
24, 60, 0.005967146219635339
24, 61, 0.00890897207020521
25, 26, 0.007298694530571744
25, 27, 0.007327091074249775
25, 28, 0.007326409103746012
25, 29, 0.0074857026601285355
25, 30, 0.008269786997702847
25, 31, 0.007326387839849966
25, 32, 0.008080795798062276
25, 33, 0.00732659491905622
25, 34, 0.0073471302601810975
25, 35, 0.007326381184047738
25, 36, 0.0041655601729849055
25, 37, 0.007279458183828648
25, 38, 0.00703905707809754
25, 39, 0.007327034106355214
25, 40, 0.006846659981890562
25, 41, 0.004052790530419066
25, 42, 0.007376852474140886
25, 43, 0.007326693909623046
25, 44, 0.007339196860430607
25, 45, 0.005868332547305886
25, 46, 0.007311920473690833
25, 47, 0.007326265672121487
25, 48, 0.007495224191289187
25, 49, 0.007325951673071464
25, 50, 0.00811436737047533
25, 51, 0.007328442275818851
25, 52, 0.004108986040907888
25, 53, 0.00829154944075852
25, 54, 0.007107684906991246
25, 55, 0.007329116980604651
25, 56, 0.006717999800087278
25, 57, 0.007347016940985759
25, 58, 0.005724981573360566
25, 59, 0.006965946698837064
25, 60, 0.006678950751339358
25, 61, 0.008029884565897859
26, 27, 0.007271569003620851
26, 28, 0.007270876243252652
26, 29, 0.007458349055910818
26, 30, 0.008248430946823914
26, 31, 0.007270867127236508
26, 32, 0.008059706106969504
26, 33, 0.007271063952116571
26, 34, 0.007292721352902228
26, 35, 0.007270846846319689
26, 36, 0.004119535093272141
26, 37, 0.00722443195388993
26, 38, 0.007011200016980728
26, 39, 0.007271517920702062
26, 40, 0.0068148070998547096
26, 41, 0.004006289841528698
26, 42, 0.0073229287778742045
26, 43, 0.007271164979981359
26, 44, 0.007313066403700551
26, 45, 0.005825085811842635
26, 46, 0.00728453900598098
26, 47, 0.0072707293086513355
26, 48, 0.00746813209610305
26, 49, 0.007270422497163915
26, 50, 0.008091496250149148
26, 51, 0.007273022125098201
26, 52, 0.004066264041198026
26, 53, 0.008267595968389142
26, 54, 0.0070512756758361545
26, 55, 0.007273718657606924
26, 56, 0.006682323707356171
26, 57, 0.007319914681390063
26, 58, 0.005691932311911247
26, 59, 0.006923828325822908
26, 60, 0.006645147860835569
26, 61, 0.0080048505700106
27, 28, 0.021362106635914358
27, 29, 0.007657440536472841
27, 30, 0.009261962853327048
27, 31, 0.010598059997665533
27, 32, 0.008765450138020749
27, 33, 0.02821440032941588
27, 34, 0.008789623188867259
27, 35, 0.026156428034329715
27, 36, 0.0014809431611916058
27, 37, 0.005114558229819516
27, 38, 0.006784663624841482
27, 39, 0.015084142890415953
27, 40, 0.006340795107950871
27, 41, 0.0013009985729788135
27, 42, 0.010544245679806127
27, 43, 0.0262713357059882
27, 44, 0.007351676788140693
27, 45, 0.003945966151926715
27, 46, 0.0072986834208199096
27, 47, 0.026307375134591336
27, 48, 0.007674562633635486
27, 49, 0.009369679991354091
27, 50, 0.008972135502092285
27, 51, 0.009261318943335872
27, 52, 0.001749189240392911
27, 53, 0.009617147220220109
27, 54, 0.0016233392855854267
27, 55, 0.009406766325646033
27, 56, 0.005949569188552943
27, 57, 0.0073681002087904925
27, 58, 0.004546010490299758
27, 59, 0.0061402173699131556
27, 60, 0.005964836216732364
27, 61, 0.008907222038759781
28, 29, 0.007656715882046842
28, 30, 0.00926128189767929
28, 31, 0.008308131778462121
28, 32, 0.008764854790471602
28, 33, 0.019869138966294195
28, 34, 0.008745923373600877
28, 35, 0.015345956918077207
28, 36, 0.0014802767037063525
28, 37, 0.00508059329765685
28, 38, 0.006784049334396865
28, 39, 0.012183063392536607
28, 40, 0.006340056234821447
28, 41, 0.001300336328609865
28, 42, 0.010505660721404096
28, 43, 0.019094053500961317
28, 44, 0.0073510585479570675
28, 45, 0.003944988194937821
28, 46, 0.007298015054547026
28, 47, 0.012910718595411645
28, 48, 0.0076738486621822175
28, 49, 0.006605996428605543
28, 50, 0.008971425296490447
28, 51, 0.008839576716853384
28, 52, 0.0017486171719802055
28, 53, 0.009616266456211057
28, 54, 0.0016036367936743392
28, 55, 0.009038542172994534
28, 56, 0.0059486758635942435
28, 57, 0.007367434548300377
28, 58, 0.004545472187141268
28, 59, 0.006138602992387329
28, 60, 0.005964056478043541
28, 61, 0.008906407095013214
29, 30, 0.00846679445013825
29, 31, 0.007656614837722547
29, 32, 0.008256940935023261
29, 33, 0.007656919903553632
29, 34, 0.00767368422483439
29, 35, 0.007656692721788388
29, 36, 0.004211431351636889
29, 37, 0.007599147068158263
29, 38, 0.007179432973204197
29, 39, 0.007657337345820523
29, 40, 0.006993578545955549
29, 41, 0.004094842707119438
29, 42, 0.007705089917249232
29, 43, 0.007657022129402962
29, 44, 0.007491039900027522
29, 45, 0.005992926754921492
29, 46, 0.007469146137012608
29, 47, 0.007656571224438693
29, 48, 0.0076651995147669185
29, 49, 0.007656161201638338
29, 50, 0.008309171433799558
29, 51, 0.007658369727887596
29, 52, 0.004149493384951387
29, 53, 0.008515865875930463
29, 54, 0.007409494012478951
29, 55, 0.007659016326671147
29, 56, 0.006873219190201378
29, 57, 0.007505255749557469
29, 58, 0.005812779025289786
29, 59, 0.0071735669799497
29, 60, 0.006823055936718091
29, 61, 0.008234540749172948
30, 31, 0.009260810101478084
30, 32, 0.008994674202906153
30, 33, 0.009261505203282044
30, 34, 0.009253079049360178
30, 35, 0.00926129139111649
30, 36, 0.004958953640614602
30, 37, 0.00916990147291449
30, 38, 0.007918834858414648
30, 39, 0.009261661004739448
30, 40, 0.007804640031170661
30, 41, 0.004839101739422105
30, 42, 0.009281932303108552
30, 43, 0.009261587043772208
30, 44, 0.008235992151728865
30, 45, 0.006904289514585803
30, 46, 0.008245000657172881
30, 47, 0.009261183199846302
30, 48, 0.008469559474078682
30, 49, 0.00926043101355574
30, 50, 0.00911873048613597
30, 51, 0.009260403655341285
30, 52, 0.004837449321741749
30, 53, 0.00941511610416335
30, 54, 0.008954551353473304
30, 55, 0.009260673980059723
30, 56, 0.0077581723893227015
30, 57, 0.008279857382093272
30, 58, 0.006488980434174913
30, 59, 0.008281065479071578
30, 60, 0.007653800487026847
30, 61, 0.009098784766876025
31, 32, 0.008764547243614255
31, 33, 0.009077916870139877
31, 34, 0.00872393215340917
31, 35, 0.008271987993605266
31, 36, 0.0014813568157599024
31, 37, 0.00510276301484436
31, 38, 0.006784136965766145
31, 39, 0.009507631492520504
31, 40, 0.0063402641801626166
31, 41, 0.0013014387722961734
31, 42, 0.01046159104145311
31, 43, 0.00937392653380991
31, 44, 0.007351034315202167
31, 45, 0.003945946412651286
31, 46, 0.007298000377523525
31, 47, 0.007829530816423347
31, 48, 0.007673745061891734
31, 49, 0.006909406420135031
31, 50, 0.008971006740535593
31, 51, 0.008637126735810413
31, 52, 0.001749506391230266
31, 53, 0.009615542670130822
31, 54, 0.0016348149409041333
31, 55, 0.008836000289297001
31, 56, 0.005949034286469837
31, 57, 0.007367404908711447
31, 58, 0.0045459094754114115
31, 59, 0.00613915722024815
31, 60, 0.005964365700850059
31, 61, 0.00890594556617775
32, 33, 0.008765041225223926
32, 34, 0.008764408427669032
32, 35, 0.008764854385825785
32, 36, 0.005004565367550424
32, 37, 0.008695130626870785
32, 38, 0.00776434784779652
32, 39, 0.008765243300198972
32, 40, 0.007645078991640309
32, 41, 0.004892389009037095
32, 42, 0.00878987882152258
32, 43, 0.008765116737276537
32, 44, 0.008058095374240936
32, 45, 0.006801846113356883
32, 46, 0.008059653959616567
32, 47, 0.008764758131551186
32, 48, 0.008260888037382435
32, 49, 0.008764202664481165
32, 50, 0.008858666369487374
32, 51, 0.00876476432557783
32, 52, 0.004887084009911774
32, 53, 0.009103441757395274
32, 54, 0.008515992721447667
32, 55, 0.008765094678705758
32, 56, 0.00758918682787216
32, 57, 0.008092230560814342
32, 58, 0.006437062043586818
32, 59, 0.0080215943511315
32, 60, 0.007502345740757751
32, 61, 0.008824368552203166
33, 34, 0.008759611933208747
33, 35, 0.03114720608712135
33, 36, 0.0014803660183223862
33, 37, 0.005087893745850932
33, 38, 0.0067842077579877424
33, 39, 0.013632656468531295
33, 40, 0.00634023819349359
33, 41, 0.0013004226346825306
33, 42, 0.010519839447210353
33, 43, 0.029052411582611713
33, 44, 0.007351227413656183
33, 45, 0.003945171780562012
33, 46, 0.007298196646459818
33, 47, 0.03431813494185985
33, 48, 0.007674050014951219
33, 49, 0.007405360976880396
33, 50, 0.008971652033242298
33, 51, 0.008975305419502365
33, 52, 0.001748697016820098
33, 53, 0.00961656481002723
33, 54, 0.0016063294402206567
33, 55, 0.009158960986560275
33, 56, 0.005948886888883665
33, 57, 0.0073676166641801774
33, 58, 0.0045455807985907365
33, 59, 0.0061389921882769784
33, 60, 0.005964240975385184
33, 61, 0.008906665700494767
34, 35, 0.008745869511188414
34, 36, 0.0015713368270204604
34, 37, 0.006590675781587406
34, 38, 0.0068096051187350294
34, 39, 0.008774376198256084
34, 40, 0.006377290594740756
34, 41, 0.0013927069944680806
34, 42, 0.009654031862891392
34, 43, 0.00876516325815227
34, 44, 0.007369550760296641
34, 45, 0.004037686030190116
34, 46, 0.0073187244362911295
34, 47, 0.008738779570489857
34, 48, 0.007690311377327533
34, 49, 0.008698817970726252
34, 50, 0.008967583138108946
34, 51, 0.00874157187572493
34, 52, 0.0018244716962293184
34, 53, 0.009598459989819955
34, 54, 0.0035557735832827263
34, 55, 0.00876370094296187
34, 56, 0.006000393758594958
34, 57, 0.007387096943061511
34, 58, 0.004591127712322482
34, 59, 0.006224793713446241
34, 60, 0.006009072051334097
34, 61, 0.008903206157327167
35, 36, 0.0014801581110974924
35, 37, 0.005077253229940729
35, 38, 0.006784015328729662
35, 39, 0.012566423423151944
35, 40, 0.00634000682676055
35, 41, 0.001300216067393439
35, 42, 0.010507686144779906
35, 43, 0.025727845848479154
35, 44, 0.007351033648472423
35, 45, 0.003944866144330762
35, 46, 0.007297987180665789
35, 47, 0.024186956141233354
35, 48, 0.007673826178900357
35, 49, 0.006411886724410196
35, 50, 0.00897142910109375
35, 51, 0.00884022295456539
35, 52, 0.0017485185225461974
35, 53, 0.00961628815804772
35, 54, 0.001600177416021643
35, 55, 0.009041299221280275
35, 56, 0.00594860724983506
35, 57, 0.007367408033227013
35, 58, 0.004545412489482226
35, 59, 0.006138486738094421
35, 60, 0.005963996890532238
35, 61, 0.008906409906405337
36, 37, 0.001543549182378341
36, 38, 0.00407289681742179
36, 39, 0.0014814860208599609
36, 40, 0.003646089021141428
36, 41, 0.001389589047551161
36, 42, 0.00160243246552513
36, 43, 0.0014805042990144728
36, 44, 0.004319470630034211
36, 45, 0.0024454619281527785
36, 46, 0.004182711318980284
36, 47, 0.0014800277608328087
36, 48, 0.0042410396517712804
36, 49, 0.0014807926828421122
36, 50, 0.004766041865623761
36, 51, 0.001489371755390308
36, 52, 0.0016240415655591328
36, 53, 0.004591307620587814
36, 54, 0.001483814841565378
36, 55, 0.0014910173451892657
36, 56, 0.003275284582913225
36, 57, 0.004218290328928331
36, 58, 0.003121805069029767
36, 59, 0.0027377205022876367
36, 60, 0.0034293725122059213
36, 61, 0.0044915628595584706
37, 38, 0.006752253335553053
37, 39, 0.005124223624613827
37, 40, 0.006312082633319368
37, 41, 0.0013661156171323637
37, 42, 0.00742279097206829
37, 43, 0.00509371009767873
37, 44, 0.007307921747086685
37, 45, 0.0039753236428791945
37, 46, 0.007252591254355117
37, 47, 0.005071115209811389
37, 48, 0.007616710627146491
37, 49, 0.0050783301487706545
37, 50, 0.008883453770034815
37, 51, 0.005317163070376792
37, 52, 0.0017992838246112266
37, 53, 0.009487695975310316
37, 54, 0.002806472306145531
37, 55, 0.005365639455300448
37, 56, 0.0059255350821014185
37, 57, 0.0073207050452994875
37, 58, 0.004553395253395098
37, 59, 0.006088653279159666
37, 60, 0.005943431885424996
37, 61, 0.008807636324304376
38, 39, 0.006784670374092507
38, 40, 0.00658110209959699
38, 41, 0.0039667385484316526
38, 42, 0.006836618912091689
38, 43, 0.006784300954099891
38, 44, 0.007064458686988416
38, 45, 0.005641464853418096
38, 46, 0.007028375393860021
38, 47, 0.0067839095866787475
38, 48, 0.007190378616462056
38, 49, 0.006783730704065044
38, 50, 0.007767463943292772
38, 51, 0.006786570434887786
38, 52, 0.004026104298305525
38, 53, 0.007896923611220652
38, 54, 0.006607355049115768
38, 55, 0.0067872739687132675
38, 56, 0.006439264174932282
38, 57, 0.007061726503253249
38, 58, 0.00556014225949966
38, 59, 0.0066038405453880495
38, 60, 0.006418387632635899
38, 61, 0.007667474376068774
39, 40, 0.006340858962653559
39, 41, 0.0013015538543016054
39, 42, 0.010517337151799746
39, 43, 0.01379569518832035
39, 44, 0.007351622455951833
39, 45, 0.0039464219759470665
39, 46, 0.0072986309413966026
39, 47, 0.012065119874415919
39, 48, 0.007674458766030986
39, 49, 0.008559325726308777
39, 50, 0.008971860647749824
39, 51, 0.009089654502970404
39, 52, 0.0017496346033665814
39, 53, 0.009616695023351596
39, 54, 0.0016389600018411146
39, 55, 0.0092455996332177
39, 56, 0.005949704552575663
39, 57, 0.007368039774921611
39, 58, 0.004546212402106355
39, 59, 0.006140411001230406
39, 60, 0.00596495240910091
39, 61, 0.00890691682853569
40, 41, 0.0035334664768145673
40, 42, 0.006409872136712092
40, 43, 0.006340354160225569
40, 44, 0.006883899672103947
40, 45, 0.005274718949149118
40, 46, 0.0068370682799254005
40, 47, 0.006339878011395184
40, 48, 0.00700689034295555
40, 49, 0.006339762697594472
40, 50, 0.007636765009909633
40, 51, 0.006343749775467187
40, 52, 0.003630037423562569
40, 53, 0.00776518317289985
40, 54, 0.006149082003296778
40, 55, 0.006344687427568426
40, 56, 0.006161736565934533
40, 57, 0.006873680481504052
40, 58, 0.005282504868716402
40, 59, 0.006276337811991555
40, 60, 0.006156045959269224
40, 61, 0.0075178000983142194
41, 42, 0.0014236636586630012
41, 43, 0.0013005611414553953
41, 44, 0.004210917107592326
41, 45, 0.0023294897547843445
41, 46, 0.004070923160269249
41, 47, 0.0013000860785993822
41, 48, 0.004125020459301961
41, 49, 0.0013008745526859305
41, 50, 0.004645488909275416
41, 51, 0.0013095622540139674
41, 52, 0.0015395043807673843
41, 53, 0.004459869409083761
41, 54, 0.0013096428012216207
41, 55, 0.0013112235976355591
41, 56, 0.0031560834661995053
41, 57, 0.004106422641691511
41, 58, 0.003029881753217949
41, 59, 0.0025965144797363286
41, 60, 0.003315804263361244
41, 61, 0.004365628632674124
42, 43, 0.01052379758540853
42, 44, 0.0073965284022493956
42, 45, 0.004081809872837381
42, 46, 0.007347874773216464
42, 47, 0.010501824895451714
42, 48, 0.007721254731089717
42, 49, 0.010442436890768387
42, 50, 0.008997788812612246
42, 51, 0.010353951909761867
42, 52, 0.0018511547033452675
42, 53, 0.009635395974974027
42, 54, 0.004177665874660658
42, 55, 0.010355127540352
42, 56, 0.006039832942799355
42, 57, 0.007416103575925938
42, 58, 0.0046155125699481195
42, 59, 0.006294659886746461
42, 60, 0.006043586072667156
42, 61, 0.008937813353873251
43, 44, 0.0073513169665280625
43, 45, 0.003945351047670381
43, 46, 0.007298293894880108
43, 47, 0.025891867242523094
43, 48, 0.0076741505811177245
43, 49, 0.007830325140513534
43, 50, 0.008971740162852876
43, 51, 0.009028122110843988
43, 52, 0.0017488142812694422
43, 53, 0.009616666377134065
43, 54, 0.00161039614650663
43, 55, 0.00920410220595587
43, 56, 0.005949031135835815
43, 57, 0.007367712952036321
43, 58, 0.004545676069168006
43, 59, 0.0061392493419553185
43, 60, 0.005964366744004038
43, 61, 0.008906767534131527
44, 45, 0.005963191864615822
44, 46, 0.007325415907815503
44, 47, 0.007350929010226647
44, 48, 0.00750005037179744
44, 49, 0.0073506395229847345
44, 50, 0.008087906793868642
44, 51, 0.007352869977877258
44, 52, 0.004253635189427568
44, 53, 0.008252422555955449
44, 54, 0.007151088464589739
44, 55, 0.00735347732612102
44, 56, 0.006765267570656086
44, 57, 0.007358807207201324
44, 58, 0.005802688717225269
44, 59, 0.007007620569478299
44, 60, 0.006725507110448375
44, 61, 0.008006341943891649
45, 46, 0.005869328011623183
45, 47, 0.00394468480710899
45, 48, 0.006015660321024902
45, 49, 0.003945197163383445
45, 50, 0.006700353705313583
45, 51, 0.003954282046862653
45, 52, 0.002533270863608596
45, 53, 0.006724790021938395
45, 54, 0.0038279043908394394
45, 55, 0.003956133129096502
45, 56, 0.004967605241304213
45, 57, 0.0059110763932539515
45, 58, 0.0043301105060059505
45, 59, 0.004744916264120302
45, 60, 0.005043698737912426
45, 61, 0.006496943162956877
46, 47, 0.007297873875342149
46, 48, 0.007478679514444828
46, 49, 0.007297572138336248
46, 50, 0.00809086142278714
46, 51, 0.007300047510611665
46, 52, 0.004125299898920054
46, 53, 0.008263342265007577
46, 54, 0.007084702396816502
46, 55, 0.007300714305407363
46, 56, 0.0067090809030208995
46, 57, 0.007332623019996099
46, 58, 0.0057269977929194586
46, 59, 0.006951260974315524
46, 60, 0.0066709911090004044
46, 61, 0.008005850615295398
47, 48, 0.007673706536951238
47, 49, 0.0058287007955332955
47, 50, 0.008971315096111626
47, 51, 0.00877027791945987
47, 52, 0.0017484072361126169
47, 53, 0.009616150021541542
47, 54, 0.001596328786251914
47, 55, 0.008980871494818984
47, 56, 0.005948449807642421
47, 57, 0.007367295424960669
47, 58, 0.004545314108884327
47, 59, 0.0061382036838898025
47, 60, 0.005963859525832847
47, 61, 0.008906278790221713
48, 49, 0.007673298618922065
48, 50, 0.008313127664557014
48, 51, 0.007675452052726317
48, 52, 0.0041770805986360805
48, 53, 0.008518602248152794
48, 54, 0.007429332720944497
48, 55, 0.007676085520225895
48, 56, 0.006888664455251252
48, 57, 0.007514529667304326
48, 58, 0.005830656260244552
48, 59, 0.007190037955815157
48, 60, 0.0068379105373529555
48, 61, 0.008239338796127297
49, 50, 0.008970602165921592
49, 51, 0.008413044859051646
49, 52, 0.0017490268938003249
49, 53, 0.009615066591834637
49, 54, 0.0016183081551149952
49, 55, 0.008640983092292371
49, 56, 0.005948414596523809
49, 57, 0.007366980284340696
49, 58, 0.004545508308434686
49, 59, 0.006138049248288568
49, 60, 0.005963825243690133
49, 61, 0.008905478989136429
50, 51, 0.00897098378898744
50, 52, 0.0046585498846452396
50, 53, 0.009256387722120538
50, 54, 0.008666422833462348
50, 55, 0.00897133149914723
50, 56, 0.007574116641429756
50, 57, 0.008126477390080098
50, 58, 0.006332891522809077
50, 59, 0.0080611392043352
50, 60, 0.007479490656383734
50, 61, 0.008941001189269583
51, 52, 0.0017561804449307188
51, 53, 0.009614398140242583
51, 54, 0.0018595205804976815
51, 55, 0.008882166547388562
51, 56, 0.0059538307175881
51, 57, 0.007369361812122612
51, 58, 0.004550009711556524
51, 59, 0.006147302882267533
51, 60, 0.005968533477173945
51, 61, 0.008906021514334438
52, 53, 0.004489540421421641
52, 54, 0.0017441034450291206
52, 55, 0.0017575594509780395
52, 56, 0.0032900965496259647
52, 57, 0.004158161925527142
52, 58, 0.00314402284123442
52, 59, 0.002811055400812193
52, 60, 0.003430799920549364
52, 61, 0.004401844028413193
53, 54, 0.00920221867836982
53, 55, 0.009614646096651731
53, 56, 0.007707844559972129
53, 57, 0.008302610424860371
53, 58, 0.006316674599053108
53, 59, 0.008315545810062998
53, 60, 0.007592765770995173
53, 61, 0.009244036458402343
54, 55, 0.001904450025105055
54, 56, 0.005740508268538778
54, 57, 0.0071520001105733625
54, 58, 0.00446159566042127
54, 59, 0.005758945361149948
54, 60, 0.005780536045158344
54, 61, 0.008562178299176913
55, 56, 0.0059550595062907484
55, 57, 0.007370012461898056
55, 58, 0.004550949431601563
55, 59, 0.006149434332749308
55, 60, 0.00596960321555501
55, 61, 0.008906437177355243
56, 57, 0.006749005031507766
56, 58, 0.0050616786245344745
56, 59, 0.006015836635918962
56, 60, 0.005956674612448741
56, 61, 0.00743891413755057
57, 58, 0.005758372660365098
57, 59, 0.007000518509192819
57, 60, 0.006708584649074576
57, 61, 0.008043852667105953
58, 59, 0.004932094586394286
58, 60, 0.005112837268997406
58, 61, 0.006166061714367928
59, 60, 0.006020471402001531
59, 61, 0.007933103972829321
60, 61, 0.007346904422108419
