8
0, 1, 0.02108132919338196
0, 2, 0.020846375526900673
0, 3, 0.020839794205264422
0, 4, 0.02063727580320511
0, 5, 0.02084321094077563
0, 6, 0.02081952379545764
0, 7, 0.02098508783188664
1, 2, 0.02303979725631561
1, 3, 0.023001380598064253
1, 4, 0.021065263936661034
1, 5, 0.023020932616204734
1, 6, 0.022624612254813898
1, 7, 0.02396079163061077
2, 3, 0.029311694309789093
2, 4, 0.01864253350079958
2, 5, 0.029087361385088373
2, 6, 0.01999265961573262
2, 7, 0.03786067696992741
3, 4, 0.01855675713355627
3, 5, 0.02898673083006895
3, 6, 0.019512798543402314
3, 7, 0.03869981345615453
4, 5, 0.01860203926387072
4, 6, 0.018680265367883548
4, 7, 0.020125639413476035
5, 6, 0.019769723122609058
5, 7, 0.038193268084826655
6, 7, 0.026262744440767493
