41
0, 1, 0.011292501536143728
0, 2, 0.015857913884776954
0, 3, 0.016895203306940505
0, 4, 0.013177154762445941
0, 5, 0.021013517670798763
0, 6, 0.021013601492992046
0, 7, 0.01578150613837268
0, 8, 0.01995156218207108
0, 9, 0.02101354500021801
0, 10, 0.021013553117123548
0, 11, 0.021019110387051954
0, 12, 0.021013916737035256
0, 13, 0.021013192157202282
0, 14, 0.014864839791880406
0, 15, 0.021014966304812255
0, 16, 0.021013973955281186
0, 17, 0.013957707137126666
0, 18, 0.02018991220360642
0, 19, 0.018517345204275323
0, 20, 0.0210167040085229
0, 21, 0.012602470853689833
0, 22, 0.012870932220242794
0, 23, 0.020528331706341302
0, 24, 0.013324185309935956
0, 25, 0.021009828571950943
0, 26, 0.014292826328939957
0, 27, 0.02062027283683284
0, 28, 0.011868276317353271
0, 29, 0.005389761296718206
0, 30, 0.02101295337979695
0, 31, 0.014522157404791257
0, 32, 0.021011331098398246
0, 33, 0.019115568761171653
0, 34, 0.020999588074623057
0, 35, 0.010590912160757684
0, 36, 0.02116364666728294
0, 37, 0.020678627300139144
0, 38, 0.021013805497488554
0, 39, 0.021123417190130746
0, 40, 0.021004119898655065
1, 2, 0.011455252824541615
1, 3, 0.011992847763882139
1, 4, 0.009564836853965825
1, 5, 0.009088764034004113
1, 6, 0.009089607194528422
1, 7, 0.011260506741857855
1, 8, 0.00969707602420047
1, 9, 0.009088776733888974
1, 10, 0.009088787640377852
1, 11, 0.009091246404179661
1, 12, 0.009089185343367752
1, 13, 0.009088815606625972
1, 14, 0.01120739122986681
1, 15, 0.009090316891212957
1, 16, 0.009089459632009252
1, 17, 0.010241676892445173
1, 18, 0.00909891237072641
1, 19, 0.009150299193638514
1, 20, 0.00909020220671497
1, 21, 0.009969406950531327
1, 22, 0.009574832828416924
1, 23, 0.00909101488396013
1, 24, 0.009646998397721252
1, 25, 0.009094937746609908
1, 26, 0.010516632510677696
1, 27, 0.009076103096505172
1, 28, 0.009522454129197154
1, 29, 0.005460040745649827
1, 30, 0.009089520508676896
1, 31, 0.010220573055482527
1, 32, 0.009088716069391841
1, 33, 0.00905301168902137
1, 34, 0.009089295542441906
1, 35, 0.00874258783136798
1, 36, 0.009135574484459189
1, 37, 0.0091764798040612
1, 38, 0.009088987011955504
1, 39, 0.009135863729726301
1, 40, 0.009088606501824893
2, 3, 0.015044211094906173
2, 4, 0.012621506441105462
2, 5, 0.014402372940555271
2, 6, 0.014402965629019679
2, 7, 0.014297703395818975
2, 8, 0.014649296717265226
2, 9, 0.014402385147197947
2, 10, 0.014402393698608242
2, 11, 0.014404790634106863
2, 12, 0.014402714035403602
2, 13, 0.014402367596029177
2, 14, 0.013863763543523705
2, 15, 0.014403627369454653
2, 16, 0.014402910613982012
2, 17, 0.013152820198338964
2, 18, 0.014300041420258097
2, 19, 0.014068728244902006
2, 20, 0.014403766825706252
2, 21, 0.012354575159335576
2, 22, 0.012462986121259659
2, 23, 0.014341011797521886
2, 24, 0.012710122038933762
2, 25, 0.014406169931283403
2, 26, 0.013386833437149153
2, 27, 0.014343144653090915
2, 28, 0.011847772685323863
2, 29, 0.00720153468853904
2, 30, 0.014402824224074465
2, 31, 0.0134088402152442
2, 32, 0.01440206471259476
2, 33, 0.01411089158778275
2, 34, 0.014400985774173654
2, 35, 0.010959310110595552
2, 36, 0.01445363450790614
2, 37, 0.014418732752703384
2, 38, 0.014402563103906274
2, 39, 0.01444878426184431
2, 40, 0.014401081284420504
3, 4, 0.013319699250853589
3, 5, 0.015702575787649387
3, 6, 0.015703068946120963
3, 7, 0.014963514211759689
3, 8, 0.015830881880757534
3, 9, 0.015702587402631626
3, 10, 0.015702594911421064
3, 11, 0.015704886626722245
3, 12, 0.015702879585206535
3, 13, 0.015702552843808917
3, 14, 0.014441424262638466
3, 15, 0.0157036919850445
3, 16, 0.015703044829428355
3, 17, 0.013804368950361239
3, 18, 0.015568841325404703
3, 19, 0.01525853709457204
3, 20, 0.015703905876894516
3, 21, 0.0128848985894536
3, 22, 0.013119720834808626
3, 23, 0.015623556499092098
3, 24, 0.013408453279988885
3, 25, 0.015705494012600605
3, 26, 0.014024365696030636
3, 27, 0.015630923133173043
3, 28, 0.012369701712341754
3, 29, 0.007633699729483101
3, 30, 0.015702915505385745
3, 31, 0.014127701057681399
3, 32, 0.01570219725490714
3, 33, 0.015341936090009936
3, 34, 0.015700638638157776
3, 35, 0.011465449643850543
3, 36, 0.01575339353385858
3, 37, 0.015696142060580207
3, 38, 0.015702748878667537
3, 39, 0.01574711259446528
3, 40, 0.01570097593141271
4, 5, 0.010328294529974814
4, 6, 0.010329509228014682
4, 7, 0.012424546968179127
4, 8, 0.011115474807845067
4, 9, 0.010328313811859792
4, 10, 0.010328329790669654
4, 11, 0.010332072763924277
4, 12, 0.010328915002604817
4, 13, 0.010328356335325774
4, 14, 0.012198854135540962
4, 15, 0.010330580530957948
4, 16, 0.010329311285616864
4, 17, 0.011126336670753138
4, 18, 0.010310093331630974
4, 19, 0.010303141736830576
4, 20, 0.010330481470635351
4, 21, 0.010625949160392454
4, 22, 0.010292980956287154
4, 23, 0.010312677567294891
4, 24, 0.010433812158055007
4, 25, 0.010337023063711346
4, 26, 0.011449201879686328
4, 27, 0.010295039180393241
4, 28, 0.010075680431201842
4, 29, 0.005141259071319032
4, 30, 0.010329360169351943
4, 31, 0.011196306029192084
4, 32, 0.01032814296955528
4, 33, 0.010198913685772467
4, 34, 0.010328531282440226
4, 35, 0.009117387209971217
4, 36, 0.010401206064337056
4, 37, 0.010440129833481894
4, 38, 0.010328625813161784
4, 39, 0.010400073717667031
4, 40, 0.010327712880146651
5, 6, 0.021241870655837082
5, 7, 0.01418454417287691
5, 8, 0.01704396172479749
5, 9, 0.02338557149746374
5, 10, 0.0234031095228807
5, 11, 0.033345125176821866
5, 12, 0.02407843036517509
5, 13, 0.014210574956546202
5, 14, 0.01341342801837999
5, 15, 0.024159506034951782
5, 16, 0.02300423283229781
5, 17, 0.011798199456816774
5, 18, 0.00967098263641229
5, 19, 0.010069060015984703
5, 20, 0.03284554523518784
5, 21, 0.010801287416304725
5, 22, 0.010261863555212384
5, 23, 0.009320988959011088
5, 24, 0.010538953967450283
5, 25, 0.01958507616615095
5, 26, 0.01234350466713517
5, 27, 0.007166448073241243
5, 28, 0.009928282054591434
5, 29, 0.0025254686321950757
5, 30, 0.019265651314766277
5, 31, 0.012090660163126184
5, 32, 0.008001422194338416
5, 33, 0.008141302504493499
5, 34, 0.010821034738757836
5, 35, 0.008425306320856293
5, 36, 0.05316432697150515
5, 37, 0.015342218766043605
5, 38, 0.02545390278936103
5, 39, 0.03457640447512738
5, 40, 0.008179457069025524
6, 7, 0.014185205215492028
6, 8, 0.017047501999675245
6, 9, 0.021328050294553518
6, 10, 0.02135053402758152
6, 11, 0.028492675726859287
6, 12, 0.022103596389472995
6, 13, 0.020294298929277477
6, 14, 0.013413994747961568
6, 15, 0.02300971674055506
6, 16, 0.02201237710344592
6, 17, 0.011799084959303869
6, 18, 0.009716043799295604
6, 19, 0.010080625122408598
6, 20, 0.026697498500982842
6, 21, 0.010801972087843345
6, 22, 0.010262940678153993
6, 23, 0.009404678042136856
6, 24, 0.01054014098223703
6, 25, 0.019763945278370824
6, 26, 0.012344295626494528
6, 27, 0.007312223152655299
6, 28, 0.009929016747930387
6, 29, 0.0025265173268640938
6, 30, 0.020236109775287843
6, 31, 0.012091710470911626
6, 32, 0.016548153328385783
6, 33, 0.00816443833585117
6, 34, 0.012726639869689969
6, 35, 0.008426121148821445
6, 36, 0.05121951352875986
6, 37, 0.01537096709741604
6, 38, 0.02199051815069302
6, 39, 0.03409828055381358
6, 40, 0.012027192183070034
7, 8, 0.01447134132615302
7, 9, 0.014184557529906484
7, 10, 0.014184566998139287
7, 11, 0.014187187863565483
7, 12, 0.01418492107893473
7, 13, 0.014184541478132091
7, 14, 0.01374971014809812
7, 15, 0.01418593048010497
7, 16, 0.014185140032164447
7, 17, 0.012992995306707965
7, 18, 0.014079187704965784
7, 19, 0.013844087369676808
7, 20, 0.014186068746866756
7, 21, 0.012196253287829128
7, 22, 0.012270836698456314
7, 23, 0.014121109961438167
7, 24, 0.012517392529184688
7, 25, 0.014188821414243546
7, 26, 0.013240547803567636
7, 27, 0.014122478775660263
7, 28, 0.011673468137459175
7, 29, 0.006900548339192281
7, 30, 0.014185053820583682
7, 31, 0.013244397353054604
7, 32, 0.014184221950618194
7, 33, 0.013881520588275572
7, 34, 0.01418313531324618
7, 35, 0.010757935346340996
7, 36, 0.014240270117675329
7, 37, 0.014206300455129014
7, 38, 0.014184753644510722
7, 39, 0.014235253270068136
7, 40, 0.014183196289295538
8, 9, 0.017044062701309454
8, 10, 0.017044121374160833
8, 11, 0.01706413798592372
8, 12, 0.017046383794466272
8, 13, 0.01704357452634032
8, 14, 0.013701590475047527
8, 15, 0.017052841655947455
8, 16, 0.017047589877540546
8, 17, 0.012325635374114808
8, 18, 0.015742372251421277
8, 19, 0.013924766831550172
8, 20, 0.01705555722569855
8, 21, 0.011254131206644527
8, 22, 0.01097241648945647
8, 23, 0.016225527509412318
8, 24, 0.011298990127736672
8, 25, 0.017061913783981163
8, 26, 0.012793754458448282
8, 27, 0.016312021347786268
8, 28, 0.0104399497518448
8, 29, 0.003436601910080825
8, 30, 0.017045970443661924
8, 31, 0.012686760259187146
8, 32, 0.017039776246583174
8, 33, 0.014183041003212481
8, 34, 0.017020708472541248
8, 35, 0.009033231849370747
8, 36, 0.01750198463800618
8, 37, 0.016794427838797435
8, 38, 0.01704538372928455
8, 39, 0.017427474670528655
8, 40, 0.017026185843178995
9, 10, 0.02526075270951673
9, 11, 0.033339975211086066
9, 12, 0.02423403119910615
9, 13, 0.01504717573744086
9, 14, 0.013413438786169046
9, 15, 0.024202572704696484
9, 16, 0.023104446968559265
9, 17, 0.011798214607516073
9, 18, 0.009671680187342852
9, 19, 0.010069241631226397
9, 20, 0.03284132793631234
9, 21, 0.010801298530615839
9, 22, 0.010261880601240463
9, 23, 0.009322269947901828
9, 24, 0.010538972995554325
9, 25, 0.019596904350193484
9, 26, 0.012343518644612153
9, 27, 0.0071685225932343
9, 28, 0.009928293509968867
9, 29, 0.0025254817973499755
9, 30, 0.01936033844724063
9, 31, 0.012090678441805698
9, 32, 0.008343301228114788
9, 33, 0.008141639592219219
9, 34, 0.010858821061377123
9, 35, 0.008425318292572162
9, 36, 0.05315366866768843
9, 37, 0.015342871645335923
9, 38, 0.02571315323978199
9, 39, 0.03457575504225195
9, 40, 0.008258516396602444
10, 11, 0.033267499569937235
10, 12, 0.024213634985549383
10, 13, 0.015553180663315824
10, 14, 0.013413446719023843
10, 15, 0.024196993421900972
10, 16, 0.023109285095475596
10, 17, 0.011798226551031465
10, 18, 0.009672269606995049
10, 19, 0.01006939332471053
10, 20, 0.03272617668428025
10, 21, 0.010801307603258377
10, 22, 0.010261894756157934
10, 23, 0.009323362955840934
10, 24, 0.010538988660287673
10, 25, 0.019601845130765294
10, 26, 0.012343529432802286
10, 27, 0.0071703883790243264
10, 28, 0.009928303118396138
10, 29, 0.0025254946526652843
10, 30, 0.019400949538846867
10, 31, 0.012090692691525164
10, 32, 0.008632721678683383
10, 33, 0.008141936120127763
10, 34, 0.010889478921403514
10, 35, 0.008425328751213327
10, 36, 0.05313245221313976
10, 37, 0.015343303983789618
10, 38, 0.02559999396278807
10, 39, 0.03457118352254329
10, 40, 0.008327328206714106
11, 12, 0.031414644221690984
11, 13, 0.031546844274655
11, 14, 0.0134155543606978
11, 15, 0.02877758178579645
11, 16, 0.03000300749173259
11, 17, 0.011801178342847477
11, 18, 0.009806725759836472
11, 19, 0.010104579476275176
11, 20, 0.03323637490161679
11, 21, 0.010803467648740472
11, 22, 0.010265203266802133
11, 23, 0.009568956888787934
11, 24, 0.01054268418397185
11, 25, 0.021631362056340715
11, 26, 0.012346256690804825
11, 27, 0.007564507082607268
11, 28, 0.009930524957464198
11, 29, 0.0025280164926974307
11, 30, 0.0274474644868661
11, 31, 0.012094256580838665
11, 32, 0.026504404949403895
11, 33, 0.008206912121067342
11, 34, 0.016413784192210124
11, 35, 0.008427643458226736
11, 36, 0.051443532850028284
11, 37, 0.015471041107770046
11, 38, 0.032500359784645744
11, 39, 0.034518719024317454
11, 40, 0.017781970602284175
12, 13, 0.021362792247895435
12, 14, 0.013413741782078686
12, 15, 0.024183849659330313
12, 16, 0.023455037982946812
12, 17, 0.011798666770885959
12, 18, 0.009693772608362234
12, 19, 0.010074941530564381
12, 20, 0.030160208854883862
12, 21, 0.010801640517120521
12, 22, 0.010262413039851275
12, 23, 0.009363140887733884
12, 24, 0.010539562843482737
12, 25, 0.01979599661667789
12, 26, 0.012343928176474159
12, 27, 0.007237776768400951
12, 28, 0.009928654499106569
12, 29, 0.002525956592967732
12, 30, 0.02061884180728657
12, 31, 0.012091218676702833
12, 32, 0.014833890082079498
12, 33, 0.008152710702803979
12, 34, 0.011924409081165117
12, 35, 0.008425709342050244
12, 36, 0.05242996057074382
12, 37, 0.015359603959219398
12, 38, 0.024670304792973653
12, 39, 0.034424333596143664
12, 40, 0.010479973525238178
13, 14, 0.013413434375904698
13, 15, 0.023221877326934794
13, 16, 0.021450209626287037
13, 17, 0.011798230626147058
13, 18, 0.009673541706429254
13, 19, 0.010069675998171915
13, 20, 0.030066812929982138
13, 21, 0.010801319125610003
13, 22, 0.010261919016948992
13, 23, 0.009325989522746542
13, 24, 0.010539012009083328
13, 25, 0.019487051520797438
13, 26, 0.012343526870669294
13, 27, 0.0071772633971334395
13, 28, 0.009928322054308275
13, 29, 0.0025255661413693354
13, 30, 0.018617214349688833
13, 31, 0.012090693229343405
13, 32, 0.009291184733681103
13, 33, 0.008142871525839278
13, 34, 0.010924942709313958
13, 35, 0.008425359982821332
13, 36, 0.052781011643641094
13, 37, 0.01534122334218662
13, 38, 0.020540917440967085
13, 39, 0.03446021391871675
13, 40, 0.008525079422048661
14, 15, 0.013414582609030551
14, 16, 0.013413928711638263
14, 17, 0.01271010718537338
14, 18, 0.013345509001037358
14, 19, 0.01319537566684389
14, 20, 0.013414655278116961
14, 21, 0.012043802394704206
14, 22, 0.01207655857258796
14, 23, 0.013372024994512156
14, 24, 0.012279284039357376
14, 25, 0.013417208583023777
14, 26, 0.012933369297448765
14, 27, 0.013370616082136088
14, 28, 0.01157785154553378
14, 29, 0.0072851141653075754
14, 30, 0.013413881721628
14, 31, 0.012902078059957953
14, 32, 0.013413208972364166
14, 33, 0.013206632180969551
14, 34, 0.013412586993967747
14, 35, 0.010760500454130786
14, 36, 0.013457390279864345
14, 37, 0.013441581719098634
14, 38, 0.013413600636765277
14, 39, 0.013454149795262988
14, 40, 0.013412518487944171
15, 16, 0.023814908001434733
15, 17, 0.011799920311518058
15, 18, 0.009754621794648317
15, 19, 0.010090709366256036
15, 20, 0.027423830556130138
15, 21, 0.010802588203978877
15, 22, 0.010263888087224638
15, 23, 0.009475179966045688
15, 24, 0.010541197091801433
15, 25, 0.020272015062097457
15, 26, 0.012345063868834136
15, 27, 0.007426561359513888
15, 28, 0.009929654486261926
15, 29, 0.002527269385244379
15, 30, 0.022125542744746634
15, 31, 0.012092716563167575
15, 32, 0.019806088818847087
15, 33, 0.008183283726057238
15, 34, 0.014148852800717067
15, 35, 0.00842679203387981
15, 36, 0.050615572360734544
15, 37, 0.015405785122235451
15, 38, 0.02436209406879933
15, 39, 0.03403193119471402
15, 40, 0.014298847853134325
16, 17, 0.011798956917229403
16, 18, 0.009708438286306595
16, 19, 0.010078711338028899
16, 20, 0.02846320143954145
16, 21, 0.010801864169998208
16, 22, 0.010262764381797356
16, 23, 0.009390339665464653
16, 24, 0.010539950308667476
16, 25, 0.019858090853393275
16, 26, 0.012344187856012687
16, 27, 0.007284939465892525
16, 28, 0.009928893950295488
16, 29, 0.002526294719158038
16, 30, 0.020792434045274498
16, 31, 0.012091563176002799
16, 32, 0.01652046868610603
16, 33, 0.008160220730427022
16, 34, 0.012513433759116553
16, 35, 0.008425974067504659
16, 36, 0.051823250726464966
16, 37, 0.015369192024808291
16, 38, 0.023615549032104083
16, 39, 0.03427659637732439
16, 40, 0.011608676151595533
17, 18, 0.011748409054762255
17, 19, 0.01165479286678986
17, 20, 0.0117999215373874
17, 21, 0.011211668751945243
17, 22, 0.011047638827865736
17, 23, 0.011765798711518243
17, 24, 0.011221484268976265
17, 25, 0.01180438233148546
17, 26, 0.01207817374605043
17, 27, 0.01175712352592632
17, 28, 0.010693766405355971
17, 29, 0.005999150829074249
17, 30, 0.011798949436931116
17, 31, 0.011929707185682068
17, 32, 0.011797997338131364
17, 33, 0.011614354071390946
17, 34, 0.011797784321953015
17, 35, 0.009789193326326976
17, 36, 0.011857494199106188
17, 37, 0.011864984543605756
17, 38, 0.01179845211188633
17, 39, 0.011854993995165704
17, 40, 0.011797381235788754
18, 19, 0.009985601984735576
18, 20, 0.009749773557116613
18, 21, 0.010782642807285603
18, 22, 0.01024739424476198
18, 23, 0.009546151586830247
18, 24, 0.01051500752950683
18, 25, 0.009989147325605335
18, 26, 0.012284152728398093
18, 27, 0.008989895181227803
18, 28, 0.009924072950811316
18, 29, 0.0026265818914933425
18, 30, 0.009711002530000727
18, 31, 0.012021708682540884
18, 32, 0.009667056928957498
18, 33, 0.008617898812115301
18, 34, 0.009690435209436297
18, 35, 0.008445242076510883
18, 36, 0.012129000035037777
18, 37, 0.01219406021223901
18, 38, 0.009683101648222484
18, 39, 0.012023362594165803
18, 40, 0.009656807571819699
19, 20, 0.010089635253505501
19, 21, 0.010757709328734485
19, 22, 0.01024518154506551
19, 23, 0.009973384147937338
19, 24, 0.010493517899996717
19, 25, 0.010151944377292514
19, 26, 0.012163965430062273
19, 27, 0.009807676689473934
19, 28, 0.009936580469702305
19, 29, 0.0029130942991376606
19, 30, 0.010079257588447353
19, 31, 0.011889207774227131
19, 32, 0.010067795020802616
19, 33, 0.009357236894866701
19, 34, 0.010072448345267767
19, 35, 0.008520378716519176
19, 36, 0.010742423926372965
19, 37, 0.010992812956973016
19, 38, 0.010072194748880997
19, 39, 0.010728226397555987
19, 40, 0.01006429628205316
20, 21, 0.0108025488711724
20, 22, 0.010263796754413858
20, 23, 0.009465228092846651
20, 24, 0.010541112747766779
20, 25, 0.02083019944178911
20, 26, 0.012345094784634204
20, 27, 0.007398793969488937
20, 28, 0.009929580676332874
20, 29, 0.002526950214730852
20, 30, 0.025395790152389255
20, 31, 0.012092738701035461
20, 32, 0.02328796668667241
20, 33, 0.008179377518880407
20, 34, 0.014421732911447945
20, 35, 0.008426660975306225
20, 36, 0.05208984661499588
20, 37, 0.01541661594492719
20, 38, 0.031613021750308515
20, 39, 0.034528492191286106
20, 40, 0.014773795507387517
21, 22, 0.01058519401309127
21, 23, 0.01078768471171435
21, 24, 0.010703815895577942
21, 25, 0.010806168231249327
21, 26, 0.01145630989174872
21, 27, 0.010778671330639917
21, 28, 0.010362720912426685
21, 29, 0.006342613223193959
21, 30, 0.010801882024177476
21, 31, 0.011270291671346426
21, 32, 0.010801181358804283
21, 33, 0.01070628479501583
21, 34, 0.010801288540604814
21, 35, 0.009595374801416728
21, 36, 0.010843791944665416
21, 37, 0.010861501330773973
21, 38, 0.010801476650956035
21, 39, 0.010842795033655608
21, 40, 0.010800870787511633
22, 23, 0.010248982488176931
22, 24, 0.010391921909593477
22, 25, 0.010269612832873238
22, 26, 0.011354470076842288
22, 27, 0.010233132467125794
22, 28, 0.010061154222524262
22, 29, 0.005340991903623972
22, 30, 0.010262809773512403
22, 31, 0.011105013130357506
22, 32, 0.010261733496754244
22, 33, 0.010150511151579644
22, 34, 0.010262101311103397
22, 35, 0.009147754670103368
22, 36, 0.010326239413747444
22, 37, 0.01036200475695111
22, 38, 0.010262156786715352
22, 39, 0.0103253243613979
22, 40, 0.01026136642385781
23, 24, 0.010520140700784542
23, 25, 0.009901657772223328
23, 26, 0.012306016041493947
23, 27, 0.008452192933886927
23, 28, 0.00992275018386945
23, 29, 0.0025789721789269905
23, 30, 0.009395750307964967
23, 31, 0.012046455410858734
23, 32, 0.0093152352116434
23, 33, 0.00837734638758455
23, 34, 0.009366397473429251
23, 35, 0.008433285577594376
23, 36, 0.013606601705509544
23, 37, 0.012884034947372409
23, 38, 0.009343364909017203
23, 39, 0.013329219423767412
23, 40, 0.009301349193261761
24, 25, 0.01054745291069092
24, 26, 0.011541062249122935
24, 27, 0.010503611583306864
24, 28, 0.010153825494655896
24, 29, 0.005218397421964009
24, 30, 0.01053999076479708
24, 31, 0.01130179516315255
24, 32, 0.010538790319131117
24, 33, 0.010397597683468984
24, 34, 0.010539085645141374
24, 35, 0.009195785506936756
24, 36, 0.010611243627414087
24, 37, 0.010645709060744185
24, 38, 0.010539279592769594
24, 39, 0.010609851542927946
24, 40, 0.010538318715900715
25, 26, 0.012348954129926168
25, 27, 0.008179378853007882
25, 28, 0.009933597360688993
25, 29, 0.002533583052435664
25, 30, 0.019551887836458413
25, 31, 0.012097941729562144
25, 32, 0.018879553186149152
25, 33, 0.00831053434691157
25, 34, 0.01655945357696324
25, 35, 0.008431322671196078
25, 36, 0.04120652739754433
25, 37, 0.015510837256699161
25, 38, 0.019724775104024785
25, 39, 0.03096260631690022
25, 40, 0.017073463321097593
26, 27, 0.012299975921529352
26, 28, 0.010948525640575019
26, 29, 0.006327845625843415
26, 30, 0.012344163667537983
26, 31, 0.012233157983646216
26, 32, 0.012343286923335963
26, 33, 0.012142771457629254
26, 34, 0.012342895210644052
26, 35, 0.010060661427222041
26, 36, 0.012398961292471537
26, 37, 0.012397109798505924
26, 38, 0.012343734875645503
26, 39, 0.012396046612498815
26, 40, 0.012342613747793768
27, 28, 0.009911256628106756
27, 29, 0.002550198050476461
27, 30, 0.007300626786600591
27, 31, 0.012037321665472441
27, 32, 0.007170083138301678
27, 33, 0.00800020386082716
27, 34, 0.007328943784919778
27, 35, 0.008417700392527325
27, 36, 0.013526669333720506
27, 37, 0.012744095662173296
27, 38, 0.007203859075810252
27, 39, 0.013152405220747851
27, 40, 0.0071901138641656355
28, 29, 0.005957328271283885
28, 30, 0.009928931660689793
28, 31, 0.010710119550424193
28, 32, 0.009928207671341246
28, 33, 0.00986503585231334
28, 34, 0.009928536146009413
28, 35, 0.009169004339653144
28, 36, 0.009971254135473449
28, 37, 0.00999940642244666
28, 38, 0.009928480314856079
28, 39, 0.009970909277657999
28, 40, 0.009928004586374484
29, 30, 0.0025264740580435395
29, 31, 0.005668672205235557
29, 32, 0.002525629166660858
29, 33, 0.0026980514878574306
29, 34, 0.0025275422420075098
29, 35, 0.005290993433498235
29, 36, 0.002568963618757484
29, 37, 0.002671246447854109
29, 38, 0.002525719153718451
29, 39, 0.002573378799851284
29, 40, 0.0025262199891095535
30, 31, 0.012091542170740502
30, 32, 0.015442450685769294
30, 33, 0.008162350492880013
30, 34, 0.012453503663036844
30, 35, 0.008426044771046871
30, 36, 0.05095619446568984
30, 37, 0.015362684753236731
30, 38, 0.020267810908113863
30, 39, 0.03398762898872522
30, 40, 0.01160503200595935
31, 32, 0.012090394656013756
31, 33, 0.011850370849582029
31, 34, 0.012090002534213955
31, 35, 0.009733082298943966
31, 36, 0.012162692692805396
31, 37, 0.012165335200239073
31, 38, 0.012090962983544038
31, 39, 0.012159238090462184
31, 40, 0.01208957883785903
32, 33, 0.008140986921812603
32, 34, 0.010496359186981675
32, 35, 0.00842528519447883
32, 36, 0.05161801616564225
32, 37, 0.015322393342588779
32, 38, 0.012604794540011255
32, 39, 0.034044444984165395
32, 40, 0.008111694962853907
33, 34, 0.008162183502406137
33, 35, 0.008415448426591992
33, 36, 0.00932994692659935
33, 37, 0.010058478681737657
33, 38, 0.008147307253679865
33, 39, 0.009333271770912973
33, 40, 0.008141285360360217
34, 35, 0.008425981799836373
34, 36, 0.043611202741948074
34, 37, 0.015245539994110475
34, 38, 0.011438962276487179
34, 39, 0.031169942526114956
34, 40, 0.009887695583681917
35, 36, 0.008468859344638622
35, 37, 0.008514335949419813
35, 38, 0.008425518733829499
35, 39, 0.008469605529310711
35, 40, 0.008425262607043736
36, 37, 0.017972660794046028
36, 38, 0.0528300326478482
36, 39, 0.04136423768358961
36, 40, 0.047099902150464286
37, 38, 0.01535206873446794
37, 39, 0.017557285795462677
37, 40, 0.01525933013076711
38, 39, 0.0345151996024653
38, 40, 0.009488027823425779
39, 40, 0.032406458892833424
