compute_likelihood from expectation
1       , -2.3633e+08 , array([ 0.102257   ])
2       , -2.3633e+08 , array([ 0.102359   ])
3       , -2.3633e+08 , array([ 0.113123   ])
4       , -2.3633e+08 , array([ 0.113236   ])
5       , -2.3633e+08 , array([ 0.382634   ])
6       , -2.3633e+08 , array([ 0.383017   ])
7       , -2.3633e+08 , array([ 0.483821   ])
8       , -2.3633e+08 , array([ 0.484305   ])
9       , -2.3633e+08 , array([ 0.340343   ])
10      , -2.3633e+08 , array([ 0.340683   ])
11      , -2.3633e+08 , array([ 0.800758   ])
12      , -2.3633e+08 , array([ 0.801559   ])
13      , -2.3633e+08 , array([ 0.461414   ])
14      , -2.3633e+08 , array([ 0.461875   ])
15      , -2.3633e+08 , array([ 1.14189    ])
16      , -2.3633e+08 , array([ 1.14303    ])
17      , -2.3633e+08 , array([ 0.622324   ])
18      , -2.3633e+08 , array([ 0.622947   ])
19      , -2.3633e+08 , array([ 1.73682    ])
20      , -2.3633e+08 , array([ 1.73856    ])
21      , -2.3633e+08 , array([ 1.50506    ])
22      , -2.3633e+08 , array([ 1.50657    ])
23      , -2.3633e+08 , array([ 0.894042   ])
24      , -2.3633e+08 , array([ 0.894936   ])
25      , -2.3633e+08 , array([ 3.48704    ])
26      , -2.3633e+08 , array([ 3.49053    ])
27      , -2.3633e+08 , array([ 1.23008    ])
28      , -2.3633e+08 , array([ 1.23131    ])
29      , -2.3633e+08 , array([ 2.94246    ])
30      , -2.3633e+08 , array([ 2.9454     ])
31      , -2.3633e+08 , array([ 3.61638    ])
32      , -2.3633e+08 , array([ 3.62       ])
33      , -2.3633e+08 , array([ 4.32883    ])
34      , -2.3633e+08 , array([ 4.33316    ])
35      , -2.3633e+08 , array([ 2.08749    ])
36      , -2.3633e+08 , array([ 2.08958    ])
37      , -2.3633e+08 , array([ 5.45048    ])
38      , -2.3633e+08 , array([ 5.45593    ])
39      , -2.3633e+08 , array([ 5.75673    ])
40      , -2.3633e+08 , array([ 5.76248    ])
41      , -2.3633e+08 , array([ 3.88332    ])
42      , -2.3633e+08 , array([ 3.88721    ])
43      , -2.3633e+08 , array([ 5.19794    ])
44      , -2.3633e+08 , array([ 5.20314    ])
45      , -2.3633e+08 , array([ 3.9173     ])
46      , -2.3633e+08 , array([ 3.92122    ])
47      , -2.3633e+08 , array([ 7.08861    ])
48      , -2.3633e+08 , array([ 7.09571    ])
49      , -2.3633e+08 , array([ 6.06351    ])
50      , -2.3633e+08 , array([ 6.06958    ])
compute_likelihood from expectation
55165917.0 597285922.0
1       , -2.45235e+08, array([ 0.147389   ])
2       , -2.45235e+08, array([ 0.147536   ])
3       , -2.45235e+08, array([ 0.268635   ])
4       , -2.45235e+08, array([ 0.268903   ])
5       , -2.45235e+08, array([ 0.479504   ])
6       , -2.45235e+08, array([ 0.479984   ])
7       , -2.45235e+08, array([ 0.775569   ])
8       , -2.45235e+08, array([ 0.776345   ])
9       , -2.45235e+08, array([ 0.816189   ])
10      , -2.45235e+08, array([ 0.817005   ])
11      , -2.45235e+08, array([ 0.436355   ])
12      , -2.45235e+08, array([ 0.436792   ])
13      , -2.45235e+08, array([ 0.679964   ])
14      , -2.45235e+08, array([ 0.680644   ])
15      , -2.45235e+08, array([ 0.778106   ])
16      , -2.45235e+08, array([ 0.778885   ])
17      , -2.45235e+08, array([ 0.638945   ])
18      , -2.45235e+08, array([ 0.639584   ])
19      , -2.45235e+08, array([ 0.992989   ])
20      , -2.45235e+08, array([ 0.993982   ])
21      , -2.45235e+08, array([ 1.1983     ])
22      , -2.45235e+08, array([ 1.1995     ])
23      , -2.45235e+08, array([ 0.951778   ])
24      , -2.45235e+08, array([ 0.952731   ])
25      , -2.45235e+08, array([ 2.71862    ])
26      , -2.45235e+08, array([ 2.72134    ])
27      , -2.45235e+08, array([ 3.54313    ])
28      , -2.45235e+08, array([ 3.54667    ])
29      , -2.45235e+08, array([ 1.40117    ])
30      , -2.45235e+08, array([ 1.40257    ])
31      , -2.45235e+08, array([ 4.37922    ])
32      , -2.45235e+08, array([ 4.3836     ])
33      , -2.45235e+08, array([ 2.59396    ])
34      , -2.45235e+08, array([ 2.59655    ])
35      , -2.45235e+08, array([ 2.45587    ])
36      , -2.45235e+08, array([ 2.45832    ])
37      , -2.45235e+08, array([ 2.29847    ])
38      , -2.45235e+08, array([ 2.30077    ])
39      , -2.45235e+08, array([ 3.27322    ])
40      , -2.45235e+08, array([ 3.2765     ])
41      , -2.45235e+08, array([ 5.52364    ])
42      , -2.45235e+08, array([ 5.52917    ])
43      , -2.45235e+08, array([ 5.33392    ])
44      , -2.45235e+08, array([ 5.33925    ])
45      , -2.45235e+08, array([ 3.07185    ])
46      , -2.45235e+08, array([ 3.07492    ])
47      , -2.45235e+08, array([ 5.52892    ])
48      , -2.45235e+08, array([ 5.53445    ])
49      , -2.45235e+08, array([ 13.8463    ])
50      , -2.45235e+08, array([ 13.8601    ])
