compute_likelihood from expectation
1       , -9.48663e+07, array([ 0.0835977  ])
2       , -9.48663e+07, array([ 0.0836813  ])
3       , -9.48663e+07, array([ 0.101122   ])
4       , -9.48663e+07, array([ 0.101223   ])
5       , -9.48663e+07, array([ 0.48756    ])
6       , -9.48663e+07, array([ 0.488048   ])
7       , -9.48663e+07, array([ 0.316455   ])
8       , -9.48663e+07, array([ 0.316772   ])
9       , -9.48663e+07, array([ 0.842354   ])
10      , -9.48663e+07, array([ 0.843197   ])
11      , -9.48663e+07, array([ 1.0837     ])
12      , -9.48663e+07, array([ 1.08478    ])
13      , -9.48663e+07, array([ 0.814032   ])
14      , -9.48663e+07, array([ 0.814846   ])
15      , -9.48663e+07, array([ 1.1983     ])
16      , -9.48663e+07, array([ 1.19949    ])
17      , -9.48663e+07, array([ 1.59837    ])
18      , -9.48663e+07, array([ 1.59997    ])
19      , -9.48663e+07, array([ 0.76481    ])
20      , -9.48663e+07, array([ 0.765575   ])
21      , -9.48663e+07, array([ 1.39917    ])
22      , -9.48663e+07, array([ 1.40057    ])
23      , -9.48663e+07, array([ 0.761293   ])
24      , -9.48663e+07, array([ 0.762055   ])
25      , -9.48663e+07, array([ 3.45618    ])
26      , -9.48663e+07, array([ 3.45964    ])
27      , -9.48663e+07, array([ 2.10676    ])
28      , -9.48663e+07, array([ 2.10887    ])
29      , -9.48663e+07, array([ 1.60968    ])
30      , -9.48663e+07, array([ 1.61129    ])
31      , -9.48663e+07, array([ 2.1157     ])
32      , -9.48663e+07, array([ 2.11781    ])
33      , -9.48663e+07, array([ 2.847      ])
34      , -9.48663e+07, array([ 2.84984    ])
35      , -9.48663e+07, array([ 4.14253    ])
36      , -9.48663e+07, array([ 4.14668    ])
37      , -9.48663e+07, array([ 3.48369    ])
38      , -9.48663e+07, array([ 3.48717    ])
39      , -9.48663e+07, array([ 6.36299    ])
40      , -9.48663e+07, array([ 6.36936    ])
41      , -9.48663e+07, array([ 4.35666    ])
42      , -9.48663e+07, array([ 4.36101    ])
43      , -9.48663e+07, array([ 6.46434    ])
44      , -9.48663e+07, array([ 6.47081    ])
45      , -9.48663e+07, array([ 5.20563    ])
46      , -9.48663e+07, array([ 5.21084    ])
47      , -9.48663e+07, array([ 6.80192    ])
48      , -9.48663e+07, array([ 6.80872    ])
49      , -9.48663e+07, array([ 14.2187    ])
50      , -9.48663e+07, array([ 14.2329    ])
compute_likelihood from expectation
46141963.0 203753205.0
1       , -9.83837e+07, array([ 0.186961   ])
2       , -9.83837e+07, array([ 0.187148   ])
3       , -9.83837e+07, array([ 0.333946   ])
4       , -9.83837e+07, array([ 0.33428    ])
5       , -9.83837e+07, array([ 0.269162   ])
6       , -9.83837e+07, array([ 0.269431   ])
7       , -9.83837e+07, array([ 0.366622   ])
8       , -9.83837e+07, array([ 0.366989   ])
9       , -9.83837e+07, array([ 0.266328   ])
10      , -9.83837e+07, array([ 0.266594   ])
11      , -9.83837e+07, array([ 0.689187   ])
12      , -9.83837e+07, array([ 0.689877   ])
13      , -9.83837e+07, array([ 0.372874   ])
14      , -9.83837e+07, array([ 0.373247   ])
15      , -9.83837e+07, array([ 1.35674    ])
16      , -9.83837e+07, array([ 1.3581     ])
17      , -9.83837e+07, array([ 1.07584    ])
18      , -9.83837e+07, array([ 1.07692    ])
19      , -9.83837e+07, array([ 0.879948   ])
20      , -9.83837e+07, array([ 0.880828   ])
21      , -9.83837e+07, array([ 1.07488    ])
22      , -9.83837e+07, array([ 1.07595    ])
23      , -9.83837e+07, array([ 1.4617     ])
24      , -9.83837e+07, array([ 1.46316    ])
25      , -9.83837e+07, array([ 1.16891    ])
26      , -9.83837e+07, array([ 1.17008    ])
27      , -9.83837e+07, array([ 2.91841    ])
28      , -9.83837e+07, array([ 2.92133    ])
29      , -9.83837e+07, array([ 2.27669    ])
30      , -9.83837e+07, array([ 2.27897    ])
31      , -9.83837e+07, array([ 1.77096    ])
32      , -9.83837e+07, array([ 1.77273    ])
33      , -9.83837e+07, array([ 5.15077    ])
34      , -9.83837e+07, array([ 5.15593    ])
35      , -9.83837e+07, array([ 1.78862    ])
36      , -9.83837e+07, array([ 1.79041    ])
37      , -9.83837e+07, array([ 1.68263    ])
38      , -9.83837e+07, array([ 1.68431    ])
39      , -9.83837e+07, array([ 1.86261    ])
40      , -9.83837e+07, array([ 1.86448    ])
41      , -9.83837e+07, array([ 2.79802    ])
42      , -9.83837e+07, array([ 2.80082    ])
43      , -9.83837e+07, array([ 7.59667    ])
44      , -9.83837e+07, array([ 7.60427    ])
45      , -9.83837e+07, array([ 5.8572     ])
46      , -9.83837e+07, array([ 5.86306    ])
47      , -9.83837e+07, array([ 6.0876     ])
48      , -9.83837e+07, array([ 6.09369    ])
49      , -9.83837e+07, array([ 14.8723    ])
50      , -9.83837e+07, array([ 14.8872    ])
