28
42
19
6
43
63
30
35
21
38
64
54
16
7
61
65
73
71
79
74
48
60
77
109
62
123
80
106
118
49
76
136
111
127
148
85
113
153
52
157
131
130
138
145
149
135
162
119
169
160
141
159
151
117
155
161
163
180
178
183
129
133
168
174
181
173
193
184
165
170
197
203
179
186
204
194
198
209
192
171
190
199
158
210
218
201
200
206
212
216
176
196
175
195
191
182
189
232
188
177
187
211
217
207
226
228
214
231
213
185
202
224
208
215
225
255
254
230
252
249
233
258
256
229
227
261
264
263
262
253
251
250
259
260
272
277
267
268
265
270
269
276
286
266
293
274
282
278
280
285
288
295
289
273
301
306
310
305
300
309
312
314
315
271
316
283
275
299
291
287
308
279
281
284
292
298
304
290
294
302
311
307
