2       , -152.073    , array([ 5.72236e-07,  2.18583e-09])
4       , -138.361    , array([ 2.82041e-07,  4.43581e-09])
6       , -138.336    , array([ 2.82041e-07,  4.44025e-09])
8       , -1265.93    , array([ 2.03666e-08,  6.1768e-08 ])
10      , -136.051    , array([ 2.68961e-07,  4.6519e-09 ])
12      , -136.025    , array([ 2.68961e-07,  4.65656e-09])
14      , -346.441    , array([ 7.40493e-08,  1.69511e-08])
16      , -98.3594    , array([ 1.75283e-07,  7.14331e-09])
18      , -98.2999    , array([ 1.75283e-07,  7.15046e-09])
20      , -68.0323    , array([ 1.26488e-07,  9.91445e-09])
22      , -67.9646    , array([ 1.24741e-07,  1.00435e-08])
24      , -67.9647    , array([ 1.24741e-07,  1.00536e-08])
26      , -143.471    , array([ 5.72236e-07,  6.9122e-09 ])
28      , -86.4222    , array([ 2.82117e-07,  1.40311e-08])
30      , -86.3632    , array([ 2.82117e-07,  1.40451e-08])
32      , -1191.41    , array([ 1.67503e-08,  2.38225e-07])
34      , -80.6495    , array([ 2.68236e-07,  1.4759e-08 ])
36      , -80.5951    , array([ 2.68236e-07,  1.47738e-08])
38      , -67.9717    , array([ 2.22892e-07,  1.77876e-08])
40      , -102.113    , array([ 5.71664e-07,  2.18583e-08])
42      , -102.055    , array([ 5.71664e-07,  2.18802e-08])
44      , -111.464    , array([ 2.17934e-07,  2.8375e-08 ])
46      , -69.3989    , array([ 3.48081e-07,  2.4995e-08 ])
48      , -69.3755    , array([ 3.48081e-07,  2.502e-08  ])
50      , -97.3625    , array([ 5.72236e-07,  6.9122e-08 ])
52      , -99.4023    , array([ 6.3903e-07 ,  2.55874e-08])
54      , -99.3434    , array([ 6.3903e-07 ,  2.5613e-08 ])
56      , -68.0112    , array([ 5.97491e-07,  4.70214e-08])
58      , -739.787    , array([ 5.71664e-07,  2.18583e-07])
60      , -740.608    , array([ 5.71664e-07,  2.18802e-07])
62      , -123.714    , array([ 5.85453e-07,  8.04332e-08])
64      , -153.841    , array([ 3.14415e-06,  2.18583e-09])
66      , -153.841    , array([ 3.14415e-06,  2.18802e-09])
68      , -153.789    , array([ 2.73541e-06,  2.51565e-09])
70      , -153.251    , array([ 3.14415e-06,  6.9122e-09 ])
72      , -153.25     , array([ 3.14415e-06,  6.91912e-09])
74      , -147.322    , array([ 1.55284e-06,  1.40278e-08])
76      , -120.83     , array([ 9.04014e-07,  2.40955e-08])
78      , -120.785    , array([ 9.04014e-07,  2.41196e-08])
80      , -149.538    , array([ 3.1473e-06 ,  2.18583e-08])
82      , -117.586    , array([ 1.55135e-06,  4.43618e-08])
84      , -117.539    , array([ 1.55135e-06,  4.44061e-08])
86      , -1264.91    , array([ 9.20395e-08,  7.52623e-07])
88      , -107.656    , array([ 1.40885e-06,  4.88581e-08])
90      , -107.601    , array([ 1.40885e-06,  4.8907e-08 ])
92      , -95.5983    , array([ 1.27075e-06,  5.42329e-08])
94      , -1057.02    , array([ 3.41652e-07,  2.02032e-07])
96      , -1057.58    , array([ 3.41652e-07,  2.02234e-07])
98      , -88.1108    , array([ 1.19406e-06,  5.77234e-08])
100     , -111.95     , array([ 7.26735e-07,  9.48389e-08])
102     , -112.163    , array([ 7.26735e-07,  9.49338e-08])
104     , -68.7009    , array([ 9.64127e-07,  7.15194e-08])
106     , -67.9675    , array([ 9.22989e-07,  7.46386e-08])
108     , -67.9689    , array([ 9.22989e-07,  7.47133e-08])
110     , -128.616    , array([ 3.1473e-06 ,  6.9122e-08 ])
112     , -67.9671    , array([ 1.24431e-06,  1.00588e-07])
114     , -67.9684    , array([ 1.24431e-06,  1.00689e-07])
116     , -70.2968    , array([ 3.1473e-06 ,  2.18583e-07])
118     , -433.824    , array([ 1.2614e-06 ,  3.28458e-07])
120     , -434.552    , array([ 1.2614e-06 ,  3.28787e-07])
122     , -68.3532    , array([ 2.95996e-06,  2.24647e-07])
124     , -153.89     , array([ 5.71664e-06,  2.18583e-09])
126     , -153.89     , array([ 5.71664e-06,  2.18802e-09])
128     , -153.886    , array([ 5.47871e-06,  2.28324e-09])
130     , -153.702    , array([ 5.71664e-06,  6.9122e-09 ])
132     , -153.701    , array([ 5.71664e-06,  6.91912e-09])
134     , -152.92     , array([ 3.80795e-06,  1.03953e-08])
136     , -152.07     , array([ 5.71664e-06,  2.18583e-08])
138     , -152.066    , array([ 5.71664e-06,  2.18802e-08])
140     , -138.385    , array([ 2.82323e-06,  4.4358e-08 ])
142     , -1265.92    , array([ 2.03464e-07,  6.17669e-07])
144     , -1265.92    , array([ 2.03464e-07,  6.18287e-07])
146     , -136.078    , array([ 2.6923e-06 ,  4.65189e-08])
148     , -347.069    , array([ 7.39756e-07,  1.69509e-07])
150     , -347.707    , array([ 7.39756e-07,  1.69678e-07])
152     , -98.4185    , array([ 1.75458e-06,  7.14332e-08])
154     , -68.0265    , array([ 1.2636e-06 ,  9.91453e-08])
156     , -68.0211    , array([ 1.2636e-06 ,  9.92444e-08])
158     , -67.9647    , array([ 1.24866e-06,  1.00435e-07])
160     , -143.456    , array([ 5.71664e-06,  6.9122e-08 ])
162     , -143.442    , array([ 5.71664e-06,  6.91912e-08])
164     , -86.4814    , array([ 2.82399e-06,  1.4031e-07 ])
166     , -737.282    , array([ 1.67334e-07,  2.38223e-06])
168     , -732.347    , array([ 1.67334e-07,  2.38462e-06])
170     , -84.594     , array([ 2.77881e-06,  1.42598e-07])
172     , -68.5027    , array([ 2.29678e-06,  1.72433e-07])
174     , -68.4878    , array([ 2.29678e-06,  1.72606e-07])
176     , -1240.99    , array([ 6.20564e-07,  6.40918e-07])
178     , -68.2862    , array([ 2.27853e-06,  1.73818e-07])
180     , -68.2735    , array([ 2.27853e-06,  1.73992e-07])
182     , -102.172    , array([ 5.72236e-06,  2.18583e-07])
184     , -106.182    , array([ 2.15758e-06,  2.73694e-07])
186     , -106.376    , array([ 2.15758e-06,  2.73968e-07])
188     , -69.1301    , array([ 3.3948e-06 ,  2.46571e-07])
190     , -153.902    , array([ 8.28912e-06,  2.18583e-09])
192     , -153.902    , array([ 8.28912e-06,  2.18802e-09])
194     , -153.901    , array([ 8.12584e-06,  2.23208e-09])
196     , -153.81     , array([ 8.28912e-06,  6.9122e-09 ])
198     , -153.81     , array([ 8.28912e-06,  6.91912e-09])
200     , -153.691    , array([ 6.79622e-06,  8.44228e-09])
202     , -152.982    , array([ 8.28912e-06,  2.18583e-08])
204     , -152.981    , array([ 8.28912e-06,  2.18802e-08])
206     , -145.163    , array([ 4.09379e-06,  4.43593e-08])
208     , -68.3636    , array([ 1.46343e-06,  1.24195e-07])
210     , -68.3784    , array([ 1.46343e-06,  1.2432e-07 ])
212     , -115.34     , array([ 2.46315e-06,  7.37931e-08])
214     , -67.9874    , array([ 1.51501e-06,  1.19959e-07])
216     , -67.9844    , array([ 1.51501e-06,  1.2008e-07 ])
218     , -148.033    , array([ 8.29742e-06,  6.9122e-08 ])
220     , -108.264    , array([ 4.09086e-06,  1.40316e-07])
222     , -108.209    , array([ 4.09086e-06,  1.40457e-07])
224     , -1252.22    , array([ 2.42927e-07,  2.38272e-06])
226     , -97.2531    , array([ 3.71882e-06,  1.54392e-07])
228     , -97.1933    , array([ 3.71882e-06,  1.54547e-07])
230     , -85.7803    , array([ 3.38133e-06,  1.70015e-07])
232     , -1142.45    , array([ 9.05413e-07,  6.36472e-07])
234     , -1142.86    , array([ 9.05413e-07,  6.37109e-07])
236     , -80.8117    , array([ 3.23732e-06,  1.77597e-07])
238     , -68.1493    , array([ 2.72799e-06,  2.10639e-07])
240     , -68.1397    , array([ 2.72799e-06,  2.10849e-07])
242     , -357.045    , array([ 1.57318e-06,  3.6615e-07 ])
244     , -67.9831    , array([ 2.69191e-06,  2.13469e-07])
246     , -67.9805    , array([ 2.69191e-06,  2.13683e-07])
248     , -121.351    , array([ 8.29742e-06,  2.18583e-07])
250     , -70.5074    , array([ 3.18419e-06,  2.9239e-07 ])
252     , -70.5481    , array([ 3.18419e-06,  2.92682e-07])
254     , -85.4638    , array([ 5.03354e-06,  2.54461e-07])
256     , -67.9712    , array([ 3.54423e-06,  2.83019e-07])
258     , -67.9706    , array([ 3.54423e-06,  2.83302e-07])
260     , -153.906    , array([ 1.08725e-05,  2.18583e-09])
262     , -153.906    , array([ 1.07296e-05,  2.21278e-09])
264     , -153.906    , array([ 1.07296e-05,  2.215e-09  ])
266     , -153.852    , array([ 1.08725e-05,  6.9122e-09 ])
268     , -153.817    , array([ 9.65181e-06,  7.78039e-09])
270     , -153.817    , array([ 9.65181e-06,  7.78818e-09])
272     , -153.354    , array([ 1.08725e-05,  2.18583e-08])
274     , -148.083    , array([ 5.359e-06  ,  4.436e-08  ])
276     , -148.075    , array([ 5.359e-06  ,  4.44044e-08])
278     , -136.838    , array([ 3.7685e-06 ,  6.31864e-08])
280     , -150.132    , array([ 1.08616e-05,  6.9122e-08 ])
282     , -150.126    , array([ 1.08616e-05,  6.91912e-08])
284     , -121.675    , array([ 5.36478e-06,  1.40289e-07])
286     , -1264.14    , array([ 3.17695e-07,  2.38044e-06])
288     , -1264.13    , array([ 3.17695e-07,  2.38282e-06])
290     , -113.046    , array([ 4.90065e-06,  1.53604e-07])
292     , -102.15     , array([ 4.43663e-06,  1.69534e-07])
294     , -102.092    , array([ 4.43663e-06,  1.69704e-07])
296     , -994.681    , array([ 1.18841e-06,  6.35268e-07])
298     , -92.4169    , array([ 4.08897e-06,  1.8398e-07 ])
300     , -92.3565    , array([ 4.08897e-06,  1.84164e-07])
302     , -84.3967    , array([ 3.82445e-06,  1.96929e-07])
304     , -183.003    , array([ 2.12977e-06,  3.53699e-07])
306     , -183.386    , array([ 2.12977e-06,  3.54053e-07])
308     , -69.1644    , array([ 3.22312e-06,  2.33752e-07])
310     , -67.9815    , array([ 3.04139e-06,  2.47501e-07])
312     , -67.9848    , array([ 3.04139e-06,  2.47748e-07])
314     , -131.572    , array([ 1.08725e-05,  2.18583e-07])
316     , -68.5057    , array([ 4.34321e-06,  3.26009e-07])
318     , -68.4907    , array([ 4.34321e-06,  3.26335e-07])
[5.716636581516035e-07, 2.1858310365842914e-09]
[-153.90595608 -136.17060574 -118.4352554  -100.69990505  -82.96455471  -79.21455471  -75.46455471  -71.71455471  -67.96455471]
