Best demographic model: exponential_growth.
Assuming a gamma-distributed DFE...
Outputting MLE estimates in order.
The population-scaled best-fit parameters: [3.50732274e-01 9.80879107e+11].
The non-scaled best-fit parameters: [0.3507322740986407, array([9.80879107e+11 8.31980692e-01])].
The expected SFS is: [-- 1.1299537523031642 0.44066195268678593 0.24682986659498096 0.16504241083736612 0.12145536675773745 0.09482626673918111 0.07706438928835478 0.06447014763562206 0.05512845284433069 0.0479552488580645 0.042293949646431225 0.03772520330097772 0.033969463913827685 0.030833690957809093 0.028180576136163933 0.0259099613236682 0.023947183673935436 0.02223552340487758 0.020731169691740887 0.019399780855547544 0.018214081877881833 0.01715215336872496 0.01619619149046989 0.015331594931538831 0.014546283005149827 0.013830179699214146 0.013174818620343455 0.012573037184487806 0.012018737499746978 0.011506697650680592 0.011032421471286344 0.010592017994857848 0.010182103993016884 0.009799724629889109 0.009442288440870422 0.009107513722192139 0.008793384073179608 0.008498111327822615 0.008220104488671024 0.007957943564695641 0.007710357437723416 0.0074762050555184645 0.0072544593854197955 0.007044193669504409 0.0068445696071137525 0.00665482715825498 0.006474275715633202 --].

The population-scaled best-fit parameters: [3.50732274e-01 1.63215626e+12].
The non-scaled best-fit parameters: [0.3507322739029872, array([1.63215626e+12 1.38439333e+00])].
The expected SFS is: [-- 0.9451430444622461 0.36858904978804413 0.20645936288726185 0.13804873560609554 0.10159061376551055 0.07931686261923733 0.06446004665586257 0.053925668690639784 0.04611186405806441 0.04011188056557615 0.03537652076240163 0.031555020257517406 0.02841355455134475 0.025790656051643924 0.023571474056351287 0.021672231901775335 0.02003047829743861 0.01859877032147977 0.017340462672048685 0.016226830457539764 0.015235059652230981 0.014346815913681815 0.01354720732860607 0.01282402071742514 0.012167151262067289 0.011568170942595957 0.011019998094991655 0.010516641618743626 0.010053000968710129 0.009624708305010414 0.009228002836532566 0.008859629987489381 0.008516759876775954 0.008196920949630288 0.0078979455910121 0.007617925283475831 0.007355173420759236 0.007108194302117567 0.006875657147266761 0.006656374213218863 0.006449282280794404 0.006253426923687755 0.0060679490865834535 0.005892073588369839 0.005725099237484049 0.0055663903030281235 0.005415369130668285 --].

The population-scaled best-fit parameters: [3.50732273e-01 2.61433963e+12].
The non-scaled best-fit parameters: [0.3507322728088712, array([2.61433963e+12 2.21748030e+00])].
The expected SFS is: [-- 0.8011939034842314 0.31245143446953344 0.17501476012802983 0.11702335035614939 0.08611794913352629 0.06723658110485396 0.05464251878642318 0.0457125695340983 0.039088839203031606 0.03400267765700912 0.02998853245637232 0.026749062057057592 0.02408605438414438 0.02186263401802782 0.01998144248682931 0.018371462654299175 0.016979754816112424 0.01576610180082814 0.014699439535465706 0.013755418046516848 0.012914697977384156 0.012161737380724558 0.011483912442354563 0.0108708700997339 0.010314044539776199 0.009806291364338391 0.009341607475699598 0.008914914242379354 0.008521887953053031 0.008158826007658814 0.007822540398901496 0.0075102722361530365 0.0072196226407362785 0.006948496485754253 0.006695056292773074 0.006457684219333706 0.006234950536182589 0.00602558734389518 0.005828466545449143 0.005642581295955002 0.005467030308848135 0.0053010045208395805 0.005143775714240017 0.004994686771180769 0.004853143294432076 0.004718606377502994 0.004590586345169299 --].

The population-scaled best-fit parameters: [3.50732273e-01 1.42989321e+12].
The non-scaled best-fit parameters: [0.3507322727776185, array([1.42989321e+12 1.21283401e+00])].
The expected SFS is: [-- 0.9900336967883244 0.38609560931769166 0.21626538717035748 0.144605518725547 0.10641577657991824 0.08308410807371382 0.06752165059098081 0.05648693025617363 0.048302000004996466 0.042017040409748414 0.03705676925688342 0.03305376219829978 0.029763088971584122 0.027015612895960318 0.024691028303496114 0.022701579461728905 0.020981848884474994 0.019482140293853138 0.018164067877344432 0.016997542421647267 0.01595866632270151 0.015028234427426722 0.01419064751402012 0.013433112323918354 0.012745044099114568 0.012117614521189111 0.011543405574359155 0.011016141603916271 0.010530479808470591 0.01008184489257081 0.009666297442012568 0.009280428301194285 0.008921273180558185 0.00858624313601047 0.008273067599145137 0.007979747405288633 0.007704515840877201 0.007445806165141355 0.007202224390858923 0.006972526361824518 0.00675559836004248 0.006550440627633483 0.006356153307463105 0.006171924400302306 0.0059970194106894765 0.005830772412957357 0.00567257831641599 --].

The population-scaled best-fit parameters: [3.50732272e-01 1.11485342e+12].
The non-scaled best-fit parameters: [0.35073227234784676, array([1.11485342e+12 9.45617574e-01])].
The expected SFS is: [-- 1.0803368008870187 0.4213122208068023 0.23599141863792267 0.1577952993708212 0.11612218864833393 0.09066238843806576 0.07368044570985208 0.06163922478000267 0.05270772942122215 0.04584950513153779 0.04043679696850243 0.03606866701837966 0.032477844402320696 0.029479765118829365 0.026943150161038563 0.024772239407226605 0.022895648501476507 0.02125914826142307 0.019820851621955342 0.018547924867853366 0.017414290643145647 0.016398992051395334 0.01548500703219738 0.014658375426333612 0.013907547017232284 0.013222888236544758 0.012596304455298763 0.012020947602809199 0.011490987549268993 0.011001431676678506 0.010547981248382588 0.010126916152357517 0.009735001719812982 0.0093694128634905 0.009027671911551257 0.00870759735120765 0.008407261323148032 0.008124954180804117 0.007859154788377908 0.007608505507497788 0.007371791035551858 0.007147920424592056 0.00693591173957728 0.006734878917080517 0.006544020466727655 0.006362609722337535 0.006189986401595535 --].

The population-scaled best-fit parameters: [3.50732272e-01 2.19505664e+12].
The non-scaled best-fit parameters: [0.3507322718261214, array([2.19505664e+12 1.86184488e+00])].
The expected SFS is: [-- 0.8518515827128282 0.33220703233883414 0.1860805478625508 0.12442247235936697 0.09156299247774193 0.07148779822394383 0.058097441807302155 0.04860287204360274 0.041560338211002176 0.036152590162718636 0.031884639630651405 0.028440344836966596 0.02560896120522876 0.023244958992391766 0.0212448239704225 0.01953304875003337 0.018053346369025877 0.016762956815087163 0.015628851904095065 0.014625142068736625 0.0137312651685941 0.012930696574110117 0.012210014295852601 0.011558210670528027 0.01096617828804137 0.010426321026096003 0.009932256224664437 0.0094785841418713 0.009060707687892737 0.008674690155629609 0.008317141967287361 0.007985129793815984 0.007676103080858648 0.007387834231377517 0.007118369587328106 0.006865989013727262 0.006629172382770336 0.006406571628616173 0.006196987327215895 0.005999348973151945 0.005812698293546041 0.005636175069864929 0.005469005040859667 0.00531048954058297 0.0051599965894108145 0.005016953207012045 0.004880838757104025 --].

The population-scaled best-fit parameters: [3.50732271e-01 2.50139214e+12].
The non-scaled best-fit parameters: [0.3507322714448226, array([2.50139214e+12 2.12167835e+00])].
The expected SFS is: [-- 0.8137008600572259 0.317328926259361 0.17774681062071152 0.11885013177601196 0.0874622848789419 0.06828617113641569 0.05549551045975023 0.04642616112001322 0.03969903170206108 0.034533473133672825 0.030456665515340174 0.027166625682479354 0.0244620473903113 0.022203918539104157 0.020293360852223285 0.0186582485874588 0.017244815630477736 0.01601221700366621 0.014928903711405164 0.013970145667331539 0.013116301619731782 0.012351587005227632 0.011663180946829265 0.011040568766534009 0.010475050935474035 0.009959371528582324 0.009487433737371657 0.009054079650884254 0.008654918062924781 0.00828618857435689 0.007944653411810536 0.007627510617266282 0.007332323864586723 0.007056965321101938 0.0067995688246010365 0.006558491277453812 0.006332280631758255 0.006119649195669976 0.005919451262118495 0.005730664268960706 0.005552372860186235 0.005383755342702753 0.005224072131049887 0.005072655849484684 0.004928902821997513 0.0047922657295502704 0.004662247252891466 --].

The population-scaled best-fit parameters: [3.50732271e-01 1.07927212e+12].
The non-scaled best-fit parameters: [0.3507322711964728, array([1.07927212e+12 9.15437547e-01])].
The expected SFS is: [-- 1.0926973311041162 0.42613260919362184 0.23869148358283407 0.1596006937115517 0.11745078556132633 0.09169969038014623 0.07452345097344086 0.062344461985558146 0.053310778086626646 0.0463740863165659 0.040899449357067026 0.036481342015766464 0.03284943546902686 0.029817054050457217 0.027251416741582248 0.02505566779374762 0.023157606116240136 0.02150238207057429 0.02004762934624145 0.018760138565344746 0.017613534011238642 0.01658661901188225 0.015662176751180014 0.014826087346566787 0.014066668431168767 0.013374176215416395 0.012740423456691024 0.01215848373299575 0.011622460209849802 0.011127303146862381 0.010668664623940324 0.010242781965880512 0.009846383494848926 0.009476611800717235 0.009130960863685266 0.00880722421146939 0.00850345192740527 0.008217914804224697 0.007949074302251335 0.007695557249869804 0.00745613443974058 0.007229702441975764 0.007015268086851452 0.006811935173160507 0.006618893040380298 0.006435406708272466 0.006260808339987614 --].

The population-scaled best-fit parameters: [3.50732271e-01 2.59871767e+12].
The non-scaled best-fit parameters: [0.35073227064505047, array([2.59871767e+12 2.20422976e+00])].
The expected SFS is: [-- 0.8028798959018171 0.3131089419324982 0.17538305279739322 0.11726960877288922 0.08629917172952713 0.06737807065905786 0.05475750599667286 0.04580876498191341 0.039171095984314466 0.03407423135785423 0.030051638976909874 0.026805351586219488 0.024136740002888384 0.02190864077322107 0.020023490548805447 0.01841012274829873 0.017015486263564552 0.01579927929204155 0.01473037239097342 0.013784364345908599 0.012941875103411552 0.012187330010389795 0.011508078687692583 0.01089374628627538 0.010335748967551574 0.00982692729903692 0.009361265550368767 0.008933674402828507 0.008539821046472244 0.008175995089656591 0.007839001816389931 0.007526076530361086 0.007234815304802244 0.006963118603927019 0.006709145082595678 0.006471273493835154 0.006248071099734665 0.006038267332759685 0.005840731721971665 0.005654455303722365 0.005478534894820512 0.005312159729420923 0.005154600057405869 0.00500519737809746 0.004863356043443203 0.004728536012901604 0.004600246580797917 --].

The population-scaled best-fit parameters: [3.50732271e-01 1.47343253e+12].
The non-scaled best-fit parameters: [0.3507322706046093, array([1.47343253e+12 1.24976402e+00])].
The expected SFS is: [-- 0.979672983906447 0.38205511559851224 0.2140021683779531 0.1430922210687928 0.10530213487127855 0.08221463244398973 0.06681503618403369 0.055895794268187984 0.047796519362034204 0.04157733190567112 0.03666897001827418 0.0327078544502278 0.029451618136045472 0.02673289441147452 0.02443263660819936 0.022464007358066963 0.020762273769300718 0.019278259635874737 0.01797398085303024 0.016819663091260987 0.01579165883507198 0.014870963913419067 0.014042142350442757 0.013292534769100773 0.01261166718093586 0.011990803655927453 0.011422603807866607 0.01090085765680367 0.010420278313792336 0.009976338363871013 0.009565139618824364 0.00918330859988069 0.00882791203878661 0.008496388084760496 0.008186489930905273 0.007896239333814902 0.007623888068591089 0.007367885790413532 0.007126853100142517 0.006899558861672803 0.006684901012072381 0.006481890255932416 0.006289636153127197 0.006107335202003037 0.005934260593596371 0.00576975337115478 0.005613214776264842 --].

The population-scaled best-fit parameters: [3.50732269e-01 1.70012000e+12].
The non-scaled best-fit parameters: [0.3507322691483276, array([1.70012000e+12 1.44204011e+00])].
The expected SFS is: [-- 0.9317156159916308 0.36335259187896446 0.20352624382238652 0.13608751028130756 0.10014734036687141 0.07819002711499705 0.06354427839454845 0.053159559817745776 0.04545676403375776 0.03954202086449937 0.034873935177438115 0.03110672580805541 0.02800989014585578 0.02542425453022556 0.023236599915623476 0.021364339833399405 0.0197459102236143 0.018334542174628904 0.01709411099560421 0.015996299882569787 0.015018618923181135 0.014142994246587567 0.013354745505326945 0.012641833029517742 0.0119942955577997 0.011403824805079683 0.010863439714827056 0.010367234300646695 0.009910180479606918 0.00948797246467013 0.0090969028933721 0.00873376342689446 0.008395764387566375 0.008080469333404202 0.007785741444147889 0.007509699316195292 0.007250680304489123 0.007007209957341182 0.0067779764005389135 0.0065618087650697226 0.006357658936649944 0.006164586048275802 0.0059817432490212215 0.005808366370583455 0.005643764183057035 0.005487309987217647 0.005338434335325541 --].

The population-scaled best-fit parameters: [3.50732269e-01 1.51450805e+12].
The non-scaled best-fit parameters: [0.3507322688382706, array([1.51450805e+12 1.28460424e+00])].
The expected SFS is: [-- 0.9702707514504576 0.3783884120468665 0.21194832221821006 0.14171892007846057 0.10429151725460423 0.08142559285772538 0.06617379136647929 0.05535934484638498 0.04733780122450532 0.04117830126154093 0.036317046462354695 0.03239394696190104 0.029168961767709 0.0264763304860548 0.024198148976931032 0.022248413277699334 0.020563011758482266 0.0190932401727467 0.017801478961111762 0.016658239547655548 0.01564010136950836 0.014728242644616092 0.013907375541019657 0.013164962177686678 0.01249062908830972 0.011875724184325823 0.011312977527511947 0.010796238737040924 0.010320271663895179 0.009880592344131897 0.00947334000166823 0.009095173534064008 0.008743187824559113 0.008414845609255336 0.008107921644564213 0.007820456672900378 0.007550719247626571 0.007297173903066454 0.007058454478605132 0.0068333416537353356 0.006620743942367497 0.006419681543669953 0.0062292725633491175 0.006048721211207704 0.005877307653694809 0.00571437925827181 0.005559343012996763 --].

The population-scaled best-fit parameters: [3.50732269e-01 2.54456438e+12].
The non-scaled best-fit parameters: [0.35073226873038565, array([2.54456438e+12 2.15829700e+00])].
The expected SFS is: [-- 0.8088319167542369 0.31543012523526004 0.1766832273303095 0.11813896855667835 0.08693893709592886 0.06787756743746644 0.05516344221154062 0.04614836111525674 0.039461484802600234 0.03432683537074478 0.03027442213215187 0.027004068898501682 0.02431567398086684 0.022071057085955154 0.020171931594866212 0.018546603344025095 0.01714162793926074 0.01591640480694057 0.01483957373107936 0.013886552602656362 0.013037817697252992 0.012277678901530151 0.011593392054735169 0.010974505395506269 0.010412371450314227 0.00989977771134308 0.009430663851554551 0.008999902823361841 0.00860312969621201 0.008236606572053119 0.007897115051365658 0.007581869942194083 0.007288449496634773 0.0070147386143204265 0.0067588822995863496 0.006519247286597871 0.006294390216065062 0.006083031101298985 0.005884031090790916 0.005696373741097761 0.005519149173420275 0.005351540611426895 0.00519281289511095 0.0050423026421022345 0.004899409788604065 0.004763590290568362 0.004634349804550146 --].

The population-scaled best-fit parameters: [3.50732268e-01 2.74674996e+12].
The non-scaled best-fit parameters: [0.35073226823231823, array([2.74674996e+12 2.32979061e+00])].
The expected SFS is: [-- 0.7874300429851736 0.30708377370573015 0.17200814974424283 0.1150129851304211 0.08463851346335657 0.06608151189652639 0.05370380525792505 0.04492726521608925 0.038417325140107206 0.033418539675615304 0.029473354193509382 0.02628953523435542 0.023672275844529397 0.02148705201210145 0.01963817780401217 0.01805585610023034 0.016688056657161672 0.01549525320139608 0.014446915315248096 0.01351911133777611 0.012692834146657101 0.011952808792444274 0.011286628327715615 0.010684117547041615 0.01013685779096735 0.009637827396238917 0.009181126393420136 0.008761763397744265 0.008375488975691993 0.00801866413482549 0.0076881556351925335 0.007381251981636312 0.0070955955062414425 0.006829127074666798 0.006580040774845547 0.006346746557520259 0.006127839255008792 0.005922072749354634 0.005728338323313244 0.0055456464287610184 0.005373111262494048 0.00520993766026411 0.005055409914561742 0.004908882196261733 0.004769770319388855 0.004637544635421469 0.0045117238813520465 --].

The population-scaled best-fit parameters: [3.50732267e-01 2.66221356e+12].
The non-scaled best-fit parameters: [0.3507322673371095, array([2.66221356e+12 2.25808692e+00])].
The expected SFS is: [-- 0.7961109822125727 0.31046918611408053 0.173904435371954 0.11628093363915593 0.08557160183626639 0.06681002057281106 0.054295857217191885 0.045422561137083484 0.03884085291381497 0.03378695886601279 0.029798280102139345 0.026579361465978186 0.02393324837528458 0.021723933772399937 0.019854676844817416 0.01825491100153404 0.016872032397031438 0.015666079004671447 0.014606183827400376 0.013668151372204606 0.012832764974744703 0.012084581288503225 0.011411056586973103 0.010801903489243848 0.010248610525235414 0.009744078622106042 0.009282342766827049 0.008858356547635098 0.00846782368357767 0.008107065064527191 0.007772912908456702 0.007462625827615787 0.007173820162226644 0.006904414077237738 0.006652581751494167 0.006416715606407256 0.0061953949831711486 0.0059873600261325976 0.005791489795110024 0.005606783832810271 0.005432346570584841 0.005267374077980561 0.005111142757245516 0.004962999659378951 0.004822354158108514 0.004688670765857915 0.004561462913985967 --].

The population-scaled best-fit parameters: [3.50732266e-01 1.71143472e+12].
The non-scaled best-fit parameters: [0.3507322664175523, array([1.71143472e+12 1.45163724e+00])].
The expected SFS is: [-- 0.9295505826650335 0.36250826803948444 0.20305330939632085 0.13577128353499118 0.09991462791501401 0.07800833693053656 0.06339662056732082 0.05303603297829729 0.0453511361907075 0.0394501371157595 0.034792898662490565 0.031034443159041705 0.027944803614409226 0.025365176240169544 0.023182605078102568 0.021314695565881316 0.019700026700069324 0.0182919382460118 0.01705438945585746 0.015959129325422965 0.014983720202193265 0.014110130213585042 0.013323713124868684 0.012612457242749547 0.0119664244528542 0.011377325776053734 0.010838196377699703 0.010343143995137869 0.009887152229192654 0.009465925298183202 0.009075764454442607 0.008713468814368412 0.008376255182662664 0.008061692778900804 0.007767649748150835 0.0074922490586269855 0.007233831928759116 0.006990927333041281 0.006762226445661944 0.006546561118355763 0.006342885672341235 0.006150261426906272 0.005967843498951372 0.005794869495870808 0.0056306497939692095 0.0054745591502824605 0.005326029440295783 --].

The population-scaled best-fit parameters: [3.50732265e-01 1.31601204e+12].
The non-scaled best-fit parameters: [0.35073226477155284, array([1.31601204e+12 1.11624011e+00])].
The expected SFS is: [-- 1.019275917012943 0.39749956032409356 0.22265313207199564 0.14887667495794787 0.10955893766757413 0.08553813094663075 0.0695160113194957 0.05815536280443563 0.049728677488734704 0.04325808150844696 0.038151300768869315 0.034030058455182526 0.030642189897083234 0.027813562690688517 0.025420317747144584 0.023372107327576275 0.021601581735305898 0.020057576833060597 0.018700573021671735 0.017499592354561895 0.01643003137351471 0.015472117670369052 0.014609791275214293 0.013829881060012138 0.013121489628894189 0.012475527904846049 0.011884358769046177 0.011341521205218896 0.010841514603730482 0.010379628530408386 0.009951807214102935 0.009554540804308424 0.009184777456397697 0.008839851757640115 0.008517426074731438 0.008215442194446192 0.007932081220486612 0.007665730135867832 0.007414953779706656 0.00717847124763712 0.00695513592620581 0.006743918528071263 0.006543892617366496 0.006354222211154782 0.006174151119465532 0.00600299374744196 0.005840127132063735 --].

The population-scaled best-fit parameters: [3.50730825e-01 2.98968046e+12].
The non-scaled best-fit parameters: [0.35073082541685024, array([2.98968046e+12 2.53584402e+00])].
The expected SFS is: [-- 0.7643963683982302 0.29810142976333476 0.16697696342694365 0.11164894714463779 0.08216293457167412 0.06414872201433808 0.05213305756123893 0.04361322520379054 0.03729369506442803 0.032441118768375105 0.0286113251893923 0.02552062866451886 0.022979920291928455 0.020858610832860475 0.019063813117363566 0.01752777154648532 0.016199977722555558 0.015042061482482773 0.014024385394964985 0.013123717775956749 0.012321607440784879 0.011603226214547653 0.010956530037789064 0.010371641316677395 0.009840387626142574 0.009355952676660916 0.008912609064240606 0.008505511394528162 0.00813053452325773 0.007784145892626834 0.007463303904732527 0.007165376371014122 0.0068880745812099605 0.006629399626964259 0.006387598415826736 0.0061611274045043464 0.005948622523787461 0.005748874102246682 0.005560805850422618 0.005383457162482753 0.005215968143155411 0.005057566885095444 0.004907558613729975 0.004765316389055672 0.004630273111271893 0.004501914622914286 0.004379773736849285 --].

The population-scaled best-fit parameters: [3.50726722e-01 1.31313309e+12].
The non-scaled best-fit parameters: [0.3507267215672864, array([1.31313309e+12 1.11379820e+00])].
The expected SFS is: [-- 1.0201949242251322 0.39785991187841757 0.22285565661914322 0.14901238505099634 0.10965896134874978 0.08561631733178443 0.06957961384828953 0.05820861400730218 0.049774244115619974 0.04329774305172478 0.03818629885414845 0.034061290917107516 0.03067032523993649 0.02783911095946853 0.025443676214935877 0.02339359096667449 0.02162144413925464 0.020076024947892183 0.0187177777486212 0.01751569633055096 0.016445154779711063 0.015486362635837279 0.014623245262003046 0.013842619498063296 0.013133577990503886 0.012487023354948137 0.011895311490619682 0.011351975473146066 0.010851509661915287 0.01038919931358793 0.009960984945998409 0.009563353496523012 0.009193250327054535 0.008848007584665427 0.008525285495571066 0.008223023961608037 0.007939402420444034 0.00767280637740849 0.007421799356670092 0.007185099280080485 0.006961558483316558 0.0067501467355680096 0.006549936751662791 0.006360091782182936 0.006179854943749199 0.006008540012753817 0.005845523454796853 --].

The population-scaled best-fit parameters: [3.50607299e-01 2.22169106e+12].
The non-scaled best-fit parameters: [0.3506072989499184, array([2.22169106e+12 1.88443617e+00])].
The expected SFS is: [-- 0.8508610999168025 0.33185752636843846 0.1858975517900437 0.12430561062014273 0.09147989131283327 0.07142466431466331 0.05804728473341444 0.04856171899554801 0.04152574067313218 0.03612294495052525 0.03185884659084862 0.028417620143106174 0.025588728994262865 0.023226785221627865 0.021228374325750993 0.019518060902121815 0.018039611129525374 0.016750305001358073 0.015617144973247224 0.014614265304630367 0.013721122637249889 0.012921207328817946 0.012201109481386993 0.011549831284762167 0.010958273431317148 0.010418846517336223 0.009925173496616282 0.009471859351187497 0.009054310992277626 0.008668595122142284 0.00831132508452442 0.007979570067046875 0.0076707816939106934 0.007382734262617419 0.007113475769779468 0.006861287531424266 0.006624650697037697 0.006402218329201977 0.006192792004172543 0.005995302106124343 0.005808791155732962 0.0056323996444038555 0.005465353947774951 0.005306955972751793 0.005156574256256977 0.005013636284846287 0.004877621845200833 --].

The population-scaled best-fit parameters: [3.50548989e-01 1.64021984e+12].
The non-scaled best-fit parameters: [0.35054898858351174, array([1.64021984e+12 1.39123285e+00])].
The expected SFS is: [-- 0.9477111711199665 0.3696506309295829 0.20707485910886622 0.13846926862176523 0.10190481991757076 0.07956503368504969 0.06466361371849237 0.05409728644777315 0.046259582414772286 0.04024111422925226 0.035491073720612096 0.03165765966500373 0.028506351650404705 0.025875198599602165 0.02364900403711942 0.021743737834820344 0.020096758907626883 0.01866047955546989 0.017398142222245044 0.016280933712999403 0.015285969637888964 0.014394858932177363 0.01359266347674235 0.012867132094041058 0.012208128446447608 0.011607198160535608 0.011057237377272912 0.010552236177630901 0.010087077961496776 0.009657381112682988 0.009259372955581774 0.00888978861062646 0.00854578922162434 0.008224895381834267 0.007924932578559687 0.0076439862116045405 0.007380364291045383 0.007132566334836485 0.006899257302555398 0.006679245643751145 0.006471464726427559 0.006274957056728996 0.006088860814865418 0.0059123983221364106 0.005744866125119728 0.005585626439869507 0.005434099744481307 --].

The population-scaled best-fit parameters: [3.50548820e-01 1.96268561e+12].
The non-scaled best-fit parameters: [0.3505488202858359, array([1.96268561e+12 1.66474800e+00])].
The expected SFS is: [-- 0.8899240707324715 0.34711107482439113 0.19444842656960837 0.13002608395519924 0.09569116214128758 0.07471354933079044 0.06072074627177965 0.050798702531644306 0.043438903608287484 0.03778741225510417 0.03332700596698404 0.029727334680414216 0.02676817791520808 0.024297459592895948 0.022207007364103973 0.020417914852013094 0.018871360521601137 0.017522658339813195 0.016337292047569583 0.015288205338162764 0.014353909200145263 0.013517133965993005 0.012763852369938947 0.012082560251166068 0.011463739336137497 0.010899450757543654 0.010383023814698304 0.009908815043807842 0.009472019829781759 0.0090685237257386 0.008694784095169177 0.008347735134698008 0.008024711087513894 0.007723383728799502 0.007441711136845976 0.007177895454262918 0.006930347860257264 0.006697659364709736 0.006478576331312417 0.0062719798644206804 0.006076868369936185 0.005892342737198383 0.005717593695882474 0.005551890986247397 0.005394574047941564 0.005245043985891588 0.005102756614536079 --].

The population-scaled best-fit parameters: [3.50548693e-01 2.59729429e+12].
The non-scaled best-fit parameters: [0.3505486934869017, array([2.59729429e+12 2.20302246e+00])].
The expected SFS is: [-- 0.8066829737978833 0.31464327670930264 0.17626027744674166 0.11786382161122111 0.08674049147524802 0.06772506472539822 0.055041108219505634 0.04604714372396941 0.039375758964916165 0.03425289158105343 0.03020969859524742 0.026946729948370197 0.024264363954157018 0.022024749293884375 0.020129831748055868 0.018508085614250512 0.01710619135330005 0.01588364273377989 0.014809152046895289 0.013858193753835646 0.013011288862377818 0.012252783059040203 0.011569961147270316 0.010952395031582846 0.010391456749675685 0.009879950012435653 0.009411828076782943 0.008981975351806152 0.008586036631854829 0.008220282323184775 0.007881501156967223 0.007566914095943138 0.007274104730244242 0.007000962610252148 0.00674563680951219 0.006506497636835603 0.006282104884968191 0.006071181356502743 0.005872590676510039 0.00568531860748371 0.005508457241426667 0.005341191567784572 0.00518278801294209 0.005032584623453706 0.004889982625790998 0.004754439143718206 0.004625460893147695 --].

The population-scaled best-fit parameters: [3.50548609e-01 1.29023576e+12].
The non-scaled best-fit parameters: [0.3505486093069834, array([1.29023576e+12 1.09437670e+00])].
The expected SFS is: [-- 1.030905175518032 0.40210022663441747 0.22525286899337257 0.15062477572389396 0.11085053220582133 0.08654965477494787 0.07034011702732887 0.05884622638158905 0.05032049028173891 0.04377369116726753 0.038606668382704615 0.034436737949931365 0.031008792149313513 0.02814666306784726 0.025725041731349797 0.02365252144151652 0.02186096217460937 0.02029859874980109 0.01892544685220736 0.017710163922428454 0.016627856665424098 0.015658519557223288 0.014785903135927196 0.013996680754147893 0.013279826255492542 0.012626143098911467 0.01202790381261177 0.011478570896310195 0.010972578588640541 0.010505160632737123 0.010072213168180997 0.00967018470749212 0.009295987185050666 0.008946923538983681 0.008620628366611678 0.008315018994199095 0.008028254900149344 0.007758703882285063 0.007504913703366212 0.007265588212411239 0.007039567142878516 0.006825808947075868 0.0066233761501406545 0.006431422804640275 0.006249183704300186 0.006075965077129985 0.005911136527725869 --].

The population-scaled best-fit parameters: [3.50548439e-01 3.16955333e+12].
The non-scaled best-fit parameters: [0.35054843867276964, array([3.16955333e+12 2.68841201e+00])].
The expected SFS is: [-- 0.7523003794224242 0.29343164230488916 0.16437773745008274 0.10991807315604255 0.08089291669849216 0.06315941032058162 0.05133053904349525 0.042942899685729424 0.03672126389866235 0.031943752605477986 0.028173129783679387 0.02513013273048347 0.022628597204110385 0.020539965093702955 0.018772792475315533 0.017260375528750496 0.015952989233485388 0.014812858071289531 0.013810803582665081 0.012923953608570465 0.012134142325298311 0.011426770748493489 0.010789980871219455 0.010214047603538213 0.009690924633405252 0.009213900806280095 0.008777337017473436 0.008376462541225422 0.008007215775985722 0.0076661185567531214 0.007350176100795281 0.007056796718251609 0.006783726900291712 0.006528998472166249 0.006290885286657381 0.006067867517343098 0.005858602047768031 0.005661897782094734 0.005476694953486182 0.005302047698695141 0.005137109315833718 0.0049811197378233345 0.004833394844495417 0.004693317307614987 0.0045603287196234665 0.004433922801968818 0.004313639525019184 --].

