-152.073, 5.72236e-07, 2.18583e-09
-138.361, 2.82041e-07, 4.43581e-09
-138.336, 2.82041e-07, 4.44025e-09
-1265.93, 2.03666e-08, 6.1768e-08
-136.051, 2.68961e-07, 4.6519e-09
-136.025, 2.68961e-07, 4.65656e-09
-346.441, 7.40493e-08, 1.69511e-08
-98.3594, 1.75283e-07, 7.14331e-09
-98.2999, 1.75283e-07, 7.15046e-09
-68.0323, 1.26488e-07, 9.91445e-09
-67.9646, 1.24741e-07, 1.00435e-08
-67.9647, 1.24741e-07, 1.00536e-08
-151.066, 5.72236e-07, 3.0372e-09
-128.794, 2.82101e-07, 6.16486e-09
-128.759, 2.82101e-07, 6.17103e-09
-1265.91, 1.67455e-08, 1.04645e-07
-122.776, 2.61231e-07, 6.65857e-09
-122.733, 2.61231e-07, 6.66523e-09
-115.009, 2.40302e-07, 7.24716e-09
-843.391, 6.33714e-08, 2.75387e-08
-844.175, 6.33714e-08, 2.75663e-08
-98.7686, 2.0747e-07, 8.3969e-09
-84.2289, 1.83602e-07, 9.48169e-09
-84.1715, 1.83602e-07, 9.49118e-09
-147.237, 1.07974e-07, 1.6159e-08
-68.8611, 1.53874e-07, 1.13182e-08
-68.8413, 1.53874e-07, 1.13295e-08
-67.9663, 1.4691e-07, 1.18678e-08
-149.058, 5.71664e-07, 4.22018e-09
-149.05, 5.71664e-07, 4.2244e-09
-114.717, 2.8234e-07, 8.56471e-09
-1265.62, 1.67158e-08, 1.45292e-07
-1265.62, 1.67158e-08, 1.45437e-07
-103.548, 2.54643e-07, 9.49812e-09
-90.7006, 2.28482e-07, 1.05772e-08
-90.6405, 2.28482e-07, 1.05878e-08
-1094.53, 6.1862e-08, 3.92018e-08
-84.4308, 2.16716e-07, 1.11526e-08
-84.3733, 2.16716e-07, 1.11637e-08
-68.0185, 1.75501e-07, 1.3791e-08
-145.902, 5.71664e-07, 5.86392e-09
-145.889, 5.71664e-07, 5.86979e-09
-96.3455, 2.82355e-07, 1.19013e-08
-1256.83, 1.67203e-08, 2.01936e-07
-1256.72, 1.67203e-08, 2.02138e-07
-83.8337, 2.54235e-07, 1.32205e-08
-77.8424, 1.80378e-07, 1.8628e-08
-77.9292, 1.80378e-07, 1.86467e-08
-70.7626, 2.21646e-07, 1.51685e-08
-67.965, 2.0446e-07, 1.64298e-08
-67.9647, 2.0446e-07, 1.64462e-08
-140.603, 5.72236e-07, 8.14789e-09
-77.6836, 2.63045e-07, 1.53055e-08
-77.6327, 2.63045e-07, 1.53209e-08
-961.221, 1.18038e-08, 1.90573e-07
-76.0804, 2.58368e-07, 1.55302e-08
-76.0316, 2.58368e-07, 1.55457e-08
-111.894, 1.68546e-07, 2.19893e-08
-68.1954, 2.25577e-07, 1.73401e-08
-68.1846, 2.25577e-07, 1.73574e-08
-132.089, 5.72236e-07, 1.13215e-08
-68.3765, 2.33712e-07, 1.77049e-08
-68.3637, 2.33712e-07, 1.77226e-08
-119.419, 5.72236e-07, 1.57311e-08
-74.0012, 2.22162e-07, 2.18084e-08
-74.0666, 2.22162e-07, 2.18303e-08
-90.1787, 3.85985e-07, 1.80244e-08
-67.9766, 2.59791e-07, 2.06604e-08
-67.9748, 2.59791e-07, 2.06811e-08
-102.172, 5.72236e-07, 2.18583e-08
-111.675, 2.17716e-07, 2.8375e-08
-111.887, 2.17716e-07, 2.84034e-08
-69.4224, 3.48429e-07, 2.4995e-08
-82.6012, 5.71664e-07, 3.0372e-08
-82.5443, 5.71664e-07, 3.04024e-08
-218.824, 2.17968e-07, 3.94498e-08
-69.1288, 4.46967e-07, 3.24659e-08
-69.1062, 4.46967e-07, 3.24984e-08
-68.8094, 5.72236e-07, 4.22018e-08
-542.957, 2.60549e-07, 7.83352e-08
-543.756, 2.60549e-07, 7.84135e-08
-68.1607, 5.58084e-07, 4.30419e-08
-77.2671, 5.71664e-07, 5.86392e-08
-77.351, 5.71664e-07, 5.86979e-08
-113.543, 7.11866e-07, 2.2099e-08
-68.1953, 6.02624e-07, 4.63243e-08
-68.1845, 6.02624e-07, 4.63706e-08
-132.928, 5.72236e-07, 8.14789e-08
-87.2533, 6.12665e-07, 3.00465e-08
-87.1938, 6.12665e-07, 3.00766e-08
-262.105, 5.72236e-07, 1.13215e-07
-69.9311, 5.92562e-07, 4.16762e-08
-69.9034, 5.92562e-07, 4.17179e-08
-473.774, 5.72236e-07, 1.57311e-07
-74.3963, 5.86226e-07, 5.78898e-08
-74.4642, 5.86226e-07, 5.79478e-08
-738.964, 5.72236e-07, 2.18583e-07
-123.961, 5.84868e-07, 8.04332e-08
-124.208, 5.84868e-07, 8.05137e-08
-153.52, 1.30797e-06, 2.18583e-09
-149.606, 6.44699e-07, 4.43605e-09
-149.599, 6.44699e-07, 4.44048e-09
-148.895, 6.16787e-07, 4.64183e-09
-153.178, 1.30666e-06, 3.0372e-09
-153.177, 1.30666e-06, 3.04024e-09
-146.748, 6.45333e-07, 6.16376e-09
-104.296, 3.28738e-07, 1.21026e-08
-104.239, 3.28738e-07, 1.21147e-08
-152.561, 1.30797e-06, 4.22018e-09
-141.937, 6.44674e-07, 8.56432e-09
-141.919, 6.44674e-07, 8.57289e-09
-902.305, 1.08713e-07, 5.0997e-08
-128.583, 5.01277e-07, 1.10191e-08
-128.547, 5.01277e-07, 1.10302e-08
-108.439, 4.02215e-07, 1.37521e-08
-106.058, 2.08899e-07, 2.64824e-08
-106.252, 2.08899e-07, 2.65089e-08
-91.5414, 3.4813e-07, 1.58927e-08
-67.974, 2.63491e-07, 2.0987e-08
-67.9726, 2.63491e-07, 2.1008e-08
-151.644, 1.30797e-06, 5.86392e-09
-134.245, 6.4488e-07, 1.19039e-08
-134.215, 6.4488e-07, 1.19158e-08
-1248.2, 8.37196e-08, 9.22869e-08
-131.791, 6.20131e-07, 1.23803e-08
-131.758, 6.20131e-07, 1.23926e-08
-144.42, 2.27967e-07, 3.38014e-08
-78.5111, 3.66417e-07, 2.0982e-08
-78.4587, 3.66417e-07, 2.1003e-08
-67.9683, 3.08474e-07, 2.49596e-08
-150.256, 1.30666e-06, 8.14789e-09
-150.25, 1.30666e-06, 8.15604e-09
-122.553, 6.45394e-07, 1.65371e-08
-1265.75, 3.82211e-08, 2.80614e-07
-1265.75, 3.82211e-08, 2.80895e-07
-114.177, 5.90054e-07, 1.80914e-08
-103.456, 5.34328e-07, 1.99624e-08
-103.398, 5.34328e-07, 1.99823e-08
-980.346, 1.43051e-07, 7.48447e-08
-93.1101, 4.89741e-07, 2.17837e-08
-93.0498, 4.89741e-07, 2.18055e-08
-84.639, 4.56396e-07, 2.34022e-08
-178.128, 2.55259e-07, 4.18512e-08
-178.503, 2.55259e-07, 4.18931e-08
-69.1635, 3.83823e-07, 2.78371e-08
-67.9829, 3.62106e-07, 2.94807e-08
-67.9864, 3.62106e-07, 2.95101e-08
-147.715, 1.30797e-06, 1.13215e-08
-106.129, 6.44837e-07, 2.29813e-08
-106.073, 6.44837e-07, 2.30043e-08
-1262.75, 3.82856e-08, 3.90179e-07
-93.2616, 5.78009e-07, 2.56453e-08
-93.2013, 5.78009e-07, 2.5671e-08
-80.7697, 5.19941e-07, 2.85455e-08
-1166.75, 1.40949e-07, 1.05536e-07
-1167.1, 1.40949e-07, 1.05642e-07
-76.9297, 5.01296e-07, 2.96099e-08
-69.002, 4.5059e-07, 3.29176e-08
-68.9807, 4.5059e-07, 3.29506e-08
-359.562, 2.52264e-07, 5.89406e-08
-68.0854, 4.36718e-07, 3.39659e-08
-68.0777, 4.36718e-07, 3.39999e-08
-143.533, 1.30797e-06, 1.57311e-08
-86.678, 6.44844e-07, 3.19328e-08
-86.6188, 6.44844e-07, 3.19647e-08
-1113.65, 3.82876e-08, 5.42181e-07
-82.8344, 6.23858e-07, 3.30097e-08
-82.7773, 6.23858e-07, 3.30427e-08
-591.587, 2.54319e-07, 8.12383e-08
-72.647, 5.63148e-07, 3.65777e-08
-72.607, 5.63148e-07, 3.66143e-08
-68.2724, 4.94665e-07, 4.1697e-08
-136.895, 1.30666e-06, 2.18583e-08
-136.87, 1.30666e-06, 2.18802e-08
-71.701, 5.64384e-07, 3.75774e-08
-591.826, 1.95458e-08, 3.28221e-07
-585.652, 1.95458e-08, 3.28549e-07
-71.1491, 5.58966e-07, 3.78118e-08
-68.0103, 4.97263e-07, 4.07469e-08
-68.0156, 4.97263e-07, 4.07877e-08
-126.522, 1.30797e-06, 3.0372e-08
-68.3925, 5.15347e-07, 4.38202e-08
-68.4079, 5.15347e-07, 4.3864e-08
-111.536, 1.30797e-06, 4.22018e-08
-85.8866, 5.00193e-07, 5.57934e-08
-86.0094, 5.00193e-07, 5.58492e-08
-90.2329, 9.82903e-07, 4.58574e-08
-67.9767, 6.50122e-07, 5.16985e-08
-67.9749, 6.50122e-07, 5.17503e-08
-92.6341, 1.30797e-06, 5.86392e-08
-148.607, 4.94644e-07, 7.4358e-08
-148.915, 4.94644e-07, 7.44324e-08
-69.6675, 9.0368e-07, 6.41871e-08
-74.3648, 1.30666e-06, 8.14789e-08
-74.3204, 1.30666e-06, 8.15604e-08
-320.627, 5.0523e-07, 1.10927e-07
-68.7389, 1.14791e-06, 8.4975e-08
-68.7206, 1.14791e-06, 8.506e-08
-68.7147, 1.30797e-06, 1.13215e-07
-129.873, 2.47861e-06, 5.25149e-08
-129.839, 2.47861e-06, 5.25674e-08
-68.1655, 1.3787e-06, 1.06281e-07
-96.8112, 1.30666e-06, 1.57311e-07
-96.9763, 1.30666e-06, 1.57469e-07
-99.5364, 1.45709e-06, 5.82108e-08
-68.0077, 1.36213e-06, 1.07278e-07
-68.0033, 1.36213e-06, 1.07385e-07
-185.409, 1.30797e-06, 2.18583e-07
-77.1432, 1.36872e-06, 8.04989e-08
-77.0934, 1.36872e-06, 8.05794e-08
-153.746, 2.0437e-06, 2.18583e-09
-153.337, 1.47835e-06, 3.02059e-09
-153.336, 1.47835e-06, 3.02361e-09
-153.599, 2.0437e-06, 3.0372e-09
-151.316, 1.11698e-06, 5.55783e-09
-151.312, 1.11698e-06, 5.56339e-09
-153.325, 2.0437e-06, 4.22018e-09
-147.867, 1.00733e-06, 8.56457e-09
-147.859, 1.00733e-06, 8.57314e-09
-133.097, 6.71414e-07, 1.2872e-08
-152.822, 2.04166e-06, 5.86392e-09
-152.82, 2.04166e-06, 5.86979e-09
-143.846, 1.00832e-06, 1.19002e-08
-178.422, 2.70604e-07, 4.44019e-08
-178.8 , 2.70604e-07, 4.44464e-08
-100.623, 5.5341e-07, 2.17055e-08
-67.9747, 3.88368e-07, 3.0918e-08
-67.9733, 3.88368e-07, 3.0949e-08
-151.925, 2.0437e-06, 8.14789e-09
-137.348, 1.00728e-06, 1.65348e-08
-137.324, 1.00728e-06, 1.65514e-08
-1265.92, 5.97398e-08, 2.80425e-07
-134.609, 9.55894e-07, 1.74253e-08
-134.58, 9.55894e-07, 1.74427e-08
-520.992, 2.39086e-07, 6.99034e-08
-99.9068, 6.47948e-07, 2.5724e-08
-99.8477, 6.47948e-07, 2.57497e-08
-69.4442, 4.82609e-07, 3.45889e-08
-67.9879, 4.52288e-07, 3.68748e-08
-67.9917, 4.52288e-07, 3.69117e-08
-150.878, 2.0437e-06, 1.13215e-08
-127.213, 1.00748e-06, 2.29795e-08
-127.175, 1.00748e-06, 2.30025e-08
-1265.81, 5.97979e-08, 3.90027e-07
-120.507, 9.28734e-07, 2.49325e-08
-120.462, 9.28734e-07, 2.49574e-08
-111.841, 8.50168e-07, 2.72693e-08
-883.939, 2.25248e-07, 1.0313e-07
-884.702, 2.25248e-07, 1.03233e-07
-97.8765, 7.51291e-07, 3.08668e-08
-85.1883, 6.75437e-07, 3.43071e-08
-85.1301, 6.75437e-07, 3.43414e-08
-152.769, 3.90443e-07, 5.94818e-08
-68.9566, 5.6271e-07, 4.11968e-08
-68.9357, 5.6271e-07, 4.1238e-08
-67.9717, 5.35043e-07, 4.33754e-08
-148.687, 2.04166e-06, 1.57311e-08
-148.678, 2.04166e-06, 1.57469e-08
-112.521, 1.00834e-06, 3.19252e-08
-1264.31, 5.96942e-08, 5.41543e-07
-1264.29, 5.96942e-08, 5.42085e-07
-100.829, 9.07635e-07, 3.54743e-08
-87.8683, 8.1413e-07, 3.95169e-08
-87.8086, 8.1413e-07, 3.95565e-08
-1116.59, 2.20672e-07, 1.46288e-07
-82.2873, 7.76048e-07, 4.14597e-08
-82.2308, 7.76048e-07, 4.15012e-08
-90.3699, 5.28471e-07, 6.09869e-08
-68.1873, 6.46829e-07, 4.97589e-08
-68.1767, 6.46829e-07, 4.98087e-08
-67.9653, 6.31897e-07, 5.0988e-08
-145.332, 2.04166e-06, 2.18583e-08
-145.318, 2.04166e-06, 2.18802e-08
-93.7735, 1.00838e-06, 4.43617e-08
-1212.32, 5.97057e-08, 7.52617e-07
-1211.66, 5.97057e-08, 7.5337e-07
-85.9498, 9.44651e-07, 4.73604e-08
-68.9956, 7.14404e-07, 6.25957e-08
-69.0208, 7.14404e-07, 6.26584e-08
-68.7226, 7.77216e-07, 5.75851e-08
-139.664, 2.04166e-06, 3.0372e-08
-139.642, 2.04166e-06, 3.04024e-08
-76.3762, 8.97849e-07, 5.36385e-08
-815.473, 3.3413e-08, 5.21779e-07
-810.464, 3.3413e-08, 5.22301e-07
-75.1592, 8.84462e-07, 5.41985e-08
-71.8506, 8.43811e-07, 5.59521e-08
-71.8139, 8.43811e-07, 5.60081e-08
-1238.93, 1.68079e-07, 1.70864e-07
-70.4349, 8.23218e-07, 5.69163e-08
-70.4039, 8.23218e-07, 5.69732e-08
-68.7338, 7.20725e-07, 6.24404e-08
-67.9937, 7.60647e-07, 6.0114e-08
-67.9902, 7.60647e-07, 6.01742e-08
-130.726, 2.0437e-06, 4.22018e-08
-68.0613, 8.24461e-07, 6.43316e-08
-68.0544, 8.24461e-07, 6.4396e-08
-117.427, 2.0437e-06, 5.86392e-08
-75.7099, 7.86276e-07, 7.90868e-08
-75.7853, 7.86276e-07, 7.91659e-08
-90.409, 1.41465e-06, 6.58074e-08
-67.9776, 9.40615e-07, 7.47657e-08
-67.9757, 9.40615e-07, 7.48405e-08
-99.6577, 2.0437e-06, 8.14789e-08
-117.147, 7.72771e-07, 1.03259e-07
-117.375, 7.72771e-07, 1.03363e-07
-69.5093, 1.27814e-06, 9.13586e-08
-80.2278, 2.04166e-06, 1.13215e-07
-80.1739, 2.04166e-06, 1.13328e-07
-235.781, 7.76682e-07, 1.45796e-07
-69.0591, 1.64427e-06, 1.19806e-07
-69.0372, 1.64427e-06, 1.19926e-07
-68.1809, 2.0437e-06, 1.57311e-07
-585.119, 9.97837e-07, 3.16208e-07
-585.934, 9.97837e-07, 3.16524e-07
-68.0134, 2.02137e-06, 1.59005e-07
-81.2559, 2.04166e-06, 2.18583e-07
-81.359, 2.04166e-06, 2.18802e-07
-109.129, 2.41554e-06, 8.15516e-08
-68.1249, 2.13991e-06, 1.65659e-07
-68.1159, 2.13991e-06, 1.65825e-07
-153.821, 2.77943e-06, 2.18583e-09
-153.729, 2.32267e-06, 2.61397e-09
-153.729, 2.32267e-06, 2.61659e-09
-153.739, 2.77943e-06, 3.0372e-09
-153.281, 1.98352e-06, 4.2544e-09
-153.28, 1.98352e-06, 4.25865e-09
-153.586, 2.77943e-06, 4.22018e-09
-151.038, 1.4818e-06, 7.91729e-09
-151.034, 1.4818e-06, 7.92521e-09
-153.301, 2.77943e-06, 5.86392e-09
-147.684, 1.36997e-06, 1.19004e-08
-147.675, 1.36997e-06, 1.19123e-08
-129.491, 8.73125e-07, 1.87065e-08
-152.778, 2.77665e-06, 8.14789e-09
-152.776, 2.77665e-06, 8.15604e-09
-143.496, 1.37131e-06, 1.65352e-08
-257.871, 3.40169e-07, 6.67565e-08
-258.391, 3.40169e-07, 6.68232e-08
-109.905, 8.25819e-07, 2.74823e-08
-68.0103, 5.36903e-07, 4.2261e-08
-68.0058, 5.36903e-07, 4.23033e-08
-67.9646, 5.31107e-07, 4.27658e-08
-151.874, 2.77665e-06, 1.13215e-08
-151.872, 2.77665e-06, 1.13328e-08
-136.857, 1.37187e-06, 2.2985e-08
-475.125, 3.38895e-07, 9.33331e-08
-475.869, 3.38895e-07, 9.34264e-08
-102.66, 9.12943e-07, 3.45805e-08
-69.0771, 6.58493e-07, 4.79406e-08
-69.055, 6.58493e-07, 4.79886e-08
-68.0405, 6.19477e-07, 5.10203e-08
-150.772, 2.77665e-06, 1.57311e-08
-150.767, 2.77665e-06, 1.57469e-08
-126.422, 1.37153e-06, 3.19296e-08
-1265.73, 8.12391e-08, 5.4191e-07
-1265.73, 8.12391e-08, 5.42452e-07
-119.372, 1.26163e-06, 3.47174e-08
-110.216, 1.15013e-06, 3.80527e-08
-110.163, 1.15013e-06, 3.80907e-08
-902.658, 3.05978e-07, 1.436e-07
-96.9397, 1.02418e-06, 4.27434e-08
-96.8798, 1.02418e-06, 4.27861e-08
-85.3276, 9.30049e-07, 4.71267e-08
-157.036, 5.32922e-07, 8.22643e-08
-157.363, 5.32922e-07, 8.23466e-08
-69.056, 7.75693e-07, 5.65272e-08
-67.9787, 7.34056e-07, 5.96811e-08
-67.9818, 7.34056e-07, 5.97408e-08
-148.499, 2.77943e-06, 2.18583e-08
-111.351, 1.36996e-06, 4.43596e-08
-111.299, 1.36996e-06, 4.4404e-08
-1263.27, 8.1262e-08, 7.52442e-07
-99.7313, 1.23551e-06, 4.91963e-08
-99.6721, 1.23551e-06, 4.92455e-08
-86.9632, 1.11123e-06, 5.47638e-08
-1125.69, 3.002e-07 , 2.02994e-07
-1126.14, 3.002e-07 , 2.03197e-07
-81.6081, 1.06089e-06, 5.73669e-08
-69.5982, 8.24242e-07, 7.37976e-08
-69.6298, 8.24242e-07, 7.38714e-08
-68.607, 9.03452e-07, 6.73836e-08
-145.028, 2.77665e-06, 3.0372e-08
-145.013, 2.77665e-06, 3.04024e-08
-92.4796, 1.37137e-06, 6.16394e-08
-1172.53, 8.11936e-08, 1.04568e-06
-1171.39, 8.11936e-08, 1.04673e-06
-86.6149, 1.30589e-06, 6.47366e-08
-80.4353, 8.92101e-07, 9.47374e-08
-80.5347, 8.92101e-07, 9.48322e-08
-72.1067, 1.13315e-06, 7.46252e-08
-67.9649, 1.02524e-06, 8.24126e-08
-67.9646, 1.02524e-06, 8.2495e-08
-139.2 , 2.77943e-06, 4.22018e-08
-75.6532, 1.20132e-06, 7.28502e-08
-75.6053, 1.20132e-06, 7.29231e-08
-825.32, 4.21353e-08, 6.46888e-07
-74.4595, 1.18273e-06, 7.35944e-08
-74.4149, 1.18273e-06, 7.3668e-08
-67.9743, 1.01903e-06, 8.11498e-08
-129.983, 2.77665e-06, 5.86392e-08
-129.949, 2.77665e-06, 5.86979e-08
-68.0087, 1.11193e-06, 8.75535e-08
-116.355, 2.77665e-06, 8.14789e-08
-116.307, 2.77665e-06, 8.15604e-08
-76.5768, 1.06604e-06, 1.08431e-07
-89.9861, 1.93654e-06, 9.07221e-08
-89.9262, 1.93654e-06, 9.08129e-08
-67.9791, 1.28975e-06, 1.02443e-07
-98.3292, 2.77665e-06, 1.13215e-07
-98.2698, 2.77665e-06, 1.13328e-07
-120.828, 1.0505e-06, 1.42617e-07
-69.5532, 1.76649e-06, 1.2604e-07
-69.5285, 1.76649e-06, 1.26166e-07
-79.1294, 2.77943e-06, 1.57311e-07
-245.494, 1.05429e-06, 2.01889e-07
-245.985, 1.05429e-06, 2.02091e-07
-68.9728, 2.26644e-06, 1.65802e-07
-68.0098, 2.77665e-06, 2.18583e-07
-68.0053, 2.77665e-06, 2.18802e-07
-601.339, 1.34305e-06, 4.34189e-07
-67.9786, 2.7636e-06, 2.19557e-07
-67.9766, 2.7636e-06, 2.19777e-07
-153.855, 3.51516e-06, 2.18583e-09
-153.823, 3.13612e-06, 2.44811e-09
-153.822, 3.13612e-06, 2.45056e-09
-153.803, 3.51516e-06, 3.0372e-09
-153.66, 2.83466e-06, 3.76412e-09
-153.66, 2.83466e-06, 3.76789e-09
-153.705, 3.51516e-06, 4.22018e-09
-152.947, 2.34788e-06, 6.31683e-09
-152.945, 2.34788e-06, 6.32315e-09
-153.521, 3.51516e-06, 5.86392e-09
-149.619, 1.73263e-06, 1.19006e-08
-149.612, 1.73263e-06, 1.19125e-08
-148.953, 1.66178e-06, 1.24213e-08
-153.181, 3.51165e-06, 8.14789e-09
-153.179, 3.51165e-06, 8.15604e-09
-146.767, 1.73433e-06, 1.65355e-08
-104.907, 8.87461e-07, 3.23218e-08
-104.85, 8.87461e-07, 3.23541e-08
-152.565, 3.51516e-06, 1.13215e-08
-141.969, 1.73256e-06, 2.29755e-08
-141.951, 1.73256e-06, 2.29985e-08
-889.138, 2.94459e-07, 1.35742e-07
-127.347, 1.3237e-06, 3.00862e-08
-127.309, 1.3237e-06, 3.01163e-08
-105.484, 1.05182e-06, 3.79163e-08
-109.598, 5.55968e-07, 7.17416e-08
-109.805, 5.55968e-07, 7.18133e-08
-69.4483, 7.46246e-07, 5.34748e-08
-68.0106, 6.97522e-07, 5.71596e-08
-68.0159, 6.97522e-07, 5.72168e-08
-151.649, 3.51516e-06, 1.57311e-08
-134.297, 1.73312e-06, 3.19346e-08
-134.268, 1.73312e-06, 3.19665e-08
-1245.35, 2.2796e-07, 2.44353e-07
-131.841, 1.66636e-06, 3.32174e-08
-131.807, 1.66636e-06, 3.32506e-08
-140.114, 6.16638e-07, 9.0093e-08
-77.5074, 9.7435e-07, 5.68906e-08
-77.4568, 9.7435e-07, 5.69476e-08
-67.965, 8.29653e-07, 6.69085e-08
-150.266, 3.51165e-06, 2.18583e-08
-150.26, 3.51165e-06, 2.18802e-08
-122.629, 1.7345e-06, 4.43639e-08
-1265.44, 1.02719e-07, 7.52804e-07
-1265.44, 1.02719e-07, 7.53558e-07
-114.314, 1.58649e-06, 4.85119e-08
-103.662, 1.4373e-06, 5.35045e-08
-103.605, 1.4373e-06, 5.3558e-08
-978.528, 3.84622e-07, 2.00695e-07
-93.191, 1.31589e-06, 5.84522e-08
-93.1307, 1.31589e-06, 5.85106e-08
-84.6352, 1.22543e-06, 6.28393e-08
-177.644, 6.85846e-07, 1.12301e-07
-178.012, 6.85846e-07, 1.12413e-07
-69.1946, 1.03129e-06, 7.46953e-08
-67.9854, 9.71933e-07, 7.91877e-08
-67.9891, 9.71933e-07, 7.92669e-08
-147.73, 3.51516e-06, 3.0372e-08
-106.23, 1.733e-06 , 6.16519e-08
-106.174, 1.733e-06 , 6.17136e-08
-1257.55, 1.02893e-07, 1.04674e-06
-94.1728, 1.56379e-06, 6.83404e-08
-94.1127, 1.56379e-06, 6.84088e-08
-82.2687, 1.41501e-06, 7.56206e-08
-1161.53, 3.81188e-07, 2.81345e-07
-1161.9, 3.81188e-07, 2.81627e-07
-78.0675, 1.36124e-06, 7.86151e-08
-71.8007, 1.06398e-06, 1.0054e-07
-71.8515, 1.06398e-06, 1.00641e-07
-68.741, 1.2026e-06, 8.9013e-08
-67.9651, 1.15376e-06, 9.26978e-08
-67.9647, 1.15376e-06, 9.27905e-08
-143.558, 3.51516e-06, 4.22018e-08
-86.784, 1.73302e-06, 8.56661e-08
-86.7248, 1.73302e-06, 8.57518e-08
-919.921, 1.02899e-07, 1.45452e-06
-84.4665, 1.69907e-06, 8.73825e-08
-84.4089, 1.69907e-06, 8.74699e-08
-68.5345, 1.40876e-06, 1.05545e-07
-1240.67, 3.80356e-07, 3.91813e-07
-1240.79, 3.80356e-07, 3.92205e-07
-68.3099, 1.39738e-06, 1.06407e-07
-68.1798, 1.33271e-06, 1.11471e-07
-68.1913, 1.33271e-06, 1.11583e-07
-136.963, 3.51516e-06, 5.86392e-08
-72.0521, 1.49339e-06, 9.84911e-08
-72.0145, 1.49339e-06, 9.85896e-08
-533.814, 4.88934e-08, 7.8385e-07
-71.4168, 1.47719e-06, 9.91446e-08
-71.3821, 1.47719e-06, 9.92438e-08
-68.0437, 1.30059e-06, 1.07169e-07
-126.553, 3.51165e-06, 8.14789e-08
-126.514, 3.51165e-06, 8.15604e-08
-68.1962, 1.37592e-06, 1.15248e-07
-111.577, 3.51165e-06, 1.13215e-07
-111.525, 3.51165e-06, 1.13328e-07
-84.1436, 1.33939e-06, 1.47233e-07
-89.6969, 2.60797e-06, 1.22768e-07
-89.637, 2.60797e-06, 1.22891e-07
-67.9776, 1.72818e-06, 1.37362e-07
-92.6818, 3.51165e-06, 1.57311e-07
-92.6215, 3.51165e-06, 1.57469e-07
-144.258, 1.32596e-06, 1.96499e-07
-69.5528, 2.40385e-06, 1.71519e-07
-69.5281, 2.40385e-06, 1.71691e-07
-74.4892, 3.51516e-06, 2.18583e-07
-311.658, 1.34771e-06, 2.91488e-07
-312.256, 1.34771e-06, 2.91779e-07
-68.6144, 3.0575e-06, 2.27942e-07
-153.873, 4.24664e-06, 2.18583e-09
-153.873, 4.24664e-06, 2.18802e-09
-153.859, 3.93188e-06, 2.36354e-09
-153.837, 4.24664e-06, 3.0372e-09
-153.837, 4.24664e-06, 3.04024e-09
-153.778, 3.66534e-06, 3.52343e-09
-153.769, 4.24664e-06, 4.22018e-09
-153.768, 4.24664e-06, 4.2244e-09
-153.489, 3.21322e-06, 5.58605e-09
-153.64, 4.24664e-06, 5.86392e-09
-153.64, 4.24664e-06, 5.86979e-09
-151.968, 2.51707e-06, 9.91295e-09
-153.402, 4.24664e-06, 8.14789e-09
-153.401, 4.24664e-06, 8.15604e-09
-148.476, 2.09735e-06, 1.65357e-08
-141.809, 1.60961e-06, 2.15353e-08
-141.791, 1.60961e-06, 2.15568e-08
-152.965, 4.25089e-06, 1.13215e-08
-144.991, 2.09522e-06, 2.29758e-08
-144.977, 2.09522e-06, 2.29988e-08
-70.5096, 7.25084e-07, 6.65846e-08
-133.096, 1.58498e-06, 3.03874e-08
-133.064, 1.58498e-06, 3.04178e-08
-68.6466, 8.05422e-07, 5.99317e-08
-152.172, 4.24664e-06, 1.57311e-08
-152.169, 4.24664e-06, 1.57469e-08
-139.141, 2.09726e-06, 3.19239e-08
-1265.78, 1.80426e-07, 3.72281e-07
-1265.78, 1.80426e-07, 3.72654e-07
-137.263, 2.016e-06 , 3.32129e-08
-227.525, 6.02807e-07, 1.11196e-07
-227.995, 6.02807e-07, 1.11307e-07
-95.7035, 1.25417e-06, 5.34316e-08
-67.9651, 9.13054e-07, 7.33601e-08
-67.9647, 9.13054e-07, 7.34335e-08
-151.194, 4.25089e-06, 2.18583e-08
-129.898, 2.09565e-06, 4.43684e-08
-129.864, 2.09565e-06, 4.44128e-08
-1265.77, 1.24407e-07, 7.53188e-07
-124.376, 1.94773e-06, 4.77463e-08
-124.336, 1.94773e-06, 4.77941e-08
-745.555, 4.92496e-07, 1.89636e-07
-99.524, 1.526e-06 , 6.09768e-08
-99.4649, 1.526e-06 , 6.10378e-08
-79.2416, 1.28446e-06, 7.2546e-08
-143.109, 7.94561e-07, 1.17292e-07
-143.402, 7.94561e-07, 1.17409e-07
-68.5167, 1.11478e-06, 8.36163e-08
-67.9653, 1.07675e-06, 8.64899e-08
-67.9648, 1.07675e-06, 8.65764e-08
-149.322, 4.25089e-06, 3.0372e-08
-116.233, 2.09531e-06, 6.16397e-08
-116.185, 2.09531e-06, 6.17014e-08
-1264.18, 1.24306e-07, 1.04571e-06
-105.809, 1.89847e-06, 6.80436e-08
-105.753, 1.89847e-06, 6.81117e-08
-93.5167, 1.71095e-06, 7.55919e-08
-1074.64, 4.60713e-07, 2.81153e-07
-1075.18, 4.60713e-07, 2.81434e-07
-86.5498, 1.61443e-06, 8.01203e-08
-71.8662, 1.169e-06 , 1.10606e-07
-71.9175, 1.169e-06 , 1.10717e-07
-70.018, 1.35847e-06, 9.52483e-08
-67.9652, 1.26852e-06, 1.01913e-07
-67.9647, 1.26852e-06, 1.02015e-07
-146.306, 4.25089e-06, 4.22018e-08
-98.1801, 2.09545e-06, 8.56538e-08
-98.1206, 2.09545e-06, 8.57395e-08
-1220.96, 1.24347e-07, 1.45348e-06
-89.5573, 1.9505e-06, 9.20329e-08
-89.4975, 1.9505e-06, 9.21249e-08
-81.5605, 1.82227e-06, 9.86221e-08
-1186.98, 4.75543e-07, 3.7861e-07
-1187.29, 4.75543e-07, 3.78989e-07
-77.6314, 1.75662e-06, 1.02316e-07
-67.9784, 1.50349e-06, 1.19461e-07
-67.9764, 1.50349e-06, 1.19581e-07
-141.236, 4.25089e-06, 5.86392e-08
-79.6252, 1.91701e-06, 1.07505e-07
-79.571, 1.91701e-06, 1.07613e-07
-644.189, 7.96851e-08, 1.2145e-06
-78.2143, 1.88833e-06, 1.08747e-07
-78.1624, 1.88833e-06, 1.08856e-07
-68.1459, 1.59921e-06, 1.23524e-07
-133.072, 4.24664e-06, 8.14789e-08
-133.041, 4.24664e-06, 8.15604e-08
-69.2517, 1.71451e-06, 1.2388e-07
-120.82, 4.24664e-06, 1.13215e-07
-120.775, 4.24664e-06, 1.13328e-07
-71.2042, 1.63758e-06, 1.52839e-07
-86.7425, 2.65361e-06, 1.31264e-07
-86.6833, 2.65361e-06, 1.31396e-07
-67.9732, 1.84665e-06, 1.47169e-07
-103.943, 4.24664e-06, 1.57311e-07
-103.886, 4.24664e-06, 1.57469e-07
-101.402, 1.60793e-06, 1.98829e-07
-86.5541, 3.35521e-06, 1.66499e-07
-86.495, 3.35521e-06, 1.66666e-07
-67.9712, 2.2874e-06, 1.82642e-07
-84.4194, 4.24664e-06, 2.18583e-07
-84.3618, 4.24664e-06, 2.18802e-07
-194.335, 1.60531e-06, 2.74378e-07
-69.2637, 3.22708e-06, 2.33052e-07
-69.2398, 3.22708e-06, 2.33285e-07
-153.884, 4.98662e-06, 2.18583e-09
-153.876, 4.70545e-06, 2.31439e-09
-153.876, 4.70545e-06, 2.3167e-09
-153.857, 4.98662e-06, 3.0372e-09
-153.828, 4.4689e-06, 3.38639e-09
-153.828, 4.4689e-06, 3.38978e-09
-153.807, 4.98662e-06, 4.22018e-09
-153.678, 4.05521e-06, 5.18636e-09
-153.677, 4.05521e-06, 5.19155e-09
-153.713, 4.98662e-06, 5.86392e-09
-153.036, 3.38307e-06, 8.64111e-09
-153.034, 3.38307e-06, 8.64976e-09
-153.536, 4.98662e-06, 8.14789e-09
-149.766, 2.45792e-06, 1.65358e-08
-149.759, 2.45792e-06, 1.65523e-08
-149.569, 2.42558e-06, 1.67734e-08
-153.209, 4.98164e-06, 1.13215e-08
-153.207, 4.98164e-06, 1.13328e-08
-146.989, 2.46033e-06, 2.2976e-08
-111.627, 1.32488e-06, 4.26724e-08
-111.575, 1.32488e-06, 4.27151e-08
-152.616, 4.98662e-06, 1.57311e-08
-142.33, 2.45782e-06, 3.19244e-08
-142.313, 2.45782e-06, 3.19563e-08
-730.185, 4.56549e-07, 1.72547e-07
-118.088, 1.66603e-06, 4.71289e-08
-118.042, 1.66603e-06, 4.7176e-08
-81.5694, 1.20554e-06, 6.52337e-08
-72.7888, 1.10181e-06, 7.13146e-08
-72.7482, 1.10181e-06, 7.1386e-08
-161.216, 7.09601e-07, 1.10929e-07
-68.1565, 1.00923e-06, 7.7869e-08
-68.1467, 1.00923e-06, 7.79469e-08
-67.965, 9.87651e-07, 7.96528e-08
-151.702, 4.98164e-06, 2.18583e-08
-151.699, 4.98164e-06, 2.18802e-08
-134.922, 2.46111e-06, 4.43737e-08
-1180.79, 3.7483e-07, 2.92556e-07
-1181.11, 3.7483e-07, 2.92849e-07
-132.003, 2.34654e-06, 4.65463e-08
-102.623, 9.37377e-07, 1.16694e-07
-102.807, 9.37377e-07, 1.1681e-07
-121.589, 2.0421e-06, 5.35057e-08
-68.6186, 1.21103e-06, 9.02615e-08
-68.6019, 1.21103e-06, 9.03518e-08
-67.9647, 1.16648e-06, 9.38125e-08
-150.387, 4.98164e-06, 3.0372e-08
-150.381, 4.98164e-06, 3.04024e-08
-123.496, 2.46059e-06, 6.1644e-08
-1265.34, 1.45725e-07, 1.04607e-06
-1265.33, 1.45725e-07, 1.04711e-06
-115.595, 2.25613e-06, 6.72429e-08
-105.363, 2.04842e-06, 7.40021e-08
-105.307, 2.04842e-06, 7.40762e-08
-961.082, 5.46904e-07, 2.78229e-07
-93.9699, 1.85949e-06, 8.15378e-08
-93.9098, 1.85949e-06, 8.16194e-08
-84.7824, 1.7227e-06, 8.81145e-08
-172.544, 9.69676e-07, 1.56576e-07
-172.907, 9.69676e-07, 1.56732e-07
-69.11 , 1.44528e-06, 1.05067e-07
-67.9798, 1.36579e-06, 1.11085e-07
-67.983, 1.36579e-06, 1.11196e-07
-147.906, 4.98662e-06, 4.22018e-08
-107.392, 2.4585e-06, 8.56671e-08
-107.336, 2.4585e-06, 8.57528e-08
-1256.29, 1.45982e-07, 1.45461e-06
-95.7011, 2.22366e-06, 9.47387e-08
-95.641, 2.22366e-06, 9.48335e-08
-83.8294, 2.01395e-06, 1.04735e-07
-1152.41, 5.41676e-07, 3.90319e-07
-1152.8, 5.41676e-07, 3.90709e-07
-79.2323, 1.93245e-06, 1.09164e-07
-163.139, 1.15857e-06, 1.82136e-07
-163.482, 1.15857e-06, 1.82319e-07
-68.5706, 1.68021e-06, 1.25597e-07
-67.9648, 1.61929e-06, 1.30203e-07
-67.9646, 1.61929e-06, 1.30334e-07
-143.906, 4.98662e-06, 5.86392e-08
-88.1579, 2.36123e-06, 1.14057e-07
-88.0981, 2.36123e-06, 1.14171e-07
-994.813, 1.19298e-07, 1.63254e-06
-85.3376, 2.30245e-06, 1.16648e-07
-85.2793, 2.30245e-06, 1.16765e-07
-68.6779, 1.88161e-06, 1.3976e-07
-1237.94, 4.73311e-07, 4.77664e-07
-1238.08, 4.73311e-07, 4.78141e-07
-68.3936, 1.86339e-06, 1.40977e-07
-137.433, 4.98164e-06, 8.14789e-08
-137.409, 4.98164e-06, 8.15604e-08
-72.7808, 2.13127e-06, 1.37974e-07
-423.259, 7.1045e-08, 1.13448e-06
-417.825, 7.1045e-08, 1.13562e-06
-71.9848, 2.10464e-06, 1.39053e-07
-68.0355, 1.83705e-06, 1.51184e-07
-68.0421, 1.83705e-06, 1.51335e-07
-127.389, 4.98662e-06, 1.13215e-07
-68.0295, 1.95128e-06, 1.60434e-07
-68.0359, 1.95128e-06, 1.60595e-07
-112.711, 4.98662e-06, 1.57311e-07
-81.3715, 1.89432e-06, 2.03036e-07
-81.4751, 1.89432e-06, 2.0324e-07
-89.1022, 3.60453e-06, 1.71379e-07
-67.975, 2.39707e-06, 1.90808e-07
-67.9735, 2.39707e-06, 1.90999e-07
-93.9916, 4.98662e-06, 2.18583e-07
-137.612, 1.87736e-06, 2.71897e-07
-137.896, 1.87736e-06, 2.72169e-07
-69.5911, 3.35298e-06, 2.38874e-07
-153.89, 5.71664e-06, 2.18583e-09
-153.89, 5.71664e-06, 2.18802e-09
-153.886, 5.47871e-06, 2.28324e-09
-153.87, 5.71664e-06, 3.0372e-09
-153.87, 5.71664e-06, 3.04024e-09
-153.854, 5.26655e-06, 3.3006e-09
-153.832, 5.71664e-06, 4.22018e-09
-153.832, 5.71664e-06, 4.2244e-09
-153.764, 4.88791e-06, 4.94214e-09
-153.759, 5.71664e-06, 5.86392e-09
-153.759, 5.71664e-06, 5.86979e-09
-153.432, 4.25022e-06, 7.8995e-09
-153.623, 5.71664e-06, 8.14789e-09
-153.623, 5.71664e-06, 8.15604e-09
-151.732, 3.28054e-06, 1.42276e-08
-153.37, 5.71664e-06, 1.13215e-08
-153.369, 5.71664e-06, 1.13328e-08
-148.212, 2.82336e-06, 2.29762e-08
-138.672, 2.04358e-06, 3.17304e-08
-138.648, 2.04358e-06, 3.17622e-08
-152.907, 5.72236e-06, 1.57311e-08
-144.516, 2.82048e-06, 3.19247e-08
-144.501, 2.82048e-06, 3.19566e-08
-91.8505, 8.80128e-07, 1.02623e-07
-140.77, 2.52528e-06, 3.56636e-08
-140.75, 2.52528e-06, 3.56993e-08
-71.996, 1.16909e-06, 7.72184e-08
-67.9646, 1.05815e-06, 8.5244e-08
-67.965, 1.05815e-06, 8.53293e-08
-152.073, 5.72236e-06, 2.18583e-08
-138.361, 2.8204e-06, 4.4358e-08
-138.336, 2.8204e-06, 4.44024e-08
-1265.92, 2.03667e-07, 6.17669e-07
-136.052, 2.68961e-06, 4.65189e-08
-136.025, 2.68961e-06, 4.65654e-08
-346.431, 7.40496e-07, 1.69509e-07
-98.3591, 1.75282e-06, 7.14332e-08
-98.2997, 1.75282e-06, 7.15047e-08
-68.0322, 1.26486e-06, 9.91453e-08
-67.9646, 1.24741e-06, 1.00435e-07
-67.9648, 1.24741e-06, 1.00535e-07
-151.066, 5.72236e-06, 3.0372e-08
-128.794, 2.82101e-06, 6.16485e-08
-128.759, 2.82101e-06, 6.17102e-08
-1265.66, 1.67454e-07, 1.04645e-06
-122.788, 2.6127e-06, 6.65757e-08
-122.746, 2.6127e-06, 6.66423e-08
-115.042, 2.4038e-06, 7.24477e-08
-843.132, 6.33816e-07, 2.75341e-07
-843.917, 6.33816e-07, 2.75617e-07
-98.7526, 2.07442e-06, 8.39802e-08
-84.1781, 1.8352e-06, 9.48588e-08
-84.1208, 1.8352e-06, 9.49537e-08
-147.322, 1.07959e-06, 1.61612e-07
-68.8588, 1.53865e-06, 1.13188e-07
-68.839, 1.53865e-06, 1.13301e-07
-67.9662, 1.4692e-06, 1.1867e-07
-149.058, 5.71664e-06, 4.22018e-08
-149.05, 5.71664e-06, 4.2244e-08
-114.717, 2.82339e-06, 8.56471e-08
-1262.82, 1.67157e-07, 1.45291e-06
-1262.79, 1.67157e-07, 1.45436e-06
-103.899, 2.55422e-06, 9.46909e-08
-91.4459, 2.29899e-06, 1.05119e-07
-91.3856, 2.29899e-06, 1.05224e-07
-1091.36, 6.20532e-07, 3.90805e-07
-85.0161, 2.17815e-06, 1.10962e-07
-84.9581, 2.17815e-06, 1.11073e-07
-68.1342, 1.70475e-06, 1.41983e-07
-68.1295, 1.76773e-06, 1.36778e-07
-68.1204, 1.76773e-06, 1.36915e-07
-145.915, 5.72236e-06, 5.86392e-08
-96.2857, 2.82072e-06, 1.19013e-07
-96.2256, 2.82072e-06, 1.19132e-07
-1180.04, 1.67369e-07, 2.01935e-06
-89.9235, 2.67565e-06, 1.25479e-07
-89.8636, 2.67565e-06, 1.25604e-07
-70.0137, 1.92614e-06, 1.74597e-07
-69.7669, 2.17871e-06, 1.54164e-07
-69.7404, 2.17871e-06, 1.54318e-07
-67.9657, 2.04666e-06, 1.64296e-07
-140.583, 5.71664e-06, 8.14789e-08
-140.562, 5.71664e-06, 8.15604e-08
-78.4547, 2.52264e-06, 1.44609e-07
-639.998, 9.51799e-08, 1.43481e-06
-634.497, 9.51799e-08, 1.43625e-06
-77.1354, 2.48466e-06, 1.46154e-07
-68.0007, 2.08994e-06, 1.64866e-07
-67.9968, 2.08994e-06, 1.6503e-07
-132.089, 5.72236e-06, 1.13215e-07
-68.8326, 2.281e-06 , 1.68021e-07
-68.8132, 2.281e-06 , 1.68189e-07
-119.419, 5.72236e-06, 1.57311e-07
-72.2751, 2.19138e-06, 2.08959e-07
-72.3294, 2.19138e-06, 2.09168e-07
-87.462, 3.67107e-06, 1.79408e-07
-67.9733, 2.51681e-06, 2.00565e-07
-67.9721, 2.51681e-06, 2.00766e-07
-102.172, 5.72236e-06, 2.18583e-07
-106.182, 2.15758e-06, 2.73694e-07
-106.376, 2.15758e-06, 2.73968e-07
-69.1301, 3.3948e-06, 2.46571e-07
-153.895, 6.45163e-06, 2.18583e-09
-153.895, 6.45163e-06, 2.18802e-09
-153.893, 6.24044e-06, 2.26222e-09
-153.879, 6.45163e-06, 3.0372e-09
-153.879, 6.45163e-06, 3.04024e-09
-153.87, 6.04871e-06, 3.24318e-09
-153.849, 6.45163e-06, 4.22018e-09
-153.849, 6.45163e-06, 4.2244e-09
-153.809, 5.7016e-06, 4.78127e-09
-153.792, 6.45163e-06, 5.86392e-09
-153.791, 6.45163e-06, 5.86979e-09
-153.611, 5.10207e-06, 7.42579e-09
-153.683, 6.45163e-06, 8.14789e-09
-153.683, 6.45163e-06, 8.15604e-09
-152.687, 4.14909e-06, 1.26929e-08
-153.481, 6.45163e-06, 1.13215e-08
-153.481, 6.45163e-06, 1.13328e-08
-149.249, 3.18638e-06, 2.29763e-08
-147.256, 2.83606e-06, 2.57942e-08
-147.246, 2.83606e-06, 2.582e-08
-153.111, 6.45809e-06, 1.57311e-08
-146.183, 3.18314e-06, 3.19249e-08
-146.171, 3.18314e-06, 3.19569e-08
-86.5986, 1.43331e-06, 7.10733e-08
-152.434, 6.45163e-06, 2.18583e-08
-152.431, 6.45163e-06, 2.18802e-08
-141.057, 3.18624e-06, 4.43585e-08
-1172.57, 4.31395e-07, 3.28444e-07
-1172.91, 4.31395e-07, 3.28773e-07
-139.236, 3.05353e-06, 4.62898e-08
-81.6665, 1.14715e-06, 1.23303e-07
-81.7714, 1.14715e-06, 1.23426e-07
-129.21, 2.55858e-06, 5.52615e-08
-69.0404, 1.39247e-06, 1.01546e-07
-69.0187, 1.39247e-06, 1.01647e-07
-67.9652, 1.32747e-06, 1.06634e-07
-151.501, 6.45163e-06, 3.0372e-08
-151.498, 6.45163e-06, 3.04024e-08
-132.814, 3.18715e-06, 6.16535e-08
-1265.9, 2.86552e-07, 6.89273e-07
-1265.9, 2.86552e-07, 6.89963e-07
-129.506, 3.0293e-06, 6.48746e-08
-341.359, 9.31228e-07, 2.11462e-07
-341.982, 9.31228e-07, 2.11674e-07
-90.3938, 2.05615e-06, 9.56733e-08
-68.0668, 1.58814e-06, 1.23825e-07
-68.0597, 1.58814e-06, 1.23949e-07
-67.9646, 1.5641e-06, 1.2586e-07
-149.956, 6.45163e-06, 4.22018e-08
-149.949, 6.45163e-06, 4.2244e-08
-120.451, 3.18656e-06, 8.56513e-08
-1264.63, 1.88695e-07, 1.45327e-06
-1264.62, 1.88695e-07, 1.45472e-06
-111.286, 2.90173e-06, 9.40766e-08
-100.107, 2.62561e-06, 1.03887e-07
-100.048, 2.62561e-06, 1.03991e-07
-1014.83, 7.0458e-07, 3.88556e-07
-91.0768, 2.43515e-06, 1.12029e-07
-91.0166, 2.43515e-06, 1.12141e-07
-83.6389, 2.2879e-06, 1.19374e-07
-191.689, 1.26838e-06, 2.15368e-07
-192.09, 1.26838e-06, 2.15584e-07
-69.1147, 1.93881e-06, 1.40915e-07
-67.9883, 1.82968e-06, 1.49188e-07
-67.9921, 1.82968e-06, 1.49338e-07
-147.273, 6.45809e-06, 5.86392e-08
-103.416, 3.18372e-06, 1.19025e-07
-103.359, 3.18372e-06, 1.19144e-07
-1240.39, 1.88987e-07, 2.02041e-06
-93.1922, 2.92108e-06, 1.29753e-07
-93.1319, 2.92108e-06, 1.29883e-07
-83.1702, 2.68588e-06, 1.41285e-07
-1167.65, 7.11745e-07, 5.34277e-07
-1168  , 7.11745e-07, 5.34812e-07
-78.8164, 2.58185e-06, 1.4699e-07
-139.968, 1.61217e-06, 2.35424e-07
-140.256, 1.61217e-06, 2.3566e-07
-68.4584, 2.24531e-06, 1.69077e-07
-67.9665, 2.17453e-06, 1.74419e-07
-67.9656, 2.17453e-06, 1.74593e-07
-142.81, 6.45809e-06, 8.14789e-08
-83.9988, 3.07088e-06, 1.59227e-07
-83.9417, 3.07088e-06, 1.59387e-07
-585.2 , 1.57785e-07, 2.32225e-06
-82.3351, 3.02434e-06, 1.61437e-07
-82.2785, 3.02434e-06, 1.61598e-07
-75.9335, 2.83821e-06, 1.71116e-07
-1227.23, 6.68531e-07, 6.30377e-07
-1227.41, 6.68531e-07, 6.31008e-07
-73.3385, 2.75341e-06, 1.75866e-07
-68.0775, 2.48011e-06, 1.93091e-07
-68.07 , 2.48011e-06, 1.93284e-07
-135.695, 6.45809e-06, 1.13215e-07
-71.1147, 2.66204e-06, 1.80263e-07
-71.0815, 2.66204e-06, 1.80443e-07
-741.032, 7.72371e-08, 1.15857e-06
-70.564, 2.63306e-06, 1.81302e-07
-70.5322, 2.63306e-06, 1.81484e-07
-69.2697, 2.55335e-06, 1.84351e-07
-124.588, 6.45163e-06, 1.57311e-07
-124.548, 6.45163e-06, 1.57469e-07
-68.848, 2.51267e-06, 2.18812e-07
-108.938, 6.45163e-06, 2.18583e-07
-108.883, 6.45163e-06, 2.18802e-07
-88.1893, 2.44612e-06, 2.7781e-07
-88.3252, 4.86533e-06, 2.34361e-07
-88.2653, 4.86533e-06, 2.34595e-07
-67.9748, 3.25255e-06, 2.58932e-07
-153.898, 7.18663e-06, 2.18583e-09
-153.898, 7.18663e-06, 2.18802e-09
-153.897, 6.99724e-06, 2.24736e-09
-153.886, 7.18663e-06, 3.0372e-09
-153.886, 7.18663e-06, 3.04024e-09
-153.879, 6.82259e-06, 3.2028e-09
-153.861, 7.18663e-06, 4.22018e-09
-153.861, 7.18663e-06, 4.2244e-09
-153.836, 6.50308e-06, 4.66935e-09
-153.815, 7.18663e-06, 5.86392e-09
-153.814, 7.18663e-06, 5.86979e-09
-153.706, 5.94093e-06, 7.1032e-09
-153.727, 7.18663e-06, 8.14789e-09
-153.726, 7.18663e-06, 8.15604e-09
-153.175, 5.0178e-06, 1.16893e-08
-153.562, 7.18663e-06, 1.13215e-08
-153.561, 7.18663e-06, 1.13328e-08
-150.44, 3.67474e-06, 2.21913e-08
-153.257, 7.18663e-06, 1.57311e-08
-153.255, 7.18663e-06, 1.57469e-08
-147.364, 3.54934e-06, 3.19251e-08
-121.89, 2.08675e-06, 5.42997e-08
-121.847, 2.08675e-06, 5.4354e-08
-152.702, 7.19382e-06, 2.18583e-08
-142.944, 3.54572e-06, 4.43589e-08
-142.928, 3.54572e-06, 4.44032e-08
-454.25, 7.67796e-07, 2.05612e-07
-112.877, 2.23736e-06, 7.03563e-08
-112.825, 2.23736e-06, 7.04267e-08
-68.7031, 1.45809e-06, 1.08148e-07
-68.0452, 1.3826e-06, 1.13949e-07
-68.0522, 1.3826e-06, 1.14063e-07
-151.797, 7.19382e-06, 3.0372e-08
-135.919, 3.54703e-06, 6.16592e-08
-135.893, 3.54703e-06, 6.17209e-08
-871.326, 6.98791e-07, 3.14731e-07
-120.037, 2.84045e-06, 7.70455e-08
-119.991, 2.84045e-06, 7.71225e-08
-99.5337, 2.34226e-06, 9.35777e-08
-118.265, 1.27808e-06, 1.71615e-07
-118.496, 1.27808e-06, 1.71787e-07
-69.5484, 1.75323e-06, 1.25118e-07
-67.992, 1.63875e-06, 1.3375e-07
-67.9962, 1.63875e-06, 1.33884e-07
-150.597, 7.19382e-06, 4.22018e-08
-124.957, 3.54622e-06, 8.56556e-08
-124.918, 3.54622e-06, 8.57413e-08
-1265.27, 2.10456e-07, 1.45364e-06
-117.788, 3.26657e-06, 9.30051e-08
-117.742, 3.26657e-06, 9.30981e-08
-108.53, 2.98515e-06, 1.01895e-07
-928.552, 7.91825e-07, 3.84861e-07
-929.279, 7.91825e-07, 3.85246e-07
-96.0767, 2.68064e-06, 1.13496e-07
-85.4309, 2.45154e-06, 1.24003e-07
-85.3726, 2.45154e-06, 1.24127e-07
-161.898, 1.39466e-06, 2.18458e-07
-69.0573, 2.04291e-06, 1.48865e-07
-69.0354, 2.04291e-06, 1.49014e-07
-67.9781, 1.93534e-06, 1.57314e-07
-148.193, 7.18663e-06, 5.86392e-08
-148.185, 7.18663e-06, 5.86979e-08
-109.503, 3.55041e-06, 1.1904e-07
-1256.2, 2.10435e-07, 2.02164e-06
-1256.1, 2.10435e-07, 2.02367e-06
-98.2553, 3.21797e-06, 1.31372e-07
-86.2113, 2.90922e-06, 1.45208e-07
-86.1524, 2.90922e-06, 1.45353e-07
-1135.69, 7.83216e-07, 5.4181e-07
-81.0723, 2.78173e-06, 1.51881e-07
-81.0173, 2.78173e-06, 1.52033e-07
-67.9729, 2.28396e-06, 1.85266e-07
-144.491, 7.18663e-06, 8.14789e-08
-144.475, 7.18663e-06, 8.15604e-08
-90.3719, 3.46186e-06, 1.6114e-07
-983.655, 1.85471e-07, 2.46513e-06
-980.556, 1.85471e-07, 2.4676e-06
-87.4883, 3.37646e-06, 1.64937e-07
-1265.69, 4.97268e-07, 9.82886e-07
-1265.69, 4.97268e-07, 9.83869e-07
-81.3837, 3.19679e-06, 1.73564e-07
-68.7877, 2.50564e-06, 2.17617e-07
-68.81 , 2.50564e-06, 2.17835e-07
-68.3525, 2.68795e-06, 2.04013e-07
-138.32, 7.18663e-06, 1.13215e-07
-138.296, 7.18663e-06, 1.13328e-07
-74.904, 3.02116e-06, 1.86155e-07
-842.923, 9.38853e-08, 1.36072e-06
-838.442, 9.38853e-08, 1.36208e-06
-73.7377, 2.97093e-06, 1.87953e-07
-67.9681, 2.54006e-06, 2.05497e-07
-67.9697, 2.54006e-06, 2.05702e-07
-128.771, 7.19382e-06, 1.57311e-07
-67.9731, 2.82597e-06, 2.25234e-07
-67.972, 2.82597e-06, 2.2546e-07
-114.634, 7.19382e-06, 2.18583e-07
-77.9806, 2.73473e-06, 2.82872e-07
-78.068, 2.73473e-06, 2.83155e-07
-89.0536, 5.04879e-06, 2.40243e-07
-67.9751, 3.36305e-06, 2.67683e-07
-67.9736, 3.36305e-06, 2.67951e-07
-153.901, 7.92955e-06, 2.18583e-09
-153.9 , 7.74262e-06, 2.23647e-09
-153.9 , 7.74262e-06, 2.2387e-09
-153.89, 7.92955e-06, 3.0372e-09
-153.886, 7.58256e-06, 3.17329e-09
-153.886, 7.58256e-06, 3.17646e-09
-153.87, 7.92955e-06, 4.22018e-09
-153.854, 7.28741e-06, 4.5882e-09
-153.853, 7.28741e-06, 4.59279e-09
-153.832, 7.92955e-06, 5.86392e-09
-153.762, 6.76083e-06, 6.87283e-09
-153.762, 6.76083e-06, 6.87971e-09
-153.759, 7.92955e-06, 8.14789e-09
-153.425, 5.87454e-06, 1.09935e-08
-153.424, 5.87454e-06, 1.10045e-08
-153.622, 7.92955e-06, 1.13215e-08
-151.708, 4.52834e-06, 1.9826e-08
-151.705, 4.52834e-06, 1.98459e-08
-153.368, 7.92955e-06, 1.57311e-08
-148.185, 3.90845e-06, 3.19253e-08
-148.177, 3.90845e-06, 3.19572e-08
-138.379, 2.81998e-06, 4.4319e-08
-152.9 , 7.92162e-06, 2.18583e-08
-152.898, 7.92162e-06, 2.18802e-08
-144.489, 3.91228e-06, 4.43592e-08
-95.2097, 1.20728e-06, 1.43907e-07
-95.3678, 1.20728e-06, 1.44051e-07
-140.951, 3.52165e-06, 4.92889e-08
-72.1117, 1.6239e-06, 1.06931e-07
-72.0738, 1.6239e-06, 1.07037e-07
-67.9649, 1.4706e-06, 1.18217e-07
-152.06, 7.92162e-06, 3.0372e-08
-152.057, 7.92162e-06, 3.04024e-08
-138.318, 3.91218e-06, 6.16352e-08
-1265.91, 2.77567e-07, 8.71795e-07
-1265.91, 2.77567e-07, 8.72667e-07
-135.967, 3.72796e-06, 6.46863e-08
-359.34, 1.01672e-06, 2.37473e-07
-359.99, 1.01672e-06, 2.3771e-07
-98.5702, 2.43776e-06, 9.89941e-08
-68.0648, 1.75867e-06, 1.37159e-07
-68.0578, 1.75867e-06, 1.37296e-07
-67.9648, 1.73092e-06, 1.39501e-07
-151.05, 7.92162e-06, 4.22018e-08
-151.046, 7.92162e-06, 4.2244e-08
-128.733, 3.91302e-06, 8.56601e-08
-1265.55, 2.31809e-07, 1.45402e-06
-1265.55, 2.31809e-07, 1.45547e-06
-122.696, 3.62322e-06, 9.25279e-08
-114.806, 3.32602e-06, 1.00715e-07
-114.756, 3.32602e-06, 1.00816e-07
-844.866, 8.78945e-07, 3.82676e-07
-98.7055, 2.87587e-06, 1.16519e-07
-98.6463, 2.87587e-06, 1.16635e-07
-84.3992, 2.5527e-06, 1.31438e-07
-147.684, 1.49639e-06, 2.24273e-07
-147.991, 1.49639e-06, 2.24497e-07
-68.8919, 2.13785e-06, 1.57008e-07
-67.968, 2.03606e-06, 1.64711e-07
-67.9696, 2.03606e-06, 1.64876e-07
-149.044, 7.92955e-06, 5.86392e-08
-114.529, 3.9085e-06, 1.19006e-07
-114.479, 3.9085e-06, 1.19125e-07
-1261.55, 2.31862e-07, 2.0188e-06
-103.815, 3.53987e-06, 1.31424e-07
-103.758, 3.53987e-06, 1.31555e-07
-91.6281, 3.19649e-06, 1.45715e-07
-1092.05, 8.60036e-07, 5.42374e-07
-1092.56, 8.60036e-07, 5.42917e-07
-85.1856, 3.02832e-06, 1.53823e-07
-68.2752, 2.34991e-06, 1.98127e-07
-68.2878, 2.34991e-06, 1.98325e-07
-68.1731, 2.45958e-06, 1.89466e-07
-145.867, 7.92162e-06, 8.14789e-08
-145.855, 7.92162e-06, 8.15604e-08
-96.1822, 3.91262e-06, 1.65367e-07
-1144.4, 2.31691e-07, 2.80585e-06
-1143.04, 2.31691e-07, 2.80865e-06
-90.9122, 3.74525e-06, 1.72772e-07
-85.7381, 3.58446e-06, 1.80358e-07
-85.6795, 3.58446e-06, 1.80538e-07
-1180.51, 9.12221e-07, 7.11377e-07
-81.0049, 3.43904e-06, 1.88e-07
-80.9499, 3.43904e-06, 1.88188e-07
-68.0598, 2.88017e-06, 2.24785e-07
-140.527, 7.92162e-06, 1.13215e-07
-140.506, 7.92162e-06, 1.13328e-07
-78.4881, 3.46952e-06, 1.98761e-07
-611.329, 1.27034e-07, 1.88822e-06
-605.872, 1.27034e-07, 1.89011e-06
-77.1549, 3.41618e-06, 2.0087e-07
-67.9948, 2.86445e-06, 2.26312e-07
-67.9912, 2.86445e-06, 2.26538e-07
-131.999, 7.92955e-06, 1.57311e-07
-68.883, 3.1486e-06, 2.31342e-07
-68.863, 3.1486e-06, 2.31573e-07
-119.292, 7.92955e-06, 2.18583e-07
-72.1547, 3.0304e-06, 2.88316e-07
-72.2081, 3.0304e-06, 2.88605e-07
-87.0859, 5.05901e-06, 2.48806e-07
-67.9729, 3.47647e-06, 2.7713e-07
-67.9718, 3.47647e-06, 2.77408e-07
-153.903, 8.66528e-06, 2.18583e-09
-153.902, 8.4922e-06, 2.22824e-09
-153.902, 8.4922e-06, 2.23046e-09
-153.894, 8.66528e-06, 3.0372e-09
-153.891, 8.34444e-06, 3.15106e-09
-153.891, 8.34444e-06, 3.15421e-09
-153.877, 8.66528e-06, 4.22018e-09
-153.866, 8.0703e-06, 4.52741e-09
-153.865, 8.0703e-06, 4.53194e-09
-153.845, 8.66528e-06, 5.86392e-09
-153.798, 7.57587e-06, 6.70219e-09
-153.798, 7.57587e-06, 6.70889e-09
-153.783, 8.66528e-06, 8.14789e-09
-153.569, 6.72764e-06, 1.04892e-08
-153.568, 6.72764e-06, 1.04997e-08
-153.668, 8.66528e-06, 1.13215e-08
-152.448, 5.39528e-06, 1.81813e-08
-152.446, 5.39528e-06, 1.81995e-08
-153.453, 8.66528e-06, 1.57311e-08
-148.953, 4.27111e-06, 3.19254e-08
-148.945, 4.27111e-06, 3.19574e-08
-145.585, 3.60445e-06, 3.788e-08
-153.055, 8.65662e-06, 2.18583e-08
-153.053, 8.65662e-06, 2.18802e-08
-145.755, 4.2753e-06, 4.43594e-08
-74.2051, 1.74134e-06, 1.08978e-07
-74.1612, 1.74134e-06, 1.09087e-07
-152.339, 8.66528e-06, 3.0372e-08
-140.323, 4.27093e-06, 6.16357e-08
-140.302, 4.27093e-06, 6.16974e-08
-1248.57, 4.88884e-07, 5.41025e-07
-138.867, 4.13445e-06, 6.36738e-08
-138.843, 4.13445e-06, 6.37376e-08
-111.926, 1.42242e-06, 1.85605e-07
-133.231, 3.71395e-06, 7.08963e-08
-133.2 , 3.71395e-06, 7.09672e-08
-70.0674, 1.94162e-06, 1.359e-07
-67.9646, 1.8094e-06, 1.45703e-07
-67.9648, 1.8094e-06, 1.45849e-07
-151.391, 8.66528e-06, 4.22018e-08
-131.651, 4.27205e-06, 8.5665e-08
-131.62, 4.27205e-06, 8.57507e-08
-1265.86, 2.88983e-07, 1.27615e-06
-127.469, 4.01941e-06, 9.10631e-08
-127.431, 4.01941e-06, 9.11542e-08
-583.188, 1.07829e-06, 3.40896e-07
-93.8575, 2.88763e-06, 1.26859e-07
-93.7974, 2.88763e-06, 1.26985e-07
-70.8795, 2.31945e-06, 1.58178e-07
-68.1403, 2.09742e-06, 1.74791e-07
-68.1507, 2.09742e-06, 1.74966e-07
-149.725, 8.66528e-06, 5.86392e-08
-118.789, 4.2713e-06, 1.1901e-07
-118.742, 4.2713e-06, 1.19129e-07
-1263.64, 2.5342e-07, 2.01916e-06
-109.133, 3.88079e-06, 1.31011e-07
-109.079, 3.88079e-06, 1.31142e-07
-97.5688, 3.51084e-06, 1.4499e-07
-1039.76, 9.42305e-07, 5.4107e-07
-1040.36, 9.42305e-07, 5.41611e-07
-89.4433, 3.28164e-06, 1.55137e-07
-68.9274, 2.41335e-06, 2.10871e-07
-68.9517, 2.41335e-06, 2.11082e-07
-68.9699, 2.63842e-06, 1.93041e-07
-68.9274, 2.41335e-06, 2.10871e-07
-68.9517, 2.41335e-06, 2.11082e-07
-146.917, 8.66528e-06, 8.14789e-08
-101.386, 4.27168e-06, 1.65379e-07
-101.328, 4.27168e-06, 1.65545e-07
-1216.57, 2.53534e-07, 2.80687e-06
-93.0369, 3.98316e-06, 1.77386e-07
-92.9766, 3.98316e-06, 1.77564e-07
-84.8663, 3.72152e-06, 1.90077e-07
-1168.61, 9.70385e-07, 7.30426e-07
-1168.96, 9.70385e-07, 7.31156e-07
-80.2283, 3.57179e-06, 1.98063e-07
-69.3433, 3.13389e-06, 2.25578e-07
-69.3192, 3.13389e-06, 2.25804e-07
-356.46, 1.74561e-06, 4.05917e-07
-68.1279, 3.02253e-06, 2.33908e-07
-68.1189, 3.02253e-06, 2.34142e-07
-142.23, 8.66528e-06, 1.13215e-07
-82.3065, 3.9882e-06, 2.12995e-07
-82.25 , 3.9882e-06, 2.13208e-07
-494.301, 1.79857e-07, 2.66829e-06
-80.674, 3.92421e-06, 2.15823e-07
-80.6195, 3.92421e-06, 2.16039e-07
-68.2373, 3.27138e-06, 2.50548e-07
-134.699, 8.65662e-06, 1.57311e-07
-134.67, 8.65662e-06, 1.57469e-07
-70.5068, 3.51986e-06, 2.42802e-07
-867.299, 9.57331e-08, 1.37792e-06
-863.008, 9.57331e-08, 1.37929e-06
-69.9595, 3.47645e-06, 2.44258e-07
-67.9721, 3.15493e-06, 2.55825e-07
-67.9744, 3.15493e-06, 2.56081e-07
-123.212, 8.66528e-06, 2.18583e-07
-69.3897, 3.34243e-06, 2.97205e-07
-69.4189, 3.34243e-06, 2.97503e-07
-153.904, 9.40101e-06, 2.18583e-09
-153.904, 9.23961e-06, 2.22186e-09
-153.904, 9.23961e-06, 2.22409e-09
-153.897, 9.40101e-06, 3.0372e-09
-153.895, 9.10244e-06, 3.13388e-09
-153.895, 9.10244e-06, 3.13702e-09
-153.882, 9.40101e-06, 4.22018e-09
-153.874, 8.84673e-06, 4.48063e-09
-153.874, 8.84673e-06, 4.48512e-09
-153.855, 9.40101e-06, 5.86392e-09
-153.822, 8.38156e-06, 6.57203e-09
-153.822, 8.38156e-06, 6.57861e-09
-153.802, 9.40101e-06, 8.14789e-09
-153.657, 7.57135e-06, 1.0111e-08
-153.657, 7.57135e-06, 1.01211e-08
-153.704, 9.40101e-06, 1.13215e-08
-152.933, 6.26431e-06, 1.69865e-08
-152.931, 6.26431e-06, 1.70035e-08
-153.519, 9.40101e-06, 1.57311e-08
-149.596, 4.63377e-06, 3.19255e-08
-149.589, 4.63377e-06, 3.19575e-08
-148.852, 4.42506e-06, 3.34677e-08
-153.176, 9.39162e-06, 2.18583e-08
-153.175, 9.39162e-06, 2.18802e-08
-146.734, 4.63832e-06, 4.43596e-08
-103.848, 2.35509e-06, 8.73858e-08
-103.791, 2.35509e-06, 8.74733e-08
-152.557, 9.40101e-06, 3.0372e-08
-141.914, 4.63358e-06, 6.16361e-08
-141.896, 4.63358e-06, 6.16978e-08
-911.759, 7.76947e-07, 3.6911e-07
-130.084, 3.68369e-06, 7.75611e-08
-130.05, 3.68369e-06, 7.76387e-08
-112.069, 2.99313e-06, 9.55859e-08
-100.886, 1.52344e-06, 1.87834e-07
-101.063, 1.52344e-06, 1.88022e-07
-94.3972, 2.56378e-06, 1.11624e-07
-67.9826, 1.89908e-06, 1.50622e-07
-67.9801, 1.89908e-06, 1.50773e-07
-67.9672, 1.88999e-06, 1.51499e-07
-151.638, 9.39162e-06, 4.22018e-08
-151.635, 9.39162e-06, 4.2244e-08
-134.236, 4.6397e-06, 8.56703e-08
-1250.16, 5.95428e-07, 6.70538e-07
-1250.24, 5.95428e-07, 6.71209e-07
-131.782, 4.46173e-06, 8.90967e-08
-148.011, 1.62911e-06, 2.44423e-07
-148.318, 1.62911e-06, 2.44668e-07
-79.3572, 2.65767e-06, 1.49783e-07
-67.9659, 2.21973e-06, 1.7924e-07
-67.9669, 2.21973e-06, 1.79419e-07
-150.254, 9.40101e-06, 5.86392e-08
-122.455, 4.63412e-06, 1.19015e-07
-122.413, 4.63412e-06, 1.19134e-07
-1264.6, 2.74986e-07, 2.01952e-06
-114.142, 4.24018e-06, 1.30096e-07
-114.091, 4.24018e-06, 1.30226e-07
-103.641, 3.85108e-06, 1.43413e-07
-980.704, 1.02804e-06, 5.38168e-07
-981.372, 1.02804e-06, 5.38706e-07
-93.345, 3.53091e-06, 1.56445e-07
-84.7593, 3.28423e-06, 1.68053e-07
-84.7015, 3.28423e-06, 1.68221e-07
-177.107, 1.83932e-06, 3.00733e-07
-69.1856, 2.76044e-06, 2.00013e-07
-69.1625, 2.76044e-06, 2.00213e-07
-67.9844, 2.60506e-06, 2.12181e-07
-147.695, 9.39162e-06, 8.14789e-08
-147.686, 9.39162e-06, 8.15604e-08
-106.113, 4.63939e-06, 1.65393e-07
-1242.79, 2.74898e-07, 2.80802e-06
-1242.56, 2.74898e-07, 2.81082e-06
-95.81 , 4.24814e-06, 1.80664e-07
-85.2254, 3.8869e-06, 1.973e-07
-85.1672, 3.8869e-06, 1.97498e-07
-1151.74, 1.03472e-06, 7.44327e-07
-80.413, 3.7254e-06, 2.05875e-07
-80.3589, 3.7254e-06, 2.06081e-07
-68.7449, 3.22154e-06, 2.38399e-07
-352.086, 1.82393e-06, 4.21244e-07
-352.722, 1.82393e-06, 4.21666e-07
-68.067, 3.13866e-06, 2.4471e-07
-143.5 , 9.39162e-06, 1.13215e-07
-143.485, 9.39162e-06, 1.13328e-07
-86.6623, 4.61279e-06, 2.28487e-07
-584.934, 2.67107e-07, 3.79053e-06
-579.715, 2.67107e-07, 3.79432e-06
-84.8369, 4.541e-06 , 2.32049e-07
-68.521, 3.74182e-06, 2.80585e-07
-68.5057, 3.74182e-06, 2.80866e-07
-1240.71, 1.00073e-06, 1.03129e-06
-68.2979, 3.71129e-06, 2.82862e-07
-68.2849, 3.71129e-06, 2.83145e-07
-68.1685, 3.54515e-06, 2.96223e-07
-136.863, 9.39162e-06, 1.57311e-07
-136.839, 9.39162e-06, 1.57469e-07
-72.4271, 3.93209e-06, 2.56816e-07
-518.015, 1.20222e-07, 1.82421e-06
-512.504, 1.20222e-07, 1.82604e-06
-71.7049, 3.88424e-06, 2.5859e-07
-68.1013, 3.3717e-06, 2.79851e-07
-68.1105, 3.3717e-06, 2.80131e-07
-126.472, 9.40101e-06, 2.18583e-07
-68.0909, 3.64697e-06, 3.02343e-07
-68.0998, 3.64697e-06, 3.02645e-07
-153.905, 1.01367e-05, 2.18583e-09
-153.905, 9.98528e-06, 2.21683e-09
-153.905, 9.98528e-06, 2.21905e-09
-153.899, 1.01367e-05, 3.0372e-09
-153.897, 9.85734e-06, 3.12034e-09
-153.897, 9.85734e-06, 3.12346e-09
-153.886, 1.01367e-05, 4.22018e-09
-153.88, 9.61787e-06, 4.44386e-09
-153.88, 9.61787e-06, 4.4483e-09
-153.863, 1.01367e-05, 5.86392e-09
-153.839, 9.17924e-06, 6.47036e-09
-153.839, 9.17924e-06, 6.47684e-09
-153.817, 1.01367e-05, 8.14789e-09
-153.715, 8.40584e-06, 9.81939e-09
-153.715, 8.40584e-06, 9.82922e-09
-153.732, 1.01367e-05, 1.13215e-08
-153.218, 7.13097e-06, 1.60882e-08
-153.217, 7.13097e-06, 1.61043e-08
-153.572, 1.01367e-05, 1.57311e-08
-150.694, 5.26384e-06, 3.03008e-08
-150.689, 5.26384e-06, 3.03311e-08
-153.275, 1.01367e-05, 2.18583e-08
-147.486, 4.99635e-06, 4.43598e-08
-147.477, 4.99635e-06, 4.44042e-08
-125.083, 3.03705e-06, 7.31176e-08
-152.731, 1.01266e-05, 3.0372e-08
-152.729, 1.01266e-05, 3.04024e-08
-143.175, 5.00124e-06, 6.16365e-08
-368.441, 1.14176e-06, 2.70422e-07
-369.104, 1.14176e-06, 2.70693e-07
-112.051, 3.10766e-06, 9.92767e-08
-68.1669, 2.00045e-06, 1.5419e-07
-68.1568, 2.00045e-06, 1.54345e-07
-67.9842, 1.94709e-06, 1.58583e-07
-151.826, 1.01266e-05, 4.22018e-08
-151.824, 1.01266e-05, 4.2244e-08
-136.309, 5.00316e-06, 8.56764e-08
-713.857, 1.07737e-06, 3.99218e-07
-714.68, 1.07737e-06, 3.99617e-07
-109.036, 3.56189e-06, 1.20461e-07
-79.3045, 2.75748e-06, 1.5556e-07
-79.2508, 2.75748e-06, 1.55715e-07
-73.201, 2.10565e-06, 2.04076e-07
-69.0731, 2.42755e-06, 1.76766e-07
-69.0511, 2.42755e-06, 1.76943e-07
-150.669, 1.01367e-05, 5.86392e-08
-125.512, 4.99698e-06, 1.19019e-07
-125.472, 4.99698e-06, 1.19138e-07
-1265.09, 2.96561e-07, 2.01989e-06
-118.153, 4.58888e-06, 1.29627e-07
-118.107, 4.58888e-06, 1.29757e-07
-109.092, 4.1986e-06, 1.41847e-07
-919.636, 1.11474e-06, 5.3527e-07
-920.38, 1.11474e-06, 5.35806e-07
-96.3112, 3.75829e-06, 1.58503e-07
-85.2602, 3.42538e-06, 1.73769e-07
-85.202, 3.42538e-06, 1.73943e-07
-160.334, 1.95603e-06, 3.04981e-07
-69.0363, 2.85724e-06, 2.08404e-07
-69.0146, 2.85724e-06, 2.08613e-07
-67.9761, 2.7091e-06, 2.20047e-07
-148.295, 1.01266e-05, 8.14789e-08
-148.288, 1.01266e-05, 8.15604e-08
-110.254, 5.00294e-06, 1.65408e-07
-1253.94, 2.9655e-07, 2.80932e-06
-1253.83, 2.9655e-07, 2.81213e-06
-99.4661, 4.54914e-06, 1.81955e-07
-87.7373, 4.1235e-06, 2.0059e-07
-87.6776, 4.1235e-06, 2.00791e-07
-1127  , 1.10692e-06, 7.50681e-07
-82.2763, 3.93463e-06, 2.10246e-07
-82.2198, 3.93463e-06, 2.10456e-07
-94.1972, 2.64569e-06, 3.13328e-07
-68.2385, 3.28749e-06, 2.51756e-07
-68.2267, 3.28749e-06, 2.52008e-07
-67.9668, 3.20181e-06, 2.58771e-07
-144.705, 1.01266e-05, 1.13215e-07
-144.69, 1.01266e-05, 1.13328e-07
-91.2103, 4.88286e-06, 2.24139e-07
-942.485, 2.6263e-07, 3.44334e-06
-939.098, 2.6263e-07, 3.44678e-06
-88.5053, 4.77017e-06, 2.29087e-07
-1265.64, 7.03593e-07, 1.37027e-06
-1265.65, 7.03593e-07, 1.37164e-06
-82.2928, 4.51484e-06, 2.41179e-07
-76.1044, 3.2452e-06, 3.28109e-07
-76.182, 3.2452e-06, 3.28437e-07
-70.1097, 3.92935e-06, 2.74627e-07
-67.965, 3.65406e-06, 2.93651e-07
-67.9647, 3.65406e-06, 2.93945e-07
-138.685, 1.01367e-05, 1.57311e-07
-75.5147, 4.25255e-06, 2.58631e-07
-75.4672, 4.25255e-06, 2.5889e-07
-803.445, 1.3238e-07, 1.88958e-06
-74.2982, 4.18153e-06, 2.61139e-07
-74.254, 4.18153e-06, 2.614e-07
-67.9649, 3.56273e-06, 2.86401e-07
-129.232, 1.01266e-05, 2.18583e-07
-129.197, 1.01266e-05, 2.18802e-07
-68.0245, 3.98534e-06, 3.1282e-07
-153.906, 1.08616e-05, 2.18583e-09
-153.906, 1.08616e-05, 2.18802e-09
-153.906, 1.07403e-05, 2.21278e-09
-153.901, 1.08616e-05, 3.0372e-09
-153.901, 1.08616e-05, 3.04024e-09
-153.899, 1.06203e-05, 3.10946e-09
-153.89, 1.08616e-05, 4.22018e-09
-153.89, 1.08616e-05, 4.2244e-09
-153.885, 1.0395e-05, 4.4144e-09
-153.869, 1.08616e-05, 5.86392e-09
-153.869, 1.08616e-05, 5.86979e-09
-153.852, 9.98003e-06, 6.38936e-09
-153.829, 1.08616e-05, 8.14789e-09
-153.829, 1.08616e-05, 8.15604e-09
-153.756, 9.24091e-06, 9.58949e-09
-153.755, 1.08616e-05, 1.13215e-08
-153.754, 1.08616e-05, 1.13328e-08
-153.399, 8.00079e-06, 1.5394e-08
-153.614, 1.08616e-05, 1.57311e-08
-153.614, 1.08616e-05, 1.57469e-08
-151.597, 6.12745e-06, 2.79433e-08
-153.353, 1.08616e-05, 2.18583e-08
-153.352, 1.08616e-05, 2.18802e-08
-148.091, 5.36437e-06, 4.436e-08
-136.814, 3.76473e-06, 6.31864e-08
-136.789, 3.76473e-06, 6.32497e-08
-152.877, 1.08725e-05, 3.0372e-08
-144.265, 5.3589e-06, 6.16368e-08
-144.249, 5.3589e-06, 6.16984e-08
-114.626, 1.58359e-06, 2.09243e-07
-141.593, 4.93994e-06, 6.68739e-08
-141.574, 4.93994e-06, 6.69409e-08
-72.848, 2.26354e-06, 1.46295e-07
-67.9671, 2.02315e-06, 1.63547e-07
-67.9684, 2.02315e-06, 1.6371e-07
-152.019, 1.08725e-05, 4.22018e-08
-137.962, 5.35875e-06, 8.56417e-08
-137.937, 5.35875e-06, 8.57274e-08
-1265.89, 3.52613e-07, 1.3089e-06
-135.378, 5.087e-06 , 9.02249e-08
-135.351, 5.087e-06 , 9.03152e-08
-422.935, 1.33998e-06, 3.4365e-07
-98.9355, 3.37347e-06, 1.3615e-07
-98.8763, 3.37347e-06, 1.36286e-07
-68.2956, 2.45651e-06, 1.8726e-07
-67.9814, 2.37646e-06, 1.93385e-07
-67.9847, 2.37646e-06, 1.93578e-07
-150.998, 1.08725e-05, 5.86392e-08
-128.214, 5.35986e-06, 1.19023e-07
-128.178, 5.35986e-06, 1.19142e-07
-1265.36, 3.18145e-07, 2.02027e-06
-121.969, 4.95633e-06, 1.28737e-07
-121.926, 4.95633e-06, 1.28866e-07
-113.901, 4.55223e-06, 1.40333e-07
-858.275, 1.20224e-06, 5.32457e-07
-859.049, 1.20224e-06, 5.32989e-07
-98.5717, 3.96695e-06, 1.61088e-07
-84.8109, 3.53418e-06, 1.80681e-07
-84.753, 3.53418e-06, 1.80862e-07
-148.599, 2.06335e-06, 3.10169e-07
-68.9283, 2.95192e-06, 2.16409e-07
-68.9078, 2.95192e-06, 2.16625e-07
-67.9695, 2.81035e-06, 2.27564e-07
-148.923, 1.08616e-05, 8.14789e-08
-148.914, 1.08616e-05, 8.15604e-08
-113.905, 5.36441e-06, 1.65357e-07
-1259.14, 3.17586e-07, 2.80503e-06
-1259.08, 3.17586e-07, 2.80783e-06
-103.268, 4.86521e-06, 1.82357e-07
-91.1499, 4.39235e-06, 2.01825e-07
-91.0897, 4.39235e-06, 2.02027e-07
-1096.7, 1.18226e-06, 7.52413e-07
-84.7958, 4.16379e-06, 2.12925e-07
-84.738, 4.16379e-06, 2.13138e-07
-67.981, 3.30331e-06, 2.68775e-07
-145.694, 1.08616e-05, 1.13215e-07
-145.681, 1.08616e-05, 1.13328e-07
-95.383, 5.36467e-06, 2.29774e-07
-1078.56, 3.17662e-07, 3.8985e-06
-1076.52, 3.17662e-07, 3.9024e-06
-91.364, 5.18882e-06, 2.37577e-07
-87.3621, 5.01585e-06, 2.4554e-07
-87.3026, 5.01585e-06, 2.45786e-07
-1178.21, 1.26354e-06, 9.78386e-07
-82.367, 4.80495e-06, 2.5634e-07
-82.3105, 4.80495e-06, 2.56596e-07
-210.061, 2.63758e-06, 4.6801e-07
-69.0725, 4.11337e-06, 2.99531e-07
-69.0505, 4.11337e-06, 2.99831e-07
-67.9799, 3.89427e-06, 3.16735e-07
-140.247, 1.08616e-05, 1.57311e-07
-140.226, 1.08616e-05, 1.57469e-07
-78.121, 4.69855e-06, 2.71073e-07
-615.292, 1.63709e-07, 2.38996e-06
-609.937, 1.63709e-07, 2.39235e-06
-76.8046, 4.62481e-06, 2.73868e-07
-67.9745, 3.86292e-06, 3.07586e-07
-67.9731, 3.86292e-06, 3.07893e-07
-131.572, 1.08725e-05, 2.18583e-07
-68.5057, 4.34321e-06, 3.26009e-07
-68.4907, 4.34321e-06, 3.26335e-07
